31.537901 41.378715 -0.0052651144 75.0261972991 74.9678336713 -2.88228326939 54.9496206367 -164.840997863 0
31.521697 41.396318 -0.0064681222 75.194584993 74.6871078877 2.78931961355 54.9144592707 160.186837673 0
31.520043 41.394881 -0.0070850614 75.1540681917 74.4748170079 2.69801900821 54.7559158513 154.991046332 0
31.52079 41.400029 -0.0071586175 75.0904833431 74.4771865672 2.34032654771 54.7029846602 134.500992436 0
31.527599 41.396144 -0.0076325914 74.9560639271 74.4915782341 2.33527525251 54.6016422195 134.238731244 0
31.529937 41.402987 -0.0081764059 74.7495141628 74.4340854975 2.25330780164 54.3965561233 129.573500527 0
31.522264 41.395599 -0.006106659 74.7630685679 74.4288020212 2.20346554826 54.4147009688 126.599162005 0
31.527832 41.397237 -0.0076840783 74.9054925307 74.4400630087 2.31171510352 54.5293479124 132.891784124 0
31.522543 41.401068 -0.0068718684 74.9816948958 74.6190582033 2.29804997288 54.7003908272 132.062293613 0
31.526766 41.391187 -0.0073014742 75.2036518593 74.4590802167 2.39456718141 54.7828067934 137.616936911 0
31.525661 41.39888 -0.0074638201 75.2039102926 74.1493630129 2.32333047962 54.5928896363 133.544676287 0
31.528168 41.375423 -0.0049451513 75.3917758799 74.2516831188 2.29855504951 54.8166450601 131.980839614 0
31.521986 41.392197 -0.0067145876 75.3649332104 74.2893044319 2.31347888709 54.8126235231 132.937293753 0
31.520587 41.398435 -0.00650852 75.4080583624 74.3243456207 2.25905918381 54.865524082 129.807467629 0
31.523843 41.397689 -0.0081913964 75.4429243319 74.2503274488 2.21112521492 54.8468919637 127.157475232 0
31.522729 41.397371 -0.0071307857 75.534097496 74.2795374497 2.18872364486 54.9384876686 125.813191296 0
31.52771 41.401044 -0.0075376396 75.6073789484 74.155281793 2.27455693579 54.9168217216 130.754387619 0
31.52518 41.394772 -0.0077822512 75.7250121856 74.2591061063 2.38142619733 55.0789399089 136.891560478 0
31.527274 41.382507 -0.0044313557 75.7288486174 74.2386181715 2.23687290036 55.0754322722 128.417274477 0
31.525994 41.396541 -0.0073737365 75.7418676535 74.1604535195 2.0903995941 55.0319674964 120.193558219 0
31.646202 41.400982 -0.0069641742 75.6702465333 74.2349588783 1.87720642877 54.9198191431 107.955023433 0
32.063112 41.398905 -0.0029171849 75.5127401633 74.2854755644 1.78613023975 54.4921710983 102.504866781 0
32.50858 41.409632 -0.0034045873 75.6776830367 74.269380619 2.37326154237 54.252507189 136.172938542 0
32.968315 41.348607 -0.0066445448 75.9356014955 74.1345813387 2.91581600248 54.0472739564 167.444655153 0
33.46862 41.37234 -0.0086247926 75.7636587189 74.0900501917 -3.13105397243 53.4725991553 -178.902013833 0
33.918619 41.375959 -0.0080844854 74.4623791015 75.4251149912 -2.18550582208 52.9447023495 -124.757052813 0
34.520488 41.363888 -0.010157874 73.9348490251 75.5683740975 -2.18193222182 52.186576092 -124.433504185 0
35.015228 41.326955 -0.0091438894 74.2524478321 75.8355005245 -2.01616737248 52.2532212822 -114.993974964 0
35.503868 41.32612 -0.0085939123 74.1532015146 76.2151480931 -1.99780146182 52.0674107518 -113.973197163 0
35.981317 41.339656 -0.012968194 73.9276854238 76.5520689297 -2.10112607208 51.7671797656 -119.642633371 0
36.469598 41.332319 -0.011105096 73.1023569396 76.9411562958 -1.91699324063 51.0876533135 -109.199346911 0
36.979899 41.324112 -0.018054829 73.0994369949 76.8323689126 -1.0868767484 50.6503438679 -61.2389850329 0
37.47125 41.3168 -0.01805047 72.723735858 77.7341399604 -1.07841586639 50.684913031 -60.7544619551 0
38.009527 41.32664 -0.011468639 72.6075587088 78.1159892645 -1.01633751544 50.5022773489 -57.5747455842 0
38.526701 41.242247 -0.014671386 71.5397269079 78.8894028602 -0.868190066569 50.0716309297 -48.9030181322 0
39.051821 41.275587 -0.019803098 70.9066516364 79.3626163513 -0.786553144632 49.6523115241 -43.9315416135 0
39.551728 41.272471 -0.019261958 70.1450339368 79.6326988602 -0.735393643643 49.0658480985 -41.0313231629 0
40.012165 41.239211 -0.017807187 69.4280827997 71.5468558847 -0.389615317884 42.2356432229 -21.3030366883 0
40.609584 41.247017 -0.013659721 69.2988388839 68.4450329999 -0.405351301267 39.5323338563 -22.4422744201 0
41.13746 41.230146 -0.020729182 69.3296963874 68.1703516544 -0.393677574529 38.9945749205 -21.3683688681 0
41.588884 41.202275 -0.018711672 68.9923263773 67.9797613893 -0.387519966535 38.3142588531 -21.1311587262 0
42.081473 41.279186 -0.014178183 68.7701887133 67.8985671726 -0.375216050605 37.6945486833 -20.6859460582 0
42.609262 41.21886 -0.015227346 68.36338194 67.0834844191 -0.409452356618 36.5000478113 -22.5874292869 0
43.069419 41.23477 -0.0097503342 73.1855025356 59.5865083839 -0.514649408549 35.2670496247 -28.9285860403 0
43.552295 41.213208 -0.0092852628 73.2102525052 56.8064227284 -0.50982469778 33.5073542516 -28.6787971042 0
44.107333 41.199507 -0.008769741 72.9933403451 55.6090653776 -0.502844472082 32.2805946813 -28.3083968551 0
44.630046 41.145208 -0.017148876 73.055198773 54.9480225423 -0.486765187114 31.5991613727 -26.9070326173 0
45.079977 41.189892 -0.010404952 73.3072609227 54.1555267296 -0.463016972432 31.0626341703 -25.9327585277 0
45.627466 41.120131 -0.016583447 75.7314980448 58.5937522685 -0.567272465796 34.8077604219 -31.5521566012 0
46.137041 41.11299 -0.013981753 72.8674642831 34.6778625112 -0.204209201008 27.4941156376 -10.8992299184 0
46.640834 41.096545 -0.012029947 70.7372750331 30.2317658842 -0.0720492575714 26.4325915434 -3.43885318503 0
47.201721 41.099212 -0.015920632 70.966701354 28.4498313612 -0.0616159872609 26.9217592622 -2.6181509998 0
47.715187 41.114566 -0.013235045 71.259915621 26.9998475248 -0.0558805471709 27.4514029418 -2.44340728961 0
48.21014 41.103056 -0.013219293 71.6387885181 25.8091247326 -0.0534340127024 27.9786687495 -2.30413371325 0
48.707869 41.104817 -0.015873725 73.0641065976 28.8750528431 -0.0521099362116 27.2542371246 -2.07618196797 0
49.19825 41.058842 -0.017173422 78.0729422299 57.2348888321 -0.0461273817664 33.0970141023 -1.65893969481 0
49.69993 40.993437 -0.019411138 80.6394487528 73.3311591468 2.83590764503 44.7546879589 163.597715432 0
50.19514 41.028112 -0.02554442 81.3553191235 75.3471968889 2.77936574906 46.3546799214 160.7095146 0
50.706403 41.033434 -0.023829635 81.4018871198 75.6732333886 2.75823970853 46.2831335048 159.400831697 0
51.221815 41.026894 -0.026800957 81.80024055 76.0404471833 2.68621874642 46.4864390509 155.444578742 0
51.753871 40.996274 -0.019780115 81.8971261454 77.1379231487 2.41736089421 47.0620296412 139.637893906 0
52.252108 40.958644 -0.019120137 69.2266302991 65.4833920773 0.071746315271 29.8261240449 5.20626421446 0
52.707826 40.957156 -0.02058299 65.8205386844 63.2951352936 0.097391413901 25.9022885642 6.7594354341 0
53.268977 40.961537 -0.022471782 64.7252585366 62.5559924801 0.105879097098 24.4451814092 7.35396366912 0
53.824071 40.97792 -0.017180816 64.1052373456 61.9357501845 0.121034773548 23.3438006218 7.91916994403 0
54.31159 40.951842 -0.027308534 63.2428031192 61.1764411327 0.140659316119 22.1088438833 9.62384890571 0
54.831433 40.884913 -0.021284241 63.0638427494 61.6632857733 0.185395536136 22.3497951979 11.8418789406 0
55.349486 40.87024 -0.019814406 59.2346689243 49.5814547794 0.0675392753344 9.53833891659 5.00499726539 0
55.778879 40.909196 -0.015002614 59.6249558962 49.3318618067 0.0686442805408 9.25924439588 4.79261402657 0
56.26337 40.895854 -0.016249195 60.234371065 49.7243194671 0.0677286327765 9.68042622829 4.81157510427 0
56.798622 40.867222 -0.026139164 60.7030385815 50.0931457235 0.0689964427291 10.0180905063 5.45086874699 0
57.331901 40.836464 -0.018380323 61.2080460788 50.382031328 0.0663290616369 10.3025412538 4.85349022485 0
57.811041 40.829509 -0.023683921 61.0650518395 49.9421336992 0.0766569064289 9.67618289674 5.74910592452 0
58.332409 40.785882 -0.023571969 59.6950835141 47.9107669204 0.0717330411489 7.25402419076 5.46057484798 0
58.848313 40.76075 -0.022921269 60.262821076 48.4969764076 0.0705953696666 7.86447913893 5.35810870985 0
59.297467 40.807195 -0.010567113 60.8860725604 49.0357839876 0.0722960488674 8.38053365563 4.74770945211 0
59.912234 40.777152 -0.012578808 61.4718470139 49.6294252286 0.0709904494503 8.98861135364 4.78816574894 0
60.388876 40.75568 -0.012358794 61.9416549512 49.7126304407 0.069966561326 9.09054914006 4.7168954071 0
60.867801 40.719668 -0.012570503 63.6243879807 53.9667262863 0.0737993922767 13.5308286895 4.94863047634 0
61.365598 40.725438 -0.015319814 62.4804454287 48.4213577267 0.066392450909 7.77625007496 4.68176791374 0
61.86858 40.735896 -0.015077049 62.8482555159 48.1845416975 0.0633710746062 7.51279487567 4.49474639336 0
62.369029 40.699635 -0.018366885 63.305539648 48.3109791885 0.0617555997716 7.66874256641 4.59068022152 0
62.8531 40.693362 -0.016941329 63.8048388075 48.4620040535 0.0602503983116 7.82672384291 4.42276018828 0
63.333062 40.668539 -0.013920495 64.2013868745 48.6773583953 0.0587416784482 8.05575422878 4.16323586883 0
63.900805 40.613203 -0.026731219 65.4802204854 50.727730706 0.0575490218749 10.2371003702 4.82890209847 0
64.339977 40.651091 -0.01750477 64.8458032584 47.7294494521 0.0587766894138 7.09640885095 4.37060567951 0
64.876385 40.58717 -0.032109511 65.4558794201 48.2147707257 0.057386742342 7.64958212018 5.12775759873 0
65.381837 40.609483 -0.033394887 66.1922493557 48.7044587745 0.0586375307007 8.13544104371 5.27306911264 0
65.962448 40.518523 -0.02752021 66.6691244844 49.1806177331 0.0589922030198 8.69087319076 4.95679614153 0
66.44697 40.579857 -0.020157695 67.2675102277 49.381246511 0.060715960836 8.83955562172 4.6337191532 0
66.982451 40.551464 -0.026889276 67.5749304846 49.5439293974 0.0603207386006 9.01196237578 4.99676576789 0
67.50216 40.532263 -0.027626634 67.999663214 49.6453239645 0.0614702405805 9.12663079077 5.10487488127 0
67.930314 40.55804 -0.02084507 68.4020583137 49.8514775028 0.0602796080602 9.30540290989 4.64810166721 0
68.450093 40.491895 -0.028612924 68.9077020717 50.1275842453 0.0595942105665 9.64654929465 5.0538965336 0
68.966021 40.492901 -0.034689355 69.3460711343 50.3328435872 0.060214824381 9.8472792295 5.43760893668 0
69.414343 40.447992 -0.021831497 69.8179441598 50.5601435151 0.0622721052153 10.1202026739 4.81878144878 0
69.990922 40.398411 -0.026492603 69.8242014366 50.2699018653 0.0630785187081 9.87289864475 5.13204724013 0
70.493782 40.402524 -0.029856775 70.1117860345 50.3785219944 0.0631896732126 9.98330891544 5.33116878126 0
70.999462 40.351868 -0.031419309 70.5227759471 50.6478845641 0.060663166944 10.3070454875 5.2759372387 0
71.469468 40.336576 -0.024974814 70.8795001655 50.7174885644 0.0588881254134 10.39766357 4.80499248595 0
71.995739 40.369834 -0.03127242 71.1709075008 50.8710324344 0.0587113510147 10.5335424032 5.15569030382 0
72.481812 40.325422 -0.028226015 71.5094442179 51.4335382562 0.0576852482784 11.1505939692 4.92235279849 0
73.056963 40.376259 -0.019525392 72.1241383293 47.7699855342 0.0579849645357 7.45233882268 4.44101629805 0
73.551924 40.311444 -0.028573414 72.6497276497 48.3909201681 0.0573322685927 8.12969208549 4.92203304875 0
74.028193 40.279112 -0.026102315 73.1366214088 48.8626506959 0.0571026453509 8.62971821363 4.76729306266 0
74.524806 40.247438 -0.013458266 73.5950353943 49.2713633186 0.0549218268842 9.07169783089 3.91789072498 0
74.973501 40.286728 -0.015811019 74.117427991 49.676417768 0.0541762086429 9.42863377884 4.00997276376 0
75.500101 40.224463 -0.026983514 74.5612035189 50.41444836 0.0525943127028 10.2331485926 4.55947361289 0
75.994271 40.30598 -0.022504153 74.9530165849 50.40361036 0.0436059962885 10.1511747914 3.78783253721 0
76.552604 40.188468 -0.028528055 75.3028142632 50.1242962946 0.0401230857442 10.0141229415 3.9334206234 0
77.104162 40.159206 -0.035689283 75.5851828596 49.9042850406 0.0400073052667 9.86275129647 4.33709503122 0
77.562658 40.133408 -0.034172792 76.0749306799 49.7707399101 0.0400459604452 9.75148701096 4.25242127584 0
78.091525 40.147826 -0.038357455 76.5524605439 49.5802449613 0.0384041746176 9.55715683989 4.39811740563 0
78.584191 40.097894 -0.03659834 76.8837284197 49.3789640604 0.0372156108612 9.43556222238 4.22922785353 0
79.081442 40.137924 -0.028715763 77.1911611109 49.087373101 0.0391575441788 9.146901172 3.88885404294 0
79.657394 40.061358 -0.029244806 77.5369010057 48.9148606465 0.0388778952551 9.10390024383 3.90314327095 0
80.1084 40.071744 -0.024096447 77.9257281167 48.8579311863 0.0404429555561 9.0532393 3.69783537876 0
80.609657 40.077836 -0.031723821 78.311303248 48.8508796543 0.0405715940624 9.06910827646 4.14222216122 0
80.869144 40.052999 -0.056008132 78.5213860065 48.8387850393 0.0214415631531 9.09406421379 4.43754065685 0
80.881063 40.047709 -0.06972902 78.4956228115 49.0266669169 -0.00706265333777 9.29042572577 3.59051832717 0
80.865527 40.057726 -0.10134332 78.4438518369 49.5813830912 -0.0425154117612 9.82672656515 3.37059085967 0
80.850425 40.090333 -0.15719884 78.3626405874 50.0863554432 -0.083177490222 10.3009483044 4.24111093614 0
80.819811 40.085383 -0.20196514 78.2819486198 50.3412954146 -0.13466611401 10.5652489283 3.85595015459 0
80.774748 40.086696 -0.24272838 77.834708198 55.2803538427 -0.180749936949 15.4754991092 3.55110320761 0
80.745177 40.127686 -0.29153027 77.8017906915 56.3752972522 -0.23030307354 16.5120681431 3.50805994859 0
80.673305 40.189426 -0.34415967 77.9279197648 56.3060016268 -0.276696130204 16.3487354259 3.86537610132 0
80.624278 40.227509 -0.39108951 78.2406580773 55.7647537357 -0.333400924291 15.7190208955 3.30531248722 0
80.575226 40.229873 -0.43811022 78.2105722319 55.642032149 -0.387837605427 15.5925057985 2.88040864011 0
80.559381 40.228255 -0.49611957 78.1771442221 55.6807265327 -0.434440291078 15.6350224987 3.53396236564 0
80.556883 40.279226 -0.55110356 78.2786264874 55.6463069902 -0.480504312298 15.5350452492 4.04503893014 0
80.525819 40.331317 -0.59500046 78.2193729436 55.7598231484 -0.529901983735 15.599951775 3.7298679427 0
80.474435 40.358509 -0.64523249 78.0285229804 55.8870770805 -0.578731414305 15.7200162925 3.81023097039 0
80.508856 40.336454 -0.70987913 78.0798130621 55.8528311445 -0.628207770207 15.7053560699 4.67942422326 0
80.48953 40.419789 -0.75902132 78.1776462338 55.9238081004 -0.677691338934 15.6754398604 4.65986466298 0
80.446897 40.445937 -0.81868337 78.2915853864 55.9711637648 -0.733242000225 15.6741198876 4.89542988393 0
80.420564 40.464264 -0.86487815 78.2561857682 55.7612150148 -0.783387462855 15.4493120714 4.66907244304 0
80.388986 40.514634 -0.91826534 78.3399828579 55.7855821682 -0.834920350993 15.4077990586 4.77531611369 0
80.377523 40.602704 -0.97166139 78.3577662832 55.81136316 -0.881474478342 15.3421879353 5.16732940532 0
80.331452 40.63033 -1.0213526 78.3830764373 55.622829747 -0.931782637955 15.1185718902 5.13198079632 0
80.278011 40.68132 -1.0672924 78.3871729439 55.4968536796 -0.979954555043 14.9357057672 5.0040899078 0
80.303277 40.677658 -1.1291983 78.4594433101 55.4933629289 -1.03536441872 14.9299978304 5.37628537276 0
80.300404 40.747996 -1.1831461 78.6086888779 55.3740909772 -1.0829061708 14.7236053443 5.74332488182 0
80.24549 40.779754 -1.2392826 78.7182956629 55.5353409711 -1.12586892466 14.834408293 6.49812493615 0
80.24067 40.836497 -1.2914427 78.7073237596 55.5468375053 -1.17691808971 14.7900395021 6.56177682026 0
80.285359 40.893426 -1.3445896 78.6883807816 55.9565835734 -1.22024818277 15.1475758956 7.12423842586 0
80.352832 40.93156 -1.402838 78.5790228758 53.3270450658 -1.30183828322 12.5217590148 5.7868575036 0
80.334643 40.99259 -1.4510482 78.5783336429 52.1333678638 -1.35401179286 11.2783666357 5.55977658795 0
80.317403 41.036947 -1.505821 78.6029665868 52.0631012161 -1.41057171538 11.1586454828 5.4573820103 0
80.35051 41.09391 -1.5565111 78.525023867 51.8584500104 -1.45905923901 10.9182288517 5.58358034048 0
80.305505 41.173119 -1.6076845 78.3710140191 51.6733050195 -1.50679808712 10.6768985103 5.78036566827 0
80.303199 41.158362 -1.6611756 77.0594225957 59.9250351727 -1.58385852545 19.0449496543 4.42994205624 0
80.329947 41.201901 -1.7159507 76.7941487239 60.5380441609 -1.64218020717 19.6567622408 4.22673789189 0
80.260339 41.240273 -1.7630876 76.5629713514 62.3242950768 -1.6872559475 21.4057589089 4.34483364168 0
80.264705 41.243628 -1.8193774 78.3472544551 53.1614164808 -1.7256694827 12.0710521026 5.36906816802 0
80.387766 41.266487 -1.8746787 78.5166258649 52.4175858063 -1.77191281499 11.3069965062 5.88805148887 0
80.351916 41.337649 -1.9138236 78.3350881418 52.5030912242 -1.81969210993 11.3461312645 5.3933371004 0
80.395228 41.351555 -1.9691398 78.3424251913 53.2263792847 -1.86391804396 12.0509522928 6.02876253378 0
80.384595 41.41798 -2.019159 78.2778557903 53.9785946952 -1.90790545182 12.7360665678 6.37435876684 0
80.458888 41.424429 -2.0695544 77.3719895628 59.8759303947 -1.97222872761 18.7079353665 5.57635026644 0
80.495291 41.452045 -2.1333359 78.1048160922 56.1323342159 -2.04643435328 14.8736431901 4.97909186029 0
80.575001 41.489442 -2.1808685 78.3615298611 54.4328296998 -2.10884623432 13.1312885747 4.12657185461 0
80.580246 41.530351 -2.2462491 78.3582814712 53.8300539722 -2.15635803265 12.4987927245 5.150378775 0
80.600404 41.551635 -2.2924806 78.3537215935 53.3836614568 -2.20508116331 12.0434393721 5.00761885441 0
80.672533 41.587994 -2.3416887 78.596088945 52.9567476219 -2.25494625459 11.5568239075 4.96997602677 0
80.700832 41.575869 -2.3973477 77.9493903057 58.6208136096 -2.31407441638 17.2655891339 4.7712076974 0
80.746846 41.581161 -2.4519735 77.8401935924 58.8824207612 -2.368069579 17.543723024 4.80734055768 0
80.856301 41.564875 -2.5168293 77.7191021382 58.5863109206 -2.42142489914 17.3081280761 5.46626951644 0
80.863789 41.557834 -2.56541 76.2611527673 64.9977259508 -2.40492834055 23.8875029034 9.19492177561 0
80.8788 41.590054 -2.6098313 75.7703227173 67.2783031796 -2.48325669584 26.1912711807 7.25219061164 0
80.911253 41.62535 -2.6538195 75.3672942148 69.3511512345 -2.57928007962 28.2746447034 4.27079419498 0
80.910142 41.637692 -2.7112414 76.882921403 62.8092371889 -2.580098744 21.5511677508 7.51392070307 0
80.931667 41.635121 -2.7561439 77.3657162459 60.2505402439 -2.62552214777 18.9538871583 7.4840751153 0
80.953438 41.706289 -2.811584 77.3925580058 59.9381065383 -2.67531111862 18.5763031059 7.80786096521 0
81.000304 41.730578 -2.863125 77.3911941534 59.4756302888 -2.72683854212 18.1083559336 7.80863884106 0
81.162905 41.641937 -2.9291183 77.5185054877 59.1304721649 -2.77915057096 17.864224305 8.59251793707 0
81.177829 41.676658 -2.9718498 77.2825105278 62.3122582765 -2.85589732574 21.0000358278 6.64358739912 0
81.313486 41.614906 -3.0334876 77.3113534466 62.9448070987 -2.99766708921 21.7021138569 2.05236408821 0
81.409297 41.601437 -3.0806929 77.4652446874 62.4550611328 -3.06799608024 21.2233170856 0.727474185658 0
81.374821 41.646882 -3.1341155 77.5710199779 60.8989959709 -3.11319217229 19.6242909315 1.198818371 0
81.419836 41.643078 3.1037871 77.7666125814 60.1364970665 3.12167305943 18.8507981294 1.02478998782 0
81.455535 41.647394 3.0566861 77.8206166045 60.0426131725 3.07694006976 18.7509125151 1.1604669859 0
81.494314 41.649727 3.0094886 77.9572536023 60.22901157 3.02568738479 18.9129746838 0.92812200143 0
81.472606 41.653948 2.9566422 78.0876013082 60.2180360642 2.97260851124 18.8701781237 0.91480224852 0
81.512477 41.672837 2.9112794 77.9581210133 60.0698654731 2.92708345451 18.737238407 0.905505622724 0
81.599962 41.641545 2.8647581 77.902171605 59.9570171665 2.88044007377 18.6850254077 0.898510911324 0
81.600227 41.551467 2.7956666 77.8492455646 60.1945849884 2.83433058657 19.0167218536 2.21528324965 0
81.604924 41.539925 2.7442252 77.9334271641 53.2840522326 2.75459249355 12.3046500752 0.594002165558 0
81.630517 41.557359 2.7023795 77.9605763664 52.1442064689 2.70455192109 11.2049008734 0.12447055954 0
81.705618 41.391179 2.6371497 78.0769157166 52.0734703476 2.6534132567 11.2817919098 0.931833158895 0
81.710722 41.359015 2.5838489 78.1181714017 52.0491489301 2.60435545448 11.2776497216 1.17493902389 0
81.795453 41.390927 2.5345607 77.9340781158 51.7716790848 2.559098883 11.0756593412 1.40593432255 0
81.817002 41.340993 2.4823985 78.0030589355 51.5750357752 2.51006152206 10.9216204486 1.58497441284 0
81.840885 41.308458 2.4328377 77.8766416574 51.5774595404 2.45282060949 11.0076163594 1.14493637604 0
81.883044 41.30817 2.3734811 77.7909827164 52.0024653898 2.39945396135 11.450454988 1.48813533701 0
81.903012 41.262396 2.332631 77.676368843 52.2901443128 2.3562441262 11.80998498 1.35293247254 0
81.950231 41.240527 2.2784096 77.6380417539 52.4471052889 2.36984713051 12.0075964722 5.23898458732 0
81.89654 41.195401 2.2157947 78.4613819001 49.7639104351 2.29629878819 9.2314497838 4.61254448658 0
81.909487 41.089487 2.1583794 78.5899566138 49.2913820658 2.25084449803 8.84818425751 5.29785986944 0
81.912129 41.028761 2.102308 78.5522299155 49.3382741086 2.19330977634 8.96308707761 5.21401771262 0
81.910505 40.991853 2.0490258 78.6234430559 49.2737737227 2.14310475723 8.91038647206 5.39032719038 0
81.924053 40.998223 1.9975831 78.6911962101 49.2697774669 2.09706231305 8.88087700194 5.69973905681 0
81.941449 40.907844 1.9422236 78.7753412853 49.0517146529 2.0579381553 8.73766944165 6.62995564714 0
81.91463 40.815992 1.8978921 78.7772405346 49.5571095633 1.99050995623 9.28710659535 5.30661226949 0
81.960862 40.844259 1.8446809 78.7781451943 50.0088860888 1.93825862566 9.70155018244 5.36160873687 0
81.966199 40.75968 1.788529 78.7266024908 50.2693547631 1.88901286391 10.0463376234 5.75730131097 0
81.972978 40.765123 1.7406716 78.675217233 50.4879998238 1.83967958229 10.2669157885 5.67273952339 0
81.927588 40.703608 1.6857979 78.7839835525 50.8672101986 1.79782405144 10.638658683 6.41862567274 0
81.862563 40.713742 1.6309717 78.8008290495 51.321795311 1.76403719105 11.041060177 7.62409103581 0
81.92385 40.704995 1.5915827 78.6601996552 51.7772400853 1.71619493649 11.5432241944 7.1397552265 0
81.924928 40.686406 1.5459903 78.6788230616 51.9534789387 1.66911869931 11.7253626757 7.05473761875 0
81.818319 40.631346 1.4637633 78.6224633641 52.2675600579 1.62011489027 12.0671028357 8.9582862428 0
81.791641 40.618451 1.4155628 77.1636827541 60.6150709514 1.54800027923 20.5251749568 7.58810860904 0
81.81851 40.588718 1.3660151 76.4126815522 63.6875465765 1.45084078043 23.7229606671 4.86015348287 0
81.851493 40.503441 1.3104196 76.7220012688 62.9104097364 1.40125717557 22.9866033457 5.20460970163 0
81.846917 40.452219 1.2579233 76.7428239182 62.0522406472 1.36133637002 22.1948800705 5.92513245892 0
81.824065 40.431016 1.2110526 77.0777964879 61.0581289492 1.30403296563 21.1661251392 5.32738252804 0
81.930884 40.628032 1.1844856 77.4024932369 59.6346856065 1.26180958462 19.5386592227 4.43033797393 0
82.080421 41.00267 1.1609474 76.4601969216 63.7417981552 1.19272741695 23.4233829313 1.82086084407 0
82.277545 41.390368 1.1504821 76.5065231464 64.0231871822 1.16950782894 23.3569946134 1.09009397028 0
82.534211 41.825967 1.1413222 76.4264560987 64.3379617132 1.15260040076 23.3258349454 0.646193303771 0
82.698545 42.275431 1.1256375 75.56600216 68.4105365397 1.16405212186 27.0909008513 2.20099570442 0
82.927041 42.739254 1.1137092 76.8993995035 59.5242598531 1.15757082101 17.834485793 2.51308576669 0
83.204158 43.192635 1.108653 77.1758962697 58.1711155879 1.13724738892 16.1460465815 1.63833780274 0
83.430561 43.667706 1.0990776 75.0921005451 66.5682838947 1.04408537157 24.3714257004 -3.15082259485 0
83.677797 44.09726 1.084748 79.0273645313 56.2232058924 1.10754222166 12.9871123015 1.30601269835 0
83.899006 44.493766 1.0786268 79.3098192581 55.4289055338 1.09887326201 11.859085613 1.16003682328 0
84.066136 44.919244 1.0599801 79.413771614 55.7826020449 1.08487679741 11.8176580756 1.4264756854 0
84.372874 45.412874 1.0478677 79.4622322478 56.226833658 1.07610451646 11.8767051788 1.61785041014 0
84.611517 45.801866 1.0482172 78.6647684498 60.1990673062 1.04999208905 15.5770094618 0.101693651628 0
84.879523 46.233988 1.0394743 74.9234867164 72.8937689114 0.777975036713 28.4581548369 -14.9828041321 0
85.159381 46.677356 1.0274995 83.2960581332 62.9966609448 0.543760738526 16.4253367085 -27.7161894193 0
85.401273 47.018904 1.0208433 93.4117377611 51.8140881535 0.355503673462 9.33602360509 -38.1211525434 0
85.641982 47.465035 1.0069605 82.1359378983 56.876219282 0.97164559141 10.0430441019 -2.0233952161 0
85.928298 47.908079 0.99952116 80.4889093274 57.3838665896 1.02328032632 10.9260010788 1.36129995493 0
86.162014 48.328601 0.98016079 80.6646580857 57.3690859592 1.01688177761 10.5807036792 2.10395760947 0
86.440689 48.703059 0.97180512 81.0252255171 57.1480598645 1.01076417601 10.0322123351 2.23218948334 0
86.76373 49.194484 0.95689161 78.4752559622 63.8818520173 1.03426237875 16.8646844367 4.43301850682 0
87.04648 49.576553 0.94643668 78.3845014081 64.3224097941 1.03433137759 17.101759141 5.03599521335 0
87.360908 50.010922 0.94462193 79.3938762977 63.0406092185 0.991036860604 15.2724046292 2.65937963001 0
87.649962 50.387631 0.93226665 79.6408004853 62.8400478711 0.981331699096 14.8057203168 2.81122023479 0
87.932318 50.72385 0.92924871 80.1498502704 62.3866513384 0.968668576479 14.0209749668 2.2585919782 0
88.215302 51.199689 0.91797875 80.7145502105 62.1617152661 0.958342820941 13.2825937703 2.31269090891 0
88.570925 51.559268 0.90792052 81.5031268327 61.7283134811 0.943468118809 12.3839919626 2.03672738356 0
88.875622 51.881202 0.89509654 81.5657351567 62.5117869853 0.923092639817 12.9013093441 1.60405836231 0
89.13611 52.346055 0.884283 80.8148547172 64.3926659303 0.90684609747 14.6411790642 1.2927702578 0
89.47196 52.652014 0.8832857 81.1587886527 64.4651298491 0.894065111694 14.4450172695 0.617614795676 0
89.833817 53.090825 0.8632713 81.4818975419 64.257434958 0.884754748913 13.9444518211 1.23091095211 0
90.183593 53.428219 0.85408577 80.9748590424 65.5637483809 0.885835637399 15.2339047672 1.81913340205 0
90.492516 53.754021 0.83763364 79.6682259602 68.4271786257 0.901801439935 18.2336724105 3.67654411694 0
90.798496 54.126925 0.8188346 80.3182334456 68.2769444733 0.887203653569 17.6084909719 3.91725821878 0
91.168693 54.517221 0.82608258 81.0785896965 67.8054834774 0.872300903071 16.6849664172 2.64811484816 0
91.498687 54.898001 0.81217592 81.7763736594 67.2150924908 0.849091149928 15.6918488231 2.11508687465 0
91.819001 55.192475 0.79816205 82.4744981277 66.565590356 0.829816838443 14.7196293034 1.81368577919 0
92.157242 55.536274 0.78417287 83.0672060255 65.9847248181 0.819616970539 13.8491472126 2.03079736951 0
92.568948 55.94073 0.78340538 83.398225343 65.911778505 0.811938169506 13.5471016214 1.63480841644 0
92.888566 56.240755 0.770698 81.8508566911 67.9392755614 0.813751130346 16.0837312249 2.46676266366 0
93.180371 56.5952 0.76131207 86.8760325693 62.7364892853 0.783502952042 8.80114294477 1.2714438847 0
93.547241 56.960456 0.75288469 86.6307198761 63.2575811847 0.768405049553 9.35371851459 0.889251098909 0
93.891126 57.208012 0.73907565 88.3920295705 62.2263570592 0.759757931558 7.4447195161 1.18500744395 0
94.299051 57.563094 0.73351838 88.4221079291 62.6864439736 0.751854596496 7.79661303456 1.05058781746 0
94.620679 57.928363 0.72990952 88.4793292757 63.1622860495 0.739018480114 8.0690846398 0.52190497031 0
95.095528 58.294436 0.71330385 88.5536121324 63.6226433165 0.727852317076 8.43720667199 0.83356576186 0
95.456738 58.612153 0.70488326 87.4849804002 64.9828180797 0.715944107889 10.2046211486 0.633739901899 0
95.770396 58.899507 0.6896339 88.5795387979 64.4888532809 0.709092249672 9.10764619148 1.11488131249 0
96.222832 59.213888 0.68339678 90.6636137245 63.4590963866 0.698183783296 6.99476247491 0.847232880504 0
96.601361 59.465039 0.6775504 90.6180726693 63.971400185 0.690471037577 7.49046262775 0.740298001793 0
96.962501 59.840194 0.66858365 90.5052403041 64.5818539888 0.681586188401 8.01121433646 0.744990573337 0
97.415887 60.187693 0.65531275 92.0154534451 64.0316181665 0.670749374246 6.62875880286 0.884453419214 0
97.834115 60.504806 0.64951895 89.840619875 66.0084565186 0.676849516669 9.70495406195 1.56592612183 0
98.232224 60.772339 0.64204005 89.908879053 66.5032778614 0.665907099302 10.1055297407 1.36748119444 0
98.669071 61.065819 0.62023347 90.2117547238 66.7925409083 0.659264030961 10.2137917743 2.23628641511 0
99.003006 61.34063 0.61171105 90.4775729854 66.9516706879 0.649454402686 10.2062130924 2.16253481361 0
99.416545 61.686454 0.60185601 90.5371573687 67.3790414651 0.640088809827 10.5474677887 2.19057806907 0
99.817154 61.923725 0.59316328 88.8061413272 68.7941582481 0.624275295878 12.9786460425 1.78258720196 0
100.33197 62.192581 0.59648511 89.5667476124 68.7970816239 0.617182346855 12.6297047292 1.18586431937 0
100.66015 62.48684 0.57932353 90.1050608361 68.9290825351 0.60290009366 12.3657751937 1.35083759316 0
101.06955 62.74608 0.56518537 90.5701192207 68.9683525601 0.58952312487 12.2047008362 1.39445063685 0
101.50444 62.991125 0.56651403 91.0529347672 68.9300974909 0.578827237284 12.0210380533 0.705494809659 0
101.84252 63.245661 0.55317695 91.6524079253 69.0409185069 0.571884759204 11.7227724394 1.07187851135 0
102.26528 63.493932 0.54282189 92.1352472995 69.1606025195 0.556869006639 11.6072700188 0.804840497748 0
102.76746 63.79248 0.5315279 92.6072229249 69.3472564892 0.546933135095 11.5795491824 0.88265495334 0
103.2489 64.041483 0.52149049 93.2885159876 69.5432620626 0.538978408675 11.378876154 1.00198393254 0
103.65993 64.306077 0.51698304 93.6764042338 69.6308077798 0.525599757047 11.3147489853 0.49370152006 0
104.09393 64.612313 0.49113031 92.7620047695 70.3414471223 0.518005856 12.6978544337 1.53985535791 0
104.5021 64.838724 0.48902664 97.1550968926 68.7125522174 0.506874735667 8.30572090297 1.02262055404 0
104.92687 65.037006 0.48194909 97.487035245 68.7752784618 0.495878096022 8.32621295549 0.798073257869 0
105.37282 65.249114 0.46355098 98.5372356962 68.7430522518 0.483678486518 7.67677127977 1.15322117558 0
105.89753 65.50297 0.45749312 98.5522687195 69.0929231731 0.47105272042 8.1756117242 0.776907875926 0
106.365 65.706556 0.43912885 98.5345812469 69.3657134405 0.462972158912 8.64319911976 1.36612097026 0
106.79641 65.875054 0.43741267 98.4015805522 69.5465982902 0.45157177254 9.16260874054 0.811256817209 0
107.23441 66.106065 0.425495 98.4130049859 69.756307667 0.43989296053 9.54680354623 0.824942371973 0
107.67874 66.304117 0.41455282 98.6608566912 69.9521411702 0.428827919229 9.72781063332 0.817902937935 0
108.21074 66.595678 0.40368389 98.8380823053 70.1206546301 0.417350120514 10.0135993781 0.783017330297 0
108.62185 66.694881 0.38650919 99.1376989571 70.3870930437 0.407365048368 10.1775021877 1.19495266264 0
109.0718 66.866788 0.38127973 99.2730640539 70.6268147374 0.396269802811 10.4953812321 0.858867906659 0
109.60891 67.096121 0.36289881 99.6556452083 70.6811653179 0.386037782585 10.5792260008 1.32576547137 0
110.08086 67.251857 0.35533208 99.7852951335 70.8484746031 0.377459475043 10.9057009909 1.2678063476 0
110.55752 67.467445 0.3513481 99.3425954403 71.1386078405 0.372291274374 11.8005071705 1.19995550125 0
111.0011 67.563359 0.34462681 103.071905564 70.844424355 0.357478409778 8.58123034678 0.736342427294 0
111.50781 67.766864 0.33459052 103.53573499 70.9291398724 0.344382555047 8.57636103783 0.561042281026 0
111.99126 67.898735 0.32410854 103.639360479 71.0763762944 0.331750983883 8.9359739147 0.437879779633 0
112.44105 68.057946 0.31742719 98.4429038313 72.4856491198 0.332431146494 14.6817114492 0.859663383125 0
112.87691 68.182524 0.30685182 94.5527346566 73.5579388598 0.323832968205 19.0963474762 0.972948123455 0
113.35893 68.3544 0.29779767 102.336097569 72.176155146 0.313987278185 11.66656107 0.927596220962 0
113.84101 68.483727 0.29297635 105.27775116 71.8600696323 0.304974296033 9.20484065732 0.68743167052 0
114.36462 68.651393 0.28808498 105.195752818 72.0448542427 0.29810369174 9.77669190503 0.574029898888 0
114.80578 68.718152 0.27703639 105.049762319 72.171987405 0.284314232971 10.3493410413 0.416989686216 0
115.33115 68.906221 0.27624625 105.016272543 72.2427150484 0.272265231755 10.841074185 -0.228095543623 0
115.83449 69.001579 0.25083859 103.596721631 72.4392518214 0.260121552984 12.7114345797 0.531874600351 0
116.26671 69.089532 0.25437801 107.528993084 72.3505408282 0.249804151606 9.32640742639 -0.262062782041 0
116.77047 69.279613 0.24547093 108.112002029 72.5812470264 0.238246542425 9.2665988829 -0.413926917605 0
117.19736 69.329841 0.23044123 107.367847009 72.8583838355 0.227849414599 10.4436554994 -0.148500083759 0
117.78943 69.44117 0.22342369 106.512505737 73.067148249 0.216579918977 11.8455366736 -0.392119195566 0
118.09848 69.515417 0.21552996 105.400471112 73.3639893315 0.205201155974 13.2684188477 -0.591796878106 0
117.78731 69.484411 0.20147117 103.504715836 73.1160358132 0.208398482814 14.7370687331 0.396905787595 0
117.27407 69.373276 0.15435325 98.0908037892 73.1126040182 0.179924461043 19.5443157092 1.4651224698 0
116.87873 69.252293 0.1460337 103.784647879 73.1766993245 0.174637513055 13.6695263853 1.63887776603 0
116.42938 69.228806 0.13415298 103.070756172 73.2205754983 0.166242104118 13.9422757939 1.83857138021 0
115.85233 69.130206 0.12356101 102.191886124 73.1996248004 0.154835650082 14.2536976351 1.79190488249 0
115.28982 69.167071 0.11128018 101.376748555 73.3202878559 0.149859515823 14.5197371627 2.21043311909 0
114.80773 69.128985 0.0979988 94.982759958 74.4657521483 0.140455846772 20.5307213892 2.43260959065 0
114.35661 69.085483 0.086575687 83.533854489 73.8333911286 0.0962282656555 31.1862932855 0.553052018376 0
113.78358 69.054807 0.076806837 100.438578291 72.6348566825 0.119142492203 13.8168674575 2.42565436607 0
113.35769 69.056433 0.067460522 102.246857309 72.471926149 0.112911460712 11.6239492659 2.60414696313 0
112.85212 69.013701 0.056380859 102.391691365 72.4494500523 0.102540720081 11.0102197429 2.64476522287 0
112.27172 68.95113 0.040745824 102.264095947 72.2964719018 0.0903411599523 10.5519596106 2.8416034336 0
111.81488 68.96352 0.032275621 102.179835731 72.3242618234 0.0802647613842 10.2043453329 2.74957520647 0
111.27811 68.931685 0.019186409 98.7725470639 72.5368245459 0.0695096713297 13.0148428917 2.88331054282 0
110.80138 68.957935 0.0020446291 104.020944161 72.1394478199 0.0528842974119 7.48974859351 2.91289842612 0
110.29576 68.94659 -0.0039959963 103.319704865 72.1880017624 0.0447731627697 7.69234005085 2.7942669851 0
109.8877 68.921396 -0.014810181 102.623813512 72.1925244244 0.0368265892262 7.96645015511 2.95856900165 0
109.13457 68.959674 -0.030260041 101.992908774 72.1889517741 0.025839727362 7.8378287818 3.21427995881 0
108.74459 69.016615 -0.039899491 101.560698655 72.106838642 0.0138964915379 7.82034379164 3.08228275418 0
108.30787 69.046669 -0.05883547 100.930412098 72.152060224 0.0038658829199 8.00439502669 3.59252289207 0
107.81851 69.052947 -0.066149833 101.468818271 72.0148964808 -0.00863300968464 7.00654906374 3.29547122697 0
107.27384 69.125159 -0.081381225 100.460749379 71.9449288116 -0.0189617686031 7.37355447556 3.57637141104 0
106.87863 69.169909 -0.088365299 99.5839249333 71.9629029237 -0.0273789006774 7.81111624982 3.49426323159 0
106.28782 69.21123 -0.096587372 98.924664677 72.0214132345 -0.0368834000757 7.88119192269 3.42078561143 0
105.77123 69.311189 -0.11875782 98.1231014396 72.1617174845 -0.0499717090913 8.16206978144 3.94115384419 0
105.23037 69.356872 -0.12237695 97.5503820783 72.2699736312 -0.0570873300605 8.21391353688 3.74081966855 0
104.75557 69.448986 -0.12948384 96.9601784286 72.2985713864 -0.0671475243236 8.29989557917 3.57160779865 0
104.23308 69.487176 -0.13593074 96.3812161472 72.3170316978 -0.0795933490654 8.34624761395 3.22789472933 0
103.76232 69.582164 -0.15725647 95.7943381852 72.284784561 -0.0892190384716 8.41385120491 3.89825767549 0
103.13124 69.683489 -0.16879751 95.2527243951 72.3421877549 -0.0974393599367 8.31502779348 4.08852083249 0
102.67844 69.809947 -0.17996689 94.7535495875 72.4754401297 -0.112427341616 8.36114475859 3.86973107261 0
102.19744 69.903147 -0.19103328 91.0762947736 72.8768731152 -0.118737816771 11.5118598912 4.14222492098 0
101.71748 70.031233 -0.19938755 94.8429375485 72.635564291 -0.131912917071 7.35131793568 3.86601169101 0
101.19539 70.111952 -0.20894349 94.5847202438 72.714617603 -0.143102743883 7.10456352399 3.77239687247 0
100.70248 70.250124 -0.21962996 94.198726037 72.7179286038 -0.158623711534 6.95621126579 3.49540056105 0
100.18173 70.346482 -0.23474291 93.9407739296 72.8463180843 -0.167267036209 6.7229988191 3.86608278716 0
99.695937 70.47501 -0.24032587 93.6197726714 72.9228374975 -0.178408697905 6.55069709306 3.54759264045 0
99.207645 70.589963 -0.25318486 93.4396506933 73.0015460484 -0.190258604681 6.25183901915 3.60540885036 0
98.651695 70.731137 -0.26452872 93.103526316 73.0868238534 -0.198982000764 6.02755641177 3.75555037314 0
98.200311 70.897104 -0.28344925 92.8586886117 73.1645783358 -0.209374052659 5.80296214037 4.24419617422 0
97.673213 71.037319 -0.28475015 92.4195654423 73.236657981 -0.215781624205 5.69542839599 3.9516054473 0
97.217524 71.186002 -0.30154598 92.1201430011 73.3722123668 -0.227257438054 5.54642306498 4.25641991967 0
96.614615 71.415819 -0.3144709 91.681312833 73.4161829199 -0.238711209238 5.32343179565 4.34071053785 0
96.156735 71.572213 -0.32281718 91.5023799127 73.6113654618 -0.252094038581 5.08145294588 4.05213751723 0
95.670257 71.701451 -0.33097912 91.5884913358 73.5810209327 -0.257294314122 4.49372830391 4.22182839104 0
95.216051 71.909445 -0.34657274 90.8727109137 73.7758610977 -0.270605951364 4.7273789942 4.35257637198 0
94.690515 72.100453 -0.36356099 90.3937640433 73.8348686582 -0.278457015535 4.63360188828 4.87609855663 0
94.262187 72.300825 -0.36737209 89.8627006564 73.9953414848 -0.289997955841 4.71453775094 4.4332113308 0
93.790761 72.497598 -0.38120404 89.3424122428 74.1276537497 -0.299163761508 4.73760365719 4.70056170769 0
93.33785 72.663733 -0.37437278 89.178910107 74.4442756988 -0.291017462147 4.52405938681 4.77590791297 0
92.877931 72.854934 -0.37156758 88.3928479552 74.5161529167 -0.280626032716 4.78284624546 5.21056684178 0
92.417114 73.016357 -0.35870282 87.6388908805 74.7772147278 -0.270971116398 5.09235074571 5.02665634591 0
91.970408 73.146111 -0.34938574 87.0059907598 74.8868931185 -0.261426538453 5.26077569554 5.03969101799 0
91.539795 73.305257 -0.34564671 86.3857812428 75.1367943188 -0.252207904923 5.46977026576 5.35364917366 0
91.055309 73.519772 -0.33819517 85.9005872312 75.343445101 -0.240773977751 5.46780944191 5.58182315099 0
90.597504 73.741638 -0.33610904 84.6259931717 75.5177935465 -0.226494690443 6.23006180526 6.28043960367 0
90.087841 73.917166 -0.32459735 85.1988140358 75.3084119238 -0.229734435763 5.08312402734 5.43524461812 0
89.614615 74.074076 -0.31837694 85.8714600754 75.2209403299 -0.218130713614 3.91490824684 5.74368568405 0
89.198364 74.23295 -0.31037217 85.246695574 75.305402281 -0.208828240482 4.09461075615 5.81803859658 0
88.749736 74.415437 -0.30862642 84.8047268512 75.2777917826 -0.197568873651 4.03816207642 6.3631286889 0
88.314109 74.556366 -0.29979055 84.3014464563 75.3716126637 -0.188104309555 4.09464135332 6.39915020716 0
87.844119 74.677945 -0.29093829 83.8125193375 75.5104812091 -0.177566027829 4.11666277198 6.49575213625 0
87.344428 74.825032 -0.2800648 83.2308908608 75.4992417364 -0.166869628013 4.16842255101 6.48560561611 0
86.88131 74.994533 -0.2764152 83.4986373608 75.7785539758 -0.154271113082 3.47234259172 6.9983406729 0
86.405182 75.111138 -0.27520039 83.0349872375 75.8612292771 -0.144722465891 3.45265834701 7.47583437106 0
85.97813 75.256601 -0.2666871 82.5157155636 75.875313294 -0.13378745358 3.51726010305 7.61458883865 0
85.443672 75.387112 -0.25727157 82.1528397752 75.983936331 -0.122407635464 3.34451431661 7.72713425746 0
84.971727 75.60031 -0.25284751 81.526997544 75.957631552 -0.109560083808 3.4632123407 8.20976477807 0
84.516508 75.730785 -0.24189985 81.0794519676 75.9877597585 -0.101662325323 3.44664912575 8.03501829336 0
84.055287 75.832526 -0.23267107 78.0544867525 75.2559955307 -0.0876940820372 6.02843188505 8.30656953678 0
83.625672 75.948737 -0.22490358 80.2455489749 75.5291289658 -0.0784891454489 3.40606849126 8.38892915957 0
83.081627 76.051846 -0.22337509 80.1114454943 75.5576733161 -0.0693323622542 3.01101059752 8.82599816452 0
82.664555 76.128737 -0.22389476 79.6164632212 75.6084000702 -0.0596514326189 3.09218596023 9.41044947212 0
82.154962 76.251544 -0.21576741 79.3091078623 75.6025419691 -0.0508625792557 2.91891921934 9.44835082297 0
81.654224 76.352572 -0.2105749 78.9167844658 75.5966262214 -0.0376047497865 2.83989950945 9.91045958897 0
81.173968 76.455415 -0.20673661 78.6816832474 75.8737657641 -0.0364520391567 2.55925753326 9.75658722552 0
80.700046 76.57682 -0.19356843 78.0901518294 76.7597182885 -0.0268599384535 2.61629496915 9.55169297461 0
80.295706 76.697075 -0.19119657 77.6808730919 76.7671823627 -0.0164542690452 2.61577257792 10.0119963471 0
79.819657 76.754609 -0.1833313 76.654635015 76.8479077092 -0.00899607263203 3.16639681886 9.98867274864 0
79.249141 76.841702 -0.18380621 76.1094398874 77.0172281857 0.00477683451042 3.14460371407 10.8050125382 0
78.75561 76.992625 -0.16580923 75.6724594965 77.1098509503 0.0115886848113 3.08537825085 10.1641518131 0
78.325485 77.027059 -0.15611548 75.3591599165 76.9669043067 0.0143038884262 2.96693496524 9.76431055811 0
77.813289 77.127413 -0.15151056 75.3829246527 76.664011022 0.0203612241099 2.47414879377 9.84752784688 0
77.331018 77.248541 -0.14609851 75.0235464315 76.7003323993 0.0307613345163 2.37169932941 10.1333226561 0
76.892215 77.264525 -0.13798763 74.7772696893 76.8149727896 0.0376967367065 2.16219584152 10.0659727387 0
76.450425 77.349533 -0.13393712 74.6031562467 76.6701285944 0.0469501073775 1.96824596863 10.3640746966 0
75.919111 77.393904 -0.1245328 74.1929976964 76.7109721523 0.0564585865902 1.85630359736 10.3700425798 0
75.420868 77.548324 -0.12557438 73.5763783325 76.6938730805 0.0679723520846 2.0327883577 11.089410887 0
74.963899 77.573314 -0.11431242 73.1501093511 76.6924441348 0.0764413935142 2.01637412447 10.9293884404 0
74.486966 77.623556 -0.10957784 72.6966617746 76.6600296098 0.085559834664 2.0331188662 11.1805651822 0
73.926916 77.691819 -0.097717287 72.2843681402 76.6910483857 0.0948634214328 1.92340980917 11.0340618088 0
73.431607 77.782726 -0.097201132 71.7757540323 76.7110406175 0.104569073518 1.97239920141 11.5605812076 0
72.961003 77.811764 -0.089011975 71.412180558 76.6216622128 0.114899480286 1.95325196041 11.6832657823 0
72.448195 77.857208 -0.08052134 70.8589606151 76.5603259524 0.124882313693 2.05123596292 11.7687624532 0
71.955504 77.897054 -0.07818211 70.4970524643 76.5373598754 0.135716424804 1.99395310738 12.2554832883 0
71.482045 77.938058 -0.07002775 70.1731466104 76.4197481686 0.143605823615 2.00461461099 12.2403021304 0
71.010734 77.97039 -0.05919809 69.7951280963 76.4313125647 0.156991744323 1.96123865583 12.3867650803 0
70.67047 77.975947 -0.050160377 72.678466335 75.6058080296 0.170596823443 3.1063818214 12.6484558825 0
70.6615 77.981328 -0.053325852 75.9888343539 74.6680081908 0.323553282109 6.27364164386 21.593583771 0
70.665666 77.98114 -0.052809071 76.1758623527 74.4414126588 0.768208098215 6.54919334689 47.0408187038 0
70.659198 77.970544 -0.053815139 76.2119386518 74.5354247982 0.964916788039 6.52939297922 58.3690398746 0
70.663817 77.966936 -0.052776439 76.0052623443 74.4852881045 0.849480711262 6.37596349067 51.6955267455 0
70.65903 77.973391 -0.052747867 75.9954868998 74.4975782468 0.783164448154 6.36859847527 47.8942477013 0
70.671856 77.968482 -0.054329249 75.84468086 74.5257904971 0.62951332803 6.21371401148 39.1812935152 0
70.659351 77.975136 -0.053110718 75.8877162567 74.5948287221 0.530484013122 6.22593611842 33.4375150394 0
70.662549 77.975477 -0.051931253 75.8985892763 74.4261872697 0.915910452371 6.32562845609 55.4532449545 0
70.656385 77.977395 -0.052847116 75.9855339846 74.4542904356 0.469785741573 6.3884344461 29.9446569738 0
70.659555 77.972007 -0.053726043 76.0120897056 74.3650583654 0.348964559308 6.45443306784 23.0724719619 0
70.657477 77.975804 -0.053730261 76.081408543 74.4594993422 0.471530628128 6.46401050666 30.0952320904 0
70.659991 77.966852 -0.052724385 76.041614469 74.5488665306 0.711231947656 6.37530358731 43.7714735935 0
70.662275 77.990614 -0.052126819 76.0423213121 74.6166534775 0.681201433816 6.35047304757 42.016613884 0
70.657208 77.964864 -0.053397677 76.0083326044 74.3744655948 0.39112677914 6.44402787389 25.4693752272 0
70.67071 77.979962 -0.055123012 76.062067699 74.4249467019 0.305896580429 6.45793090768 20.6848989677 0
70.656116 77.974136 -0.053001574 76.0494360672 74.3840662009 0.350115998633 6.47892757402 23.0969355594 0
