58.422824 99.530208 -0.075272869 75.0727375952 74.8987475289 -3.10170783989 29.7309345239 -173.401950803 0
58.435128 99.526464 -0.081053217 76.8489676889 73.8746663105 2.79319895277 31.5766403658 164.682518584 0
58.425211 99.52669 -0.076600623 76.9533448685 73.9268756862 2.55481889959 31.6013012003 150.769232773 0
58.45011 99.506444 -0.081957031 77.0046838422 73.8612945573 2.45604783555 31.6535290355 145.416967237 0
58.429691 99.535183 -0.076907432 76.9814542542 73.9044809442 2.17330445443 31.6401771125 128.927644103 0
58.436309 99.5178 -0.082073852 77.0327190515 73.9150318996 2.1421252728 31.643770338 127.437222648 0
58.431053 99.525695 -0.080502282 77.0524608613 73.9721183035 2.09377419353 31.6186987829 124.576865543 0
58.713748 99.530866 -0.075930224 76.9043280708 74.0658980513 2.56342664385 31.2947566845 151.224009157 0
59.138497 99.506199 -0.079127672 76.8998470434 74.2236879915 2.28519903077 30.8977494044 135.465941459 0
59.569575 99.501721 -0.076388394 76.9664970171 74.2300530421 2.30388142661 30.6807773214 136.379414823 0
60.053322 99.455315 -0.079543278 76.9366372106 74.4335993476 2.06697980009 30.1849728622 122.986713002 0
60.588187 99.398001 -0.084356487 76.8758743886 74.5565457974 1.90055476412 29.7049938066 113.727037397 0
61.062758 99.335726 -0.082822513 76.8505255553 74.8651961868 1.94646711783 29.1214771898 116.269731256 0
61.540487 99.291917 -0.075955142 76.6754345307 75.2440859675 1.90939634421 28.4141657298 113.75226101 0
62.026729 99.268445 -0.080345137 76.4731775029 75.7336077601 2.29949047037 27.6150038613 136.354536237 0
62.538569 99.221052 -0.078906664 75.6389113274 75.9384434598 1.22122884153 26.7151423267 74.4922772621 0
63.056278 99.198442 -0.078673165 75.5621880893 76.7393852309 1.1398288398 25.7061669278 69.8150222033 0
63.612811 99.142137 -0.077882356 75.4355523654 76.8827549734 1.26303941751 25.2043111709 76.8291582794 0
64.103294 99.123185 -0.08060455 75.1043193976 77.4100843797 1.54797113107 24.3409387318 93.3105131427 0
64.568642 99.057053 -0.075037606 74.12627859 78.5760158313 2.16268443946 22.6013561693 128.212028928 0
65.109709 99.045111 -0.075303117 73.98821562 79.3723026869 2.35399284801 21.5834952388 139.188405983 0
65.630051 98.980546 -0.074843775 73.5100541379 79.4913425385 2.09969672628 21.0219766201 124.591993103 0
66.062225 98.960186 -0.072029868 74.3671602097 75.9850373512 2.18948924198 24.4300921872 129.57550029 0
66.576646 98.887554 -0.079079542 74.7436510112 75.0438995154 2.23221454514 25.2035678036 132.427396407 0
67.118581 98.895753 -0.067301091 74.7249426689 75.0590224976 2.16815477663 25.0209204244 128.082186503 0
67.601643 98.849114 -0.077679897 75.1401991654 74.6886270284 1.98333571451 25.3092662826 118.08749605 0
68.114632 98.811042 -0.080004433 75.263540963 75.0599901086 1.90119746979 24.8036159725 113.514507393 0
68.644472 98.774959 -0.070585036 70.0189940569 74.1315156782 0.211464679351 24.6817464868 16.1602583025 0
69.169303 98.691225 -0.078801634 68.9499416181 73.6395653108 0.212399682037 25.0526200746 16.6846063976 0
69.601579 98.673025 -0.074381156 68.5996994498 73.2382649997 0.205438631876 25.4544844558 16.0324928695 0
70.17455 98.616469 -0.082315794 68.5035822903 72.8602672407 0.19485242041 25.8103479665 15.8805689009 0
70.685677 98.584729 -0.080545479 68.3251512357 72.4681091143 0.21787793447 26.223079837 17.0984020997 0
71.154315 98.514904 -0.080273853 68.7493139422 72.6257383722 0.342145010389 26.0006332036 24.2028180589 0
71.651443 98.467826 -0.078437038 65.6589479657 72.9553044963 0.545431737718 26.2068454838 35.7450478186 0
72.168737 98.443872 -0.081229798 65.6335212663 72.805424618 0.561135915295 26.4582506762 36.8048442757 0
72.642873 98.438251 -0.077397051 65.5817675923 72.4800506636 0.559002134728 26.9014381452 36.4629874278 0
73.159095 98.359843 -0.077187245 65.5678707018 72.3734099166 0.561078411173 27.0725209528 36.5699283069 0
73.686357 98.359148 -0.072545151 65.5091256287 72.268774958 0.603257866562 27.3418119073 38.7206606885 0
74.179887 98.27586 -0.078945335 65.5500261502 73.0933077229 0.796425508321 26.6202073146 50.1550548311 0
74.694758 98.258721 -0.0737324 67.4402492419 82.4499230218 -0.243103058551 17.3938492242 -9.7042239083 0
75.184964 98.22009 -0.073348786 68.0276605476 84.2309375899 -0.302157452878 15.7137957815 -13.1097709281 0
75.689674 98.17429 -0.079512997 67.9166695409 83.7598293039 -0.321507722083 16.3766991632 -13.8652764117 0
76.110944 98.173886 -0.070194094 67.7240186171 83.1101728651 -0.34397933715 17.241112806 -15.6867389255 0
76.716324 98.104938 -0.07810381 67.4910935467 82.1328597046 -0.374676165778 18.4448410671 -16.9923443063 0
77.259307 98.055637 -0.072379503 65.4962039689 77.5517281847 -0.505784907641 23.6385462672 -24.8323005041 0
77.720453 98.035394 -0.075224309 74.0958125428 94.1879326671 -0.113629359913 5.28592254503 -2.20044732929 0
78.159959 98.027182 -0.069980392 74.9234352341 94.7629110916 -0.103305498399 4.59679786931 -1.90938794847 0
78.667542 97.976243 -0.066300397 75.3062404264 94.6387908366 -0.103074280895 4.73676421317 -2.10698834347 0
79.215573 97.907259 -0.072843825 75.5959013188 94.2570248653 -0.10152584466 5.14064512664 -1.64335867446 0
79.714273 97.913198 -0.070580661 75.9446252794 94.0313455971 -0.103390506183 5.4110093343 -1.87986565549 0
80.25432 97.827625 -0.077582567 76.4932774036 93.7532142902 -0.101415725783 5.54493138314 -1.36553941074 0
80.735837 97.800098 -0.070903566 77.2420849179 93.161796363 -0.0919040878963 5.80690500069 -1.20324127223 0
81.303918 97.745259 -0.073292179 77.6314989066 92.9695148982 -0.089760266342 6.02448285938 -0.943551901351 0
81.813353 97.68277 -0.074716444 78.1175805648 92.7589933109 -0.0885955374233 6.15648526163 -0.795213476621 0
82.267492 97.67766 -0.076857361 78.4292090366 92.5027479617 -0.0849688941132 6.44299082034 -0.464756612765 0
82.802197 97.643359 -0.081479268 78.7956322091 92.2371825791 -0.0828105833331 6.72898988832 -0.0762787497895 0
82.622729 97.654646 -0.085105116 78.4511395399 90.3083321071 -0.0752336561197 8.44810549392 0.565592988773 0
82.286024 97.654675 -0.089970028 75.7323265805 79.4070025123 -0.0608418009147 19.3888757045 1.66892447669 0
81.894637 97.680995 -0.083338929 74.9257887785 75.3208290849 1.49513705601 23.4209706307 90.440012004 0
81.436592 97.754867 -0.094486992 74.324907097 76.8116109246 -0.0323006771849 22.1177764976 3.56301338238 0
80.938972 97.768315 -0.093769263 73.4712897714 77.3018806237 -0.0927013681757 21.7862620462 0.061185866398 0
80.45944 97.812571 -0.096322741 73.215365812 77.4017079606 -0.10872347137 21.658253412 -0.710509513082 0
79.890684 97.897701 -0.093381766 73.0299130585 78.0567081225 -0.183130572883 20.9936937264 -5.14222785071 0
79.403656 97.913259 -0.092249162 72.2964747119 78.2069644652 -0.140348497865 20.9487486537 -2.75588894243 0
78.909463 97.988671 -0.094364757 71.2891303145 78.0282108361 -0.156316115236 21.3656134991 -3.54955136203 0
78.411812 98.037468 -0.097953665 72.3888973956 77.7459303346 -0.1677102221 21.1665302106 -3.99675631521 0
77.929434 98.096321 -0.096081221 73.7562111578 81.1575794572 -0.158893594046 17.4452501829 -3.59888387675 0
77.455576 98.127904 -0.097138386 73.361828805 82.6357363324 -0.16933846704 16.0239204048 -4.13675992411 0
76.931086 98.162597 -0.096433306 72.8011043137 84.1249176549 -0.173073154836 14.6326070857 -4.39113988084 0
76.382723 98.20121 -0.098669993 71.5686965948 82.3142886511 -0.215239137194 16.6002747018 -6.67891998379 0
75.907385 98.299273 -0.10417932 68.2829993067 69.7331089963 -0.999289753275 29.566145895 -51.2860500248 0
75.443161 98.337547 -0.10164342 73.6020369502 89.6966136468 -0.0474123176031 8.83490050772 3.10721328568 0
74.959673 98.391737 -0.097672823 73.2685586911 91.5837488546 -0.0601797927851 7.01488205135 2.14819239247 0
74.43283 98.462036 -0.10709635 72.9651448851 91.8151656903 -0.066582802543 6.80698057216 2.32125528239 0
73.912871 98.553041 -0.10292365 72.5717510175 91.9310957162 -0.0670907647862 6.75638676726 2.05307309053 0
73.45067 98.57307 -0.10544277 72.0542913956 92.1231181822 -0.068112315794 6.59937509605 2.13887747331 0
72.900314 98.580608 -0.11004568 72.2355278114 90.1238436992 -0.0607542083259 8.48285347719 2.82419329292 0
72.413468 98.668417 -0.11145399 71.2673220172 94.0763025208 -0.0655259412156 4.73298700648 2.63148335662 0
71.952246 98.728616 -0.10910951 70.9652336211 93.8598088779 -0.0665906203458 4.96784422345 2.43615292677 0
71.439037 98.771872 -0.11438805 70.6611287018 93.5167103125 -0.0682929679536 5.3124255931 2.64105365757 0
70.926618 98.82512 -0.11572496 70.4156863483 93.1823823283 -0.0680834782352 5.6658220572 2.72965583487 0
70.426888 98.891628 -0.10806961 69.9790911691 92.9597818097 -0.0660355661716 5.94872433614 2.40837330724 0
69.927423 98.935163 -0.11106936 70.2414589565 91.7729961434 -0.0663532242827 7.16904823978 2.56204585273 0
69.460294 99.048845 -0.12091472 68.4914386606 95.0127569109 -0.0662818933806 4.15074544289 3.13023038816 0
68.956696 99.09401 -0.11926254 68.1143983192 94.6669483311 -0.0650344449902 4.50647760487 3.1070409751 0
68.469867 99.181249 -0.11206657 67.745932317 94.3590062148 -0.0678337808034 4.87628002727 2.53435213705 0
67.984026 99.205817 -0.12024712 67.364370823 94.0905028829 -0.0688768342882 5.15270909866 2.94330056367 0
67.454626 99.289552 -0.11670812 67.1521178368 94.0591185702 -0.0686501451672 5.23917408112 2.75351912987 0
66.950039 99.327272 -0.11864493 67.0640909621 93.3055885704 -0.0686180581569 6.02276341691 2.86632861885 0
66.409271 99.378533 -0.12589377 66.1142242787 95.0598309353 -0.0618433402788 4.32876888864 3.66981929902 0
65.967756 99.45713 -0.12277117 65.9888340815 94.6572586826 -0.0616582608001 4.79991759817 3.50151177092 0
65.478817 99.517968 -0.12027532 65.8028187375 94.1527829016 -0.0627470870887 5.37495937344 3.29612494866 0
64.97003 99.579245 -0.12534264 65.6032186443 93.814237525 -0.0615753819841 5.79967577078 3.65359475544 0
64.39755 99.725644 -0.13605299 65.3484054832 93.7048140284 -0.0611358910446 6.09545073777 4.29243358351 0
63.962739 99.747216 -0.1343476 65.8896868749 92.1278771631 -0.0559777338957 7.85922721547 4.49026256878 0
63.450289 99.830398 -0.13542326 63.031858411 96.4286650266 -0.0700755581074 3.4273709137 3.74414751933 0
62.983168 99.899853 -0.1335669 62.8663045743 95.9678650606 -0.0694507616437 3.93372421701 3.67358412649 0
62.444081 99.978792 -0.13809727 62.6654492311 95.8444921412 -0.0692872872745 4.14022212162 3.94252159854 0
62.015499 100.01094 -0.13023941 62.393746311 95.53061351 -0.0702218447493 4.49626472592 3.43875318552 0
61.493448 100.08914 -0.1388142 62.1955728132 95.3494601492 -0.0713884843518 4.79140317036 3.86320893729 0
60.909837 100.17785 -0.12847042 62.1440835691 94.752285391 -0.0713472058734 5.56418151391 3.27291908168 0
60.420275 100.24313 -0.1356293 60.5101559183 96.5499675549 -0.0719924210949 3.69425600428 3.64612458264 0
59.927504 100.2934 -0.13502059 60.5245204728 96.0270069945 -0.0728463525587 4.30796215699 3.56232139983 0
59.416844 100.39311 -0.13913817 60.4692992267 95.5220174956 -0.0710983636944 4.98349317154 3.8983937402 0
58.989222 100.44438 -0.14088208 60.3359949386 95.0981918278 -0.0712161380304 5.51321370174 3.99156445066 0
58.814229 100.51549 -0.16459062 60.4735775226 94.7505686233 -0.0997740655884 5.99897957981 3.71371501037 0
58.64666 100.54909 -0.19305679 60.7943416036 94.2735581856 -0.134649764719 6.63286030485 3.34647604252 0
58.528509 100.58832 -0.24160345 61.1472408109 93.8504011363 -0.17279267395 7.2289215594 3.94256705269 0
58.474443 100.60571 -0.2855971 61.4428713606 93.4447184323 -0.216316823022 7.75186217396 3.96946747436 0
58.393024 100.63934 -0.32800297 61.5964706438 93.214178196 -0.261009648207 8.08672357729 3.83843459431 0
58.390768 100.67023 -0.3827913 61.7854989639 92.9091205989 -0.30596426046 8.47106943977 4.40186511814 0
58.345913 100.71232 -0.43548974 62.0132067073 92.577405133 -0.356287361239 8.9233336276 4.53796203038 0
58.291014 100.75259 -0.48382362 62.4619059941 92.2142610543 -0.406440668143 9.50259970804 4.43371654765 0
58.26024 100.80046 -0.53685502 62.8652283082 91.7122238056 -0.465707415973 10.1883244179 4.07645743323 0
58.277202 100.75209 -0.61479321 63.4847497795 90.9807137121 -0.517486740698 11.0724138487 5.57525001033 0
58.284411 100.77747 -0.66074608 64.5911051459 89.6348665094 -0.571002459286 12.8035933862 5.14193070511 0
58.2435 100.85046 -0.70040996 66.250329018 87.3317012 -0.616626119177 15.7119747459 4.80046047054 0
58.201284 100.88656 -0.74939966 68.8505480055 83.9509027058 -0.665112753422 20.0055820171 4.82928401516 0
58.162493 100.9041 -0.80963898 70.502036965 82.4576318144 -0.241804792225 22.1931641229 32.5345024228 0
58.129433 100.95873 -0.85888639 70.6980545506 82.2262387048 -0.253693679788 22.5582906667 34.6749880872 0
58.131832 101.03096 -0.90274847 70.5917668812 81.1343029524 -0.576484563815 23.4760929227 18.6935448319 0
58.118933 101.08858 -0.95403806 70.3871580749 81.0774769243 -0.798033624671 23.4724006611 8.93839572969 0
58.21235 101.09089 -1.0276822 70.3032541927 81.2746003587 -0.864225779111 23.2136877584 9.36536305124 0
58.180738 101.10124 -1.0790294 70.1328213045 81.9256324396 -0.903038742906 22.595491157 10.0835218852 0
58.16458 101.15077 -1.1272456 69.7277079362 82.1660344983 -0.952796060003 22.2289475625 9.99522237985 0
58.152327 101.12822 -1.1869287 70.5841229651 80.7142904136 -1.04585797193 23.9014240596 8.08275733139 0
58.123022 101.17775 -1.2296756 70.4322258203 80.9339852236 -1.10304558111 23.6923302149 7.25536564211 0
58.108385 101.20585 -1.2916737 70.3917601848 81.6885618726 -1.15481408217 23.060915892 7.84147848723 0
58.049715 101.26081 -1.3398137 70.1760712277 83.5128741385 -1.19251037816 21.495063217 8.43985864942 0
58.087554 101.33646 -1.3851543 69.8540179191 84.3196665068 -1.22743157918 20.6886667997 9.03684623611 0
58.059622 101.40896 -1.4413235 69.5735779507 85.0150524364 -1.25676021255 20.0332570202 10.5746974237 0
58.024835 101.49733 -1.4943786 69.1657797322 85.2193020865 -1.31842393564 19.725487124 10.0814596536 0
58.063179 101.4906 -1.5478919 68.9833809147 85.6064603957 -1.37500083896 19.2758061005 9.90592811333 0
58.076541 101.61894 -1.5947161 68.9124753237 85.815716152 -1.43368664609 19.1614027841 9.2263080863 0
58.064001 101.65215 -1.6522241 68.6141410748 85.7618844511 -1.47605839677 19.0736990333 10.0935512898 0
58.080005 101.67596 -1.6952143 68.2085211036 86.0829121506 -1.53365155789 18.5938156304 9.2568632492 0
58.082754 101.75482 -1.7474042 67.8063033245 86.369617842 -1.58357448065 18.2003257363 9.38675147747 0
58.104403 101.68885 -1.8037565 67.5329569617 86.5609676452 -1.63370371927 17.8255562143 9.74330663014 0
58.095902 101.76512 -1.8547995 67.1600600132 86.6641973654 -1.6696262737 17.6124054264 10.609644346 0
58.114717 101.78024 -1.9099313 66.9375659108 86.9253289688 -1.72367260226 17.2774721718 10.6718372779 0
58.177183 101.78616 -1.9584038 66.5206170284 87.5183593458 -1.77787862471 16.5282493597 10.3433306402 0
58.140024 101.83689 -2.0140543 66.3606742396 87.8314146284 -1.83332233698 16.2398408474 10.3551787042 0
58.159281 101.84968 -2.059352 66.2517958688 88.0471625762 -1.87871105859 15.9999463792 10.3499635501 0
58.164815 101.89412 -2.1101089 66.2930902289 88.3113584095 -1.93497462265 15.8290956981 10.0344549404 0
58.248739 101.93265 -2.1746443 66.2516810594 88.6807774561 -1.99916221286 15.4809304477 10.0543829732 0
58.268279 101.96332 -2.2267336 65.681069943 88.9210874265 -2.04900856951 15.0016432455 10.182894161 0
58.333441 101.96561 -2.2758326 65.3984143919 89.1247061199 -2.09601750148 14.6561475663 10.3026462377 0
58.528206 101.88325 -2.3474539 69.4984332012 83.2123478614 -2.18457504549 21.6552181128 9.33227093508 0
58.521216 101.923 -2.3929176 71.0895175194 80.8667278314 -2.26751590903 24.5220064578 7.18498763616 0
58.547547 101.97367 -2.4518694 71.1799155773 80.8819245145 -2.31905597065 24.5853302499 7.60964896418 0
58.585844 102.00043 -2.4978255 71.1505917083 80.9886123584 -2.35434242482 24.4820212723 8.22097463909 0
58.581204 102.03663 -2.5458465 70.91059899 81.264206419 -2.40159765041 24.1559011889 8.2648502814 0
58.609003 102.09152 -2.5989269 73.254743808 78.6639610299 -2.53077249965 27.6287575383 3.90495949525 0
58.610486 102.12572 -2.6380404 73.910664834 78.121859314 -2.63681949142 28.4654316704 0.069952908529 0
58.608251 102.14071 -2.6341955 71.0099719412 81.3633912709 -2.55965889525 24.1971001542 4.27063287149 0
58.561869 102.14088 -2.6173282 69.8451912842 82.5058065396 -2.51227849254 22.6461800656 6.01890487629 0
58.563999 102.12186 -2.5845335 70.3625074429 81.6503539145 -2.41937795557 23.6281053597 9.46271565909 0
58.525601 102.05148 -2.5408901 73.4139734652 76.7112165481 -2.32291592489 29.3903485259 12.4890002767 0
58.51155 102.01626 -2.5045701 74.7653518921 76.8317788436 -2.54284620808 29.9740582348 -2.19305944935 0
58.483402 101.99519 -2.466306 77.8245029392 74.6685758568 -2.48423504451 33.4786801722 -1.02725858113 0
58.448472 101.94802 -2.4184852 78.4943254984 74.5344873303 -1.71133628666 33.9608306128 40.5166482215 0
58.437648 101.90068 -2.3721379 79.1201392551 76.1403774902 -2.94553518326 33.0357174875 -32.8532443153 0
58.24221 101.99958 -2.3062935 79.1881521451 76.4265664113 -3.0722163662 33.0561872628 -43.8841476658 0
58.188231 101.99561 -2.2541954 78.8780667459 75.7052412743 2.99754382415 33.455235628 -59.0975073528 0
58.147744 101.95537 -2.2082701 78.7689670286 75.6969071631 2.79940683934 33.3877478988 -73.0812462111 0
58.150624 101.89829 -2.1633308 79.1684922104 76.0576482834 2.37359648727 33.3090010123 -100.053214482 0
58.01846 101.8716 -2.1025536 79.0083466811 76.6665208583 2.58005892043 32.800478006 -91.7060654842 0
58.037351 101.82492 -2.0566813 78.6956371176 76.0817694537 3.03083472632 33.0071899042 -68.5068034865 0
57.95556 101.80175 -2.0059084 78.1866669277 75.9545495514 3.10136305714 32.8233980348 -67.3749006781 0
57.949028 101.76094 -1.9556665 77.4335902386 76.6790614287 -2.81520140119 31.7608060082 -49.2477221823 0
57.944091 101.71587 -1.9011295 76.6803368136 78.1199668688 -2.27628914404 30.1299444367 -21.4950642471 0
57.895014 101.71431 -1.8477429 76.6887739352 78.555539918 -1.92054508745 29.8250573212 -4.17125808049 0
57.887739 101.60729 -1.804058 77.5534938214 79.281024156 -1.60220093498 29.7523790516 11.5655578903 0
57.908577 101.57431 -1.7585036 77.5599796344 78.8565380114 -2.46299035359 30.0378892338 -40.3641177035 0
57.864607 101.59456 -1.6960005 77.0378880587 78.9774953934 -2.43160276971 29.6504016495 -42.1469054544 0
57.856107 101.4883 -1.6575295 76.0686591144 79.5619940975 -2.08563005601 28.5036830085 -24.5283550663 0
57.841285 101.40683 -1.6171883 76.2540865919 80.0516356448 -2.01548108567 28.1970847502 -22.8204956294 0
57.932105 101.39498 -1.558967 76.2024770989 80.1530060399 -1.90378453097 28.0183503146 -19.7565892268 0
57.880343 101.29803 -1.5101361 75.9164074809 79.6324263412 -1.90077843121 28.1903885014 -22.3821568774 0
57.86028 101.30305 -1.4556073 76.1339124992 79.5129480943 -1.91998983871 28.4382521576 -26.6071595475 0
57.890579 101.22205 -1.4103276 75.8779480198 79.9415009891 -1.71194261928 27.8640845976 -17.2812676426 0
57.8208 101.11705 -1.3576888 76.1624722658 80.514159052 -1.48865747798 27.5843444171 -7.50395249649 0
57.788579 101.03213 -1.3093986 76.695342361 80.7093792613 -1.6220822853 27.7575196726 -17.91545549 0
57.829792 100.98503 -1.263957 76.1854430844 80.6268325701 -1.84717091725 27.4114233364 -33.4156960115 0
57.824803 100.93565 -1.2218114 74.9570313369 80.1550416752 -1.88083579648 26.932265596 -37.7593165147 0
57.852229 100.87925 -1.1701135 74.6062093138 78.9865033104 -1.78240328894 27.5678837413 -35.0816207451 0
57.941273 100.90901 -1.1135469 73.2642417995 77.4842885054 -1.90844211614 27.9912656007 -45.5441410402 0
57.934212 100.85215 -1.0718255 71.4993580149 77.5879141727 -3.09154646605 26.9302405305 -115.721487149 0
57.956865 100.8248 -1.0236231 70.9709804241 78.3762001037 2.8108827401 25.9481567279 -140.298998844 0
57.866455 100.79111 -0.94919858 71.1022331446 78.7666284425 3.07683099706 25.6955951667 -129.32549704 0
57.881811 100.74434 -0.90384916 73.4052621961 76.1853006442 2.74208011752 29.0538113011 -151.103639995 0
57.906072 100.67156 -0.85835482 75.1779447544 75.0816528605 2.75355708011 30.8733045827 -153.05269215 0
57.919121 100.60634 -0.81549545 75.4868365003 75.1508741867 2.85478715585 30.9290376131 -149.708297065 0
57.947192 100.54808 -0.77169123 74.6885585898 74.8903648268 2.9323883606 30.6364440365 -147.771872478 0
57.990597 100.53155 -0.72265365 74.3161039917 74.7746675369 2.95871639263 30.4949040456 -149.073033731 0
58.047637 100.48559 -0.67128016 74.398421983 74.7262142763 3.01215131576 30.5105491139 -148.954922313 0
58.063143 100.41299 -0.62512507 74.3285059779 74.482303065 2.95867759259 30.609844131 -154.663232826 0
58.042848 100.37669 -0.56279892 75.5574456665 74.3484189072 -3.12757773506 31.372472448 -146.951001488 0
58.105132 100.39257 -0.50362239 76.0877624001 74.6227071937 -3.1247669545 31.4238894022 -150.180521039 0
58.119281 100.35644 -0.45778315 76.7518085096 74.6484604989 -2.99754722618 31.7501384473 -145.517762524 0
58.157277 100.32166 -0.41301063 78.3320203231 74.2872931585 -2.73004890075 32.9364315764 -132.756513884 0
58.233913 100.28736 -0.36070831 78.8838766762 74.3784175151 -2.59569513349 33.131469942 -128.055312253 0
58.287995 100.21902 -0.30919417 79.1955316824 74.6113452984 -2.55419880719 33.0587067767 -128.629290699 0
58.686264 100.08548 -0.29965148 79.7216011131 74.7545519173 -2.53111640637 32.9263014168 -127.853522412 0
59.097579 99.962596 -0.29840976 80.3995142562 74.6972974969 -2.50224786414 33.0470536373 -126.270622097 0
59.54087 99.819262 -0.3016262 80.8777438467 74.6760046816 -2.54621419067 32.9764396824 -128.605418611 0
59.980629 99.666017 -0.30408986 80.9971637555 74.2815439178 -2.48597164676 32.955518609 -125.012617778 0
60.436543 99.507918 -0.31275029 80.624838616 73.6110630072 -2.48951612016 32.8361748442 -124.719495056 0
60.936698 99.351548 -0.31979764 81.9267612283 73.8238274639 -2.44089717209 33.0491644387 -121.530051116 0
61.363687 99.173884 -0.32636207 83.3989727762 73.8666494257 -2.42581328346 33.5560715972 -120.289693825 0
61.873588 99.018114 -0.33660086 81.7446916784 74.6356708194 -2.42222927889 31.4541618368 -119.497706035 0
62.297967 98.843503 -0.34672858 84.677508611 73.8058771054 -2.49420804877 33.5816407157 -123.041510152 0
62.885593 98.69498 -0.37512441 70.3036913623 75.7621503828 2.60160777229 24.1027562234 170.554190786 0
63.287956 98.519942 -0.38099986 68.848797093 75.924381011 2.78592709599 23.2697728839 -178.548451396 0
63.799446 98.330501 -0.39003874 68.5822311076 75.8783276835 2.74779367735 22.9559386656 179.784554334 0
64.287236 98.118834 -0.4012694 68.3910467051 75.9030326065 2.55552099797 22.5916598297 169.411610709 0
64.735978 97.931992 -0.40531621 67.8290318266 75.9920997637 2.4273585448 22.1568466465 162.300308183 0
66.082538 97.29612 -0.43684446 64.6939345511 76.4194345675 2.16787801065 20.9228156372 149.239604371 0
66.572969 97.068508 -0.44319642 70.9074827885 72.6437070842 -1.38927591039 24.806428795 -54.2063618832 0
67.036992 96.836382 -0.46085818 70.8908874065 71.8249339426 -1.57737256321 25.3066205514 -63.9715619237 0
67.465178 96.609902 -0.46747397 71.2390354887 72.7972524567 -1.69164832084 24.1098377974 -70.1400236914 0
67.896132 96.441291 -0.47211549 72.4109088795 76.8603299731 -0.917370848612 20.0947068903 -25.511252854 0
68.294485 96.192656 -0.48709823 72.7133894601 80.923647698 -0.847440947693 15.8955758359 -20.6461169021 0
68.745373 95.928322 -0.48856918 72.2508306323 82.0838611785 -0.867448764631 14.2813629829 -21.708201143 0
69.150612 95.708615 -0.49267498 72.4994559385 83.1177755795 -0.858823175733 13.0285836927 -20.9787462918 0
69.612543 95.488908 -0.50439352 70.8701088654 83.0480235582 -1.1161896983 12.5042823705 -35.053338939 0
70.001777 95.255466 -0.51803393 83.5867549772 86.3417228765 0.49316093229 16.2482750811 57.9371978746 0
70.465141 94.973778 -0.52461339 81.8511019028 84.4177283978 1.0724434322 15.5264383838 91.5046155548 0
70.844519 94.746113 -0.53378975 72.1122276021 78.6696904085 2.89756825192 16.126327804 -163.397668492 0
71.313375 94.433303 -0.54912726 71.1973328426 78.9108726926 2.98011509473 15.5228640537 -157.789308195 0
71.675984 94.192345 -0.54871183 74.8147880779 78.6675123656 -3.00298506289 15.8389557536 -140.619498016 0
72.132094 93.936173 -0.55551627 75.9779183216 77.34569139 -0.853249648276 17.030397669 -17.0588659954 0
72.591521 93.65176 -0.56599884 76.1789557729 75.7687494006 -0.708171009485 18.2392915528 -8.1458652757 0
72.999296 93.402727 -0.58180979 77.178972608 74.8139208539 -0.776795743041 19.052910814 -11.1718721736 0
73.492111 93.04124 -0.60778198 77.7835058088 73.9901438797 -0.674264728942 19.5284493187 -3.8091809248 0
73.872068 92.774201 -0.61995513 76.9584522462 74.5427240058 -0.614396284232 18.4908766992 0.318498401456 0
74.284244 92.44261 -0.63095882 73.0751390121 76.7338853382 -0.334279177845 15.7551885223 16.9984913629 0
74.636157 92.181147 -0.63982828 84.016049147 63.0042734923 -1.43791036555 30.647550055 -45.7267352071 0
75.04666 91.861057 -0.65230166 88.0772859497 57.2017751805 -1.79249017795 37.0278682736 -65.3279899278 0
75.447368 91.599491 -0.66374929 91.0543268804 55.8591948598 -2.01768489271 38.9993068359 -77.5747957676 0
75.810432 91.285143 -0.67016681 76.0948225417 61.4764595282 0.448625803446 29.8100400587 64.1020949009 0
76.214339 91.007674 -0.68720902 71.1518778076 62.6343666666 0.808521015714 28.8213997294 85.6990183374 0
76.572595 90.665594 -0.69142624 70.8593688112 61.6202352176 0.798723372259 29.6019225774 85.3792836255 0
76.982966 90.337927 -0.70009257 72.8280544203 59.054437858 0.638875911091 31.5581999349 76.7172428676 0
77.463036 89.980265 -0.70708899 71.3767732436 61.270974982 -0.0356582193264 29.3473325479 38.4701493948 0
77.783785 89.658033 -0.71509647 78.0598772925 55.6361540735 1.0348521348 34.0229991718 100.26466942 0
78.149065 89.333948 -0.72865962 78.3442840739 55.3780495296 1.08178886052 33.956459642 103.731056959 0
78.550942 89.015689 -0.73847083 73.8855618792 61.6052248714 1.19975702835 27.8046635552 111.052276018 0
78.874801 88.696028 -0.74032963 70.1022234638 69.2652954173 1.17208264511 21.3192749719 109.573152053 0
79.240816 88.343618 -0.75225511 70.9054093993 65.9802867851 1.84583019872 23.8662436556 148.859323005 0
79.618172 87.951117 -0.73366666 71.6613927786 67.0760829258 1.85244800171 22.3400399099 148.173455453 0
80.03236 87.613917 -0.7252394 71.4303858865 67.4897712954 1.72949041186 21.8855020274 140.645658064 0
80.388224 87.302175 -0.71783262 71.4719847063 67.5925272043 1.70427188038 21.6326036198 138.776365412 0
80.774448 86.936306 -0.70733557 72.6167923608 72.3120526204 1.35663482755 16.745630249 118.25679282 0
81.079285 86.604124 -0.70281223 73.1208631889 72.9464027372 1.25387329074 15.8072713589 112.109822173 0
81.469823 86.29876 -0.69143403 73.06739445 72.9020758312 1.20538384052 15.8136634672 108.679658486 0
82.00915 85.921455 -0.68533364 73.0892244197 73.2673813573 1.20964137494 15.4819460053 108.574070639 0
82.380517 85.593177 -0.66953842 74.4781670683 72.3452992143 1.22024170457 15.4257382406 108.276425346 0
82.762177 85.245461 -0.65953587 77.608579945 69.1626555363 1.00913657777 16.8883449216 95.6078886472 0
83.123761 84.974382 -0.65607768 78.9039340839 68.0485244174 0.87739832304 17.4439558045 87.8617029588 0
83.553536 84.670161 -0.64546431 78.9548901694 68.8577222839 0.769420225908 16.4675669613 81.0669124058 0
83.91571 84.369607 -0.63376385 77.5955823762 71.3667909761 0.585060261171 14.4574284619 69.8334775389 0
84.296564 84.041959 -0.62717158 75.5999041094 74.8430030231 -0.0479787496763 12.6590949248 33.1853047018 0
84.753159 83.736184 -0.60820056 80.6411660146 63.1667235598 1.08409297451 20.9764436717 96.9612772246 0
85.125493 83.532562 -0.59199755 81.8927037724 60.8506887683 1.12554344835 22.9110955541 98.4078503464 0
85.519486 83.237616 -0.58738221 77.5689252454 69.7262717216 1.20860075227 15.6769844205 102.902243815 0
85.938286 82.919631 -0.58097683 75.5760310003 73.9998074157 -2.45255348842 13.6725850318 -107.233443563 0
86.293025 82.612724 -0.57455966 73.7629600463 73.8744910719 1.87644032208 15.2761003679 140.43195456 0
86.791197 82.343796 -0.56418405 73.7051187412 73.1225134672 1.81825980985 16.0086693933 136.503978096 0
87.249998 82.030848 -0.55954063 74.6255260079 72.7055535823 1.58062379852 15.6951715204 122.622389218 0
87.753927 81.795071 -0.54405304 75.0106939607 72.311586993 1.50870451052 15.8847869738 117.614344008 0
88.121777 81.462238 -0.53410849 75.0289806443 72.2513571824 1.53957945729 16.0081742197 118.813567407 0
88.578333 81.141585 -0.52544337 74.6821234636 72.3755155827 1.57584995119 16.4301129792 120.395238823 0
88.993605 80.955964 -0.51371847 76.634670527 69.8680266661 1.35772706773 16.6037831722 107.2259309 0
89.445333 80.723658 -0.51151821 75.3190522843 69.3100104826 1.39932978445 18.1610340155 109.483525373 0
89.874585 80.458812 -0.49549775 78.5508499072 67.6244898868 1.24698786145 17.1156887258 99.8370713981 0
90.364567 80.178017 -0.48291598 79.1655068849 65.1223397858 0.770100642747 18.7641243824 71.7925641432 0
90.772988 79.92041 -0.47559947 80.0119805741 64.5730507076 0.748533426224 18.7440848822 70.1376485168 0
91.229191 79.664539 -0.46697991 80.3740118166 64.1583676705 0.750132128343 18.9281870343 69.7353829916 0
91.670032 79.472812 -0.45866389 80.9749358678 63.4031403249 0.761094501664 19.3033527923 69.887007868 0
92.09939 79.237257 -0.45913138 85.4809880135 67.7231035127 -0.945465486906 13.280774653 -27.864891759 0
92.640842 79.007823 -0.44436504 89.7023777189 64.9843816421 -0.785117605695 14.3279963655 -19.5236838726 0
93.101414 78.737713 -0.43322505 91.3274200055 66.2514920817 -0.363933169123 12.6116124073 3.9701323288 0
93.456415 78.503847 -0.41402881 86.3045733243 76.8627300424 -0.390021540097 7.33771791651 1.37551524308 0
93.942666 78.269838 -0.40450827 86.1221800311 77.5795522535 -0.380925469045 7.85089136352 1.35119496384 0
94.399206 78.07543 -0.39564957 86.20215802 77.6687224103 -0.386316025336 8.20713145076 0.534772717142 0
94.876551 77.888932 -0.39521399 89.9329682654 79.0383595422 -0.33706293356 5.07545012078 3.33181010825 0
95.385584 77.620959 -0.38607018 89.7690163642 79.1560866078 -0.291844389811 5.82258093805 5.39874009911 0
95.824237 77.453472 -0.3715914 89.6827630781 78.3330906663 -0.323605338851 6.20414626938 2.74939877929 0
96.294943 77.259065 -0.36594748 89.5054095495 77.7997439607 -0.313813897931 6.81102769144 2.98703422346 0
96.747733 77.074345 -0.36376533 88.8057686603 77.3481709899 -0.297584932396 7.94668347462 3.79185746922 0
97.243338 76.910592 -0.35085137 89.7645914253 77.8623077583 -0.295045810661 7.53905917295 3.19742302349 0
97.706845 76.720857 -0.34556823 90.2603763993 77.9924823477 -0.290423763241 7.55426539417 3.15954520881 0
98.250871 76.540386 -0.33417824 90.5661178191 77.9322143347 -0.282545849687 7.80977704962 2.95831805113 0
98.718069 76.328238 -0.32360879 90.8215234026 77.8363452045 -0.268815561586 8.03926736163 3.13942073399 0
99.242758 76.154195 -0.31163846 91.1326866628 77.6946226228 -0.25566107856 8.25506961544 3.2072677047 0
99.752933 76.027378 -0.30758365 91.6487266334 77.6509358236 -0.24205690748 8.26523446965 3.75440579165 0
100.26551 75.854352 -0.29722069 91.9830131958 77.5886185658 -0.232890004362 8.4621175738 3.68587678021 0
100.42057 75.787727 -0.29810608 87.8543895256 77.6000914506 -0.225049497549 12.6962024486 4.1858338401 0
100.00981 75.897783 -0.33361957 93.3844682414 77.7596112845 -0.235954741533 6.88197340737 5.59578247801 0
99.582097 76.069197 -0.34051867 88.9938604263 76.8876770725 -0.257785820355 10.6198240743 4.74024311177 0
99.107413 76.264896 -0.35139431 78.0869863021 74.6741351452 -0.377406278575 21.0805326939 -1.49037601616 0
98.714105 76.429985 -0.36219797 82.9581325944 76.6383671137 -0.279858815443 15.7573503341 4.71768604477 0
98.232598 76.605425 -0.37113701 83.790301861 77.0339932709 -0.279007783488 14.4486535196 5.27861584894 0
97.794055 76.803178 -0.38027077 83.750716337 77.2376077235 -0.291771337963 14.0500565831 5.07064394501 0
97.284888 77.028291 -0.39087517 83.9303516847 77.4645992315 -0.301474859439 13.361661763 5.12226048228 0
96.794088 77.220283 -0.397435 84.3840449999 78.3700403152 -0.318388804418 12.4631901674 4.52901339342 0
96.312011 77.411796 -0.40813614 83.4610297033 78.6593434308 -0.341740369899 12.9113939945 3.80419740431 0
95.817851 77.649213 -0.42317241 83.2300369041 79.2393567908 -0.370330449519 12.6878532853 3.02762131679 0
95.416931 77.859827 -0.44063364 82.3254023192 79.906037966 -0.402986452851 13.2504755581 2.15702493419 0
95.012445 78.106891 -0.45505538 81.3253743361 80.3488296108 -0.424868625093 13.8694697842 1.72957365335 0
94.571565 78.35291 -0.46228827 77.9727695844 81.0075694049 -0.51028880881 16.8097360421 -2.75022828817 0
94.072824 78.583231 -0.47493812 75.9115419399 78.5045343214 -0.446395177219 18.161452564 1.63539015621 0
93.685547 78.838492 -0.48283636 79.1619537401 73.9974722288 -0.0186002863446 15.3091552217 26.5987677182 0
93.13187 79.138887 -0.4938927 84.4907910477 77.4013338218 -0.377758218783 8.81404200728 6.65401562966 0
92.767061 79.353349 -0.50793296 85.8424064387 78.5839414902 -0.411797890968 6.96726838218 5.50813371876 0
92.333006 79.610842 -0.51558672 85.749379753 78.8590035693 -0.419272680573 6.62641649658 5.518387967 0
91.836662 79.862922 -0.52529077 85.6991112822 79.1274991118 -0.430841939958 6.18145416857 5.41151934137 0
91.394651 80.155971 -0.54220188 85.4327700155 79.3482754207 -0.441756917531 6.01634415754 5.7550724228 0
90.995961 80.452645 -0.55101436 85.3143025865 79.6780801996 -0.449375112389 5.73421249675 5.82349992099 0
90.529269 80.702102 -0.55721841 82.5034350972 78.7833539007 -0.466553631715 8.25200606542 5.19470914621 0
90.116128 80.996291 -0.57190376 85.3183977945 79.8852395223 -0.475764295845 4.92469801212 5.50838554073 0
89.682947 81.279053 -0.5868201 84.9768573593 79.9973570683 -0.488397914561 4.87750183677 5.6391758361 0
89.308886 81.573217 -0.59808232 84.498421954 80.1216389082 -0.496544118065 5.02470330418 5.81771043024 0
88.891766 81.856818 -0.60668362 83.7256584307 79.8217666451 -0.507377402342 5.55248605889 5.6898271512 0
88.562993 82.155385 -0.62360893 84.191673465 80.9480940028 -0.512544240034 4.53497365245 6.36353798798 0
88.100372 82.484783 -0.6409076 83.8512639652 81.2048744233 -0.521433493646 4.43768915722 6.84536205519 0
87.757256 82.824586 -0.65244779 83.6291837924 81.7705979776 -0.533935053908 4.26050125015 6.79027959661 0
87.364493 83.081454 -0.66488653 83.0185861789 81.8742781305 -0.543022861352 4.5104522697 6.98227388951 0
86.96204 83.432583 -0.67310863 82.4197685737 82.0401215586 -0.55378213024 4.75091344647 6.83690482032 0
86.553616 83.74501 -0.68714184 82.037849131 82.1338145664 -0.560568500477 4.79459082097 7.25211815352 0
86.141676 84.078225 -0.69936137 81.6645627706 82.5192168784 -0.572912756768 4.74078571461 7.24497186349 0
85.711036 84.448892 -0.70015711 81.2440098107 82.6965500041 -0.581012952106 4.79843989713 6.82645740097 0
85.385503 84.792553 -0.71837795 80.2464201301 82.58693042 -0.59456001872 5.59240053191 7.09424489039 0
84.966136 85.109404 -0.72722498 81.375656748 83.5791571929 -0.605681678638 3.90297278361 6.96391819614 0
84.630521 85.38864 -0.74348817 81.0064201715 83.7496893939 -0.616325733965 3.97746978672 7.28587089738 0
84.253795 85.763262 -0.74569784 79.294313248 80.7094246737 -0.626475981516 7.08080016449 6.83090931686 0
83.862841 86.11642 -0.75761019 79.0378664144 80.559581871 -0.63394559212 7.35926828864 7.08545953371 0
83.531548 86.470864 -0.76732045 78.8941860912 81.012009268 -0.645459407365 7.16269645165 6.98212343007 0
83.136325 86.836078 -0.7845099 78.6257051081 81.4355416196 -0.653128420931 7.03643979613 7.52760425681 0
82.748204 87.18946 -0.78741349 78.5169670256 81.8539552821 -0.664440794267 6.80962384637 7.04581646084 0
82.436303 87.632765 -0.79615086 78.4514545076 82.5632091207 -0.680491877088 6.44821016416 6.62677158365 0
82.044003 87.968039 -0.81533974 78.1559196953 83.0642687802 -0.691750890104 6.25812704828 7.08111949389 0
81.734904 88.357286 -0.8193333 77.833270844 83.3932067082 -0.701722682569 6.3138597149 6.73859200472 0
81.390428 88.717115 -0.83255466 77.5121534122 83.8089780558 -0.713306364674 6.25546337548 6.83242403631 0
81.018389 89.125489 -0.84340083 77.2702827348 84.1749136525 -0.72235825857 6.20938779963 6.93522848435 0
80.34854 89.923491 -0.85562105 76.9064275689 84.7155367071 -0.731801675468 6.24266977384 7.09432758264 0
80.091493 90.270385 -0.85191671 76.6310278202 85.6847783471 -0.725905476206 5.74478960766 7.21991186764 0
79.750821 90.621453 -0.84750526 76.3659096928 86.0841163029 -0.71678187921 5.66083464345 7.48989800295 0
79.413731 90.999183 -0.83414842 76.0671617374 86.2662514008 -0.709167879641 5.79656513397 7.16085748381 0
79.121061 91.3195 -0.83027867 75.8271590684 85.8034410746 -0.703654766638 6.42469423425 7.25501524814 0
78.79115 91.746071 -0.81978524 75.8013545055 83.1142492277 -0.703831775273 9.13494522192 6.64364414876 0
78.477565 92.13047 -0.81620475 76.0122095395 78.666290569 -0.673007608062 13.6880278089 8.2045918714 0
78.091476 92.534394 -0.81038411 75.7398895936 83.6196561808 -0.681809322042 9.21968052656 7.36679270177 0
77.728397 92.805527 -0.80161821 75.5457165317 85.4179373205 -0.674907332406 7.70328341033 7.25999850455 0
77.429845 93.159501 -0.79300334 75.3236720513 86.2498896929 -0.669077818553 7.22348204852 7.10040935286 0
77.093441 93.512556 -0.78090008 75.2178151165 85.838210812 -0.670754776709 7.90022446008 6.31086101175 0
76.739777 93.887821 -0.7825439 76.4986929988 78.8218301223 -0.697064528548 15.0679196514 4.89760721961 0
76.414785 94.231064 -0.77480572 74.3978528578 84.755300984 -0.709623544705 9.6880390174 3.73466354386 0
76.051262 94.597058 -0.76703211 73.8682824034 86.7680106863 -0.683272629125 8.12769227756 4.79906474836 0
75.714752 94.907938 -0.76048308 73.7085319439 87.2404706032 -0.667526462772 7.92558989572 5.32602184498 0
75.305813 95.252401 -0.75118534 73.64816266 86.7239869776 -0.658573070441 8.68801763277 5.30629217687 0
75.027276 95.58972 -0.75132884 74.627378974 81.4762699925 -0.758857416971 14.1191143046 -0.431355686153 0
74.671349 95.902607 -0.74483069 73.1159924971 88.7196584232 -0.595929973619 7.34941386151 8.53138261509 0
74.263104 96.290795 -0.73187465 72.5532241175 87.4918007898 -0.577567552562 8.96359237822 8.8411454321 0
73.852657 96.593273 -0.72312741 72.3202050451 87.8978017326 -0.575651974863 8.82947504424 8.44972001519 0
73.479601 96.951148 -0.71402487 72.1979325475 88.0681292109 -0.572189090204 8.97500400163 8.12659156624 0
73.195805 97.267088 -0.71774836 71.9521633414 88.2616653241 -0.565037037932 9.0908900635 8.74971423833 0
72.811015 97.559971 -0.70587276 71.8055558227 88.6777613602 -0.556583474853 8.93893708688 8.55364596546 0
72.450113 97.854845 -0.69176566 71.4652430817 89.0908561709 -0.540972586314 8.81915352809 8.63980670203 0
72.058621 98.167669 -0.68873995 71.3727358078 88.6938486621 -0.528405006583 9.49861623035 9.18651556626 0
71.630899 98.505259 -0.68120937 74.1184564807 78.7538551376 -0.536896268901 19.9074332036 8.26853162144 0
71.311305 98.776747 -0.67976134 70.225285141 87.8662335078 -0.503830413265 10.964430847 10.0800995877 0
70.923566 99.105038 -0.67534281 69.4206479847 88.6213587412 -0.494062938367 10.590858953 10.3865715552 0
70.538887 99.423882 -0.66641532 69.7123896042 83.043567424 -0.467360836752 16.4011525068 11.4049817833 0
70.237329 99.695873 -0.65940244 66.8696926911 90.5867795121 -0.49298162787 9.71167125065 9.53521015818 0
69.740601 100.01873 -0.64736064 66.3056172744 91.3706201534 -0.487556164256 9.30531660475 9.15612200742 0
69.331788 100.31013 -0.63648641 65.9599031932 91.5306954538 -0.475871211902 9.40468383844 9.20257297668 0
68.966888 100.60709 -0.63476956 65.6647569887 91.5410155248 -0.463020058476 9.64871885827 9.8405215708 0
68.547144 100.92714 -0.62340506 65.0983181355 88.9535000245 -0.448324261422 12.4604355504 10.0313908323 0
68.205766 101.18772 -0.63190253 66.8612894284 95.3220356684 -0.447358376936 6.01779610236 10.5736011044 0
67.832821 101.46345 -0.62039573 66.7254935937 95.5720701641 -0.440483106343 5.99454171358 10.3082340167 0
67.430222 101.74966 -0.61298605 69.136166528 86.0444148682 -0.439859659775 15.7976254982 9.91941148225 0
66.997353 102.01418 -0.604237 67.0091233329 91.6340810591 -0.432473254822 10.3801056143 9.84133767205 0
66.503984 102.31709 -0.58257103 66.7347065718 91.7088234805 -0.423607316272 10.6107752523 9.10794989235 0
66.152558 102.52211 -0.58752438 66.564359713 91.6924454683 -0.413652381541 10.8374911543 9.9621316872 0
65.749881 102.79371 -0.58263231 66.5696604017 91.2273612056 -0.403074662846 11.5953638452 10.2878953612 0
65.27369 103.19912 -0.55119629 68.7434988863 85.0989301465 -0.401435247998 18.4297706562 8.5806756422 0
64.868724 103.46539 -0.54643261 64.6732118513 90.7951863974 -0.386585930187 12.6717119732 9.15854012245 0
64.390622 103.72927 -0.540005 64.6295505196 87.1789493539 -0.388205718162 16.5520452007 8.69745818246 0
64.007942 103.99312 -0.53720304 66.1760636828 65.2638352968 -0.440934978943 38.7899245327 5.51575360048 0
63.517566 104.24093 -0.51814407 71.1985019181 74.2152340257 -0.361747193364 30.9925667753 8.96088096024 0
63.066948 104.49561 -0.5165186 71.8396045027 77.2508560727 -0.327598407999 28.6223010723 10.8243296665 0
62.692485 104.72648 -0.50863865 72.4920014183 78.4657013635 -0.322524277133 28.029609641 10.663568072 0
62.291484 105.00578 -0.50386574 73.198943572 78.4362376258 -0.323238591219 28.7213031788 10.3491732906 0
62.072466 105.11862 -0.50368551 77.7685610251 71.9328256988 -0.276798223781 36.7105481086 12.9996839255 0
62.089168 105.10062 -0.5034732 76.9449069401 74.4245070472 -0.268142416983 34.0839681573 13.4834606564 0
62.091875 105.11578 -0.50475817 76.638461124 74.7753129763 -0.265416032131 33.6473937635 13.7132943596 0
62.084059 105.11634 -0.50537083 76.6459473164 74.6708554907 -0.251609816756 33.7487202475 14.5394350639 0
62.079529 105.11487 -0.504849 76.8071534431 74.7330546312 -0.243344843581 33.7632585341 14.9830844879 0
62.084788 105.11717 -0.50560404 76.8524930152 74.8024027631 -0.235223835209 33.7204718834 15.4916445984 0
62.06969 105.12384 -0.50501376 76.6214350713 74.7312841189 -0.240779220412 33.6965983091 15.13952392 0
62.087056 105.10586 -0.5039294 76.7050046413 74.7995079457 -0.242348819206 33.6475763959 14.9874632821 0
62.075982 105.11683 -0.50528947 76.4808779287 74.6503396375 -0.244304999078 33.700267977 14.9533087023 0
62.088061 105.11683 -0.50531554 76.3010472356 74.7498273025 -0.245313668904 33.5285524675 14.8970098793 0
62.084112 105.11666 -0.5049849 76.1904192729 74.6595629277 -0.252837671576 33.565200237 14.4469720046 0
62.086407 105.11731 -0.50560486 76.2061735002 74.5361886796 -0.254802859197 33.6834200644 14.3698961395 0
62.080145 105.11527 -0.50526072 76.3271285271 74.433155293 -0.259360851264 33.8285190707 14.0890246614 0
62.090662 105.11467 -0.50525685 76.373588814 74.2674760562 -0.252008352288 33.9934018977 14.510070087 0
62.090186 105.11938 -0.50576712 76.3346924908 74.2549974686 -0.262200011057 33.9928826993 13.9553673706 0
62.084425 105.11388 -0.50526675 76.4114420904 74.4219487246 -0.27520604285 33.8711981501 13.1815075515 0
62.081135 105.11751 -0.50454828 76.3334220977 74.2987883165 -0.258925598979 33.9546947228 14.0731429752 0
62.083429 105.11578 -0.50561912 76.3657788384 74.4678814317 -0.267966682437 33.8124119749 13.6164816634 0
62.090561 105.10315 -0.50372534 76.4665865678 74.4127401542 -0.274301542548 33.8905793345 13.1450153139 0
62.083468 105.11743 -0.50578241 76.5004419687 74.5088233509 -0.265196255654 33.8339465539 13.7845712533 0
