3 1.40152406693 72.513547 45.80148 1.6808269 91.5768412095 47.4342566702 2.62176745135 19.1330903351 53.9119223648 0
6 1.41600608826 72.505015 45.806851 1.6805552 18.3652003983 45.8981103963 -1.01997437844 54.1398915162 -154.728947295 0
9 1.43003678322 72.51553 45.801787 1.6811119 100.14589472 84.9345355021 0.446829157677 47.9041653712 -70.7191918609 0
12 1.40291309357 72.511327 45.798497 1.6805172 111.130149452 54.7251025864 0.499621596921 39.6370752562 -67.660334102 0
15 1.41536402702 72.518426 45.80176 1.6806948 33.5373240465 97.2437045981 -0.55867422918 64.5430087116 -128.306394144 0
18 1.40181398392 72.509508 45.806599 1.6825332 68.392118061 133.527729658 0.890239164296 87.8177070062 -45.3951043792 0
21 1.40168809891 72.510969 45.800989 1.6811293 81.9635849251 75.9768670092 1.31006911865 31.6217577224 -21.2601823366 0
24 1.40354919434 72.522343 45.818169 1.6838228 113.080956314 67.7076534104 -0.424406759268 46.0885087813 -120.792655991 0
27 1.40610313416 72.508499 45.799812 1.6808804 121.36473789 144.925879399 -0.406456950541 110.512032451 -119.595620606 0
30 1.40323591232 72.523901 45.815543 1.6832165 83.8287220463 141.840971644 -2.10314815407 96.6885821864 143.057285624 0
33 1.41031002998 72.511009 45.802779 1.6808191 44.5457885126 94.6977322275 3.08768141391 56.3273468932 80.6072729429 0
36 1.40765404701 72.527172 45.853315 1.6851825 98.2927458611 119.403187412 3.06051594991 77.9323330093 78.800802103 0
39 1.46840882301 72.188088 49.017093 1.6798669 39.964931561 91.0488458867 -2.01357478889 52.9622512892 148.381379349 0
42 1.43765091896 71.804616 53.279503 1.6643548 76.7267215681 135.946390545 2.42039972198 82.8132925295 43.3181831518 0
45 1.40663695335 71.568933 57.324136 1.642571 116.583970152 65.8210194327 1.64161921769 45.8099399458 -0.0545331095402 0
48 1.40199398994 71.37336 61.652431 1.6431927 90.6803511754 50.6473781559 1.69668447055 22.223210757 3.06485269098 0
51 1.42319893837 71.165072 65.844712 1.6344026 47.136380025 131.628414426 2.67819979901 70.0348023693 59.8051741706 0
54 1.41052412987 70.960331 70.343426 1.6128178 132.305578125 67.5877042501 -0.195582950334 61.4071115364 -103.613730662 0
57 1.43513202667 70.885213 74.631613 1.6236159 83.2433862088 71.7836355284 -2.03891875119 12.6820905508 150.152222166 0
60 1.39317893982 70.832043 79.069602 1.6124517 119.241379068 135.53251472 1.38030306913 74.3742181897 -13.3011367687 0
63 1.39221715927 70.841819 83.283634 1.5826474 56.4338859922 112.979867542 -2.30272305498 33.0068904947 137.384671085 0
66 1.40065693855 70.897044 87.066595 1.5142468 73.5022291969 53.3443762604 -1.52241926674 33.822699872 -173.988149415 0
69 1.40317702293 70.898205 87.488163 1.2381173 78.7022435983 70.1425367869 -0.878376040566 19.0203513945 -121.266135782 0
72 1.40196990967 70.648486 87.373684 0.94938085 78.7975754321 66.2363126232 -2.50910659251 22.6538325078 161.843266045 0
75 1.39845395088 70.490448 87.162959 0.64684814 48.7173916434 97.7319515768 -0.304149883453 24.2026772733 -54.4881730691 0
78 1.39275813103 73.090524 88.460194 0.4660111 12.3229194487 44.6095714281 -2.70977411207 74.9371660983 178.040910708 0
81 1.40812301636 76.750616 90.291223 0.4640309 108.110431675 97.6443199263 -2.83312301666 32.2103410964 171.08699617 0
84 1.39763379097 80.704264 92.172539 0.45240664 114.441959925 135.447547972 1.17260227921 54.8722017767 41.2641705507 0
87 1.39461088181 84.637734 93.972859 0.42386385 55.6466125836 106.550466587 2.34432620318 31.6019197769 110.034387551 0
90 1.39967107773 88.678811 95.730817 0.41656148 22.4989916214 46.8933662585 -2.94063430328 82.2487999177 167.646850619 0
93 1.43869519234 92.647535 97.41769 0.40779386 93.487299547 96.382016245 -2.89055333632 1.33335089949 171.018626282 0
96 1.40248703957 96.759828 99.128022 0.39320766 99.5225800497 95.8760844075 0.377105283134 4.2670712431 -0.922598234573 0
99 1.40201878548 100.07577 100.58602 0.32958371 84.0049156845 121.252703176 2.00109562295 26.1798424734 95.7705780178 0
102 1.39978194237 100.12714 100.52966 0.1390585 58.8598221614 55.4141377628 -1.16222356435 61.142471886 -74.5579702432 0
105 1.40909385681 100.08551 100.52401 -0.14356162 34.8218210496 123.430258056 1.51662839358 69.1667933 95.1218809679 0
108 1.40423607826 99.772178 100.71077 -0.40700642 105.93430192 58.2742844873 -2.31921847496 42.8815470088 -109.561680283 0
111 1.39420008659 99.760338 100.7618 -0.66729138 138.269294144 20.1683329223 -1.89834293156 89.3210313358 -70.5340582672 0
114 1.40384697914 99.638101 100.95548 -0.8821311 111.893109673 83.9231686463 -1.04281340389 20.9829661303 -9.20641785506 0
117 1.40566682816 99.549051 101.11221 -1.1251977 26.3441474144 32.5991518243 -1.10984895327 100.264635089 0.879418408723 0
120 1.39676189423 100.80276 98.46873 -1.1938854 120.232314034 101.82767833 -2.94649713314 19.7177611266 -100.417255434 0
123 1.39850282669 102.35582 94.496879 -1.1822805 102.998392454 93.7210762493 -1.03061747273 1.00735756615 8.68965137099 0
126 1.39262199402 103.84912 90.431736 -1.1842505 98.6800729168 83.7035517678 -2.06178390895 8.4845454098 -50.2789607146 0
129 1.40218400955 105.46668 86.336829 -1.1831903 106.968728789 37.7362766555 -2.82422769865 48.6237579662 -94.0245169658 0
132 1.39945912361 106.96067 82.891423 -1.1821311 41.5108518687 93.8083715715 2.05118158605 66.3540387582 -174.744829243 0
135 1.39779186249 108.13488 79.987125 -1.1809983 108.788662147 80.4583029021 -1.04996920634 0.805878223772 7.50741405995 0
138 1.40219497681 109.11096 77.465416 -1.174964 108.308403572 79.5049971783 -1.10711349252 2.19180021962 3.88754771623 0
141 1.41550803185 110.00241 75.115832 -1.1797573 115.149175322 56.3262086832 1.46175075985 19.481764234 151.347263379 0
144 1.41138410568 110.9669 72.896666 -1.1819268 100.902125018 52.0985268437 2.27744838595 23.1054601296 -161.792402093 0
147 1.38828802109 111.79529 70.750926 -1.1680053 69.6963978335 29.1021267829 -2.66239904734 59.2194157171 -85.6224546533 0
150 1.40593409538 112.62755 68.634671 -1.166408 110.457060944 70.7843588166 -1.1715497894 3.05486177262 -0.294602831836 0
153 1.39721512794 113.50263 66.493746 -1.1746568 111.933369042 69.6884971533 -1.22783305313 3.55935596527 -3.04677487473 0
156 1.41329693794 114.39844 64.423702 -1.1690506 113.554570691 66.8406854556 -1.21175980394 2.56006336558 -2.44705713231 0
159 1.40287899971 114.9392 62.935672 -1.1627449 114.022135951 66.7298970404 -1.04491578439 3.90347923362 6.75111102836 0
162 1.39539813995 115.58582 61.52951 -1.1720902 112.300141155 63.3344549348 -1.02480890122 3.74880136744 8.43859682126 0
165 1.40527796745 116.16312 60.165609 -1.1710096 115.023834215 62.9012295374 -1.36058341771 2.96337507342 -10.8617796607 0
168 1.40781879425 116.71267 58.758483 -1.1690165 114.871604723 61.2307865841 -1.11136478008 3.08250001852 3.3032002332 0
171 1.40005707741 117.29804 57.404001 -1.1730259 114.484513739 61.9554912484 -1.15895378632 5.35088716947 0.806272722652 0
174 1.41202402115 117.3062 57.346669 -1.1782941 113.056905307 60.7290009731 -1.09310714435 5.43108414239 4.88085302816 0
177 1.40360403061 117.30973 57.394113 -1.1925087 115.509096826 60.7561078099 -1.14513913257 3.81382864419 2.71407629129 0
180 1.40151691437 117.3509 57.478875 -1.2542253 115.460666004 61.9858495374 -1.23657979337 4.88731051181 1.01101305742 0
183 1.41034698486 117.31554 57.561663 -1.3141336 113.481537966 60.9099690072 -1.24861391811 5.09025782396 3.75400124725 0
186 1.39811587334 117.31761 57.625945 -1.389572 113.139612459 59.1158602328 -1.32794353191 4.43570860792 3.5310511195 0
189 1.40123319626 117.34247 57.653648 -1.4539696 114.309540007 61.9445016456 -1.14220757499 5.25453036456 17.8626482455 0
192 1.40399193764 117.36058 57.739095 -1.5147103 117.543702539 61.8234319842 -1.46097608062 4.08844010159 3.07874398581 0
195 1.40033006668 117.34118 57.80351 -1.5718326 116.724788287 62.7143993636 -1.59337606307 4.94942148993 -1.23434951 0
198 1.4018099308 117.32521 57.826191 -1.6475747 116.588808034 62.2789553654 -1.42962495271 4.51324698521 12.4876006654 0
201 1.39916682243 117.28663 57.948056 -1.7072698 113.455249954 59.7082649741 -1.54996614421 4.21637387904 9.0128355789 0
204 1.39655208588 117.37131 58.006137 -1.7818651 75.0045831436 131.083838231 0.429608429149 84.4706455621 126.708099725 0
207 1.40019607544 117.40314 57.989067 -1.8555926 69.9500368979 102.070291583 2.5806975232 64.7684441279 -105.819299245 0
210 1.39880800247 117.02719 57.008887 -1.8977403 75.4723087048 129.042374541 1.39306689163 83.1602758941 -171.450636729 0
213 1.40135788918 116.38504 55.250118 -1.9095407 116.721102449 56.8630474744 -1.16753267009 1.64756774024 42.5139284786 0
216 1.40857291222 115.67443 53.450651 -1.9075572 59.953390038 103.873956535 -2.67150693486 75.148812602 -43.7710955676 0
219 1.41574883461 115.02136 51.574537 -1.9165104 114.63232659 53.2975762367 -1.87779326454 1.76641195807 2.21832845666 0
222 1.41453099251 114.35753 49.684701 -1.9233127 115.385553782 49.977371672 -1.83256119637 1.06887277973 5.19967814257 0
225 1.40165495872 113.59486 47.870819 -1.9110101 113.390977295 48.4892471161 -1.55125860914 0.651169326739 20.6122420999 0
228 1.39976215363 112.87829 45.986656 -1.9118326 113.25963271 45.0108208496 -1.81523126165 1.04770057886 5.53484898302 0
231 1.39173603058 112.17059 44.128463 -1.9122248 113.185018217 43.699137588 -1.79274083263 1.10153752436 6.84592704961 0
234 1.40345883369 111.43202 42.277019 -1.9027456 113.667056445 42.272255548 -1.53553485228 2.23504152066 21.0396260364 0
237 1.40370488167 110.82393 40.37458 -1.9174412 111.75572281 41.8677229039 -1.86941030716 1.76003226473 2.75196744623 0
240 1.39850711823 110.14399 38.567468 -1.912432 113.282591465 37.1651414724 -1.84297972159 3.43763564801 3.97932243027 0
243 1.40529203415 109.42625 36.696167 -1.9074722 109.018945143 36.7498304965 -1.87128213002 0.410824800955 2.07353827024 0
246 1.40632390976 108.96452 35.308972 -1.917648 111.006415264 35.7375886939 -1.85811270927 2.08639606519 3.41112089102 0
249 1.4076590538 108.91335 35.330429 -1.9171391 109.591228819 34.7091678073 -1.95634400526 0.919502671644 -2.24627560753 0
252 1.40116214752 108.9585 35.348205 -1.9450374 110.002113893 34.8370549308 -1.98337791734 1.16206899569 -2.19674982781 0
255 1.41441607475 108.97674 35.368834 -2.0165302 109.608913731 38.7087238331 -1.98127555653 3.39919221637 2.01994227894 0
258 1.40598297119 108.99865 35.397074 -2.0803106 109.491819005 38.5263199127 -2.20421752411 3.16786926017 -7.0993438038 0
261 1.39679217339 109.05048 35.474836 -2.159245 108.923248435 37.5448259441 -2.18986047002 2.07389639083 -1.75413721977 0
264 1.40836405754 109.09365 35.518169 -2.2238592 107.859387344 38.1586242109 -2.24673878869 2.91468832356 -1.31090386876 0
267 1.40576195717 109.14301 35.568827 -2.2920109 109.07684549 37.5783881669 -2.39722748191 2.01065010033 -6.02846607841 0
270 1.39806985855 109.24021 35.586114 -2.3597618 109.714600735 36.0655684845 -2.26849216515 0.674479927069 5.22936487449 0
273 1.40020394325 109.32691 35.57971 -2.4292889 110.518186044 37.1213399831 -2.33393933213 1.9482714433 5.46312781711 0
276 1.40524578094 109.34422 35.612178 -2.4970016 109.288991719 36.4984810806 -2.48383650265 0.888022135852 0.754304515094 0
279 1.40853595734 109.45255 35.562283 -2.5751384 106.968376789 36.4027306747 -2.38717421215 2.62249286704 10.7695546633 0
282 1.4043161869 109.51035 35.610832 -2.6455993 109.981820512 36.49883107 -2.51954654912 1.0053988222 7.2222906214 0
285 1.40881609917 109.52669 35.619453 -2.7060079 109.004291008 37.6799760785 -2.4860028317 2.1257130718 12.6053618848 0
288 1.39819407463 109.56751 35.667144 -2.7779359 110.571575748 37.1029449172 -2.58607601851 1.75204803019 10.9927614674 0
291 1.41026616096 109.58407 35.725569 -2.8421247 112.61844593 36.1420936698 -2.60207920221 3.06283040411 13.7535939143 0
294 1.40394616127 109.62066 35.728072 -2.9074408 111.99402554 34.2827312248 -2.73782534076 2.77882600113 9.71824995473 0
297 1.40231204033 108.40689 35.538158 -2.9474042 107.658802409 36.7189852415 -2.93796234769 1.3978512145 0.540978288006 0
300 1.40959906578 106.63579 35.154474 -2.9731605 105.834538335 37.3517870902 -2.8174617187 2.33884352771 8.92088304382 0
303 1.40824389458 104.74277 34.838538 -2.9724974 106.338847117 36.8437125934 -2.6787666163 2.5628475008 16.8295342192 0
306 1.4039709568 102.71686 34.507066 -2.970186 106.478977066 35.7229754063 -2.76522356557 3.95372741851 11.7434824515 0
309 1.40277409554 100.87602 34.149296 -2.9774562 104.774729041 36.5466221019 -2.42746508419 4.57680069732 31.5121697057 0
312 1.40687394142 98.917573 33.856952 -2.9648121 102.721037482 32.8493343694 -2.76341591748 3.93467093359 11.5391512683 0
315 1.40779018402 96.872255 33.519705 -2.9713846 100.168847936 32.7133207009 -2.86516614405 3.39378558843 6.08586923256 0
318 1.39862012863 94.700759 33.157106 -2.9752463 98.0589486147 55.7941629436 2.80812493415 22.8847937407 -28.637236926 0
321 1.40084600449 92.656194 32.878926 -2.9695623 91.7879304369 34.2573065997 -2.85519929045 1.6290533118 6.55251777985 0
324 1.40052294731 90.628889 32.525228 -2.9736018 90.3295930501 32.5759025379 -2.83063012735 0.303555554106 8.19167343281 0
327 1.39781713486 88.510396 32.191288 -2.9695852 86.640121498 33.4029443752 -2.95403663449 2.22846087792 0.890867181404 0
330 1.41069602966 87.334812 32.006658 -2.9896435 88.2083692123 31.3388456079 -2.85122553689 1.09957973526 7.93076509506 0
333 1.40922307968 87.328365 31.983283 -3.0015998 87.7774928022 58.950987704 2.75800957358 26.9714443956 -29.99869125 0
336 1.4024169445 87.328448 32.00285 -3.0442403 85.9906921078 34.3353715609 -3.04349583344 2.68891198426 0.0426547915933 0
339 1.41023588181 87.480424 31.977098 -3.121648 90.5012180607 57.2930802472 2.9365171654 25.4955712605 -12.8927044292 0
342 1.40339803696 87.509332 32.088761 3.0972389 44.7167322334 71.8311886868 -1.08437786066 58.4009174005 120.411008073 0
345 1.4061229229 87.537767 32.004513 3.0032565 47.5223959697 71.0715334321 -1.20092480946 55.9237159364 119.11815466 0
348 1.39408707619 87.588829 31.971963 2.902116 43.3498223016 73.7837308033 -1.295677757 60.8712874884 119.484134458 0
351 1.40729808807 87.696053 31.883789 2.7788249 44.1828922432 72.7169397141 -1.31772174484 59.6719478171 125.285166672 0
354 1.40769791603 87.777704 31.698119 2.6376296 45.4286064302 73.1634011516 -1.9468106924 59.2690112022 97.330919816 0
357 1.41221117973 87.896098 31.65995 2.4917922 43.2582327782 72.2931935019 -1.86075036746 60.36223562 110.617680734 0
360 1.39964795113 87.958395 31.594625 2.366513 89.1403850353 56.0647845226 2.24552341753 24.4986899141 -6.93219244045 0
363 1.41202998161 87.964094 31.460561 2.2184109 48.7279752683 77.7743702022 -1.99922582699 60.699604084 118.347216024 0
366 1.424710989 87.708527 31.831987 2.1125682 33.1259608225 77.1471814446 -2.42358117501 70.941689986 100.097785571 0
369 1.39735603333 86.721318 33.612273 2.0920166 101.264552746 47.3763299742 2.2016928305 20.0238593002 6.28398512075 0
372 1.40291404724 85.724716 35.405361 2.0873093 88.6614560496 85.4549207227 -1.45050266349 50.1356447107 157.298305781 0
375 1.39944815636 84.755772 37.248267 2.0862059 77.0842646779 107.603878485 -2.92352500841 70.7726224756 72.9635624519 0
378 1.40095806122 83.690185 39.149374 2.0868314 91.4654725934 69.6547677701 1.56711219287 31.4806948181 -29.7777171002 0
381 1.40141510963 82.666747 40.97523 2.090975 88.5020999261 68.1106975484 1.75898226785 27.7558091729 -19.0217823811 0
384 1.39359903336 81.635815 42.877142 2.0910396 55.6851759322 127.709150015 1.43291657623 88.7124864487 -37.7076716623 0
387 1.40264987946 80.624097 44.699122 2.0805048 86.3835143671 74.4572929915 2.01418000747 30.3103881395 -3.80013068916 0
390 1.39875388145 79.602515 46.546403 2.0762437 88.9399648668 76.7520754391 2.14397070861 31.6159867395 3.88047175229 0
393 1.41020989418 78.599692 48.40129 2.0808805 32.4672735042 98.6464619978 -2.56529230547 68.2112699292 93.793907358 0
396 1.40185403824 77.532669 50.298142 2.0919608 41.1612455293 99.1075629198 0.711480200174 60.8706827283 -79.0957120697 0
399 1.39754009247 76.53881 52.074716 2.0854653 74.981504428 52.5274110914 2.15242622932 1.6217686303 3.83657864221 0
402 1.40274786949 75.533974 53.92833 2.0838411 86.364900748 87.4399039477 1.70178807905 35.2183838737 -21.8900256508 0
405 1.41056108475 74.451304 55.860797 2.0823704 79.8089005141 141.068631954 1.45232201758 85.3761030846 -36.0991132018 0
408 1.39765882492 73.464188 57.689364 2.0801622 50.5414170802 93.3371298781 0.0496898858031 42.3817960773 -116.337494022 0
411 1.40237498283 72.461178 59.521835 2.0808323 82.041189925 103.960395149 0.604167370237 45.4594572848 -84.6066682304 0
414 1.40262198448 71.469371 61.42577 2.0898858 95.7286110699 93.8216948229 1.23008060417 40.47229514 -49.2632089247 0
417 1.41194200516 70.386885 63.322712 2.0827703 54.4511632182 62.260942362 -1.10286676906 15.971054551 177.476440882 0
420 1.39851212502 69.38246 65.186025 2.0922796 65.6542520432 107.120326065 -2.65176399666 42.0997047543 88.1863240855 0
423 1.39396595955 68.400253 67.014087 2.0893798 103.779999691 48.868033551 -1.38522107071 39.7618627797 160.920034616 0
426 1.39367890358 67.30799 68.901204 2.089526 88.8692988066 143.398650528 2.61804116951 77.554881063 30.2816886217 0
429 1.40854382515 66.315197 70.741557 2.0869248 32.4024296439 17.0333030226 -1.2548260954 63.5189132074 168.53177751 0
432 1.40045905113 65.281228 72.464006 2.0745737 44.8467467531 49.7977518281 0.0789501080308 30.5176523019 -114.340809317 0
435 1.39907813072 64.283593 74.421326 2.0918621 132.451811326 70.9055672195 -1.51226654309 68.2588203058 153.498639929 0
438 1.40592598915 63.28447 76.191493 2.091939 26.7296735794 82.4368850072 -0.638339475288 37.0844719886 -156.433433529 0
441 1.39815592766 62.204887 78.125252 2.0893553 127.853292878 27.3166009052 -2.73913779403 83.0134460214 83.3477243037 0
444 1.39474320412 61.273659 79.948227 2.0960183 18.4886436237 40.5080277526 -1.39217336433 58.1900924335 160.141339501 0
447 1.40556502342 60.19879 81.787566 2.089809 25.0779075883 61.0197048109 -3.00404068608 40.801721039 68.1439115138 0
450 1.39430403709 59.161438 83.629466 2.0974137 31.0273953973 75.0115528849 -2.39710287439 29.4243569111 102.483169336 0
453 1.41441893578 58.11891 85.485673 2.0964985 93.4080377582 88.6619431214 1.7318369085 35.4317827638 -20.8935701437 0
456 1.39479899406 57.036783 87.336936 2.0992423 25.7455133957 69.8244340887 1.82456718143 35.8584896035 -15.7377250311 0
459 1.39481306076 56.357629 88.602308 2.124456 93.1433215053 93.2278556977 -0.721453328321 37.0753673563 -163.05859339 0
462 1.39974617958 56.200217 88.720884 2.2094598 28.024919939 71.607057013 -1.47072062161 32.9655947711 149.141193995 0
465 1.41234707832 56.199637 89.07416 2.3631742 95.7795312906 43.7300761811 -0.30466989007 60.1884870173 -152.85620676 0
468 1.40749692917 56.109511 89.161307 2.4869631 21.7012614754 68.5894531073 -1.62642658397 40.089011062 124.320131616 0
471 1.4062871933 56.023191 89.233423 2.608836 23.378479772 69.449488202 -2.54468175408 38.1717336159 64.7251830454 0
474 1.41045403481 54.873312 89.789936 2.6823278 26.2156212917 66.2139429164 -1.77890621505 37.1091725401 104.390119517 0
477 1.40131306648 52.997249 90.667048 2.6986067 50.0516405885 92.1682298206 -3.06286359636 3.3060786095 29.8920682284 0
480 1.39537405968 51.122563 91.609157 2.7018871 23.3906784408 62.3266496042 -1.6309492543 40.3301705995 111.746763578 0
483 1.39818406105 49.137432 92.566213 2.7007601 69.9255217777 40.514984714 -0.0975351565765 56.0488629919 -160.330508033 0
486 1.39823007584 47.308569 93.452781 2.7003868 86.1723942151 73.9739837744 1.01165556844 43.472065188 -96.7571723003 0
489 1.4078168869 45.360782 94.336008 2.7008969 45.9119254924 58.3240414744 -2.05582858316 36.0161837538 87.4597055126 0
492 1.40457415581 43.468079 95.251019 2.7064338 80.772600038 76.2886253301 1.60306872637 41.8473375923 -63.2181619813 0
495 1.39684104919 41.590918 96.131677 2.7064065 82.639039359 78.4285570042 1.41546546693 44.7028939185 -73.965472795 0
498 1.41165804863 39.606214 97.06058 2.704478 36.5348341747 95.5071010175 -2.42936952753 3.44189932745 65.8522040089 0
501 1.40498185158 37.718719 97.944153 2.696243 86.1234725577 83.6772838167 2.02953495116 50.4634890121 -38.1995573657 0
504 1.40605902672 35.769603 98.891663 2.7044976 32.9800163271 92.5600862291 -1.48715130894 6.91886249402 119.836208317 0
507 1.40676498413 33.862509 99.822852 2.7013631 81.951581592 83.9050092152 1.0512400842 50.6550749844 -94.5450844825 0
510 1.40916013718 31.979521 100.73965 2.7066945 61.490159395 105.106233591 0.767692571135 29.8319431271 -111.096626992 0
513 1.39647698402 30.015598 101.64307 2.7044148 84.0513249925 86.6765133311 1.22981679501 56.0701133415 -84.4882421642 0
516 1.40432405472 28.083667 102.5122 2.7038251 88.2213861891 91.6292773805 1.49676916043 61.1145095211 -69.1592109738 0
519 1.40551304817 26.231599 103.44351 2.6987262 23.2318868233 96.6050359034 3.06582141482 7.46746282968 21.0330064886 0
522 1.40330982208 24.326425 104.3449 2.7056645 91.7846477174 17.1943192432 -1.62343862158 110.208146425 111.960662056 0
525 1.40048217773 23.072168 104.95788 2.6888385 22.4403715858 101.705454546 2.94453733923 3.31322170145 14.6504643143 0
528 1.40259599686 23.059574 104.94595 2.6093304 20.9587005486 106.940031594 2.81905885059 2.89655496425 12.0165550627 0
531 1.39643907547 23.148655 105.02795 2.4881616 17.9319710993 103.032046794 2.55930953375 5.58546511294 4.07647632478 0
534 1.41096282005 23.15609 104.97342 2.3614352 17.5610318828 102.4927963 2.52623681655 6.12030793951 9.44243708509 0
537 1.41517305374 23.189116 104.80794 2.2179164 19.0426321609 100.648511744 2.26601097441 5.87317389864 2.7556161309 0
540 1.40057015419 23.170444 104.45908 2.0515088 18.8706973529 101.810151403 2.0074106964 5.05021226697 -2.52663522084 0
543 1.39373421669 23.203193 104.36781 1.9241471 20.3536712509 108.957820969 2.51061339415 5.40258964736 33.6020434816 0
546 1.4010848999 23.268475 104.40083 1.8086424 20.4239663582 107.939955436 1.97516853837 4.54055484109 9.5412449072 0
549 1.40854406357 23.269141 104.3114 1.6661585 18.0970375072 104.058860561 1.57226914446 5.1782652219 -5.37946381364 0
552 1.3982770443 23.273746 104.22596 1.531085 89.4747206058 61.9910185609 1.51892230928 78.5261696323 -0.696870845883 0
555 1.40101289749 23.201513 103.9692 1.3630267 19.7560390176 106.129004726 1.38422112579 4.0664539119 1.21435114709 0
558 1.40079402924 23.573375 105.47089 1.3112874 19.8856932652 106.35736054 1.41869653548 3.79273339366 6.15409014393 0
561 1.38656806946 24.091257 107.45193 1.3021436 19.4088235237 108.87516303 1.49761892112 4.89395295426 11.1999108993 0
564 1.39331388474 24.69734 109.54228 1.2971878 90.4727108368 94.5709750863 0.818738772164 67.4576858448 -27.4131100072 0
567 1.40012192726 25.24514 111.62222 1.291934 17.6842981941 48.4276467913 2.71290356179 63.6452701451 81.4155587071 0
570 1.40563797951 25.838263 113.71051 1.2925571 22.4495853319 115.065551781 1.3002847477 3.64955813315 0.442761598561 0
573 1.39201307297 26.485855 115.66064 1.2984976 22.2900439609 114.362424056 1.41923926031 4.39206044054 6.91798754704 0
576 1.40684103966 26.666562 116.70228 1.2516028 19.3769939758 116.639483692 1.19625080264 7.28983849994 -3.17143583608 0
579 1.40820217133 26.671044 116.66524 1.1445574 21.6006912822 116.047560708 1.00087103116 5.10783754554 -8.23262250811 0
582 1.39713692665 26.68282 116.71548 1.0360889 19.9124175628 118.310793102 0.77810809076 6.95581577208 -14.7812115648 0
585 1.40812897682 26.598988 116.54426 0.86252405 23.3753919897 114.724102068 1.05949022965 3.70196517213 11.2853308009 0
588 1.40770697594 26.490987 116.49462 0.72378221 22.7814924294 116.145957881 0.636626942257 3.72584423225 -4.99362900399 0
591 1.40664100647 26.414554 116.44154 0.58967497 145.603556354 128.86305589 -1.82887395769 119.834520649 -138.572646103 0
594 1.40247392654 26.30131 116.37003 0.43724496 103.966325023 107.046035498 2.37562971903 78.2227040703 111.061265765 0
597 1.38607406616 26.176025 116.35464 0.31453037 99.7697081637 104.866680343 1.60069678622 74.4849207471 73.691907401 0
600 1.39742207527 26.088883 116.46581 0.14702743 21.6810416012 72.4151804451 -1.73428119069 44.2706113577 -107.791043927 0
603 1.40253210068 25.977812 116.45377 0.019989929 12.831570231 53.0342833095 -2.06937418965 64.7677000112 -119.711745865 0
606 1.40330982208 25.890585 116.45549 -0.11586106 23.7443267549 115.861937948 0.0180512462532 2.22682026514 7.67260997317 0
609 1.40840888023 27.617035 116.21759 -0.13548047 21.4054680694 73.9640085391 2.98701252365 42.7077125354 178.905670095 0
612 1.4028069973 29.732468 115.90829 -0.14344069 121.745574362 108.194715008 -1.35936899659 92.3358596727 -69.6675601578 0
615 1.39522004128 31.744289 115.6014 -0.14068963 28.606394468 114.516745254 0.0392844400564 3.32006897704 10.311754636 0
618 1.39952492714 33.87565 115.27561 -0.13567301 62.4414756435 97.6417370788 2.10208813561 33.5702229498 128.214269202 0
621 1.4166059494 35.936054 114.9269 -0.14240112 80.6745916852 134.014526665 1.8855006238 48.6402533494 116.190211187 0
624 1.40172290802 38.113735 114.67885 -0.14674677 35.9612892118 115.747024795 -0.0931535852611 2.40291911309 3.0706632962 0
627 1.40848088264 40.163768 114.30534 -0.14012204 100.638922371 83.7335772734 -1.68356994233 67.7633896175 -88.4330507019 0
630 1.40391492844 42.346763 113.98058 -0.16006212 36.7144253316 113.39597692 0.000385152792448 5.66259555088 9.19295156539 0
633 1.39285612106 44.341947 113.67079 -0.15507802 41.1598089365 112.630194954 -0.0215353697204 3.34796067865 7.65143024601 0
636 1.39779806137 46.544067 113.30502 -0.15009707 38.9164392812 115.048950179 -0.0474744962257 7.82444867619 5.87984036004 0
639 1.39433503151 48.557097 112.97025 -0.14631805 45.1541205107 113.46240937 0.00624961082578 3.43838186254 8.7414830555 0
642 1.40024280548 50.586062 112.64729 -0.14866611 48.2424942605 114.244594658 0.100111150309 2.83614032087 14.2538870545 0
645 1.39868593216 52.747394 112.3225 -0.14488479 49.6714442099 112.542867178 0.118568390507 3.08383345918 15.0947553424 0
648 1.40221095085 54.919709 111.95097 -0.14565598 51.8029070331 114.343745686 0.252333485379 3.92935490659 22.8031166569 0
651 1.40091586113 56.9199 111.70562 -0.14317608 52.9031466797 112.290763622 0.122335655991 4.05915019366 15.2127018835 0
654 1.39624214172 58.963864 111.32719 -0.14485493 56.2031375932 113.207030892 -0.0710890424678 3.33997186727 4.22647402763 0
657 1.4043738842 61.070196 111.0267 -0.15209978 53.774102761 49.0724996294 1.96739646819 62.3823366035 121.438189715 0
660 1.40642404556 63.25691 110.67843 -0.1447313 60.1724258016 112.777610527 -0.187181946305 3.73103225066 -2.43224287087 0
663 1.41182208061 65.338645 110.4192 -0.14848438 61.6250527476 110.848319228 -0.0756982942915 3.73830318846 4.17033551837 0
666 1.38841199875 67.412523 110.08404 -0.1445869 64.3044912142 111.245553644 -0.0708085795647 3.31797762614 4.22718638051 0
669 1.39590787888 69.507235 109.73429 -0.15139682 66.3339931378 111.997916331 -0.0927762689174 3.89787994703 3.35871016976 0
672 1.394739151 71.647859 109.39116 -0.14906575 67.3187440636 110.322092718 -0.0410430199028 4.42807767082 6.18924652605 0
675 1.39768099785 73.702975 109.06139 -0.1559357 70.2054767917 109.888137534 0.0272321726331 3.59388441691 10.4947460443 0
678 1.39946699142 75.754203 108.72815 -0.15045699 72.2729162643 110.14196668 -0.189454598966 3.7574239768 -2.23439840485 0
681 1.40233802795 77.860742 108.43703 -0.15243836 75.0754470685 109.312973657 -0.191692873866 2.91978511991 -2.24911797139 0
684 1.40363693237 79.97813 108.08555 -0.15170568 77.1204901102 106.217087234 -0.153128429453 3.41427281374 -0.081517538965 0
687 1.40660595894 82.120618 107.73965 -0.14888428 77.6113112377 108.863529954 -0.143755970707 4.64725226639 0.293830478551 0
690 1.39949798584 84.192494 107.42985 -0.14593359 81.1055991565 107.489554136 -0.104867399654 3.08747216321 2.3529193875 0
693 1.4013800621 86.28045 107.15458 -0.15823172 82.0965221337 109.167330323 -0.162878366276 4.64288878303 -0.266233220509 0
696 1.40638804436 88.385341 106.75858 -0.15035877 84.8156979359 109.994811085 -0.153890542168 4.81825105607 -0.202355639405 0
699 1.41511082649 90.512184 106.42958 -0.15443508 87.3541164105 108.938311921 -0.0809214587882 4.03325262677 4.21202023216 0
702 1.39969706535 92.541412 106.11165 -0.15857271 89.3484247555 109.674076458 -0.080862920572 4.78393664417 4.45244296108 0
705 1.38809299469 94.624435 105.7799 -0.14991569 92.6520222822 106.640261435 -0.20887531161 2.15189073329 -3.37813747996 0
708 1.39163088799 96.812614 105.41142 -0.16008539 94.6740623277 107.396985023 -0.224412072446 2.91819665461 -3.68564741425 0
711 1.4191198349 98.833392 105.05687 -0.15857643 93.2077627517 107.726978652 -0.118324410491 6.22713293982 2.30627083475 0
714 1.39535593987 100.9283 104.72764 -0.15390186 95.2267632552 107.364081564 -0.12525682357 6.28158780648 1.64123969142 0
717 1.3857178688 103.02648 104.38009 -0.15580909 98.3654388728 106.48501989 -0.221693309012 5.1142970419 -3.77488768591 0
720 1.41470885277 103.56436 104.3046 -0.21764658 98.2071084128 106.854839457 -0.260141784554 5.93328457555 -2.43479587051 0
723 1.41183209419 103.46604 104.39779 -0.32798619 99.3699916784 106.743999617 -0.325117348123 4.72041432701 0.164372531665 0
726 1.4014070034 103.43166 104.43448 -0.46455789 97.2162386819 104.325362445 -0.497566820778 6.21637907486 -1.89127241983 0
729 1.40161108971 103.35806 104.51276 -0.60050128 98.6698965128 107.566496382 -0.554150962057 5.59501409955 2.65567759725 0
732 1.4120080471 103.30537 104.5712 -0.75278089 100.71546007 106.145635216 -0.598329663881 3.03092060188 8.84940339724 0
735 1.40854287148 103.24477 104.73622 -0.88717849 98.3119315733 105.316061943 -0.865973772523 4.96680094459 1.21494081721 0
738 1.39670801163 103.11543 104.83266 -1.0218313 96.5519151627 104.951151127 -0.933013718711 6.56458431032 5.08887255439 0
741 1.39765906334 103.3336 104.43355 -1.1359167 97.2977169606 106.043012835 -1.11271084328 6.24677954489 1.32959764992 0
744 1.39793896675 104.18264 102.5184 -1.1499809 102.881219703 107.182322494 -0.827300523421 4.84209332993 18.4882237097 0
747 1.40807294846 105.02068 100.61649 -1.1544373 101.778672787 102.386592687 -1.00614747878 3.69376153729 8.49638090053 0
750 1.39654898643 105.97315 98.645528 -1.1675657 104.114969511 103.487896962 -1.13565344815 5.18665324618 1.82843734566 0
753 1.40346908569 106.66644 96.709247 -1.154133 105.680419575 97.7468330584 -1.06975617943 1.43137035979 4.83443570741 0
756 1.39594507217 107.65453 94.805864 -1.1707179 105.497776096 97.376181306 -1.16129278011 3.35531197595 0.540019591248 0
759 1.39555001259 108.36584 92.821603 -1.1639211 105.964333485 95.5062233765 -1.08020127483 3.60200223608 4.79679264386 0
762 1.40918302536 109.18739 90.932737 -1.1605274 106.84683062 91.807388627 -1.05184537988 2.49864636994 6.22702106199 0
765 1.39457392693 110.00551 88.971931 -1.1631703 108.543181755 89.3476765848 -1.10990601327 1.50983066649 3.05181882843 0
768 1.41219496727 110.83946 87.051439 -1.1600004 109.403424762 87.9233561312 -1.09996765946 1.68001091945 3.43962266559 0
771 1.40448904037 111.68317 85.129972 -1.1502451 110.316150712 87.096476982 -1.1214992084 2.39497047547 1.64701826724 0
774 1.39788103104 112.49307 83.177328 -1.1488654 110.16271222 86.4224734505 -1.0742366101 3.99518915407 4.27591469172 0
777 1.40346384048 113.40329 81.226755 -1.149046 112.40579583 82.2393406589 -1.09789648333 1.42138113652 2.93065142943 0
780 1.39720201492 114.20236 79.347389 -1.1522317 111.663862578 81.6193607811 -1.14617028762 3.40673229581 0.347293347198 0
783 1.39686393738 115.10134 77.33273 -1.146946 114.453547847 81.6561661564 -1.1229575137 4.37169702421 1.37443902205 0
786 1.39043211937 115.87569 75.433999 -1.1405871 114.925208389 77.0549198906 -1.06390091737 1.87904226311 4.39379461153 0
789 1.40331220627 116.74641 73.521868 -1.1514597 114.087605938 76.9189331183 -1.201465722 4.31384868293 -2.86513401078 0
792 1.40649700165 117.66191 71.592443 -1.1472421 115.520563595 74.3557390178 -0.981329714996 3.49587890334 9.50607942965 0
795 1.40207910538 118.47567 69.543126 -1.1411103 116.64420629 72.8594494621 -1.00507153785 3.78843775521 7.79444692121 0
798 1.40376901627 119.32773 67.660396 -1.1493947 118.330159865 70.2076722197 -1.19545169023 2.73564659882 -2.63887115729 0
801 1.40794897079 120.23613 65.736718 -1.1477983 119.303472713 68.2697644735 -1.11704706385 2.69929139806 1.76191604642 0
804 1.40310311317 121.05504 63.851108 -1.1435448 119.535333382 67.4047963934 -1.07191511348 3.86499798236 4.10407872552 0
807 1.39899921417 121.9387 61.889647 -1.1416966 119.62860723 63.923984315 -1.11553975847 3.07815803947 1.49867662478 0
810 1.39664196968 122.75206 59.947854 -1.134592 120.741164164 61.219293954 -1.1025271262 2.37913043339 1.83718193932 0
813 1.40714097023 123.61313 58.017737 -1.1345099 122.994735698 62.5441903158 -1.09627668237 4.56849987774 2.19060200749 0
816 1.38971400261 124.50226 56.14403 -1.1250591 122.358160512 58.8799005904 -1.04907218509 3.4759387941 4.35372952236 0
819 1.40187382698 125.37031 54.195354 -1.1346431 124.695636784 55.6989301039 -0.88977126784 1.64800638587 14.0301225044 0
822 1.4075820446 126.19009 52.293812 -1.120627 124.98003101 54.9131520706 -1.11841423014 2.88533969646 0.12678237429 0
825 1.40495586395 127.09539 50.434417 -1.1252352 127.286115235 54.522493217 -1.15281751023 4.09252284917 -1.58034996543 0
828 1.41564011574 127.94916 48.435924 -1.125081 127.062008067 50.7025012968 -1.07815584555 2.4340113381 2.68861330314 0
831 1.4109749794 128.83417 46.49897 -1.1135569 127.990870106 49.1241221886 -1.13767161116 2.75727741175 -1.38167117372 0
834 1.40003919601 129.69028 44.561049 -1.1141866 128.798782267 48.844632171 -1.1662550847 4.37536889761 -2.98330441887 0
837 1.4108080864 130.6504 42.689185 -1.1179531 128.338260885 45.6846416098 -1.18200374159 3.78401210214 -3.66983143809 0
840 1.41018390656 131.56218 40.752166 -1.1133477 129.517409118 45.2006892654 -1.12717113654 4.89596233696 -0.792024571904 0
843 1.41153597832 131.80181 39.159633 -1.0655485 132.123997863 43.7560810505 -1.08426660324 4.6077260878 -1.07246831588 0
846 1.41383290291 89.526265 39.287264 -0.26055386 133.310439593 40.8852287691 -1.04479738734 43.8133248708 -44.9338442272 0
849 1.40970396996 49.129117 22.860079 0.57174269 131.408193058 40.9764907972 -1.02355832815 84.2499301684 -91.4040153931 0
852 1.40335416794 45.693587 19.436118 1.0035584 133.314202222 39.6986040129 -1.19179217854 89.9329781079 -125.784322702 0
855 1.39737510681 46.841947 21.209275 1.0214136 22.3448416615 37.4111870599 -2.9608432387 29.370225133 131.833490205 0
858 1.39261388779 48.00008 22.972907 1.0079248 62.7450251679 106.904352054 -1.09947393235 85.2167875292 -120.745053115 0
861 1.39812994003 49.170996 24.731115 1.014741 115.392024004 62.3471729077 0.324121765291 76.1589939696 -39.5695673994 0
864 1.40708589554 50.349541 26.532036 1.0144485 61.4514518493 100.868514847 -2.55607606893 75.1609241016 155.424011552 0
867 1.40333890915 51.518278 28.351001 1.0069992 41.3009991318 100.383338075 0.468091997791 72.7533529944 -30.8771082358 0
870 1.40568399429 52.642563 30.101924 1.0170679 25.9048411256 95.2740995944 -3.06999425409 70.4437239415 125.828587963 0
873 1.40604400635 53.80357 31.912095 1.0183648 110.230818922 77.2357452795 1.58027046601 72.3758778568 32.1948231467 0
876 1.4093298912 54.946688 33.671099 1.0064723 128.318975117 72.8916578362 -0.757107926548 83.1970236976 -101.045703814 0
879 1.40174794197 56.161659 35.476636 1.0152563 35.8692599781 101.621206815 2.95688649727 69.1873233068 111.247215679 0
882 1.41237306595 57.333476 37.252395 1.017552 100.414043767 58.6165781437 -2.85750086064 48.0870423348 137.975825695 0
885 1.40757012367 58.434052 39.044555 1.0099164 92.4446510763 129.060631267 -0.353095203173 96.2268924782 -78.0948122892 0
888 1.41001796722 59.558673 40.733157 1.0155176 13.3888595181 73.9087028681 -2.83118932901 56.8530431956 139.599927944 0
891 1.41096711159 60.829575 42.673596 1.0256616 129.30728037 116.955154705 -0.990292074666 101.029431832 -115.505637252 0
894 1.39853811264 61.938983 44.298725 1.0235902 9.56664999748 75.7593497609 -2.7427194304 61.0952712939 144.206353838 0
897 1.39302110672 63.08776 46.123861 1.0214801 80.5803123737 74.8526989926 -0.949951760625 33.6353314381 -112.954725211 0
900 1.4060921669 64.233274 47.872937 1.026201 127.018694871 122.928962912 -0.425337178628 97.8540551005 -83.1670114375 0
903 1.40269398689 65.367062 49.701179 1.0288308 129.900562207 96.989025447 2.76046079898 80.004456567 99.21509062 0
906 1.397824049 66.47055 51.411163 1.0247772 142.486621315 34.113699319 -0.936162731461 77.9592544085 -112.353581951 0
909 1.41098189354 67.601685 53.206336 1.0345375 56.693821863 71.2168834972 -0.0157687224698 21.056146356 -60.1781137438 0
912 1.40779399872 68.713633 54.989386 1.0321621 46.8120045992 58.4043242349 1.65586785248 22.1662610685 35.7357072753 0
915 1.39808106422 69.889939 56.860516 1.0335194 45.1907864414 53.6795979249 1.19008782124 24.9031399007 8.97070974182 0
918 1.40533185005 70.97178 58.665246 1.0279054 56.308494452 49.1824219635 0.89880760012 17.4624137727 -7.39675907753 0
921 1.39882516861 72.083269 60.388926 1.0348295 67.5290568957 63.938560406 1.08989931482 5.77414515811 3.15526796753 0
924 1.41021203995 73.21006 62.180545 1.0389104 102.414176751 133.752303063 0.743968137598 77.3006920246 -16.8989468357 0
927 1.41569590569 74.211219 63.966291 1.0279221 71.2489368447 65.7205254583 0.96507643598 3.44273933114 -3.60079130903 0
930 1.41246700287 75.394113 65.876292 1.0355825 74.0506745118 67.4239929151 0.957088118578 2.04944019043 -4.49739677094 0
933 1.40552997589 76.475569 67.55587 1.0353462 71.399147199 67.4350883835 1.10154166489 5.07785845609 3.79272076104 0
936 1.40740799904 77.652303 69.425792 1.0395167 77.0206219169 68.637609101 1.04606157802 1.01007587488 0.374993888109 0
939 1.40894889832 78.72098 71.209083 1.0347632 78.6670491568 73.6595843366 1.12886647418 2.45109472208 5.39172044872 0
942 1.4054248333 79.923618 73.070281 1.0406815 80.0448141814 74.2809844005 0.978025915989 1.21675438707 -3.58990052677 0
945 1.55077004433 80.886825 74.813727 1.0240856 78.2997440831 75.5870419257 1.05587940485 2.70018585374 1.82165083242 0
948 1.40111708641 82.003807 76.66259 1.0354781 79.8778265933 78.2697486664 0.971168424269 2.6650988103 -3.68467300125 0
951 1.40033507347 83.149971 78.458347 1.0359732 80.5700664542 82.0177847933 0.949273820722 4.39607835118 -4.96750851904 0
954 1.39893102646 84.209192 80.07724 1.046865 84.6033369624 79.7264950929 1.08745720798 0.527609932897 2.3257621981 0
957 1.4184949398 84.421821 80.346791 1.1291589 83.2633214994 78.7511027551 1.11804229012 1.97188794505 -0.636934828563 0
960 1.3950510025 84.549549 80.462185 1.2384433 81.2057910524 80.4946001431 1.25880037968 3.34391506379 1.16637474865 0
963 1.41161298752 84.477315 80.645515 1.377415 83.9624945347 79.7456889549 1.46730983559 1.0366904181 5.15059467929 0
966 1.41157793999 84.491575 80.745704 1.5042297 81.8127281196 79.8851426026 1.46666443903 2.81367846906 -2.15233090976 0
969 1.39530897141 84.58151 81.604236 1.6242617 80.8660752883 81.1942483886 1.55869689806 3.73798674938 -3.75658643589 0
972 1.4015610218 84.52138 83.606555 1.6450761 81.6164993662 81.7807198507 1.67086215401 3.43103562926 1.47743206527 0
975 1.39632582664 84.450105 85.633891 1.6510189 81.0450370428 86.7062862534 1.58258021461 3.56994669047 -3.92124782823 0
978 1.40307784081 84.288283 87.799076 1.6553182 82.118373521 87.4375997573 1.70208097015 2.19981186043 2.67930936767 0
981 1.39520692825 84.219899 89.940013 1.6574582 82.323776476 91.2375124761 1.63871046148 2.29756077533 -1.07416629255 0
984 1.39314985275 84.085061 91.960688 1.6559816 79.9640654708 93.2857449018 1.61574320385 4.32878504254 -2.30549027389 0
987 1.40974402428 83.972707 94.061302 1.6546883 78.2401256005 94.4335753613 1.64101192647 5.74465638288 -0.78359848226 0
990 1.40385007858 83.850194 96.236204 1.650278 77.6628401422 93.6888444979 1.76940753617 6.69121724312 6.82561963779 0
993 1.39638495445 83.742141 98.372522 1.653672 79.1046386634 97.2891091029 1.80284473665 4.76237455764 8.54696822858 0
996 1.42724895477 83.558608 100.37046 1.6603574 79.9797961796 100.77477702 1.72609273655 3.60157830656 3.76635734902 0
999 1.93615794182 83.448658 102.54165 1.6520527 79.9567597895 102.103303645 1.67723207739 3.51930399931 1.44267205496 0
1002 2.4826259613 83.308795 104.69204 1.6576029 80.6974508345 105.967534455 1.6725196334 2.90620103473 0.854665867721 0
1005 1.45347094536 83.194681 106.76107 1.661421 80.11736694 107.359955535 1.69221625719 3.13504795945 1.76443826594 0
1008 1.52119398117 83.066158 108.84686 1.6653468 77.0752345886 108.723003967 1.65541509668 5.99220357119 -0.569044683355 0
1011 1.51643300056 82.920912 111.09751 1.6564676 78.1609858917 113.098058864 1.69276639583 5.16324435914 2.07976780241 0
1014 1.52639293671 82.798446 113.12029 1.6519674 78.0271996032 113.334698392 1.63256631365 4.77606146713 -1.11160036566 0
1017 2.13662195206 82.725101 115.25424 1.6521864 78.1000641974 117.881105613 1.60711885435 5.31896497188 -2.58218015894 0
1020 3.08052611351 82.605874 115.888 1.7134215 79.1962271213 117.037046088 1.79187235199 3.59805485641 4.49490271843 0
1023 1.47045302391 82.650086 115.98425 1.8265292 78.7871965199 117.141270294 1.82478074068 4.03244480394 -0.100179339498 0
1026 1.47462105751 82.697137 116.16336 1.9516157 78.6442001315 116.058915525 1.96985931854 4.05428241596 1.04528234525 0
1029 1.462018013 82.611261 116.28116 2.0730733 79.7167452016 114.891422444 2.15447157787 3.2108553658 4.66377778142 0
1032 1.47464704514 82.517518 116.45008 2.1971216 77.287250569 114.825577969 2.20382255572 5.47674212 0.383936481512 0
1035 2.37674498558 82.418538 116.4581 2.3123831 78.7532909429 115.326181735 2.42317243282 3.83604939331 6.34776118567 0
1038 1.854637146 82.414024 116.83182 2.4679277 77.8869086433 114.886885057 2.53237068028 4.92722491731 3.69231078954 0
1041 1.95411801338 82.282962 116.94587 2.5874118 78.9667476478 118.07179514 2.73996558276 3.50214006708 8.74068790068 0
1044 1.55479001999 82.208722 116.96752 2.707272 75.57823101 114.75158524 2.89950338629 6.99097830286 11.0140471243 0
1047 1.47016000748 82.043289 117.20312 2.8493508 77.0502677608 118.413581826 2.89764341399 5.13765305627 2.76696296324 0
1050 1.66329288483 81.832352 117.28824 2.9891727 75.5304290948 117.508407681 -2.95448205548 6.30576768605 19.4536676279 0
1053 1.71559691429 81.142386 117.29523 3.0875315 77.5296129815 115.259522119 -3.09788540234 4.14683439024 5.60171696702 0
1056 2.7691719532 79.131234 117.37152 3.1037602 73.9432816245 114.556207434 -3.12953578619 5.90261253125 2.85844753553 0
1059 2.61692881584 77.094643 117.50841 3.1079346 73.7796063114 114.555535435 3.09027851123 4.43947479361 -1.0116193691 0
1062 2.33239483833 74.899205 117.59033 3.115912 71.5413271543 115.482725291 -3.1101950466 3.96451021404 3.27034343329 0
1065 1.47032284737 72.824078 117.69503 3.116944 69.6586141494 116.357591957 -3.03018257786 3.43640828591 7.79559095568 0
1068 1.45763897896 70.711208 117.83017 3.1174699 68.7410391936 117.243548487 -3.11522566697 2.05564829809 2.89284902265 0
1071 1.48057103157 68.550781 117.88294 3.1169773 65.6083576305 115.69772819 3.10169944972 3.66510653857 -0.875356341288 0
1074 1.48399591446 66.454241 117.99143 3.11617 63.7717565531 118.191565386 -3.09833233191 2.68993995854 3.93524460726 0
1077 1.52862596512 64.352032 118.06903 3.1139299 60.8472812727 116.200335509 3.10165219253 3.97181278017 -0.703460820096 0
1080 1.56352591515 62.204954 118.16997 3.1178991 59.3854709814 117.531300241 3.10365289369 2.89091396511 -0.816247495422 0
1083 1.54506516457 60.134729 118.2293 3.1166836 56.4889826755 117.502572295 3.10451646635 3.71747218143 -0.69712540678 0
1086 2.45578098297 58.034017 118.36643 3.1239361 54.5190450293 115.840495381 3.10688551802 4.32843778441 -0.976926385957 0
1089 1.66665506363 55.858025 118.47896 3.1251128 52.489683076 117.611224894 -3.11881195737 3.47831734187 2.24946380571 0
1092 1.50332808495 53.766425 118.55 3.1243401 50.0981543277 116.468379508 3.11406109904 4.21774271345 -0.588943372778 0
1095 1.78774785995 51.628528 118.603 3.1187628 47.6806253992 117.339975217 3.09957425033 4.14501707439 -1.09942291112 0
1098 1.5592341423 49.494235 118.64783 3.1200968 48.1783293172 116.113845324 3.11769076392 2.85529089692 -0.137855712682 0
1101 1.58486318588 47.379245 118.80828 3.1260538 46.0507957777 117.217195028 3.09728762743 2.07275872302 -1.64818028078 0
1104 1.57755088806 45.313934 118.87713 3.1250737 45.1892221254 116.397326259 -3.13845502774 2.48293770428 1.1262390418 0
1107 1.52881407738 43.229975 118.9845 3.131291 42.2975529359 116.877735999 3.09044769209 2.30388052278 -2.34014916458 0
1110 1.59883785248 41.038059 119.03542 3.1300111 39.289673234 118.055526728 -3.07385947302 2.0042563738 4.54439952071 0
1113 1.56967401505 38.877743 119.09254 3.1262084 36.0838386217 117.723743132 3.07033578573 3.11119053418 -3.20126498819 0
1116 1.69330811501 36.866989 119.17866 3.1252668 34.8176892752 119.175330899 3.04460650993 2.04930242891 -4.6214941953 0
1119 1.85310602188 34.67231 119.25843 3.1314701 32.8721849813 120.396228991 3.05343718201 2.12956254379 -4.47095686394 0
1122 2.99209189415 32.567479 119.34722 3.1353596 32.3800286215 120.056530768 3.02993753671 0.733661645251 -6.04023929399 0
1125 2.18273806572 30.502201 119.36971 3.1349527 32.6338797303 120.510554321 3.08439923728 2.41776342403 -2.89650005346 0
1128 2.5854780674 29.15421 119.31018 -3.13185 32.9011559946 119.780661846 3.02883834244 3.77636828899 -7.01855908246 0
1131 1.95601511002 28.938717 119.39146 -3.028318 32.057303989 119.964510627 -3.12972013705 3.17079987203 -5.80991448682 0
1134 1.56662893295 28.80706 119.32785 -2.9089456 32.2146154878 120.813099887 -3.03034465902 3.71717656678 -6.95565371895 0
1137 1.5576338768 28.607415 119.34948 -2.7753086 27.758252564 116.091005282 -3.00253671283 3.36730371771 -13.0192118522 0
1140 1.61528706551 28.309413 119.3977 -2.6319404 33.5402433027 120.276906958 -2.93790875818 5.30420498569 -17.5306955885 0
1143 2.09788823128 28.176965 119.31562 -2.5155106 33.721018702 123.62448359 -2.49830952569 7.02159788707 0.985548961031 0
1146 2.42641592026 28.13257 119.1422 -2.3876282 26.4325634556 117.574372631 -2.39977872588 2.31259700575 -0.696173851535 0
1149 1.50685310364 28.071656 119.10664 -2.2643471 25.903745706 117.212985439 -2.3146429026 2.87850006732 -2.88173721606 0
1152 1.52832889557 27.847582 119.05477 -2.1225081 41.3733092678 142.770581542 -2.13655584967 27.3017401498 -0.804876767537 0
1155 1.53921794891 27.651134 118.95518 -2.0012288 40.5844417971 143.233637312 -1.66486955286 27.5084339802 19.2719652614 0
1158 1.53588104248 27.585975 118.8068 -1.8653126 46.2257088012 139.327053172 -1.90780296753 27.7222016879 -2.43451872943 0
1161 1.53515410423 27.545652 118.66047 -1.7395281 43.651330038 141.869559601 -1.65980659234 28.2498620381 4.56770592536 0
1164 1.52442908287 27.426878 118.54472 -1.6078392 50.8510926078 95.113960986 0.10318814018 33.1314699035 98.0346452238 0
1167 1.52644586563 27.408113 118.27266 -1.4907581 40.7598921818 144.253152057 -1.13248933812 29.2105456099 20.5272879873 0
1170 1.57404613495 27.619078 117.43976 -1.368489 39.187766767 138.959574896 -1.61778677184 24.4322940579 -14.2837101687 0
1173 1.60792899132 28.00462 115.50954 -1.3464267 40.2201823926 139.459392812 -1.46935377867 26.8852266921 -7.04320279593 0
1176 1.77593898773 28.352772 113.43776 -1.3439724 99.4684549879 114.908866488 0.0267310668185 71.1308970922 78.5355236127 0
1179 1.52569413185 28.777386 111.37552 -1.3470791 41.7880399374 132.389183973 -1.76060622079 24.71540389 -23.6933587357 0
1182 1.5415058136 29.292879 109.18718 -1.3487141 41.1215725193 130.691663581 -1.53306775612 24.543039837 -10.5626864332 0
1185 1.6436150074 29.664866 107.14961 -1.3582731 91.5682385701 61.5587738805 1.05908355078 76.8801136421 138.504333668 0
1188 2.12526392937 30.155372 105.1583 -1.3627181 51.3664707432 129.992932597 -0.762759613608 32.6599094632 34.3750891533 0
1191 1.71383190155 30.584999 103.08809 -1.3538609 42.1162609535 88.333591088 -2.95482069241 18.7260577908 -91.7282392751 0
1194 1.87784695625 30.932942 101.04272 -1.3388863 18.5653970007 40.5326310125 0.187478221651 61.7610479071 87.4542450891 0
1197 1.53436779976 31.46397 98.886394 -1.3633561 38.3516373931 78.3823475175 2.02095894669 21.6299765204 -166.093031282 0
1200 1.53735589981 31.761459 96.890841 -1.3338862 38.1956505033 78.682231668 2.15713157698 19.3119722998 -159.979415174 0
1203 1.52425980568 32.148779 94.808879 -1.340085 92.3800153047 123.218523221 1.64232680245 66.5951177758 170.879609051 0
1206 1.52647304535 32.63242 92.742465 -1.3409888 26.8637975795 90.0668753822 -3.0710832461 6.3589137778 -99.1271099203 0
1209 2.8099758625 33.223163 90.635151 -1.3443959 29.7826763356 132.480506953 -0.233496256635 41.9865545543 63.6498610274 0
1212 2.33926200867 33.480467 88.544154 -1.3400822 69.3015954127 38.0697927821 -1.08723740557 61.8935730195 14.4869395926 0
1215 1.4470539093 33.996344 86.523674 -1.3537744 31.2212909247 90.0117027839 3.12753038854 4.45727095521 -103.240148905 0
1218 1.44810509682 34.391099 84.502242 -1.3500462 32.731842531 83.4396711077 -0.680948237363 1.97032711266 38.3364893399 0
1221 1.45753002167 34.871654 82.311763 -1.3462417 34.6489796939 82.5071539273 -1.08489102333 0.296245609356 14.9742907462 0
1224 1.55137300491 35.319079 80.358924 -1.358939 67.5592620658 57.9996416373 -1.4604629988 39.2347666221 -5.81689665078 0
1227 1.51083707809 35.776446 78.250756 -1.3606991 35.4662570938 78.3728582471 -1.22493438669 0.333355840346 7.77874507931 0
1230 1.52955985069 36.167733 76.160289 -1.3496683 125.235213384 104.524025983 1.70320697776 93.4746898236 174.916868796 0
1233 1.53566908836 36.593873 74.026216 -1.3452321 34.1798659698 74.858297585 -1.32615244817 2.55338788789 1.09318352416 0
1236 1.53683590889 37.096668 72.068535 -1.358637 35.1194173244 72.7245622785 -1.39755425209 2.08324075045 -2.22979429504 0
1239 1.57090806961 37.456761 70.030489 -1.3570922 34.1544506328 69.9348289022 -0.810354357848 3.30369559968 31.3257708554 0
1242 1.53242611885 37.942935 67.912468 -1.3598503 37.0341541195 68.2455544126 -1.33867267498 0.967899399243 1.21338853351 0
1245 2.28684711456 38.381728 65.750541 -1.3597279 36.4818155782 65.6233354617 -1.21805227484 1.90416607982 8.11741538162 0
1248 1.46041607857 38.78715 63.709446 -1.3638712 35.9087802571 64.6778138243 -1.26120641474 3.0368978613 5.88225890007 0
1251 1.51978492737 39.284372 61.704874 -1.358189 38.7198926521 61.8402241589 -1.43911496115 0.580479629053 -4.63671602715 0
1254 1.65425109863 39.616785 59.610797 -1.3616912 36.8996612903 61.498483278 -1.3987756002 3.30849221519 -2.12477961745 0
1257 1.67367196083 40.0981 57.483375 -1.3627524 36.8649686065 59.2964285747 -1.31606862356 3.70679131763 2.67478336188 0
1260 1.6378569603 40.478176 55.366289 -1.371191 39.7441924997 57.9531853818 -1.33266803524 2.68900811987 2.2072032948 0
1263 2.48023700714 40.927924 53.368372 -1.3697355 39.9687108716 53.8125760461 -1.20187872964 1.05707476572 9.61748450422 0
1266 1.52928805351 41.311773 51.24524 -1.3687118 40.1392023649 52.4954306698 -1.29727464427 1.71402993124 4.09304752384 0
1269 1.54415297508 41.752813 49.127024 -1.3690442 41.6202330193 51.0413160343 -1.33083893377 1.91887765218 2.18900051009 0
1272 1.52058410645 42.124468 46.999249 -1.3746445 40.5725189125 45.7041486592 -1.32809251399 2.02134382595 2.66723232647 0
1275 1.52321195602 42.489069 45.000812 -1.3756167 39.5066982089 45.7982536648 -1.22791545406 3.0871424885 8.46265802103 0
1278 1.51703906059 42.919623 42.847052 -1.3693623 43.6714345259 45.6155608949 -1.27658528147 2.86877361803 5.31573159752 0
1281 2.33516907692 43.26925 40.76156 -1.3849404 43.229281242 42.4543036813 -1.28290921262 1.69321548307 5.84595641569 0
1284 1.93254208565 43.723057 38.666685 -1.382086 45.810559 39.5607066608 -1.33337141194 2.27088954597 2.79114029657 0
1287 2.70315480232 44.069109 36.638541 -1.3748634 43.7426365933 36.5544148166 -1.19984955487 0.337137133956 10.0275546826 0
1290 2.28419399261 44.48264 34.512889 -1.372972 42.973446909 35.6416439928 -1.32318270837 1.8846091424 2.85271627522 0
1293 2.03381490707 44.660959 33.544964 -1.3339999 45.2024043769 33.5712819961 -1.27203316202 0.542084618013 3.55043255639 0
1296 2.69181394577 44.654294 33.324157 -1.2074321 44.9011411279 34.1742292568 -1.20217577055 0.885187181499 0.301165493325 0
1299 1.48969507217 44.699557 33.107025 -1.0711259 44.8734323348 31.8440940968 -1.52517760878 1.27484395053 -26.015246594 0
1302 1.44575595856 44.829945 32.953901 -0.95914547 44.7177486118 33.0623378192 -0.987198139017 0.156033885027 -1.60729953875 0
1305 2.08850383759 44.914184 32.826307 -0.82117543 43.7933316897 32.0264066147 -0.773086429642 1.37700781696 2.75529676152 0
1308 1.59717202187 44.932468 32.690373 -0.70238554 42.0625379604 32.8659161124 -0.409251561989 2.87529369217 16.7953397719 0
1311 2.41485214233 45.019913 32.619075 -0.56167342 42.8541087406 32.4336050902 -0.473729124373 2.17373116492 5.03883697165 0
1314 1.44194889069 45.164806 32.47066 -0.44585332 44.0088495253 33.7435119273 -0.564429267902 1.71941484235 -6.79390136654 0
1317 1.52293491364 45.307079 32.373178 -0.30795343 43.364680249 32.6975140722 -0.381777093282 1.96929093723 -4.22978433423 0
1320 1.56486797333 45.468859 32.25314 -0.19105128 43.2456039137 35.1228892699 -0.438910320481 3.63019614494 -14.2012769337 0
1323 1.5189769268 46.833289 32.057508 -0.10389315 43.5759494005 31.9001258721 -0.254547578016 3.26113943285 -8.63186289027 0
1326 1.72398805618 48.863767 31.868312 -0.084237935 48.7519301816 34.4474028199 -0.157067252965 2.58151446468 -4.1728125442 0
1329 1.53653597832 51.033972 31.691587 -0.08198003 49.0592580632 34.7016309324 -0.00279174175832 3.59998050091 4.53715470311 0
1332 1.61314797401 53.111195 31.42619 -0.084122232 51.6294206242 34.0705005087 0.353082697736 3.03117689472 25.0499972562 0
1335 1.52060008049 55.206155 31.249451 -0.082409142 54.3198096651 32.0049001979 0.0559221488119 1.16460789249 7.92579913812 0
1338 1.52958703041 57.287235 31.07162 -0.080297126 57.7006646965 33.7614794516 0.0324622079408 2.72144593616 6.46063393551 0
1341 1.56805491447 59.516372 30.847745 -0.092608556 59.0688412022 32.6826954608 0.078534176505 1.88873688173 9.80575626687 0
1344 1.62531304359 61.567611 30.670937 -0.091677002 60.676484131 33.7514516613 0.0456399204828 3.20681737478 7.86768011399 0
1347 1.71613502502 63.68279 30.502969 -0.089332225 61.6364490549 33.5676343387 -0.147583284001 3.6850624013 -3.33753983292 0
1350 2.21316003799 65.773678 30.270465 -0.081918863 65.1676795922 33.7149668395 -0.0541418462389 3.49740289247 1.59150582788 0
1353 1.81018710136 67.870787 30.052005 -0.080757136 66.5215650993 30.9364595034 -0.0904980545599 1.6132760166 -0.55811352206 0
1356 2.11386203766 69.978421 29.855203 -0.080851998 70.1862955044 32.0998841278 -0.095433544829 2.25428595683 -0.835461092073 0
1359 1.79123711586 72.04312 29.748383 -0.089661546 68.2269931242 31.3041518584 -0.158818748652 4.12107280608 -3.96241583491 0
1362 2.88155508041 74.192216 29.503442 -0.097083695 72.1855407792 30.8164602763 -0.113556754753 2.39807473518 -0.943836799486 0
1365 3.14087796211 76.337484 29.313327 -0.092202589 75.858840423 30.6565142497 -0.0533067167577 1.42592133781 2.22856931996 0
1368 2.73423504829 78.469083 29.072242 -0.088851811 77.0015137257 30.403558083 -0.131652091287 1.98145453842 -2.45227542244 0
1371 1.82665801048 80.508884 28.860474 -0.08148585 78.4410429852 30.6373417143 -0.0438202393846 2.72639420051 2.15808052105 0
1374 2.04075503349 82.648681 28.706332 -0.092016755 80.436968168 29.1667965624 -0.0604343496644 2.25913728326 1.8095385326 0
1377 2.54038786888 84.803463 28.469695 -0.089914919 84.2600345003 29.3273675537 -0.035377897376 1.01534070324 3.12474116627 0
1380 3.2942609787 86.909059 28.274418 -0.095059786 85.7012672255 30.6570677743 -0.0604707002362 2.67128825056 1.98180863148 0
1383 2.99794483185 88.999768 28.069648 -0.093100738 87.6146330502 29.5519141947 0.0108127755642 2.02872174065 5.95380576161 0
1386 1.98015189171 91.148907 27.8824 -0.087682683 89.6250253726 29.8513428257 -0.0275424690936 2.48976927956 3.44578043585 0
1389 1.5301990509 93.191686 27.680334 -0.085944106 90.6801264809 29.8101509226 -0.0357568041662 3.29303072287 2.87552058023 0
1392 1.5380730629 94.597595 27.536443 -0.026113958 93.114130241 30.8528849315 -0.0307105987685 3.63310539024 -0.263368115974 0
1395 1.52418088913 66.734672 23.138609 0.64678418 94.9457495645 31.0131210078 0.0191702454282 29.2894663098 -35.9596296146 0
1398 2.09282207489 41.954155 8.6979942 1.5862633 99.1942388916 31.768352024 0.0701334871095 61.7144117208 -86.8678394726 0
1401 2.86249494553 40.498777 7.6026468 1.6671323 100.954138035 30.552585684 -0.0352419604242 64.6649083554 -97.538860274 0
1404 2.75223898888 40.36551 9.5759073 1.6613912 101.730833965 30.2929787809 0.0259051783825 64.7680479566 -93.7064464913 0
1407 2.93790793419 40.15753 11.693798 1.6450717 101.940161148 31.2299894916 0.0287994011246 64.7978108393 -92.6055812695 0
1410 2.26643610001 40.017928 13.779826 1.6578436 103.033590493 30.0629515733 0.0252703672768 65.0854353745 -93.5395559811 0
1413 3.14813494682 39.937066 15.922073 1.6651068 102.645850289 29.902914982 -0.0443719433464 64.2483896256 -97.9459171611 0
1416 2.02048301697 39.75755 17.953862 1.6630734 104.490072212 29.0614453866 0.145399399804 65.678594996 -86.9563148879 0
1419 1.4401781559 39.645384 20.177858 1.663423 109.246368705 31.0156126477 0.0252263723257 70.4397188924 -93.8617527783 0
1422 1.4566590786 39.526919 22.292671 1.6684735 111.352424837 33.3320797515 0.0161315332072 72.6689193142 -94.6722210096 0
1425 1.53260493279 39.303781 24.413998 1.6572417 110.723977415 31.5195803615 0.0668408765529 71.7727925931 -91.1232549177 0
1428 2.30293393135 39.21094 26.55624 1.6661167 112.818241981 34.0102082467 0.144789979848 73.983758674 -87.1656003252 0
1431 1.63607120514 39.049874 28.673026 1.6660737 114.633241868 37.3531711391 -0.00619079750412 76.0801578459 -95.8136979366 0
1434 1.51313281059 38.816051 30.701859 1.6598041 118.364621897 35.257380747 0.104295443606 79.6789050515 -89.1240810075 0
1437 1.56444978714 38.695572 32.853799 1.6647394 123.154203119 36.3666434628 0.0852528348516 84.5316535191 -90.4979139806 0
1440 1.54550600052 38.58982 35.008607 1.6723781 125.013712148 33.6584300726 0.0588698282438 86.4344382273 -92.4472141811 0
1443 2.25233697891 38.393816 37.160762 1.6689022 125.700634204 35.8876358574 0.25096395884 87.3161002053 -81.2418768287 0
1446 2.95285892487 38.314928 39.264936 1.6781402 127.968881419 36.7439912217 0.178769564279 89.6893891508 -85.9076093527 0
1449 2.93587398529 38.042909 41.445131 1.6601298 130.985551509 36.6377494507 0.219442670298 93.0668883861 -82.5452921308 0
1452 2.63812184334 37.893052 43.482766 1.6655679 135.452101769 27.8441175528 -0.00877657502066 98.8045318655 -95.9328718697 0
1455 1.45322299004 37.737395 45.529248 1.6663309 137.245011599 28.3000593903 -0.11809299217 100.988171096 -102.239957884 0
1458 2.47521591187 37.667375 47.706088 1.6735516 142.602728415 25.5358335184 -0.233435191251 107.251799892 -109.262294726 0
1461 1.49436998367 37.411337 49.793915 1.6717816 141.863221042 44.6910546054 0.506035517291 104.576456548 -66.7923305231 0
1464 1.88313603401 37.208006 51.943854 1.66906 28.256479066 114.041608623 1.99590940169 62.7396283355 18.7270912534 0
1467 2.19825601578 37.03196 53.963531 1.6741645 140.192501535 38.0449821966 1.04522487444 104.381499921 -36.0355861131 0
1470 1.55061817169 36.983983 56.143126 1.6856298 141.490200902 39.3903653354 0.246930292865 105.840467545 -82.4314097464 0
1473 2.04003977776 36.720012 58.206076 1.6746777 110.489440815 106.880688457 2.8898062055 88.3806909088 69.6217349311 0
1476 1.55902409554 36.536888 60.398002 1.6787317 41.7592038967 131.109517246 1.41189908078 70.904097002 -15.2883829176 0
1479 1.57735681534 36.401835 62.417273 1.6766351 39.8570791493 54.651547038 -0.42511851089 8.49971833936 -120.42161148 0
1482 1.5904071331 36.239068 64.615141 1.6886647 55.4726138973 129.54780077 2.36278485648 67.7213377943 38.6242398509 0
1485 1.562541008 35.99676 66.655908 1.678851 126.764530471 105.46042683 -0.00937861191535 98.7146333521 -96.7284316118 0
1488 1.57960605621 35.830181 68.859683 1.6854848 126.884178571 95.4218979786 -1.98256505951 94.849257974 149.836224007 0
1491 2.18476700783 35.575227 70.898859 1.683738 109.787136946 61.5388249855 -0.404178332352 74.799851702 -119.62879382 0
1494 2.47697210312 35.463169 73.006353 1.6935188 43.6090296089 90.0312265482 2.97796385011 18.8732976555 73.5932803878 0
1497 3.03438401222 35.205801 75.07321 1.6913976 29.7668930769 75.6659548604 1.67346214141 5.47111194051 -1.02762608064 0
1500 3.00923395157 34.978045 77.287591 1.6912075 62.2000476896 105.686496745 -2.06791999517 39.3387249149 144.617859875 0
1503 3.0169608593 34.814043 79.320098 1.7000185 86.3661476694 84.3842448392 2.62714514182 51.8002420752 53.1204436502 0
1506 2.93346691132 34.580736 81.372215 1.6970036 28.6401464731 81.4054950216 2.10949527298 5.94068274584 23.6340319458 0
1509 2.8656141758 34.345965 83.441951 1.6955247 28.6990560582 81.71600845 1.7481291556 5.90478266179 3.01401328969 0
1512 2.56654000282 34.142398 85.698773 1.7034669 30.9700196754 84.2919430523 1.80976847512 3.47032487471 6.0906316102 0
1515 1.45668983459 33.910208 87.748137 1.7016389 30.3098943978 86.205585456 1.61628867884 3.91685119703 -4.89020745272 0
1518 2.29744696617 33.670818 89.737713 1.6967853 29.239120319 90.040008935 1.65031283875 4.4419958541 -2.66267589309 0
1521 2.95758414268 33.472926 91.900649 1.7056804 29.0692675325 91.5498202553 1.7267168795 4.41761119909 1.20530149123 0
1524 2.71273088455 33.217902 94.036516 1.7078464 29.7346802632 95.3732015806 1.87480024702 3.73089292383 9.56575080795 0
1527 2.99283099174 33.034075 96.178482 1.7177188 28.328453012 95.2960059075 1.81989134361 4.78765520353 5.85405553089 0
1530 2.94808101654 32.713254 98.174723 1.7080491 29.9434482732 98.3595026543 1.71048054073 2.77596240698 0.139311292179 0
1533 2.5757920742 32.45653 100.24821 1.7068362 28.2475356486 98.9018815597 1.77898856614 4.41907611605 4.13402606189 0
1536 1.44998598099 32.217075 102.39435 1.7082962 28.2429511708 102.39536528 1.61174950153 3.97412395886 -5.53171834804 0
1539 1.85847496986 31.955228 104.48204 1.7110577 28.3338838733 103.593609013 1.67838939608 3.72873207716 -1.87175593863 0
1542 2.92062497139 31.741377 106.6002 1.7198575 28.7034848328 103.972528492 1.82156953705 4.01664616004 5.82767044852 0
1545 2.88651490211 31.439656 108.68741 1.7105287 30.2013734518 107.032169862 1.93477259107 2.06716317301 12.8482285398 0
1548 2.0196378231 31.216018 110.75498 1.7177022 27.1222566021 109.850732819 1.7794612689 4.19243906892 3.53853399455 0
1551 2.95463204384 30.916985 112.90957 1.719675 27.1950983325 114.15428908 1.86598540108 3.92450837106 8.38296848056 0
1554 2.94876718521 30.668641 114.94646 1.716506 28.3813874979 113.612684237 1.63668585187 2.64773230661 -4.57335760783 0
1557 2.95462012291 30.419865 117.12266 1.716223 27.1462445913 115.240328919 1.58128559084 3.77620985621 -7.7313440435 0
1560 2.92103910446 30.132888 119.21343 1.725557 26.0875196696 115.987340101 1.74620185951 5.17423047064 1.18286331833 0
1563 2.98174381256 29.88258 121.34383 1.72867 28.5919519164 118.803594748 1.67596027446 2.84930096421 -3.0200448128 0
1566 1.47387313843 29.981486 120.5055 1.7055843 26.8779977168 119.073511422 1.72687121556 3.41792785326 1.21965042063 0
1569 1.70407700539 30.170653 118.4575 1.6900862 23.5698982567 118.686486208 1.67701491365 6.60472541936 -0.7489295405 0
1572 1.49188303947 30.502618 115.6086 1.6745202 28.8998179243 114.573634156 1.64335056708 1.90791047491 -1.78588841511 0
1575 1.81189203262 30.699806 113.48782 1.6738205 28.0171142004 110.923015587 1.68934236267 3.71147638661 0.889337221177 0
1578 2.76525402069 30.8492 111.36091 1.6697397 28.6608866527 110.139317378 1.71836779771 2.50619309721 2.78618476461 0
1581 2.90816187859 30.973164 109.37107 1.6787837 25.9640227973 108.289699857 1.63123376729 5.12453480576 -2.72441046032 0
1584 3.02014780045 31.204408 107.09871 1.665475 27.1259350324 107.828199974 1.71742557927 4.14319892952 2.97654893542 0
1587 3.31350207329 31.322843 104.96751 1.6587885 26.3802541778 105.646271087 1.59465268839 4.98897793925 -3.67471132114 0
1590 3.02630901337 31.457099 102.91722 1.6541397 30.4417451668 103.460342716 1.81022527579 1.15148846753 8.94304473588 0
1593 2.94225502014 31.546684 101.34427 1.631357 27.9528583205 102.814965032 1.67344014523 3.88310789068 2.41118661059 0
1596 2.70817279816 31.536552 101.09899 1.5279681 28.3885588045 101.505073049 1.66038795008 3.17407696837 7.58709853338 0
1599 2.70158910751 31.522716 100.84711 1.3818466 30.7394742964 102.693821948 1.51749912324 2.00594431255 7.77231706193 0
1602 2.91485190392 31.33472 100.81397 1.2437751 28.0804239982 101.90641211 1.26041608858 3.43276451725 0.953458412347 0
1605 3.04542303085 31.335612 100.76499 1.1262837 28.828300265 100.681344936 1.12948260792 2.50870656577 0.183283922785 0
1608 3.00982093811 30.238332 99.003137 0.9296569 31.2482680308 97.4704351908 0.96734617738 1.83552325568 2.15943652676 0
1611 2.16684293747 28.772289 97.32743 0.78863198 27.8248007631 98.4850588646 0.849794272884 1.49594068978 3.50434124762 0
1614 1.42423605919 27.005154 95.945316 0.6582802 24.4586479054 98.9762539012 0.650340873574 3.95869648378 -0.454889896367 0
1617 1.42828202248 26.209553 95.323497 0.64585939 27.0366639652 91.1856599545 0.761379274554 4.21969287553 6.61880183481 0
1620 1.43818116188 26.225548 95.299359 0.74214735 24.3233491182 93.9761189852 0.848066142906 2.31718033888 6.06869980464 0
1623 2.63108491898 26.287241 95.304851 0.87876564 23.8920607284 91.8654805676 1.02924869274 4.19120000771 8.62204381002 0
1626 2.50785589218 26.503119 95.525486 1.0159202 23.8098620747 93.9574832515 1.00839744236 3.11645078331 -0.431022263179 0
1629 2.48307609558 26.584147 95.637624 1.1414331 23.9537622717 94.4532095198 1.33680923067 2.88474634585 11.1942277048 0
1632 1.44682097435 26.62792 95.717086 1.2595284 25.7936459693 96.3437037685 1.4299647084 1.0433901409 9.76528114703 0
1635 1.47516989708 26.756174 95.797181 1.3910555 23.7902304438 96.7080475467 1.49373598357 3.10265999503 5.88315834689 0
1638 2.95157599449 26.381693 93.77201 1.3952992 24.3686242763 94.4676623378 1.59205399018 2.12987742869 11.2732190765 0
1641 2.89767789841 26.011804 91.856332 1.39866 23.1960128981 90.6178253465 1.60317828163 3.07613040363 11.7180343707 0
1644 2.96745085716 25.609249 89.727224 1.3968171 24.4823062372 90.5988943476 1.65489058391 1.42471372048 14.7865214322 0
1647 2.94704985619 25.2462 87.568251 1.3940659 24.7883624144 87.0866016043 1.56584320291 0.664530958769 9.84211447287 0
1650 2.90409994125 24.820481 85.505592 1.4017015 22.7522631104 86.1088478539 1.59157267403 2.15440081325 10.8788169232 0
1653 1.98264884949 24.493958 83.448062 1.398475 19.040261184 85.1298503675 1.29454771177 5.70712020848 -5.95459499171 0
1656 1.44396305084 24.080092 81.345956 1.3962744 22.1138844613 80.8669856705 2.00988696786 2.02370567568 35.1574103947 0
1659 1.43836593628 23.622432 79.208855 1.3888608 16.9300311539 79.0355082971 1.19722116822 6.69464548461 -10.9801420882 0
1662 1.45731306076 23.236261 77.182266 1.3737053 19.3703248686 76.7023310208 1.48741254274 3.89561288584 6.51494510929 0
1665 2.33900904655 22.741503 75.111069 1.3685019 18.7789824587 76.298019184 1.32782373611 4.13647431756 -2.33068710932 0
1668 2.93776893616 22.23837 73.007777 1.3690406 19.9393775794 73.6143076374 1.78386996991 2.3776554763 23.7679721139 0
1671 2.89931488037 21.796618 70.8705 1.3677106 17.3592970532 71.2946968363 1.57999198722 4.45755091285 12.1628275568 0
1674 2.94891500473 21.306705 68.900927 1.3588762 18.936822476 69.1701823924 1.41924122525 2.38512927196 3.45866117676 0
1677 2.94851303101 20.800373 66.796896 1.3509317 20.4763702074 67.7668639551 1.48617873927 1.02265128146 7.74908454198 0
1680 2.25960588455 20.180988 64.758154 1.3339286 20.9006117634 64.7148057856 1.47283097005 0.72092817153 7.95851956813 0
1683 1.53378295898 19.716632 62.635567 1.3210663 19.1354177383 62.2218418209 1.50930933743 0.713427320644 10.7855315676 0
1686 1.55826997757 19.127208 60.642471 1.320188 18.5677095583 59.4686275997 1.44327888079 1.30036411617 7.05258796564 0
1689 2.47982692719 18.573484 58.538556 1.3117791 17.481434538 56.7112699772 1.50912721372 2.12874287707 11.3072140109 0
1692 2.57349991798 18.03732 56.562177 1.3046299 17.1210144443 58.5803113566 1.44405014658 2.2164119997 7.98819170795 0
1695 2.83745503426 17.470308 54.449011 1.30616 12.3410552252 55.5134277827 1.24063548709 5.23853196185 -3.75427804425 0
1698 1.61189699173 16.865167 52.414515 1.2995721 13.6165111857 52.4195416285 1.25283153014 3.24865970314 -2.67803738502 0
1701 1.51592993736 16.322269 50.452679 1.2871313 93.1447623903 136.009278248 1.03506311979 114.985334567 -14.4424428757 0
1704 1.55467104912 15.679585 48.421133 1.2791916 18.7597363249 49.3565314799 1.57656992265 3.21905304409 17.0385228064 0
1707 2.4511449337 15.049517 46.343459 1.2810584 16.8688727632 46.4549055585 1.61465104053 1.8227659555 19.1134503791 0
1710 2.39838409424 14.370513 44.264129 1.2685694 86.5050824748 74.9933170569 2.86346842774 78.4071368688 91.380983039 0
1713 2.69949293137 13.728985 42.398373 1.2622613 13.1375029006 43.7300302807 1.35786647604 1.45710747276 5.47777308686 0
1716 2.59754109383 13.116178 40.310007 1.2578142 14.7177203304 41.1484335156 1.45420635716 1.80773251844 11.2524417348 0
1719 2.64549899101 12.482531 38.460523 1.239848 12.5924407486 40.2589553253 1.48418599537 1.80178771818 13.9995359092 0
1722 3.110902071 12.331027 38.238303 1.1567887 9.89187850357 39.4343506246 1.17993211951 2.71661099679 1.32602026117 0
1725 2.72416591644 12.263795 38.100898 1.043782 98.9263196534 81.6636202159 0.592037050612 96.9953810558 -25.8830790163 0
1728 3.00575304031 12.231882 38.075858 0.90529637 15.5830307722 39.12641206 1.12997605096 3.51195984125 12.8731974614 0
1731 2.58578395844 12.170047 37.918491 0.7605547 85.7228406502 107.451712305 -1.37591531134 101.217006075 -122.410714706 0
1734 2.49750709534 11.9457 37.868652 0.60051086 14.8197146555 10.9663154095 1.55932447816 27.055418575 54.9359736601 0
1737 2.77808308601 11.861848 37.85602 0.47073445 94.5012595136 26.2448049906 2.82788940745 83.4511392931 135.05503072 0
1740 1.61068415642 11.68598 37.868337 0.32347919 10.6710833798 35.3649618665 0.721484507827 2.70127788437 22.8040249353 0
1743 1.53187298775 11.634663 37.834152 0.18688423 97.0946434571 103.753918506 -0.651799588093 107.929717298 -48.0530431227 0
1746 2.35489177704 11.546787 37.799316 0.059161186 133.644868113 5.72756954421 2.16456482587 126.2400029 120.630742736 0
1749 2.16029810905 11.461332 37.784444 -0.088384018 14.0551532731 40.7647785298 -0.263503649921 3.95098756089 -10.033615819 0
1752 1.94729804993 11.353119 37.809133 -0.22428348 14.066513267 35.3300199232 0.536971086698 3.67539250906 43.6166738069 0
1755 1.52724504471 11.259101 37.929753 -0.36642208 14.3562554718 37.7479372036 -0.234704536372 3.10248655212 7.54685933772 0
1758 1.53308200836 11.22919 38.083377 -0.50941267 95.7756590271 119.706802441 0.752351765078 117.518036937 72.2937768697 0
1761 1.53470015526 11.185129 38.110347 -0.64618684 15.1949988604 38.3876143388 -0.472055891723 4.01944442366 9.97696841888 0
1764 1.54761099815 11.588805 37.741111 -0.76036767 10.6800987987 35.4096503598 -0.455582386167 2.50229008655 17.4629104213 0
1767 1.52764105797 13.063467 36.224873 -0.77289998 16.9152328606 34.228943541 -0.253304786095 4.33818333524 29.770611666 0
1770 1.51373887062 14.493375 34.807156 -0.77803694 14.1588907222 38.1284984079 -0.94125683415 3.33814246594 -9.35181106739 0
1773 1.52336096764 15.892318 33.28564 -0.77023756 77.0503084948 82.8749754358 -1.14774384717 78.7362812833 -21.6295169944 0
1776 1.51597714424 17.405154 31.857105 -0.77891679 83.491660304 73.9072940283 2.59128407049 78.3303562662 -166.901714583 0
1779 1.52779197693 19.008966 30.381332 -0.78385491 21.372208901 33.3892171929 -0.611507830733 3.82521768563 9.87476025339 0
1782 1.52162981033 20.517371 28.856906 -0.78454873 20.4831235879 27.8563453456 -0.851202258081 1.00114659684 -3.81896584867 0
1785 1.52074503899 22.037399 27.308602 -0.78653789 21.657258428 28.4646358219 -0.605483228928 1.2169309972 10.3736679406 0
1788 1.52370786667 23.470866 25.802264 -0.78746834 7.38331206318 48.2849737499 1.47857678561 27.6456439492 129.834821884 0
1791 1.54472184181 25.030138 24.239515 -0.79252133 23.8811432362 24.4918261615 -0.611574690143 1.17637149295 10.3674787809 0
1794 1.5402598381 26.508975 22.80392 -0.79210599 26.5306918457 22.4742982067 -0.806554408569 0.330336416394 -0.827833404664 0
1797 1.53441309929 27.961008 21.312251 -0.79564812 28.298635793 20.6495859941 -0.644777461418 0.743718654183 8.64425198913 0
1800 1.52573394775 29.36401 19.750057 -0.78815021 28.375984366 20.4178760583 -0.583076888614 1.19255060608 11.7498358061 0
1803 1.49957299232 31.016391 18.179875 -0.79578372 32.527711876 21.1969907331 -0.703467909042 3.37447449792 5.28930635023 0
1806 1.5311820507 32.405165 16.663972 -0.79079715 30.9746265952 16.1158448495 -0.853478665877 1.53195414445 -3.59138631324 0
1809 1.51107001305 33.875627 15.226881 -0.79213801 32.7967744433 14.171847969 -0.902757018658 1.50897897121 -6.33800233003 0
1812 1.52893304825 34.400964 14.714584 -0.72873329 33.2364914121 13.9229174091 -0.856644176372 1.4080953089 -7.32875394289 0
1815 1.52838087082 34.541831 14.529671 -0.59347242 32.6320811536 12.8869377493 -0.734961772714 2.5190706637 -8.10674275654 0
1818 1.52855992317 34.648846 14.435796 -0.47955783 33.4921466728 15.3603486261 -0.589966210479 1.48079400727 -6.32593422432 0
1821 1.52714419365 34.668797 14.324629 -0.34405458 35.3416038524 16.1104774976 -0.671146211152 1.90838253953 -18.7409699791 0
1824 1.5466799736 34.864126 14.20779 -0.22615765 35.9907778326 16.8234240421 -0.350632724722 2.84796169108 -7.13189643615 0
1827 1.53064894676 35.017605 14.088235 -0.094353638 36.0874173543 14.0342409379 -0.0349627639997 1.07117404382 3.40284642181 0
1830 1.53394508362 36.599142 14.0692 -0.022879679 37.7747046848 14.8522945044 -0.0170762166402 1.41251004558 0.332513899779 0
1833 1.53427505493 38.63985 14.009333 -0.014813302 39.2097756738 15.6742968083 -0.0988028827329 1.75980673846 -4.81224849907 0
1836 1.52598500252 40.768535 13.925491 -0.0089087199 41.0366928798 13.301723382 -0.190726571025 0.678965897308 -10.4173955096 0
1839 1.51928400993 42.905865 13.952369 -0.011506708 45.0923825447 14.1356200786 -0.152130519948 2.19418320359 -8.05715092368 0
1842 1.51693892479 45.04117 13.838962 -0.010052037 45.0625863629 13.535993428 -0.0835241104802 0.303724572975 -4.20963972249 0
1845 1.50730085373 47.095509 13.764363 -0.008210261 47.601527827 14.4384839639 -0.0665279742178 0.842908136894 -3.34135883823 0
1848 1.52878284454 49.256947 13.750747 -0.012245698 49.7059811806 15.4977723699 -0.0617468860071 1.80380967353 -2.83620915369 0
1851 1.54245305061 51.347189 13.680192 -0.017629817 50.2890259687 14.6695280991 -0.00445079436612 1.44861827888 0.755102375028 0
1854 1.52854514122 53.510554 13.649042 -0.0075411209 53.9648048959 14.3139144093 0.0235509816257 0.805232387018 1.78144625091 0
1857 1.5329990387 55.608657 13.581194 -0.0077936973 55.3099741851 15.9032835432 0.028214316604 2.34122003895 2.06310722535 0
1860 1.50808000565 57.666716 13.591636 -0.01411162 57.4189417699 15.2276263904 -0.00851097396032 1.65464697943 0.32089338062 0
1863 1.50958108902 59.905766 13.533857 -0.012519778 58.1338257429 15.7448167165 -0.0244764989142 2.83339286769 -0.685069645198 0
1866 1.52433300018 62.027534 13.447994 -0.021676244 60.3045301995 16.8082021616 -0.0327081012915 3.77620722235 -0.632078862996 0
1869 1.54350090027 64.181261 13.371995 -0.025327169 64.4266162817 14.7031911142 0.0418610167214 1.35361822859 3.84959947498 0
1872 1.52042889595 66.241252 13.310079 -0.024907545 65.3813644274 15.3308668812 -0.0107661059262 2.19613075616 0.810244775172 0
1875 1.5279211998 68.444119 13.24669 -0.026304862 67.1271036009 14.9966902982 0.0311885918349 2.19021245666 3.29413225437 0
1878 1.51819491386 70.49734 13.123327 -0.017605166 68.5030985842 15.2573591931 -0.0255374416845 2.92080335278 -0.454485918658 0
1881 1.55549502373 72.634932 13.039101 -0.019360635 72.3689343254 16.5208498339 -0.0339769138715 3.49189485882 -0.837451091524 0
1884 1.53452205658 74.720419 12.994859 -0.019347658 74.0284839765 15.60871598 -0.0117599870346 2.70389023239 0.43474152265 0
1887 1.53453803062 76.914825 12.90632 -0.036038761 77.1146114048 15.9466100111 -0.0102067023842 3.04684721629 1.48006793482 0
1890 1.55451893806 79.004774 12.78569 -0.032634565 77.3804764528 16.0776772 -0.0476133933456 3.6709021026 -0.858223646256 0
1893 1.52636790276 81.177999 12.691712 -0.029848436 80.8121393881 14.7625172922 -0.02605410724 2.10287608143 0.217399024032 0
1896 1.53010201454 83.222919 12.597068 -0.02122413 82.1629523251 13.6472103638 -0.0677525295467 1.49208858187 -2.66588092153 0
1899 1.53324604034 85.390174 12.538762 -0.021700441 83.9814884553 14.9590155307 0.0303322996848 2.80036106899 2.98125643774 0
1902 1.5123860836 87.449986 12.512039 -0.030894579 86.4207940471 14.8870789332 -0.00981873804846 2.58844562623 1.20755673621 0
1905 1.51676988602 89.572355 12.414566 -0.034322832 88.9867576281 15.4663518264 0.00493024163836 3.10746214972 2.24903545239 0
1908 1.51453614235 91.713838 12.339838 -0.030338307 90.3451750029 14.2776815337 -0.00512124981002 2.37244092884 1.44483094873 0
1911 1.52093219757 93.866625 12.234111 -0.027880568 93.1826499746 14.6280267516 0.0198161730046 2.48970971421 2.73282195609 0
1914 1.52191209793 96.027017 12.118277 -0.016096141 95.6192962349 13.9713031381 0.0364242911768 1.8973513356 3.00919910193 0
1917 1.52769494057 98.003729 12.063433 -0.023465033 97.3835746815 14.2066543808 0.0397655019666 2.23114079916 3.62284278994 0
1920 1.50587296486 100.1865 11.996018 -0.023536261 99.3386986963 16.2168953766 -0.071441541194 4.30517977312 -2.74477037151 0
1923 1.53434801102 102.26857 11.921444 -0.023061579 102.168007636 14.3569708329 0.0415565749384 2.43760204771 3.7023475006 0
1926 1.54089403152 104.50291 11.810699 -0.022632517 103.604014449 15.6509847018 0.00594428165966 3.94408512623 1.63732995519 0
1929 1.51970219612 106.528 11.779433 -0.025937223 104.54305061 17.1319671842 0.0215777099227 5.7087342095 2.72240512032 0
1932 1.51420116425 108.61821 11.737233 -0.017267816 107.491439572 16.4827250054 -0.0451729242013 4.87742821283 -1.59884492679 0
1935 1.50554800034 110.65428 11.638117 -0.015586443 109.2344677 15.7697658769 -0.0343594962694 4.36879724964 -1.07561672091 0
1938 1.53156614304 112.94226 11.558687 -0.011710616 111.626871845 14.9924317085 -0.0329313909156 3.67707067112 -1.21586084066 0
1941 1.54141902924 114.89636 11.528856 -0.01668203 114.779699117 15.6545262781 -0.00506247726499 4.12731934857 0.665751331546 0
1944 1.52268981934 117.03777 11.494892 -0.018548407 117.325528589 14.9633339239 -0.0106022823371 3.48035837017 0.455279406669 0
1947 1.54279208183 119.07747 11.406331 -0.016261061 119.13907438 16.0134926257 0.01608123812 4.60757347685 1.85307723933 0
1950 1.53448390961 121.291 11.334615 -0.012126455 120.618815366 15.4023505654 -0.00664225177956 4.12290004871 0.314221698523 0
1953 1.53682899475 123.43737 11.229443 0.0013807468 122.962080597 15.3784023845 0.0194059531901 4.17609434655 1.032768251 0
1956 1.53402209282 125.58554 11.258252 -0.0049853053 124.588059406 15.4895796657 -0.0126536204093 4.34730966802 -0.439362091741 0
1959 1.52457714081 127.50849 11.183265 -0.012828209 125.494109023 15.3644524901 -0.00025920402919 4.6411269696 0.720150937506 0
1962 1.71276712418 130.28779 11.390648 -0.01314096 129.137217131 15.051965474 0.0194319734568 3.83784621518 1.86629161343 0
1965 2.92100095749 132.78769 11.256475 0.0084755214 131.445445752 14.723482598 0.00101109365477 3.71776294369 -0.427680206282 0
1968 1.76216197014 125.9239 10.596074 0.27888777 132.132490036 15.1352906584 -0.0314255960752 7.69097380782 -17.7796462026 0
1971 1.44461894035 93.936275 13.265891 0.84250578 132.543880029 14.0726633162 -0.0330333630077 38.6160335564 -50.1646976928 0
1974 1.44770216942 59.212281 6.4432491 1.3602712 132.355178324 12.9346014422 0.0101570599718 73.4303825685 -77.3558420845 0
1977 1.53081488609 41.747696 3.5851691 1.5088422 136.944759976 11.4459097533 -0.114858784986 95.5210564913 -93.0312136309 0
1980 1.51877713203 40.889782 2.6549702 1.6071612 136.938571807 12.1588172292 0.0342982847002 96.517838412 -90.1184067993 0
1983 1.54443311691 40.408125 3.8011614 1.6070032 135.856597368 12.9881585586 0.211157618413 95.8895812593 -79.9760606769 0
1986 1.51795506477 40.388712 5.5337894 1.5172855 137.167888658 8.91602821532 -0.0853595535396 96.838259867 -91.8247976253 0
1989 1.52827501297 40.44034 7.6724587 1.5542124 40.6370805076 86.143603877 -0.849889983948 78.4713918076 -137.744920118 0
1992 1.51001000404 40.554207 9.7439313 1.5604739 38.9872275477 85.2405572164 -1.02454758979 75.5128859822 -148.110821315 0
1995 1.52895402908 40.580821 11.876658 1.5652859 38.1030330627 81.7603038869 -1.17016553572 69.9275581978 -156.72982233 0
1998 1.5232000351 40.665042 14.024391 1.567666 106.660878415 76.8833377046 -1.21221816785 91.1410862613 -159.275630353 0
2001 1.52804303169 40.771617 16.174621 1.5548315 29.094689935 96.8300319972 2.295401539 81.4962940802 42.4315376684 0
2004 2.87388396263 40.847233 18.25792 1.5551713 110.750623358 61.6664282763 0.85151996734 82.284765141 -40.3162516102 0
2007 1.51294183731 40.88758 20.352438 1.5597309 77.5175044385 42.3558111609 0.510495018645 42.7305487307 -60.1167877153 0
2010 2.09976601601 40.971014 22.508388 1.5678505 92.8899741022 73.5202486618 -0.387079614131 72.7859076076 -112.009244783 0
2013 1.48261904716 41.044823 24.54743 1.5705547 131.019348959 60.1898956472 0.415065473428 96.7770669063 -66.2046559554 0
2016 1.51885914803 41.105608 26.696222 1.5717508 17.8784909549 105.317202022 2.94460705283 81.9802260662 78.6588691651 0
2019 1.5195748806 41.160404 28.869777 1.5672714 78.9668014626 112.681255586 0.757593946304 91.9439374395 -46.3911008637 0
2022 1.52384495735 41.204205 31.003136 1.5608691 138.735035139 48.2634188762 2.60367250378 99.0463537568 59.7482338987 0
2025 1.54489088058 41.244227 33.116661 1.5660557 113.199984724 68.7949902443 -0.534763014556 80.3154670487 -120.368045866 0
2028 1.52176380157 41.277887 35.228156 1.5643441 137.996344049 63.8599789005 0.866154027708 100.867443789 -40.0033444402 0
2031 1.53075814247 41.31792 37.33529 1.5797774 100.715345806 122.206621717 1.05331222629 103.591491638 -30.1642325141 0
2034 1.52892398834 41.419072 39.474789 1.5713492 29.1440130283 47.7061645338 2.91915076625 14.7794660235 77.2233413671 0
2037 1.54930090904 41.429937 41.518923 1.5745722 121.415023842 24.4289864643 -0.0975994803547 81.7904642852 -95.8083799056 0
2040 1.52759885788 41.494048 43.684079 1.5737379 89.8239896768 26.5924483084 0.0124961101748 51.2631163916 -89.4525653564 0
2043 1.53391385078 41.508319 45.798644 1.5762653 66.4114182819 48.9486393875 -0.430737914376 25.1015303275 -114.992813653 0
2046 1.53067207336 41.512588 47.943477 1.5772604 114.364249929 12.7092458963 -1.76784529706 80.9247532419 168.339561533 0
2049 1.52636384964 41.583607 50.107906 1.5744728 122.792627465 96.0366400282 -2.99125014018 93.297125434 98.4033451018 0
2052 1.53671002388 41.632502 52.265699 1.5728612 23.7608025249 107.961114985 -0.934641642636 58.4925380185 -143.66933 0
2055 1.53742408752 41.660201 54.305408 1.5732479 112.347105521 39.9643552034 1.94265705643 72.1270009501 21.1655855771 0
2058 1.57185602188 41.689009 56.508616 1.5685378 40.9643637909 41.7983943468 -2.94303657171 14.7280593347 101.505829541 0
2061 1.5196518898 41.794127 58.57462 1.5657057 76.763990777 131.68459709 -0.39289525507 81.0429523323 -112.219568476 0
2064 1.53447985649 41.856016 60.76704 1.5641567 24.9155445189 88.0110485048 0.0675316418876 32.0813898298 -85.7502993434 0
2067 1.52840995789 41.858156 62.785084 1.5639758 97.1328636882 23.4154705859 -0.72537264286 67.8620642952 -131.170003611 0
2070 1.52497386932 41.958088 65.023529 1.5767642 13.9173974566 108.943722313 -1.45764504805 52.1081923195 -173.858843228 0
2073 1.5247399807 41.99726 67.044355 1.5737097 117.850140634 99.4674136524 -2.32952673069 82.491904044 136.36102608 0
2076 1.52471089363 42.044947 69.102812 1.5759217 38.9234278086 69.4198541299 1.61523919259 3.13757832965 2.25272638637 0
2079 1.54453802109 42.097902 71.261122 1.5727544 39.8627178156 71.0616028765 1.79198322879 2.2440713489 12.560886637 0
2082 1.60661792755 42.114798 73.459441 1.5684742 37.9856749853 73.8812468682 1.65792904172 4.15061164904 5.12538488735 0
2085 1.54336094856 42.172982 75.545483 1.5804547 35.6674333857 75.5095176334 1.88776465384 6.50564802931 17.6075633573 0
2088 2.18966984749 42.213453 77.648417 1.5799022 38.8921039216 76.3605599223 1.69191990774 3.56229358044 6.41814188445 0
2091 2.89794111252 42.308345 79.80823 1.5843424 39.995320455 81.2991715428 1.76759465612 2.75190647188 10.4995808617 0
2094 2.958370924 42.259747 81.948131 1.5870316 38.1844427182 83.6499033643 1.61935858989 4.41634851082 1.85220008523 0
2097 2.93357682228 42.325886 84.065588 1.5841531 37.0840330415 83.8653655254 1.69357892044 5.24567550254 6.26963768075 0
2100 1.97877717018 42.338042 86.100283 1.5789413 38.333386913 87.3461916548 1.74152155231 4.19398983565 9.31516228933 0
