3 2.68820810318 72.513547 45.80148 1.6808269 72.17704337 115.769374188 0.221980997327 69.9687033736 -83.5857131831 0
6 2.70938205719 72.505015 45.806851 1.6805552 31.843773136 87.1503717353 0.809164187134 57.9881306537 -49.9270273428 0
9 2.68442201614 72.51553 45.801787 1.6811119 30.6617619109 10.3550904581 -2.87072998632 54.8471165969 99.198670903 0
12 2.68335986137 72.511327 45.798497 1.6805172 116.745983778 61.5247847446 0.0168345321 46.94700189 -95.3219953197 0
15 2.71289420128 72.518426 45.80176 1.6806948 64.689396026 96.6859398309 1.82212774087 51.4829434609 8.10351059613 0
18 2.72079396248 72.509508 45.806599 1.6825332 35.5732784876 86.9690792271 -0.316929643422 55.3049259021 -114.560782221 0
21 2.70719194412 72.510969 45.800989 1.6811293 36.3485931471 79.8528597537 2.86085403463 49.671393469 67.5932482816 0
24 2.69625377655 72.522343 45.818169 1.6838228 75.3147878542 129.573093996 0.853623496493 83.8014630501 -47.5669162457 0
27 2.69810700417 72.508499 45.799812 1.6808804 137.70580359 12.4836666101 -1.34876824916 73.2164876887 -173.586081004 0
30 2.70984792709 72.523901 45.815543 1.6832165 33.5774498339 104.087723776 -0.493634443755 70.0890370234 -124.724371706 0
33 2.78866004944 72.511009 45.802779 1.6808191 45.4588132857 106.409967276 -2.42650886695 66.3705700118 124.667442418 0
36 2.70975780487 72.527172 45.853315 1.6851825 65.6085404474 112.87250369 -0.659502357915 67.3753598522 -134.340546647 0
39 2.70643091202 72.188088 49.017093 1.6798669 111.363181666 60.1246323907 0.235956982357 40.7193491486 -82.729944278 0
42 2.69926810265 71.804616 53.279503 1.6643548 64.1418029361 101.484617533 -1.30469205793 48.8103654069 -170.113854136 0
45 2.68164396286 71.568933 57.324136 1.642571 21.3918102399 34.0949710082 -1.02060670733 55.2931980871 -152.588842723 0
48 2.67153406143 71.37336 61.652431 1.6431927 43.7339297689 94.8236258295 0.701755738717 43.1771498586 -53.9403645591 0
51 2.68106102943 71.165072 65.844712 1.6344026 49.884844822 97.5324341554 -0.166478337161 38.1701428363 -103.182877105 0
54 2.69418716431 70.960331 70.343426 1.6128178 94.1412681053 64.9328887256 -2.15798223757 23.8039861931 143.94907246 0
57 2.68913793564 70.885213 74.631613 1.6236159 15.9373362843 98.3215467457 3.01273415318 59.8371299147 79.5906131519 0
60 2.67602396011 70.832043 79.069602 1.6124517 92.2959347999 77.7630068279 2.13353980626 21.5036239304 29.8561492432 0
63 2.70724821091 70.841819 83.283634 1.5826474 125.744722997 117.282878997 2.35661758837 64.5776859889 44.3452252626 0
66 2.69077110291 70.897044 87.066595 1.5142468 83.1713639148 131.119079928 0.795434658253 45.7305188869 -41.1849019848 0
69 2.69165802002 70.898205 87.488163 1.2381173 51.8882807486 70.0864448492 -2.14341183325 25.7720199954 166.252652364 0
72 2.69026398659 70.648486 87.373684 0.94938085 38.1195032491 66.806982911 0.417598470458 38.4853727083 -30.4688859672 0
75 2.69265294075 70.490448 87.162959 0.64684814 61.6761525446 97.882348918 2.72148695546 13.8779366114 118.86804814 0
78 2.67395305634 73.090524 88.460194 0.4660111 59.6175706186 98.52063043 2.65865877117 16.8146618752 125.629457517 0
81 2.66954398155 76.750616 90.291223 0.4640309 58.9689980886 97.4569505047 1.79130423343 19.1711654894 76.0471602656 0
84 2.69405913353 80.704264 92.172539 0.45240664 41.8669084628 110.657602706 2.98915437923 43.012065346 145.344939147 0
87 2.70185399055 84.637734 93.972859 0.42386385 57.5370058819 107.056267493 1.76928731424 30.0936046748 77.0870861586 0
90 2.7008869648 88.678811 95.730817 0.41656148 99.7213862899 91.4257255616 2.8622849497 11.8521002918 140.12963267 0
93 2.70857810974 92.647535 97.41769 0.40779386 94.8715294346 91.3995280793 2.53138623803 6.4159507596 121.672880667 0
96 2.67202997208 96.759828 99.128022 0.39320766 19.7797657514 71.1441347782 -2.93298844543 81.9086560007 169.423001326 0
99 2.69922018051 100.07577 100.58602 0.32958371 9.57417180047 54.3054756195 2.09032962592 101.64855171 100.883309777 0
102 2.79058599472 100.12714 100.52966 0.1390585 13.5613907424 67.9826402511 3.09477948227 92.4820925318 169.350337702 0
105 2.72890591621 100.08551 100.52401 -0.14356162 81.6494103049 123.502716444 1.56510579101 29.4603245364 97.8994312423 0
108 2.70251512527 99.772178 100.71077 -0.40700642 113.348540501 101.593585298 0.230621743951 13.6050351564 36.5334026931 0
111 2.70163798332 99.760338 100.7618 -0.66729138 102.418104618 61.239815032 -2.27680725686 39.6112486449 -92.2184668031 0
114 2.70405888557 99.638101 100.95548 -0.8821311 14.6988031296 67.6838886399 2.0470046182 91.2232597222 167.827114274 0
117 2.69783782959 99.549051 101.11221 -1.1251977 15.5577358742 69.4263585408 1.65621977327 89.7693388594 159.363482282 0
120 2.69025683403 100.80276 98.46873 -1.1938854 70.6999982999 122.850027474 -0.148890854699 38.7378875069 59.8737770599 0
123 2.6840569973 102.35582 94.496879 -1.1822805 101.999216933 96.1846818915 -0.995386907517 1.72506357799 10.7082140673 0
126 2.68195700645 103.84912 90.431736 -1.1842505 55.5273105266 124.004039788 1.02582370318 58.8395857599 126.627924253 0
129 2.72330594063 105.46668 86.336829 -1.1831903 95.2155931207 78.1091214461 1.15662115104 13.1445788749 134.061321001 0
132 2.70291209221 106.96067 82.891423 -1.1821311 104.796297272 84.9150008671 -1.09981051462 2.9630012976 4.71662210907 0
135 2.69015002251 108.13488 79.987125 -1.1809983 107.54130148 80.7310392276 -1.14719116625 0.951705751497 1.93700608119 0
138 2.69860005379 109.11096 77.465416 -1.174964 106.986783209 80.6988132742 -1.07217193788 3.86871877638 5.88955132676 0
141 2.6940009594 110.00241 75.115832 -1.1797573 109.639206232 77.7124333582 -1.18256122913 2.62188016319 -0.160653304994 0
144 2.7002928257 110.9669 72.896666 -1.1819268 109.941877241 74.7642711262 -1.07924855694 2.13040384982 5.88302997534 0
147 2.72300100327 111.79529 70.750926 -1.1680053 108.319539701 73.7763491238 -1.18100292468 4.60803919485 -0.744709037996 0
150 2.71426391602 112.62755 68.634671 -1.166408 110.169598297 70.7014126775 -1.13909353256 3.21137785655 1.56500370388 0
153 2.71326804161 113.50263 66.493746 -1.1746568 109.838828352 69.6555189055 -1.16069084558 4.83944732613 0.800190245161 0
156 2.70940804482 114.39844 64.423702 -1.1690506 113.499633945 65.8211638991 -1.16284705435 1.66155110785 0.355436983893 0
159 2.70758700371 114.9392 62.935672 -1.1627449 113.943598345 66.3969793724 -1.12877860354 3.60164842572 1.94612543294 0
162 2.71040296555 115.58582 61.52951 -1.1720902 113.950459593 64.9897374832 -1.10818990749 3.82721542344 3.66121707061 0
165 2.70605611801 116.16312 60.165609 -1.1710096 114.420466434 63.5372470979 -1.12943762189 3.79536360771 2.38189889188 0
168 2.72860479355 116.71267 58.758483 -1.1690165 114.060545331 61.651033985 -1.1505895299 3.92436191751 1.05578761578 0
171 2.67977285385 117.29804 57.404001 -1.1730259 115.707704179 61.1292830746 -1.18668680935 4.05054250165 -0.782712450209 0
174 2.68070888519 117.3062 57.346669 -1.1782941 115.140489054 61.0263102761 -1.20180161634 4.26966788174 -1.34688147322 0
177 2.68179702759 117.30973 57.394113 -1.1925087 113.95978694 61.6269684462 -1.19035439626 5.39807222351 0.123432512135 0
180 2.65934491158 117.3509 57.478875 -1.2542253 114.332215379 59.9085346144 -1.28031653233 3.87501002371 -1.49491749458 0
183 2.68657302856 117.31554 57.561663 -1.3141336 114.62066326 60.6071347498 -1.37459325588 4.06660286034 -3.46408311275 0
186 2.70341801643 117.31761 57.625945 -1.389572 115.716958355 62.2388015885 -1.38478974017 4.88267668354 0.274003304689 0
189 2.69995188713 117.34247 57.653648 -1.4539696 116.028594647 60.9614840208 -1.49549212779 3.55922008082 -2.37906559705 0
192 2.71433782578 117.36058 57.739095 -1.5147103 113.754350678 60.110543823 -1.47230644102 4.31609307635 2.42956215446 0
195 2.69119596481 117.34118 57.80351 -1.5718326 115.530944734 60.9130600148 -1.57377194369 3.59809018975 -0.111116208715 0
198 2.74713301659 117.32521 57.826191 -1.6475747 116.415530777 61.1844013696 -1.61683695033 3.47923744155 1.76114332769 0
201 2.68653321266 117.28663 57.948056 -1.7072698 115.952746998 58.4329055387 -1.61891247021 1.41926845143 5.06250208595 0
204 2.7035279274 117.37131 58.006137 -1.7818651 116.589884289 58.9589834853 -1.77126706364 1.23229159155 0.607222754596 0
207 2.69193100929 117.40314 57.989067 -1.8555926 118.014850908 59.8554248643 -1.82080045898 1.9640473295 1.99344284072 0
210 2.69435501099 117.02719 57.008887 -1.8977403 116.932133212 61.1336242736 -1.71844412922 4.12583244558 10.2729138686 0
213 2.69975209236 116.38504 55.250118 -1.9095407 116.368920869 56.2865866227 -1.778922061 1.0365939573 7.4838967404 0
216 2.69604611397 115.67443 53.450651 -1.9075572 116.49882337 55.338125706 -1.78697737017 2.05965657201 6.90871534345 0
219 2.69966197014 115.02136 51.574537 -1.9165104 114.992925085 52.9865070595 -1.87701994578 1.4122563483 2.26263635769 0
222 2.71898007393 114.35753 49.684701 -1.9233127 113.640536288 52.2905843351 -1.90786131431 2.70272232 0.885299187637 0
225 2.72040200233 113.59486 47.870819 -1.9110101 113.643088176 49.086388291 -1.82459266545 1.21652565045 4.95135427606 0
228 2.71241402626 112.87829 45.986656 -1.9118326 114.975306105 45.353072698 -1.74249223192 2.19064016799 9.70248839216 0
231 2.7108039856 112.17059 44.128463 -1.9122248 113.517865167 43.603391892 -1.81759639806 1.44597719325 5.42180805351 0
234 2.71273303032 111.43202 42.277019 -1.9027456 113.422815499 41.3365618175 -1.77087816033 2.2017553068 7.55544774844 0
237 2.72048306465 110.82393 40.37458 -1.9174412 111.753913266 40.8027760995 -1.81687646368 1.02382653577 5.76193495908 0
240 2.70527887344 110.14399 38.567468 -1.912432 112.663428225 38.4984599118 -1.82957178024 2.52038312296 4.74754088199 0
243 2.68901515007 109.42625 36.696167 -1.9074722 108.6103525 39.4354874603 -1.87212291135 2.85824514596 2.02536504863 0
246 2.82076907158 108.96452 35.308972 -1.917648 108.472133182 37.0651462409 -1.85402620128 1.82389493743 3.64526055173 0
249 2.69330120087 108.91335 35.330429 -1.9171391 108.540615299 36.9520608163 -1.96321616436 1.66391733713 -2.64002132043 0
252 2.70580887794 108.9585 35.348205 -1.9450374 108.029251082 37.8926596088 -2.00483503986 2.70882867811 -3.42615238905 0
255 2.69598889351 108.97674 35.368834 -2.0165302 109.105208641 38.2435105385 -2.04980654834 2.87754572381 -1.90659431725 0
258 2.70099711418 108.99865 35.397074 -2.0803106 109.640088422 38.2467825775 -2.10578912504 2.92100705688 -1.459811953 0
261 2.70802307129 109.05048 35.474836 -2.159245 109.033985995 38.2558089224 -2.15005469934 2.7810218351 0.526565440218 0
264 2.68491601944 109.09365 35.518169 -2.2238592 108.665013699 37.4738749404 -2.25645922177 2.00212756932 -1.86784365954 0
267 2.68531322479 109.14301 35.568827 -2.2920109 110.798528904 38.4603415921 -2.30453197146 3.33190628306 -0.717404549484 0
270 2.72005391121 109.24021 35.586114 -2.3597618 110.214737528 37.127620711 -2.33055176002 1.82371786258 1.67361201042 0
273 2.72308087349 109.32691 35.57971 -2.4292889 108.169429582 38.4340368671 -2.34140473999 3.08008811284 5.03539145467 0
276 2.69278001785 109.34422 35.612178 -2.4970016 108.496213915 38.0971279374 -2.45892760499 2.62566001436 2.18147922309 0
279 2.69759297371 109.45255 35.562283 -2.5751384 111.429832915 37.0125156841 -2.49809838222 2.45210574093 4.41406787231 0
282 2.69023299217 109.51035 35.610832 -2.6455993 107.861807479 36.8679446486 -2.54926202046 2.07316778236 5.51971952751 0
285 2.70085692406 109.52669 35.619453 -2.7060079 109.070517946 37.9200632113 -2.55481008678 2.34539981388 8.66299656932 0
288 2.70366692543 109.56751 35.667144 -2.7779359 111.649506591 36.3845561797 -2.64834499742 2.20213306559 7.4250117813 0
291 2.69214105606 109.58407 35.725569 -2.8421247 109.047107203 36.077142017 -2.73241604952 0.641819781095 6.28584264853 0
294 2.70926499367 109.62066 35.728072 -2.9074408 111.457229348 36.6138957325 -2.78463896263 2.03903669774 7.03602699789 0
297 2.69481015205 108.40689 35.538158 -2.9474042 108.758524686 37.3249884634 -2.88823214743 1.8211013308 3.39030887736 0
300 2.70246505737 106.63579 35.154474 -2.9731605 106.962866195 35.9810785013 -2.93799673285 0.888962225643 2.01473544932 0
303 2.7180211544 104.74277 34.838538 -2.9724974 103.98595329 36.8510367447 -2.87858687662 2.15009830689 5.38067664157 0
306 2.69347405434 102.71686 34.507066 -2.970186 104.15662828 36.2601599971 -2.84665785611 2.26853945571 7.07764129597 0
309 2.7262032032 100.87602 34.149296 -2.9774562 100.794425947 35.8711811484 -2.8311150771 1.72381729132 8.38472871136 0
312 2.68010401726 98.917573 33.856952 -2.9648121 98.6207096435 35.5358135968 -2.82806337784 1.70490589585 7.83512463381 0
315 2.70034980774 96.872255 33.519705 -2.9713846 96.5882184165 35.3349495746 -2.86541319154 1.83733220907 6.07171445402 0
318 2.69276595116 94.700759 33.157106 -2.9752463 94.7635187804 33.7340229035 -2.91911027537 0.580320517992 3.21635729006 0
321 2.70212697983 92.656194 32.878926 -2.9695623 93.8006131152 33.3955964811 -2.88479304513 1.25564465405 4.85692053678 0
324 2.69354987144 90.628889 32.525228 -2.9736018 90.8413586645 33.2818153809 -2.89941927054 0.785854836012 4.25034585182 0
327 2.71356797218 88.510396 32.191288 -2.9695852 87.0119036633 33.6829906868 -2.96422834665 2.11439262889 0.30692508828 0
330 2.76551198959 87.334812 32.006658 -2.9896435 86.0787930715 33.9786942172 -2.96664204382 2.33805696907 1.31788636164 0
333 2.70533800125 87.328365 31.983283 -3.0015998 87.0925380386 34.2860789066 -3.02413179458 2.31483980943 -1.29098819357 0
336 2.71547913551 87.328448 32.00285 -3.0442403 86.859184637 34.6189282366 -3.10360012197 2.657832471 -3.40106727177 0
339 2.73436999321 87.480424 31.977098 -3.121648 85.979396679 34.1411862624 3.12375209657 2.6336972161 -2.16493309609 0
342 2.72794103622 87.509332 32.088761 3.0972389 86.588007779 34.596513509 -3.09039203475 2.67164012667 5.47486225411 0
345 2.67020988464 87.537767 32.004513 3.0032565 86.9032339838 32.4080476903 2.94091822694 0.751978985727 -3.57171994822 0
348 2.68737792969 87.588829 31.971963 2.902116 87.1003986763 33.8817709151 -3.09850041604 1.97127635144 16.190004884 0
351 2.6770761013 87.696053 31.883789 2.7788249 86.3629161049 33.3736129012 3.05846920564 1.99920715225 16.0224384782 0
354 2.70513296127 87.777704 31.698119 2.6376296 86.506880848 34.9158991325 2.9102719325 3.45963877668 15.6212549686 0
357 2.69463801384 87.896098 31.65995 2.4917922 86.5299116495 35.6865723529 2.924139107 4.25207628308 24.7716530568 0
360 2.71256995201 87.958395 31.594625 2.366513 84.6813289124 36.264403442 2.84226406654 5.70490953824 27.2585282117 0
363 2.74674010277 87.964094 31.460561 2.2184109 85.7342481178 34.6379193912 2.31444914666 3.88172886804 5.50258620525 0
366 2.80281090736 87.708527 31.831987 2.1125682 85.6904362628 34.8664352285 2.33870484575 3.64425112675 12.9566753947 0
369 2.71551918983 86.721318 33.612273 2.0920166 83.9495844307 37.8526980543 2.28518269399 5.06593640115 11.0676019306 0
372 2.71177911758 85.724716 35.405361 2.0873093 83.0659894298 36.7809504372 2.04732769516 2.99350518199 -2.2907772157 0
375 2.68865418434 84.755772 37.248267 2.0862059 83.8010019882 38.4622444886 2.1312929968 1.544450426 2.58330035738 0
378 2.70968985558 83.690185 39.149374 2.0868314 81.9139827347 41.334633104 2.16404790332 2.81607028299 4.42417974921 0
381 2.70477700233 82.666747 40.97523 2.090975 80.6555840231 41.784230253 2.14811412672 2.16777718618 3.27383080592 0
384 2.70369696617 81.635815 42.877142 2.0910396 80.184472774 43.9078940399 2.12679537608 1.78012472173 2.0486550624 0
387 2.70085501671 80.624097 44.699122 2.0805048 78.714367962 44.8199246697 2.2127672322 1.91354599729 7.57807915334 0
390 2.71124577522 79.602515 46.546403 2.0762437 77.898917458 48.4108436733 2.08852270095 2.52554620018 0.703534931353 0
393 2.71902012825 78.599692 48.40129 2.0808805 77.1604553022 48.4210548033 2.0071652642 1.43937240477 -4.22357189695 0
396 2.70633912086 77.532669 50.298142 2.0919608 77.0400874625 50.5434326639 2.01280665223 0.550276367731 -4.53519859799 0
399 2.72206401825 76.53881 52.074716 2.0854653 76.4686924032 52.8109133472 2.08089852041 0.739528911854 -0.261657196541 0
402 2.71542096138 75.533974 53.92833 2.0838411 74.1670626411 55.295016351 2.09038684157 1.93294548425 0.375043365935 0
405 2.68562293053 74.451304 55.860797 2.0823704 74.8510404414 55.4552950258 2.05161324168 0.569404139132 -1.76225536177 0
408 2.71103096008 73.464188 57.689364 2.0801622 72.5351028531 56.5114247041 2.0947152395 1.50024671141 0.833827742257 0
411 2.71998405457 72.461178 59.521835 2.0808323 69.6874710257 59.988413223 2.15687800026 2.81267588204 4.35709767497 0
414 2.70145201683 71.469371 61.42577 2.0898858 69.7214136283 62.2915335338 2.12009982814 1.95061566423 1.7311362946 0
417 2.6862680912 70.386885 63.322712 2.0827703 68.1475212827 62.2035783012 2.1290537791 2.50343965261 2.6518480139 0
420 2.69639182091 69.38246 65.186025 2.0922796 67.5148365328 64.7284250996 2.17579593866 1.92286637189 4.78513372578 0
423 2.68485093117 68.400253 67.014087 2.0893798 65.2356739976 67.3934486335 2.11650618429 3.18723634388 1.55422733315 0
426 2.68520402908 67.30799 68.901204 2.089526 65.1398069731 69.0940475602 2.14181241568 2.1767421246 2.99579094414 0
429 2.70049381256 66.315197 70.741557 2.0869248 63.9571275553 70.2120088875 2.1224395747 2.41679802824 2.0348467004 0
432 2.7191798687 65.281228 72.464006 2.0745737 62.7603286724 72.4637784621 2.09475344599 2.52089933787 1.15621427714 0
435 2.71049904823 64.283593 74.421326 2.0918621 61.485863385 74.5517291701 2.13089309024 2.80076703516 2.23631101108 0
438 2.6761238575 63.28447 76.191493 2.091939 59.9796111389 75.5541393852 2.11318360344 3.36575574305 1.2172261146 0
441 2.68157315254 62.204887 78.125252 2.0893553 59.7798273398 78.0483588636 2.12452439782 2.42627840732 2.01504087429 0
444 2.65317797661 61.273659 79.948227 2.0960183 58.7781234865 80.1336187879 2.10883330664 2.50241235891 0.734245794867 0
447 2.66935801506 60.19879 81.787566 2.089809 57.2672241788 82.2836025689 2.10807106229 2.97323568551 1.0463390943 0
450 2.68171191216 59.161438 83.629466 2.0974137 57.0873780587 83.6869029294 2.08517811816 2.07485508918 -0.701047199463 0
453 2.69307613373 58.11891 85.485673 2.0964985 55.7966016415 85.9703349963 2.06107755498 2.37234343266 -2.02947065618 0
456 2.6803150177 57.036783 87.336936 2.0992423 55.2771205996 87.917943593 2.06660788783 1.85310053334 -1.86981408396 0
459 2.70464110374 56.357629 88.602308 2.124456 55.2370716675 88.2491281254 2.08839523728 1.17489776546 -2.06612950964 0
462 2.70333099365 56.200217 88.720884 2.2094598 55.1658041894 88.4644779285 2.17211860909 1.06571756866 -2.1394926409 0
465 2.68625402451 56.199637 89.07416 2.3631742 53.1933247244 88.2406354022 2.32144180752 3.11972382646 -2.39108995798 0
468 2.69605588913 56.109511 89.161307 2.4869631 53.3716890894 88.7240739815 2.49013011213 2.77251537897 0.181456428665 0
471 2.72414302826 56.023191 89.233423 2.608836 51.9288615898 87.8808276397 2.56715098749 4.31196562229 -2.38837528598 0
474 2.69702506065 54.873312 89.789936 2.6823278 51.5509244241 88.578406999 2.65670292489 3.53639105931 -1.46819719408 0
477 2.68517184258 52.997249 90.667048 2.6986067 49.9028150801 89.8430565471 2.72200134925 3.20226220027 1.34041466493 0
480 2.69446587563 51.122563 91.609157 2.7018871 47.8575284687 90.7072489328 2.72180281047 3.3873128955 1.1410861561 0
483 2.68494796753 49.137432 92.566213 2.7007601 46.1802632903 91.6800023509 2.7110385654 3.08710480746 0.588912687062 0
486 2.70756983757 47.308569 93.452781 2.7003868 44.5862217954 92.0121241345 2.67966863922 3.08004326379 -1.18706317223 0
489 2.68666601181 45.360782 94.336008 2.7008969 42.4776062302 92.7577995096 2.72632509946 3.28685937617 1.45692850974 0
492 2.71505403519 43.468079 95.251019 2.7064338 40.7356135974 93.6646002124 2.73313773564 3.15960309943 1.53002280853 0
495 2.68646001816 41.590918 96.131677 2.7064065 37.1078344432 95.1612893518 2.76027095655 4.58690422455 3.08620602619 0
498 2.71815991402 39.606214 97.06058 2.704478 35.5325008673 96.4105608566 2.73548625357 4.12524709251 1.77664205972 0
501 2.7051961422 37.718719 97.944153 2.696243 35.2058957156 96.5726787692 2.7414273472 2.8627298902 2.5888723947 0
504 2.73475003242 35.769603 98.891663 2.7044976 33.8694046984 96.8713516861 2.74141093307 2.77351967558 2.11497819288 0
507 2.66892504692 33.862509 99.822852 2.7013631 31.6553047676 98.6009715025 2.71684929806 2.5228441239 0.887293789523 0
510 2.68296909332 31.979521 100.73965 2.7066945 27.7175953648 98.959165776 2.75469255112 4.61888884822 2.75008575376 0
513 2.67627906799 30.015598 101.64307 2.7044148 27.3349761112 100.697888465 2.72120533248 2.84237609134 0.962026646795 0
516 2.65968298912 28.083667 102.5122 2.7038251 25.610830965 101.046322436 2.6879590762 2.87466782217 -0.909056201489 0
519 2.67455911636 26.231599 103.44351 2.6987262 23.7830403243 102.640275212 2.73409899717 2.57694115428 2.02671198752 0
522 2.69508123398 24.326425 104.3449 2.7056645 21.4836997154 103.312335207 2.69193392597 3.02444657661 -0.786703942429 0
525 2.66791391373 23.072168 104.95788 2.6888385 19.5450234432 103.944500128 2.69401690757 3.66983480398 0.296700898639 0
528 2.69588804245 23.059574 104.94595 2.6093304 18.9953733266 103.806450011 2.5841372645 4.22092256964 -1.44346033703 0
531 2.68624210358 23.148655 105.02795 2.4881616 19.0810480472 104.045870481 2.47506972853 4.18448401898 -0.750108980977 0
534 2.69569683075 23.15609 104.97342 2.3614352 18.8782211521 104.603453565 2.3988559969 4.29383710014 2.14405372839 0
537 2.68741798401 23.189116 104.80794 2.2179164 19.3421797107 105.408093358 2.23355744873 3.89346925855 0.896166079465 0
540 2.70204091072 23.170444 104.45908 2.0515088 19.5441435825 105.700734749 2.1260101402 3.83298333318 4.26861236138 0
543 2.68236398697 23.203193 104.36781 1.9241471 19.3296045496 102.65131882 1.97343838378 4.23686552241 2.82418252743 0
546 2.70815491676 23.268475 104.40083 1.8086424 19.3565922874 103.749998667 1.81387218879 3.96565351246 0.299644825491 0
549 2.68345308304 23.269141 104.3114 1.6661585 18.0458453112 104.199776325 1.60376121188 5.22448827136 -3.57510126213 0
552 2.71381092072 23.273746 104.22596 1.531085 19.9399964872 104.658421813 1.55990897832 3.36168247072 1.6514923064 0
555 2.67894291878 23.201513 103.9692 1.3630267 20.4456589658 103.838580771 1.47343508569 2.75894777782 6.32593452269 0
558 2.70651602745 23.573375 105.47089 1.3112874 19.5964705884 105.626384016 1.33221418395 3.9799431011 1.19901639895 0
561 2.70113110542 24.091257 107.45193 1.3021436 18.0987329941 106.972829826 1.27932021333 6.01164544348 -1.30768373025 0
564 2.69483685493 24.69734 109.54228 1.2971878 20.3113349036 108.45167064 1.23041584693 4.51956518725 -3.82575110072 0
567 2.69433379173 25.24514 111.62222 1.291934 22.3271270837 111.83067683 1.32392847407 2.92544930387 1.83314833183 0
570 2.70781183243 25.838263 113.71051 1.2925571 22.0993303063 113.681677915 1.2839137438 3.73904385868 -0.49522783084 0
573 2.69811296463 26.485855 115.66064 1.2984976 23.2059500453 115.739174279 1.34009645382 3.28084503516 2.38343875672 0
576 2.69759392738 26.666562 116.70228 1.2516028 22.8012577021 117.26187745 1.31279214827 3.90560195384 3.50589140682 0
579 2.66743016243 26.671044 116.66524 1.1445574 22.4792695419 116.556183344 1.11707117337 4.19319287198 -1.57484478052 0
582 2.69691109657 26.68282 116.71548 1.0360889 22.7548071731 116.182354552 1.00666316576 3.96402667893 -1.68597038106 0
585 2.68503093719 26.598988 116.54426 0.86252405 22.5232030084 115.488911861 0.86295743185 4.21019987557 0.0248309509028 0
588 2.7105178833 26.490987 116.49462 0.72378221 22.0219719185 115.801071117 0.707933670798 4.52251101182 -0.908054407733 0
591 2.71100306511 26.414554 116.44154 0.58967497 21.9264183147 115.994752358 0.628569008705 4.51031940403 2.228464266 0
594 2.69444513321 26.30131 116.37003 0.43724496 20.5704844729 116.137026584 0.474775803059 5.73556028768 2.15035890882 0
597 2.69679713249 26.176025 116.35464 0.31453037 21.1274996683 115.943068178 0.332795157975 5.06527387111 1.04649526469 0
600 2.70513987541 26.088883 116.46581 0.14702743 21.5355815628 115.231235097 0.262853420506 4.71770380273 6.63634041394 0
603 3.04821801186 25.977812 116.45377 0.019989929 21.5435059758 115.710408119 0.102604714434 4.49618246985 4.73347853076 0
606 2.74355816841 25.890585 116.45549 -0.11586106 23.5576279327 116.837459374 -0.030449858207 2.3640197293 4.89370138588 0
609 3.06976985931 27.617035 116.21759 -0.13548047 24.6665619513 116.394080947 -0.072470121114 2.95574698948 3.61022705681 0
612 2.70185089111 29.732468 115.90829 -0.14344069 26.8507163677 114.468827698 -0.0920210525941 3.22126437742 2.94612820745 0
615 2.66292595863 31.744289 115.6014 -0.14068963 27.1672429206 115.27425064 -0.123177156227 4.58872286333 1.00339083602 0
618 2.75822591782 33.87565 115.27561 -0.13567301 29.8112825264 114.73845296 -0.0669984861121 4.09970982468 3.93476037885 0
621 2.6668009758 35.936054 114.9269 -0.14240112 32.5673166236 113.949983373 -0.0517777968809 3.50752870366 5.19233394017 0
624 2.70522904396 38.113735 114.67885 -0.14674677 33.7300958854 114.07367233 -0.0973112440731 4.4252154636 2.83244699362 0
627 2.69635105133 40.163768 114.30534 -0.14012204 36.353958996 114.419105023 -0.0845124288448 3.81150719887 3.18619601956 0
630 2.70358490944 42.346763 113.98058 -0.16006212 38.7204034901 114.287806614 -0.0719551924597 3.63935042106 5.04815509392 0
633 2.68639111519 44.341947 113.67079 -0.15507802 41.4319185884 115.227582266 -0.089111044615 3.30028294463 3.7796292768 0
636 2.69552493095 46.544067 113.30502 -0.15009707 42.2644754328 114.507575672 -0.0478411910764 4.44533959633 5.85883029272 0
639 2.66696214676 48.557097 112.97025 -0.14631805 45.0760032964 113.946192773 -0.0489508232845 3.6153115591 5.57873115369 0
642 2.69640398026 50.586062 112.64729 -0.14866611 47.3309886853 114.229898677 -0.0837516320347 3.61941328258 3.7193256167 0
645 2.66953396797 52.747394 112.3225 -0.14488479 49.4398294532 114.252155064 -0.0713181447315 3.82930175071 4.21505828682 0
648 2.67317509651 54.919709 111.95097 -0.14565598 50.8068918229 113.736798562 -0.0416976129317 4.48379847723 5.95637567808 0
651 2.68195915222 56.9199 111.70562 -0.14317608 54.0159053112 113.313636361 -0.0728254482732 3.31947311641 4.03079428402 0
654 2.68847894669 58.963864 111.32719 -0.14485493 56.3152666408 114.228229496 -0.0635711801656 3.92824364403 4.65721580851 0
657 2.69147491455 61.070196 111.0267 -0.15209978 58.761979566 112.091622671 -0.100478391199 2.5420313532 2.95768771091 0
660 2.68165612221 63.25691 110.67843 -0.1447313 60.060544828 111.475105917 -0.0943523668942 3.29415282439 2.88650024333 0
663 2.6856970787 65.338645 110.4192 -0.14848438 61.4212814138 111.635807372 -0.131454273692 4.10193502666 0.97575321608 0
666 2.75974702835 67.412523 110.08404 -0.1445869 63.8266712846 111.748997846 -0.0793877774811 3.95353223772 3.73563454829 0
669 2.68290090561 69.507235 109.73429 -0.15139682 65.9464929438 111.02579865 -0.10133734832 3.78772736395 2.86819645194 0
672 2.7139480114 71.647859 109.39116 -0.14906575 68.0612780565 111.052462015 -0.108644886696 3.95265572115 2.3159448716 0
675 2.62617897987 73.702975 109.06139 -0.1559357 70.4847055673 111.731502642 -0.0880604087333 4.18171731029 3.8889677228 0
678 2.65360498428 75.754203 108.72815 -0.15045699 71.6517367287 109.768083632 -0.131026407807 4.23222063051 1.11329035312 0
681 2.65992712975 77.860742 108.43703 -0.15243836 74.3879023039 109.570207295 -0.161876818403 3.65304069739 -0.54078383162 0
684 2.66818809509 79.97813 108.08555 -0.15170568 75.8378874481 108.292563826 -0.160195978165 4.14541470935 -0.486458251644 0
687 2.67140316963 82.120618 107.73965 -0.14888428 78.8243245739 109.123731549 -0.172298882331 3.57508490583 -1.34155789256 0
690 2.68100500107 84.192494 107.42985 -0.14593359 81.0761953653 107.990387082 -0.133381274469 3.16630999761 0.719194703066 0
693 2.67064785957 86.28045 107.15458 -0.15823172 82.9232048192 108.900457453 -0.135930310596 3.78406967252 1.27777663603 0
696 2.67242908478 88.385341 106.75858 -0.15035877 84.4597726825 108.677072458 -0.109473283424 4.3692905519 2.34256582417 0
699 2.68712496758 90.512184 106.42958 -0.15443508 86.9926346675 108.628883582 -0.0986696253382 4.15020044668 3.19512519475 0
702 2.71352696419 92.541412 106.11165 -0.15857271 89.4609767153 107.847529847 -0.0858320887843 3.53586769927 4.16773059482 0
705 2.72143816948 94.624435 105.7799 -0.14991569 91.4261455081 109.048009148 -0.0862167521986 4.57270085177 3.64968029549 0
708 2.66627407074 96.812614 105.41142 -0.16008539 93.5679051922 107.112155698 -0.131526675267 3.66341878054 1.63629382252 0
711 2.66807603836 98.833392 105.05687 -0.15857643 94.1324296054 106.657257647 -0.135869795505 4.96591261068 1.3009943235 0
714 2.77559185028 100.9283 104.72764 -0.15390186 95.9240143351 106.623691458 -0.139919190349 5.35143776435 0.801147957356 0
717 2.69138717651 103.02648 104.38009 -0.15580909 98.3418871987 106.268934581 -0.1557038672 5.05105370836 0.00602882236573 0
720 2.66946578026 103.56436 104.3046 -0.21764658 98.379559973 105.793451656 -0.231444103066 5.39433319069 -0.790539839418 0
723 2.67812514305 103.46604 104.39779 -0.32798619 98.6627667648 106.914609756 -0.287969467421 5.42271292378 2.29278931371 0
726 2.67386102676 103.43166 104.43448 -0.46455789 98.7389513386 106.99940459 -0.506287996629 5.34792976155 -2.39095898846 0
729 2.69085502625 103.35806 104.51276 -0.60050128 98.3138345457 105.324706353 -0.585681484323 5.10915524472 0.849111745533 0
732 2.68901515007 103.30537 104.5712 -0.75278089 100.897194788 105.473027058 -0.607233482458 2.57149759727 8.33925217125 0
735 2.71830010414 103.24477 104.73622 -0.88717849 99.1939530637 107.108256798 -0.821844538509 4.69421733879 3.74335967933 0
738 2.70482397079 103.11543 104.83266 -1.0218313 99.7009621014 105.995814244 -0.974452828981 3.6071482955 2.71458642919 0
741 2.65964388847 103.3336 104.43355 -1.1359167 100.48956046 106.391448646 -1.08646874413 3.45281450637 2.83315917685 0
744 2.6655049324 104.18264 102.5184 -1.1499809 102.106150595 104.736501797 -1.09237299866 3.03838506951 3.3006896135 0
747 2.66487216949 105.02068 100.61649 -1.1544373 103.888212111 102.695036992 -1.06129541367 2.36703213292 5.33663698282 0
750 2.69500112534 105.97315 98.645528 -1.1675657 103.587912281 101.657784294 -1.02191823272 3.8422710676 8.34498517168 0
753 2.66630506516 106.66644 96.709247 -1.154133 104.905907714 98.7091918733 -1.08571874466 2.66444242318 3.91984808954 0
756 2.67095780373 107.65453 94.805864 -1.1707179 104.916067679 97.4999580822 -1.10282951072 3.84152558366 3.88971818355 0
759 2.72764086723 108.36584 92.821603 -1.1639211 105.196114304 96.1395092231 -1.09600996875 4.58864497364 3.89102120248 0
762 2.69390010834 109.18739 90.932737 -1.1605274 107.580596896 91.8359585827 -1.06735020363 1.84325616961 5.33866009863 0
765 2.68573307991 110.00551 88.971931 -1.1631703 108.593569045 89.4190882643 -1.10061892518 1.48105600108 3.58392977968 0
768 2.67657184601 110.83946 87.051439 -1.1600004 108.643599962 89.8281996811 -1.08940224544 3.54008491225 4.04497629773 0
771 2.67594599724 111.68317 85.129972 -1.1502451 110.122318806 86.7634849205 -1.09429913016 2.25934081364 3.20546795255 0
774 2.68306303024 112.49307 83.177328 -1.1488654 110.973692488 86.1332857387 -1.04771955467 3.32358152867 5.7952300526 0
777 2.66076111794 113.40329 81.226755 -1.149046 111.970022403 83.5253890853 -1.0867471243 2.70886962816 3.5694626459 0
780 2.68726682663 114.20236 79.347389 -1.1522317 112.664578568 82.19913516 -1.17286159777 3.23994257548 -1.18200607377 0
783 2.68042111397 115.10134 77.33273 -1.146946 113.602913951 81.1586793467 -1.10504244107 4.1089133633 2.40089707299 0
786 2.70491504669 115.87569 75.433999 -1.1405871 113.727079858 78.5768812339 -1.13560165849 3.80712940158 0.285644757517 0
789 2.69654488564 116.74641 73.521868 -1.1514597 114.974972349 76.8722438344 -1.14656000243 3.78985614295 0.280731991634 0
792 2.66966700554 117.66191 71.592443 -1.1472421 114.899465123 74.796236198 -1.08592051021 4.23029461816 3.51346828802 0
795 2.67512392998 118.47567 69.543126 -1.1411103 116.827315858 72.3811381423 -1.09977634806 3.28197871668 2.36826099684 0
798 2.69101595879 119.32773 67.660396 -1.1493947 117.549715913 69.9179843638 -1.08497284837 2.87368044766 3.69110020709 0
801 2.66244983673 120.23613 65.736718 -1.1477983 118.695646174 67.7920139178 -1.10078914106 2.56852715161 2.69342640564 0
804 2.6933350563 121.05504 63.851108 -1.1435448 119.78043651 66.2760703913 -1.12116910831 2.73953584702 1.28203269735 0
807 2.6631629467 121.9387 61.889647 -1.1416966 119.778193381 64.628835236 -1.12424038244 3.48868758153 1.00016759246 0
810 2.66374397278 122.75206 59.947854 -1.134592 121.625758901 62.7704994649 -1.09117972268 3.039059326 2.48734026941 0
813 2.65306591988 123.61313 58.017737 -1.1345099 122.289396869 61.3340310093 -1.08093603767 3.57072476667 3.06955620385 0
816 2.81175017357 124.50226 56.14403 -1.1250591 123.118496707 58.9698868573 -1.13547357493 3.14646910526 -0.596705459559 0
819 2.68091893196 125.37031 54.195354 -1.1346431 124.051804369 56.299003028 -1.07956337329 2.48269940439 3.15583587713 0
822 2.67677903175 126.19009 52.293812 -1.120627 124.891362855 55.6454103483 -1.10821699174 3.59442675338 0.711041097164 0
825 2.66363787651 127.09539 50.434417 -1.1252352 126.430235632 54.408205266 -1.1304400176 4.02907228978 -0.298214081415 0
828 2.69830107689 127.94916 48.435924 -1.125081 126.813280857 50.8602803426 -1.14187147563 2.67726074605 -0.962023389531 0
831 2.67638897896 128.83417 46.49897 -1.1135569 128.232780377 50.9879844699 -1.06345811024 4.52911916273 2.87044921222 0
834 2.67958402634 129.69028 44.561049 -1.1141866 128.520656832 47.2631506205 -1.16929481481 2.94437964981 -3.15746812495 0
837 2.67794919014 130.6504 42.689185 -1.1179531 128.614608708 45.4530795131 -1.13775266589 3.43271890259 -1.13443156181 0
840 2.68072104454 131.56218 40.752166 -1.1133477 130.322713616 43.865786107 -1.07580276457 3.35125455424 2.15116634199 0
843 2.67330694199 131.80181 39.159633 -1.0655485 131.582097867 42.8362631286 -1.1058799232 3.68318917838 -2.31082033136 0
846 2.67037320137 89.526265 39.287264 -0.26055386 132.15129169 41.1168177344 -1.10125307765 42.6642727258 -48.168517011 0
849 2.65831017494 49.129117 22.860079 0.57174269 133.726808681 41.0453844888 -1.09461516736 86.5301957324 -95.4752723853 0
852 2.66298413277 45.693587 19.436118 1.0035584 133.947386143 39.9895828718 -1.04118414419 90.6155504389 -117.155117973 0
855 2.65234899521 46.841947 21.209275 1.0214136 131.433858321 38.7468478434 -0.531152260995 86.3907282191 -88.9554712511 0
858 2.68282008171 48.00008 22.972907 1.0079248 34.807657414 90.0233061935 1.55267258673 68.335905977 31.2117490787 0
861 2.67012095451 49.170996 24.731115 1.014741 28.6821902879 97.7017868035 -1.84337177007 75.7925464868 -163.757799097 0
864 2.65167498589 50.349541 26.532036 1.0144485 39.1097480362 99.0485287896 1.05553725452 73.3823866631 2.35421221972 0
867 2.93823719025 51.518278 28.351001 1.0069992 56.4172533485 106.918459447 2.6627191726 78.7200450097 94.8657664853 0
870 2.77821707726 52.642563 30.101924 1.0170679 36.2362469165 98.3064790792 1.70532051984 70.1500430576 39.4339703557 0
873 2.67554497719 53.80357 31.912095 1.0183648 55.6798543386 103.483815632 -3.06656916332 71.59631022 125.950524312 0
876 2.67696499825 54.946688 33.671099 1.0064723 53.5586159694 104.086379644 -3.03747934588 70.4289606066 128.298638136 0
879 2.65838503838 56.161659 35.476636 1.0152563 50.0954273146 104.488005418 -3.06966248192 69.2774730757 125.951394143 0
882 2.68940901756 57.333476 37.252395 1.017552 36.8772033446 105.735552601 1.51096093089 71.4730856052 28.2702493143 0
885 2.73196601868 58.434052 39.044555 1.0099164 57.8813445956 107.806308788 0.509634513939 68.7639750853 -28.6640406382 0
888 2.83140492439 59.558673 40.733157 1.0155176 79.7460055728 26.346230909 0.0295964744909 24.7893533347 -56.4891194245 0
891 2.80475091934 60.829575 42.673596 1.0256616 138.587373247 99.2087091401 2.26729122862 96.1378916244 71.1401374384 0
894 2.65637803078 61.938983 44.298725 1.0235902 9.04398807 72.2171227073 -3.04706478359 59.8106798088 126.768649587 0
897 2.66282486916 63.08776 46.123861 1.0214801 34.4358545205 124.544878683 2.22264719855 83.4912432654 68.8218052369 0
900 2.67050886154 64.233274 47.872937 1.026201 94.5454345809 25.1719750719 -2.78320070832 37.8703149122 141.737359643 0
903 2.6932618618 65.367062 49.701179 1.0288308 61.6179251417 50.4783459472 0.958829405348 3.82883998698 -4.01078447359 0
906 2.67294812202 66.47055 51.411163 1.0247772 62.242606833 52.7835673997 0.960721137667 4.44510936424 -3.67014202389 0
909 2.68483185768 67.601685 53.206336 1.0345375 66.100901458 53.0038537565 0.91165566387 1.5143811604 -7.04061058909 0
912 2.65846586227 68.713633 54.989386 1.0321621 51.8273269065 135.456266891 1.10394173365 82.2196220731 4.11267006328 0
915 2.75274610519 69.889939 56.860516 1.0335194 42.9244028628 128.645704115 1.50798756503 76.6828101458 27.1850233694 0
918 2.68253111839 70.97178 58.665246 1.0279054 33.1041901449 22.516050498 0.129748302754 52.3518738622 -51.4606110119 0
921 2.65770411491 72.083269 60.388926 1.0348295 69.6338403843 61.1475333995 1.17454983774 2.56421249702 8.00538566463 0
924 2.68349909782 73.21006 62.180545 1.0389104 69.6469559001 63.4056796286 1.00504939592 3.76784629269 -1.94009262359 0
927 2.69558811188 74.211219 63.966291 1.0279221 72.0571878489 65.1763917042 1.18437790635 2.47066669428 8.96425738427 0
930 2.69304180145 75.394113 65.876292 1.0355825 72.1230294065 66.2024948409 0.905815725766 3.28730834711 -7.43508848462 0
933 3.08247804642 76.475569 67.55587 1.0353462 74.091666354 68.6951309775 0.956628533487 2.64214068519 -4.51019006431 0
936 2.68504309654 77.652303 69.425792 1.0395167 75.0066951186 69.5521038431 1.1801887596 2.64862147994 8.05991531075 0
939 2.96863508224 78.72098 71.209083 1.0347632 75.0560810501 72.0546501266 1.02718423273 3.76117908087 -0.434242837688 0
942 2.68718600273 79.923618 73.070281 1.0406815 77.7593389439 75.6199778103 0.971251022439 3.34440692159 -3.97807333385 0
945 2.69925403595 80.886825 74.813727 1.0240856 78.3397191162 75.4853226954 0.962094982743 2.63415815045 -3.55180073822 0
948 2.69720101357 82.003807 76.66259 1.0354781 79.6037114205 77.5419452182 0.971894249481 2.55611509731 -3.64308627991 0
951 2.67905592918 83.149971 78.458347 1.0359732 80.7392809379 81.1399869248 0.96281937808 3.60591448342 -4.19140525128 0
954 2.69252300262 84.209192 80.07724 1.046865 81.8582058182 80.7839915221 0.999668117885 2.45492031257 -2.70418215134 0
957 2.70071005821 84.421821 80.346791 1.1291589 81.32508517 80.8596277676 1.04109207152 3.13891292505 -5.04585758711 0
960 2.70751190186 84.549549 80.462185 1.2384433 81.5237500525 80.9716296504 1.18397630034 3.06838607784 -3.12072920345 0
963 2.69245100021 84.477315 80.645515 1.377415 82.4837682836 79.4142688795 1.34350402344 2.34311662531 -1.94295583625 0
966 2.69589209557 84.491575 80.745704 1.5042297 81.0572063513 79.5139927288 1.38571431588 3.64856145221 -6.79043131742 0
969 2.69696092606 84.58151 81.604236 1.6242617 80.5810041528 81.1427176376 1.52398202139 4.02703938797 -5.74560235527 0
972 2.68773007393 84.52138 83.606555 1.6450761 81.5072817776 82.2514149909 1.62471379021 3.30472276274 -1.16667441213 0
975 2.65985298157 84.450105 85.633891 1.6510189 81.4094005472 86.8099001609 1.60656908006 3.26019648421 -2.54678708261 0
978 2.686398983 84.288283 87.799076 1.6553182 81.5537723745 88.3896055392 1.63304197461 2.79754776502 -1.27633369808 0
981 2.67275905609 84.219899 89.940013 1.6574582 80.873058335 90.7945434326 1.60708271219 3.45420970662 -2.8863028424 0
984 2.68578004837 84.085061 91.960688 1.6559816 80.698110579 93.1631390634 1.62655686919 3.5940675723 -1.6859128885 0
987 2.68491506577 83.972707 94.061302 1.6546883 80.4758459741 95.0705585602 1.68631513846 3.63959281218 1.81208436312 0
990 2.68979978561 83.850194 96.236204 1.650278 80.1013283523 95.9093106513 1.7084476449 3.76309087137 3.33287514882 0
993 2.70185184479 83.742141 98.372522 1.653672 79.2493541736 98.964142585 1.6586955027 4.53157239639 0.287825503366 0
996 2.69882893562 83.558608 100.37046 1.6603574 80.3259481437 101.344346287 1.60853698185 3.37617301793 -2.96909125279 0
999 2.67964410782 83.448658 102.54165 1.6520527 79.2892764447 102.495514549 1.62017578727 4.15963741236 -1.82641256334 0
1002 2.73558712006 83.308795 104.69204 1.6576029 78.8228771157 105.211805808 1.63275049126 4.51592911372 -1.42393813167 0
1005 2.70265507698 83.194681 106.76107 1.661421 79.2156165551 107.912297711 1.72948183472 4.14225531559 3.89959857982 0
1008 2.71822309494 83.066158 108.84686 1.6653468 78.1507164444 108.929863294 1.66195349722 4.91614231218 -0.194421928068 0
1011 2.67501187325 82.920912 111.09751 1.6564676 77.9653424402 111.708081657 1.63910972244 4.99304189953 -0.99453312532 0
1014 2.68535017967 82.798446 113.12029 1.6519674 79.1892302376 113.50099029 1.67866536823 3.6292383678 1.52968090124 0
1017 2.66920495033 82.725101 115.25424 1.6521864 78.5306654373 116.363724006 1.66328464951 4.33869155954 0.635882857035 0
1020 2.67969107628 82.605874 115.888 1.7134215 78.6818865062 117.458376765 1.69155668519 4.22655427459 -1.25276160844 0
1023 2.65005803108 82.650086 115.98425 1.8265292 78.5890508657 117.642185844 1.83514786966 4.38642880087 0.493813396414 0
1026 2.66434502602 82.697137 116.16336 1.9516157 78.6659007852 115.876107415 1.97766688223 4.04145759194 1.49262279311 0
1029 2.69638609886 82.611261 116.28116 2.0730733 78.3960081615 116.777289315 2.08238315342 4.2443492775 0.533415309058 0
1032 2.85032296181 82.517518 116.45008 2.1971216 78.3430918749 116.451887763 2.18261092565 4.17442651654 -0.83140039812 0
1035 2.69156503677 82.418538 116.4581 2.3123831 78.2725570837 116.011051803 2.34971392794 4.17001317124 2.13889888675 0
1038 2.69812607765 82.414024 116.83182 2.4679277 77.8808388443 115.545626858 2.50775735899 4.71211846771 2.28207135929 0
1041 2.69451403618 82.282962 116.94587 2.5874118 79.7605065696 115.187261992 2.69875989737 3.07497699583 6.37977603594 0
1044 2.69057798386 82.208722 116.96752 2.707272 78.6699685627 116.14937966 2.80824243412 3.63209712229 5.78517973041 0
1047 2.69050192833 82.043289 117.20312 2.8493508 78.7984975156 117.450721191 2.97007733759 3.25422465832 6.91712107927 0
1050 2.69772911072 81.832352 117.28824 2.9891727 77.4970640092 116.997870044 2.98569541466 4.34500134348 -0.199233773877 0
1053 2.70202112198 81.142386 117.29523 3.0875315 76.2064871786 115.886530221 3.12088235896 5.13298473032 1.91086346128 0
1056 2.71121001244 79.131234 117.37152 3.1037602 74.651558867 116.350803989 -3.07386242737 4.59449131809 6.04829602715 0
1059 2.67538118362 77.094643 117.50841 3.1079346 74.1139403561 115.615476552 -3.10437609268 3.53097511881 4.06081628543 0
1062 2.68882703781 74.899205 117.59033 3.115912 72.3902399077 116.659213751 -3.13378342804 2.67616952067 1.91882873116 0
1065 2.69196414948 72.824078 117.69503 3.116944 69.3899272043 116.36383765 3.13053387546 3.68313246591 0.778642507841 0
1068 2.68619799614 70.711208 117.83017 3.1174699 67.9148540488 116.633615955 3.13535840117 3.04160105929 1.02493561894 0
1071 2.6771337986 68.550781 117.88294 3.1169773 65.2285800032 116.651076211 3.11474605307 3.5432340959 -0.127841032297 0
1074 2.67755007744 66.454241 117.99143 3.11617 63.8671238327 116.744802776 3.08936296534 2.87180338358 -1.53592994704 0
1077 2.68970894814 64.352032 118.06903 3.1139299 60.5002080896 117.856527556 3.104732577 3.85768126275 -0.526967790491 0
1080 2.69361400604 62.204954 118.16997 3.1178991 59.2652274983 117.716697294 3.12130931881 2.97446601108 0.195391144897 0
1083 2.68792700768 60.134729 118.2293 3.1166836 56.5320921661 117.690964919 3.11467015692 3.64263597098 -0.115361790971 0
1086 2.69108510017 58.034017 118.36643 3.1239361 54.7491076569 116.835061407 3.12415742003 3.62432326909 0.012680703369 0
1089 2.68671989441 55.858025 118.47896 3.1251128 52.2030850899 116.862005669 3.12741492337 3.99663947007 0.131901953121 0
1092 2.69780302048 53.766425 118.55 3.1243401 50.8455106709 116.888860135 3.14078450812 3.36022710082 0.942195181865 0
1095 2.69105696678 51.628528 118.603 3.1187628 47.8022539557 117.107030136 3.13719335382 4.1083206905 1.055992948 0
1098 2.68471813202 49.494235 118.64783 3.1200968 46.7426179111 117.418835307 -3.13784365955 3.01360657015 1.44642322336 0
1101 2.68805217743 47.379245 118.80828 3.1260538 45.4551810664 117.565198757 3.13060475469 2.29069268927 0.260750496375 0
1104 2.67882299423 45.313934 118.87713 3.1250737 44.2945817536 117.534825569 3.10375545114 1.68548514921 -1.22144568653 0
1107 2.67692279816 43.229975 118.9845 3.131291 43.0045540336 117.19795401 -3.13480382562 1.80071130045 0.97921246332 0
1110 2.69717502594 41.038059 119.03542 3.1300111 39.2840645898 117.110791597 -3.12307525052 2.60397597521 1.72454318412 0
1113 2.69951415062 38.877743 119.09254 3.1262084 35.8884057761 118.405800447 3.12948149488 3.06720528357 0.187534522565 0
1116 2.67818903923 36.866989 119.17866 3.1252668 33.8082066097 118.920599868 3.07679073387 3.06964896088 -2.77747399692 0
1119 2.68780684471 34.67231 119.25843 3.1314701 32.3008443882 118.471249267 3.04741143982 2.49870019301 -4.81620645991 0
1122 2.69435095787 32.567479 119.34722 3.1353596 31.0937329822 119.196149921 3.05355451109 1.48146869477 -4.68708633695 0
1125 2.70971417427 30.502201 119.36971 3.1349527 27.4327265418 117.531351199 3.11669108581 3.57788157008 -1.04631342009 0
1128 2.69773602486 29.15421 119.31018 -3.13185 26.7343527382 117.335622539 -3.13148625082 3.12323331388 0.0208412925621 0
1131 2.70228695869 28.938717 119.39146 -3.028318 25.8171788896 117.153518595 -3.02923374177 3.84088295932 -0.0524681387294 0
1134 2.7352309227 28.80706 119.32785 -2.9089456 26.1794172981 114.666420269 -2.92216682934 5.35102170642 -0.757520640951 0
1137 3.07501292229 28.607415 119.34948 -2.7753086 26.0331632622 115.752499181 -2.74272047305 4.42323897398 1.86716213652 0
1140 2.75253605843 28.309413 119.3977 -2.6319404 25.1753601458 116.578699344 -2.61424969647 4.21533533538 1.0136026489 0
1143 2.68528294563 28.176965 119.31562 -2.5155106 26.3351500978 117.288222797 -2.44972183936 2.73909137357 3.7694183243 0
1146 2.71811795235 28.13257 119.1422 -2.3876282 25.4536399724 117.308771507 -2.41668040832 3.24624800851 -1.66456892212 0
1149 2.69687795639 28.071656 119.10664 -2.2643471 25.8073394851 118.090605218 -2.23240853891 2.48182512631 1.82994475419 0
1152 2.70786786079 27.847582 119.05477 -2.1225081 25.2687469271 117.92548993 -2.1345036886 2.81525554981 -0.687296599392 0
1155 2.69972300529 27.651134 118.95518 -2.0012288 25.9208344575 117.952831232 -2.03254350626 1.99965986081 -1.79420050553 0
1158 2.68556404114 27.585975 118.8068 -1.8653126 24.1136143334 119.40474499 -1.84547687774 3.52346800887 1.13650316899 0
1161 2.69313502312 27.545652 118.66047 -1.7395281 22.9878585498 118.919707124 -1.79890343051 4.56515991194 -3.40195584519 0
1164 2.7052230835 27.426878 118.54472 -1.6078392 26.4588039729 116.921698679 -1.60557003331 1.88980568626 0.130013674515 0
1167 2.70400905609 27.408113 118.27266 -1.4907581 50.5474548852 97.5267228268 -0.633164209137 31.0776938024 49.1365104826 0
1170 2.74113798141 27.619078 117.43976 -1.368489 26.8728240227 116.63350148 -1.38250873526 1.09861176004 -0.803271660128 0
1173 2.74508595467 28.00462 115.50954 -1.3464267 21.7262660667 69.0216028958 1.38944676632 46.9099778759 156.754002902 0
1176 2.90320611 28.352772 113.43776 -1.3439724 25.9946716111 113.647951354 -1.36997226705 2.36744965085 -1.4896826496 0
1179 2.66004800797 28.777386 111.37552 -1.3470791 26.3133492763 110.386394105 -1.3007613175 2.6551547998 2.65381345368 0
1182 2.68795013428 29.292879 109.18718 -1.3487141 35.4240256704 134.019242362 -1.70167126608 25.5777692666 -20.2229559652 0
1185 2.67101502419 29.664866 107.14961 -1.3582731 26.8048631804 107.383575329 -1.40727637146 2.86955674334 -2.80768063681 0
1188 2.6656639576 30.155372 105.1583 -1.3627181 26.3145970171 106.513645446 -1.44662732743 4.07289991847 -4.8076445938 0
1191 2.70563197136 30.584999 103.08809 -1.3538609 27.2589595323 102.513345298 -1.42234266512 3.37533257825 -3.92371611479 0
1194 2.73324394226 30.932942 101.04272 -1.3388863 27.5619832697 100.971290718 -1.32143665254 3.37171542451 0.99979115344 0
1197 2.70196700096 31.46397 98.886394 -1.3633561 29.5330069814 98.650544791 -1.41124437394 1.94531309271 -2.74379598487 0
1200 2.6825299263 31.761459 96.890841 -1.3338862 29.6767195768 96.753233076 -1.33570104335 2.08927604767 -0.103982864599 0
1203 2.69343090057 32.148779 94.808879 -1.340085 29.7505237873 93.3796107597 -1.31287595467 2.79185167367 1.55896346194 0
1206 2.70108699799 32.63242 92.742465 -1.3409888 29.9334078372 92.214794194 -1.26468635529 2.75010965857 4.37180804838 0
1209 2.7011680603 33.223163 90.635151 -1.3443959 32.3914744085 91.084646251 -1.37108835627 0.945384521725 -1.52936508918 0
1212 2.71343207359 33.480467 88.544154 -1.3400822 31.2601064713 88.5132103056 -1.26123619033 2.22057613917 4.51754358553 0
1215 2.68878412247 33.996344 86.523674 -1.3537744 31.3392998837 86.832882943 -1.34080693784 2.67497544029 0.742980852646 0
1218 2.6875679493 34.391099 84.502242 -1.3500462 33.1952568012 84.3837323132 -1.34748380925 1.20170009166 0.146814175186 0
1221 2.71216106415 34.871654 82.311763 -1.3462417 31.9814356507 83.4230694399 -1.37897044727 3.09650837396 -1.87521908713 0
1224 2.70789003372 35.319079 80.358924 -1.358939 34.6260887737 80.6317253038 -1.32544945144 0.744752311265 1.91880979002 0
1227 2.67925000191 35.776446 78.250756 -1.3606991 34.2043702636 77.8112332626 -1.35781897907 1.63236097656 0.165018773764 0
1230 2.68186283112 36.167733 76.160289 -1.3496683 34.6497391408 77.5018479 -1.35454459705 2.02585429852 -0.279391240614 0
1233 2.75477480888 36.593873 74.026216 -1.3452321 33.6663560485 73.9757038261 -1.36631792551 2.92795269451 -1.20812880941 0
1236 2.97890710831 37.096668 72.068535 -1.358637 34.7705439609 71.7421118609 -1.40226871471 2.34891573092 -2.4999131056 0
1239 2.70355892181 37.456761 70.030489 -1.3570922 34.4319998738 69.6815480249 -1.38237535567 3.04482178046 -1.44861811259 0
1242 2.83778214455 37.942935 67.912468 -1.3598503 35.8350074636 68.2953239538 -1.36915228059 2.14241386761 -0.532964228851 0
1245 2.85998821259 38.381728 65.750541 -1.3597279 37.1608902942 65.5531375029 -1.37656079139 1.23669432137 -0.96445363366 0
1248 2.69951820374 38.78715 63.709446 -1.3638712 37.58839086 63.1089500909 -1.36293006465 1.34075307665 0.0539230833601 0
1251 2.69981193542 39.284372 61.704874 -1.358189 38.0621962984 62.0883601623 -1.38761836372 1.28092743047 -1.68617833467 0
1254 2.70167899132 39.616785 59.610797 -1.3616912 38.0219568686 59.8368907004 -1.36290502933 1.61077469876 -0.0695472975873 0
1257 2.70520305634 40.0981 57.483375 -1.3627524 39.0411421522 58.7748989951 -1.33915083115 1.66889008684 1.35227028471 0
1260 2.80394911766 40.478176 55.366289 -1.371191 39.7562969469 56.4016047874 -1.33187706596 1.26213634246 2.25252249646 0
1263 2.71497297287 40.927924 53.368372 -1.3697355 39.9234322736 53.9070450911 -1.34258061063 1.1398124089 1.55586055428 0
1266 2.72987294197 41.311773 51.24524 -1.3687118 40.364065574 52.4385925783 -1.34712346174 1.52388967494 1.23692066873 0
1269 2.72358417511 41.752813 49.127024 -1.3690442 41.3113655526 50.6920869164 -1.36206036215 1.62612969385 0.400144433741 0
1272 2.72976398468 42.124468 46.999249 -1.3746445 40.9499340812 47.3842113795 -1.33146851054 1.23601211974 2.47380197237 0
1275 2.70935797691 42.489069 45.000812 -1.3756167 41.6872102484 45.6928741987 -1.36845349637 1.05921081207 0.410421335693 0
1278 2.71285104752 42.919623 42.847052 -1.3693623 41.5590699393 44.1167514042 -1.38182203318 1.86097856192 -0.713890124935 0
1281 2.69078111649 43.26925 40.76156 -1.3849404 43.3221317292 41.7358526077 -1.35980573497 0.975726684425 1.44011022561 0
1284 2.68024706841 43.723057 38.666685 -1.382086 44.1705520438 39.126496594 -1.3596208321 0.641621785925 1.28715930675 0
1287 2.6728079319 44.069109 36.638541 -1.3748634 44.1616687578 36.6002247632 -1.33046628911 0.100177057033 2.54376707644 0
1290 2.69771909714 44.48264 34.512889 -1.372972 43.706017181 35.1689210738 -1.3937591516 1.01662239048 -1.19101605467 0
1293 2.69906878471 44.660959 33.544964 -1.3339999 44.2609446546 34.072879611 -1.31548049747 0.662349129141 1.06108360429 0
1296 2.6934440136 44.654294 33.324157 -1.2074321 44.2347592531 32.9884205557 -1.22428661288 0.537334499064 -0.965692453603 0
1299 2.71863698959 44.699557 33.107025 -1.0711259 45.2127720004 34.7219522926 -1.1334494044 1.69451461987 -3.5708737666 0
1302 2.72421598434 44.829945 32.953901 -0.95914547 43.0993610676 33.9104243665 -0.899878640622 1.97733601034 3.3957391885 0
1305 2.70951104164 44.914184 32.826307 -0.82117543 43.2279556845 33.9839845552 -0.770025615975 2.04538095565 2.93066846653 0
1308 2.69489312172 44.932468 32.690373 -0.70238554 42.6798776927 33.3504192202 -0.68408457943 2.34730145171 1.0485678017 0
1311 2.69406580925 45.019913 32.619075 -0.56167342 44.165245243 33.2724378689 -0.676792151338 1.0757973849 -6.59581744857 0
1314 2.69778800011 45.164806 32.47066 -0.44585332 43.5784807467 33.8947806234 -0.634296217558 2.1317943989 -10.7969827093 0
1317 2.666629076 45.307079 32.373178 -0.30795343 42.9536333388 32.7848763457 -0.515449264373 2.38918438131 -11.8886355761 0
1320 2.70569992065 45.468859 32.25314 -0.19105128 42.71253809 31.4612608175 -0.363854411731 2.86781756713 -9.90089013483 0
1323 2.6872420311 46.833289 32.057508 -0.10389315 44.1050515042 33.3056074812 -0.267766072618 3.00017201981 -9.38922684247 0
1326 2.69760012627 48.863767 31.868312 -0.084237935 47.4889754392 31.9881142513 -0.31981180977 1.38000159967 -13.4973887879 0
1329 2.71672797203 51.033972 31.691587 -0.08198003 46.49284093 28.9829252416 -0.349803820464 5.28760058217 -15.3451728468 0
1332 2.71562004089 53.111195 31.42619 -0.084122232 51.2763975501 33.1196785837 0.0333993202271 2.49687510005 6.73348894444 0
1335 2.69385004044 55.206155 31.249451 -0.082409142 53.6414387945 33.0967430529 -0.0113583181141 2.4209140283 4.07091233959 0
1338 2.68986701965 57.287235 31.07162 -0.080297126 56.1559748595 33.1796406921 -0.0432858802218 2.39238390395 2.12058817761 0
1341 2.68877506256 59.516372 30.847745 -0.092608556 58.3806159939 32.810617294 -0.0137650800336 2.26777630022 4.51739841502 0
1344 2.67516803741 61.567611 30.670937 -0.091677002 60.6898835088 33.6633976277 -0.02094219656 3.11852948632 4.05280581639 0
1347 2.7504799366 63.68279 30.502969 -0.089332225 63.1888761294 32.2296917334 -0.0937197329461 1.79597391673 -0.25138568789 0
1350 2.68550682068 65.773678 30.270465 -0.081918863 66.0437868134 32.6149247877 -0.0865130672084 2.35996831907 -0.263228511363 0
1353 2.69167399406 67.870787 30.052005 -0.080757136 67.7718207465 31.2083076951 -0.0773767830723 1.16053015562 0.193679956021 0
1356 2.67469000816 69.978421 29.855203 -0.080851998 68.4488387822 32.5730575895 -0.0796153879658 3.11871052368 0.0708525358648 0
1359 2.68983602524 72.04312 29.748383 -0.089661546 70.194900649 31.2120160513 -0.0926631397696 2.35757003675 -0.17197865481 0
1362 2.69437503815 74.192216 29.503442 -0.097083695 72.6005616953 31.2702622208 -0.122320165975 2.37802798933 -1.44594327665 0
1365 2.69601202011 76.337484 29.313327 -0.092202589 74.8129038258 30.3478608191 -0.0771970735763 1.84244536704 0.859752703195 0
1368 2.77729582787 78.469083 29.072242 -0.088851811 78.1792271048 30.3089247039 -0.105041576889 1.27019705165 -0.927605256764 0
1371 2.68039512634 80.508884 28.860474 -0.08148585 79.0323709073 30.6340783764 -0.101076910339 2.30776155543 -1.12248507359 0
1374 2.7927479744 82.648681 28.706332 -0.092016755 81.8964343458 30.7155160585 -0.0918308564911 2.1453893842 0.0106511999765 0
1377 2.79201197624 84.803463 28.469695 -0.089914919 83.5734509534 30.2494731296 -0.0725617798009 2.16345552889 0.994261637409 0
1380 2.79245901108 86.909059 28.274418 -0.095059786 84.6214941824 30.8457907934 -0.0598968657897 3.44164362445 2.01468692341 0
1383 2.78136396408 88.999768 28.069648 -0.093100738 87.2044175782 30.4943913433 -0.0569861232902 3.01706205073 2.06921500161 0
1386 2.75656294823 91.148907 27.8824 -0.087682683 89.8546107615 29.9914997489 -0.0327483465526 2.47457157985 3.14750562879 0
1389 2.68160390854 93.191686 27.680334 -0.085944106 91.2815228023 30.1705007751 -0.0633641357864 3.13841584401 1.29373699477 0
1392 2.70078897476 94.597595 27.536443 -0.026113958 93.3466836918 30.1275009519 -0.0370032480621 2.87721400166 -0.623910362452 0
1395 2.68439507484 66.734672 23.138609 0.64678418 95.4123827552 31.9347514362 -0.0166077009364 29.9963867143 -38.0095549409 0
1398 2.70279788971 41.954155 8.6979942 1.5862633 98.0281759876 31.8498997461 0.0426346275192 60.6655302469 -88.4434080685 0
1401 2.70596408844 40.498777 7.6026468 1.6671323 99.7669837922 32.8958233373 0.0281721941281 64.4396238017 -93.9054968568 0
1404 2.68970394135 40.36551 9.5759073 1.6613912 101.641604046 31.4080395075 -0.0524114131603 65.0492251938 -98.1936566526 0
1407 2.68842291832 40.15753 11.693798 1.6450717 101.565402558 31.2678161022 -0.0598947505441 64.4520674361 -97.6873818276 0
1410 2.69953489304 40.017928 13.779826 1.6578436 103.265894586 30.3260717258 -0.052740226997 65.3764753171 -98.0092337903 0
1413 2.6960132122 39.937066 15.922073 1.6651068 104.320926975 31.0524701789 0.0340090814283 66.1378142426 -93.4550152476 0
1416 2.70267486572 39.75755 17.953862 1.6630734 105.946009069 30.1197864521 0.0223767559598 67.2972646669 -94.0049931648 0
1419 2.68389296532 39.645384 20.177858 1.663423 109.208109348 30.901918827 0.0258092006123 70.3845028292 -93.8283591773 0
1422 2.70022201538 39.526919 22.292671 1.6684735 111.795261482 33.6712062958 0.0574398508874 73.1586248545 -92.3054287477 0
1425 2.68939304352 39.303781 24.413998 1.6572417 111.545762776 32.9364056556 0.103137567422 72.7429402975 -89.0436077206 0
1428 2.70985484123 39.21094 26.55624 1.6661167 115.371985373 34.0297737539 0.172937576369 76.5268484853 -85.5528618411 0
1431 2.71503305435 39.049874 28.673026 1.6660737 117.103235622 35.0904807595 0.112458223075 78.3167350323 -89.015609814 0
1434 2.71520709991 38.816051 30.701859 1.6598041 119.806525839 34.8418929962 0.193122585386 81.0962199863 -84.0346606772 0
1437 2.69661593437 38.695572 32.853799 1.6647394 123.292198195 35.6635246842 0.0825431512571 84.6432733414 -90.6531674144 0
1440 2.69347405434 38.58982 35.008607 1.6723781 124.276174108 34.2259154883 0.0852474825743 85.6899287329 -90.9358859145 0
1443 2.68424701691 38.393816 37.160762 1.6689022 126.782943013 35.8190964041 0.081638979626 88.3993090507 -90.9434835038 0
1446 2.70008397102 38.314928 39.264936 1.6781402 129.505331111 37.4199120737 0.15998036873 91.2090660676 -86.984150958 0
1449 2.69685792923 38.042909 41.445131 1.6601298 130.539359309 37.07601124 0.183963259777 92.5995816795 -84.5781126132 0
1452 2.68631505966 37.893052 43.482766 1.6655679 132.751829067 32.4640935518 0.00650821346474 95.4965901438 -95.0571179988 0
1455 2.68161010742 37.737395 45.529248 1.6663309 137.645970298 26.4915480105 -0.0917172602533 101.706231072 -100.728739763 0
1458 2.69810891151 37.667375 47.706088 1.6735516 140.669895807 26.724572702 -0.0518486846619 105.117759093 -98.8581542818 0
1461 2.69473409653 37.411337 49.793915 1.6717816 142.781915802 25.1586627027 -0.0884426210555 108.21208127 -100.853418863 0
1464 2.67218708992 37.208006 51.943854 1.66906 26.9452407296 114.238839373 1.67893588894 63.13469374 0.565846754996 0
1467 2.68844604492 37.03196 53.963531 1.6741645 141.276019559 36.8081956366 0.180652867882 105.646246903 -85.5719131741 0
1470 2.68588113785 36.983983 56.143126 1.6856298 25.6283627566 117.186482797 1.61726449514 62.0905912373 -3.91704343341 0
1473 2.70111107826 36.720012 58.206076 1.6746777 58.9021110029 27.5634212167 -1.41989132 37.8287960202 -177.305744258 0
1476 2.69093704224 36.536888 60.398002 1.6787317 50.1213796442 140.477810591 2.77233551735 81.2238521448 62.6588831936 0
1479 2.66858410835 36.401835 62.417273 1.6766351 40.7812056559 140.573143536 2.2496770625 78.278470773 32.8328859349 0
1482 2.69185185432 36.239068 64.615141 1.6886647 102.299594198 113.851524363 1.81381996361 82.3906218469 7.17086838879 0
1485 2.70703792572 35.99676 66.655908 1.678851 124.447335615 7.35507156212 -1.29286069705 106.489875241 -170.26653817 0
1488 2.69500684738 35.830181 68.859683 1.6854848 112.364446641 105.133382638 -2.94234933246 84.6951893709 94.8446359237 0
1491 2.70555591583 35.575227 70.898859 1.683738 94.879209053 74.3616496927 3.07205444221 59.4049931127 79.5446727671 0
1494 2.7155687809 35.463169 73.006353 1.6935188 32.2836564219 74.6537006387 1.7440664355 3.58092927563 2.89616617823 0
1497 2.71067595482 35.205801 75.07321 1.6913976 31.2563821939 72.5845646172 1.64521521237 4.66811147542 -2.64605589907 0
1500 2.69819998741 34.978045 77.287591 1.6912075 32.1637185197 76.8233657332 1.82189042817 2.85235668106 7.48758023879 0
1503 2.65600395203 34.814043 79.320098 1.7000185 31.9834614945 78.4633463435 1.83380938218 2.95740005077 7.66565288634 0
1506 2.68550515175 34.580736 81.372215 1.6970036 31.0357511075 81.0268007387 1.86522440228 3.56177328023 9.63834199701 0
1509 2.69082784653 34.345965 83.441951 1.6955247 31.2253224786 84.5148929712 1.79619513064 3.29994154797 5.7679907975 0
1512 2.68371701241 34.142398 85.698773 1.7034669 29.7657841133 83.8181754389 1.78207703295 4.76354870872 4.50402884502 0
1515 2.69247293472 33.910208 87.748137 1.7016389 31.5818834287 87.8917053472 1.71749137591 2.33274670283 0.90827996434 0
1518 2.71472501755 33.670818 89.737713 1.6967853 29.9883003361 89.2066395582 1.72280712861 3.72061491499 1.49094095456 0
1521 2.70504379272 33.472926 91.900649 1.7056804 30.1862150991 92.1837870285 1.69148956493 3.29888400664 -0.813074957357 0
1524 2.70662617683 33.217902 94.036516 1.7078464 30.0122123431 93.6591185896 1.72149693093 3.22782821442 0.782117810122 0
1527 2.70566511154 33.034075 96.178482 1.7177188 28.1419675681 95.8333806641 1.73989607782 4.90426447673 1.27066442003 0
1530 2.88240098953 32.713254 98.174723 1.7080491 29.1553234835 97.3119984898 1.78575678853 3.66103307018 4.45232258846 0
1533 2.70561695099 32.45653 100.24821 1.7068362 26.9595682877 99.3496289467 1.72567441629 5.56992243893 1.07935028702 0
1536 2.71533107758 32.217075 102.39435 1.7082962 27.7139520295 102.249865673 1.7066653568 4.50544029014 -0.0934404323286 0
1539 2.77646493912 31.955228 104.48204 1.7110577 28.0743254415 103.040941429 1.69808949967 4.1398272622 -0.743023146681 0
1542 2.69495201111 31.741377 106.6002 1.7198575 27.5270127233 104.828423684 1.69227741452 4.57165807665 -1.58022249687 0
1545 2.68569397926 31.439656 108.68741 1.7105287 27.9803214819 107.850000389 1.68824815604 3.55924853934 -1.27658113421 0
1548 2.66158914566 31.216018 110.75498 1.7177022 27.6354911544 110.425300669 1.70244466029 3.59567253141 -0.87419263085 0
1551 2.66623187065 30.916985 112.90957 1.719675 27.0603106718 112.067443234 1.70591552701 3.94754535935 -0.788359730424 0
1554 2.68242502213 30.668641 114.94646 1.716506 26.8348588394 113.953192479 1.67107199894 3.96036185511 -2.60317650695 0
1557 2.69192099571 30.419865 117.12266 1.716223 26.6911983117 115.316536351 1.67672466332 4.14307107195 -2.26308798928 0
1560 2.69679379463 30.132888 119.21343 1.725557 27.2652891519 116.201904164 1.67104385687 4.15841448295 -3.12337302932 0
1563 2.7017929554 29.88258 121.34383 1.72867 25.827624283 119.15505504 1.67464795248 4.60797153792 -3.09523532329 0
1566 2.70539212227 29.981486 120.5055 1.7055843 26.2135049945 119.541050898 1.66737286919 3.88945277994 -2.1893537147 0
1569 2.68559098244 30.170653 118.4575 1.6900862 25.6171824563 117.116623798 1.70102071573 4.74679291528 0.626501602563 0
1572 2.71894598007 30.502618 115.6086 1.6745202 27.1308476342 115.279671995 1.67515627258 3.38777641408 0.0364442742386 0
1575 2.70729899406 30.699806 113.48782 1.6738205 27.3682285031 112.542716576 1.62696532803 3.46303755386 -2.68460360245 0
1578 2.77310800552 30.8492 111.36091 1.6697397 26.6691138345 111.387014221 1.64022957806 4.18016767378 -1.69080544023 0
1581 2.67814207077 30.973164 109.37107 1.6787837 28.3690798316 108.867333938 1.71598429337 2.65235826689 2.13143699525 0
1584 2.64982700348 31.204408 107.09871 1.665475 28.7646235497 107.53453873 1.73033956873 2.47840570644 3.716466028 0
1587 2.68824195862 31.322843 104.96751 1.6587885 27.493966603 105.514484211 1.68034956625 3.8677480852 1.23535809811 0
1590 2.74949884415 31.457099 102.91722 1.6541397 27.4861979828 103.048223007 1.66286741927 3.9730613733 0.500061478829 0
1593 2.68404197693 31.546684 101.34427 1.631357 28.2450799053 102.342331452 1.67219775115 3.449161675 2.34000267306 0
1596 2.76600003242 31.536552 101.09899 1.5279681 29.6445788686 102.321406619 1.61476670639 2.25252407741 4.97319381348 0
1599 2.6752641201 31.522716 100.84711 1.3818466 27.8568303381 103.296839219 1.38096689873 4.40906916831 -0.0504031698383 0
1602 2.98606181145 31.33472 100.81397 1.2437751 28.1252677034 102.360274322 1.31337062685 3.56253296129 3.98752996156 0
1605 2.68769907951 31.335612 100.76499 1.1262837 28.3931639765 102.17681765 1.1925068924 3.26362646215 3.79430943068 0
1608 2.67484211922 30.238332 99.003137 0.9296569 28.16286441 100.621989313 0.990247632205 2.63215663054 3.47159323296 0
1611 2.69175386429 28.772289 97.32743 0.78863198 25.8715591019 98.1937457552 0.833504813221 3.02733165176 2.57102395837 0
1614 2.68847799301 27.005154 95.945316 0.6582802 24.9873032012 95.7632336007 0.752292010469 2.02604931981 5.38647996425 0
1617 2.69915890694 26.209553 95.323497 0.64585939 23.5315307685 96.4455865337 0.643012126455 2.90359914482 -0.16313618428 0
1620 2.68848109245 26.225548 95.299359 0.74214735 23.316563108 95.4154721318 0.751190919437 2.91130131748 0.518158360495 0
1623 2.75308084488 26.287241 95.304851 0.87876564 23.0345277661 94.0216618812 0.911909068595 3.49667237484 1.8989785771 0
1626 2.66708397865 26.503119 95.525486 1.0159202 24.5409171246 94.1612792362 1.18061574689 2.38983185482 9.43635974142 0
1629 2.6751730442 26.584147 95.637624 1.1414331 24.9460552518 95.6869461737 1.15607449207 1.63883411378 0.838889971536 0
1632 2.67200708389 26.62792 95.717086 1.2595284 24.0560153591 95.8686552658 1.31281842141 2.57636696223 3.05329331685 0
1635 2.67795681953 26.756174 95.797181 1.3910555 22.7563336725 95.0091277551 1.46567399559 4.07673282939 4.27532487111 0
1638 2.69534301758 26.381693 93.77201 1.3952992 23.0601897585 94.0731254959 1.45894377893 3.33512433432 3.64656576175 0
1641 2.70465898514 26.011804 91.856332 1.39866 22.8703647976 92.8706069882 1.45494201628 3.30112011507 3.22472199555 0
1644 2.68650913239 25.609249 89.727224 1.3968171 22.1912795713 90.0726535378 1.43269004066 3.43538012179 2.05536809859 0
1647 2.67520999908 25.2462 87.568251 1.3940659 23.1538972909 87.7001250513 1.49116043532 2.09645448124 5.56310708774 0
1650 2.70020699501 24.820481 85.505592 1.4017015 22.6977853727 85.480259964 1.49543055817 2.12284677694 5.37027945082 0
1653 2.68611502647 24.493958 83.448062 1.398475 20.4559780815 84.1159463771 1.41425452086 4.0928414779 0.904099947818 0
1656 2.75630092621 24.080092 81.345956 1.3962744 19.2673036991 82.0063450003 1.38085972323 4.85788481348 -0.88319592176 0
1659 2.76896500587 23.622432 79.208855 1.3888608 19.8659691271 79.2315423967 1.39627179386 3.7565313833 0.424618670115 0
1662 2.71168589592 23.236261 77.182266 1.3737053 20.0965439515 77.5632384868 1.4116414618 3.16274614542 2.17358196178 0
1665 2.69379687309 22.741503 75.111069 1.3685019 18.6772099115 75.4262164014 1.38882711595 4.07649312445 1.16454909138 0
1668 2.69207286835 22.23837 73.007777 1.3690406 19.0962310762 72.612337661 1.41213224993 3.16692426297 2.46896967308 0
1671 2.68878602982 21.796618 70.8705 1.3677106 17.0456389657 71.5302324784 1.3855152423 4.79656634767 1.02013085955 0
1674 2.68641591072 21.306705 68.900927 1.3588762 20.0015513583 69.2693021406 1.49648643648 1.3561438982 7.88448576798 0
1677 2.68061685562 20.800373 66.796896 1.3509317 19.6517181836 66.677835847 1.44529207463 1.15480873192 5.40645121973 0
1680 2.68312001228 20.180988 64.758154 1.3339286 21.5067178714 65.5540520668 1.53102781498 1.54629021356 11.2929531635 0
1683 2.67780995369 19.716632 62.635567 1.3210663 18.3025073743 64.0334636542 1.4401414931 1.98843242605 6.82250600906 0
1686 2.70311117172 19.127208 60.642471 1.320188 17.3869326474 60.4402360955 1.44597293139 1.75198666071 7.20694569515 0
1689 2.68418192863 18.573484 58.538556 1.3117791 17.9231435812 58.0059660586 1.44098895491 0.840591878386 7.40317935811 0
1692 2.69592308998 18.03732 56.562177 1.3046299 16.5873377998 56.7486630465 1.41964753793 1.46192524651 6.59002522305 0
1695 2.82417178154 17.470308 54.449011 1.30616 16.5878957623 54.3853995981 1.43372887589 0.884702078448 7.30915818581 0
1698 2.66186094284 16.865167 52.414515 1.2995721 14.6776331833 52.5705976551 1.36939188627 2.19309507192 4.00037908003 0
1701 2.66993784904 16.322269 50.452679 1.2871313 15.9022271494 51.3548075472 1.40443404275 0.995123646538 6.72095208511 0
1704 2.70141100883 15.679585 48.421133 1.2791916 14.0238021481 48.5325523198 1.35899703156 1.65952737774 4.57251441033 0
1707 2.68821406364 15.049517 46.343459 1.2810584 13.5558720537 45.6667533065 1.38814553198 1.63978834645 6.13564070249 0
1710 2.67446494102 14.370513 44.264129 1.2685694 13.818599637 44.6986261559 1.41243993663 0.702421624651 8.24317454492 0
1713 2.69104814529 13.728985 42.398373 1.2622613 12.9247753978 42.517882155 1.38368858435 0.813040910687 6.95727091105 0
1716 2.71536779404 13.116178 40.310007 1.2578142 13.053076711 40.4015409467 1.35956699727 0.111176598601 5.83000583747 0
1719 2.69367909431 12.482531 38.460523 1.239848 12.0074559865 38.5610475299 1.39721470995 0.48559391423 9.01644831616 0
1722 2.68633913994 12.331027 38.238303 1.1567887 15.4989897263 36.765814923 1.33832718968 3.49345230003 10.4013892779 0
1725 2.68989706039 12.263795 38.100898 1.043782 9.45898976527 38.4890523591 1.01373348042 2.83153601624 -1.72165335261 0
1728 2.6819729805 12.231882 38.075858 0.90529637 11.8103000611 36.8707954068 1.09034385089 1.27667818369 10.6024396643 0
1731 2.69402289391 12.170047 37.918491 0.7605547 11.7984345823 37.4868018676 0.94124110342 0.569606264007 10.3525683314 0
1734 2.68276906013 11.9457 37.868652 0.60051086 12.0150443226 37.318613694 0.81139106125 0.554392255712 12.0825455145 0
1737 2.70050096512 11.861848 37.85602 0.47073445 11.226807439 38.075169031 0.606728422393 0.671790750059 7.79188065734 0
1740 2.6876001358 11.68598 37.868337 0.32347919 12.042133322 37.6162270407 0.490335427624 0.436353778894 9.56015820126 0
1743 2.67015695572 11.634663 37.834152 0.18688423 12.3958755207 37.5748351543 0.248064743285 0.804170210924 3.50538519968 0
1746 2.68310308456 11.546787 37.799316 0.059161186 12.7188079163 38.0702351442 0.139800184132 1.20292568804 4.62027425715 0
1749 2.70594191551 11.461332 37.784444 -0.088384018 12.9410173591 36.6998415193 -0.0127509746396 1.83462020676 4.33345417628 0
1752 2.68858098984 11.353119 37.809133 -0.22428348 12.2705926629 36.9270199868 0.00157723821984 1.27274557167 12.9408659118 0
1755 2.69640612602 11.259101 37.929753 -0.36642208 13.6729505927 37.6783941277 -0.178517454072 2.42690155114 10.7661420166 0
1758 2.70822310448 11.22919 38.083377 -0.50941267 13.466478518 38.1832206576 -0.331004219401 2.23951527541 10.2220512488 0
1761 2.70587396622 11.185129 38.110347 -0.64618684 13.8596857988 37.9511142591 -0.433872726201 2.67929265582 12.1647026517 0
1764 2.71298980713 11.588805 37.741111 -0.76036767 11.5370840003 36.8251230321 -0.586506764608 0.917447011661 9.96149610131 0
1767 2.70192193985 13.063467 36.224873 -0.77289998 13.1325083361 35.9004998418 -0.639497395885 0.331639340024 7.64340504591 0
1770 2.72439289093 14.493375 34.807156 -0.77803694 15.4671350624 33.9700116992 -0.530329041635 1.28414144056 14.1926171284 0
1773 2.70885205269 15.892318 33.28564 -0.77023756 15.7020123031 34.3655474742 -0.776013354084 1.09654749605 -0.330928624328 0
1776 2.70200490952 17.405154 31.857105 -0.77891679 16.8319591718 32.020624227 -0.783467038092 0.596062789171 -0.260710011397 0
1779 2.69141602516 19.008966 30.381332 -0.78385491 18.1241226949 30.6667609214 -0.736666177107 0.929740471212 2.70371523534 0
1782 2.70447206497 20.517371 28.856906 -0.78454873 20.2051882941 29.0547412124 -0.799901834911 0.36959006097 -0.879668113827 0
1785 2.7043030262 22.037399 27.308602 -0.78653789 21.500349201 27.3163386634 -0.809219230788 0.537105522727 -1.29954510088 0
1788 2.70597505569 23.470866 25.802264 -0.78746834 23.2474689624 24.87613274 -0.692708364989 0.952693732102 5.42934663488 0
1791 2.70805597305 25.030138 24.239515 -0.79252133 25.4068671692 24.0987995618 -0.792131020042 0.402151341508 0.0223631133008 0
1794 2.72755503654 26.508975 22.80392 -0.79210599 26.5671759778 23.2051314383 -0.779672988 0.405410868215 0.712358541258 0
1797 2.71762704849 27.961008 21.312251 -0.79564812 27.8555153197 20.7423479187 -0.790414209253 0.579584530273 0.299880996165 0
1800 2.70830607414 29.36401 19.750057 -0.78815021 29.4944852024 20.4194845295 -0.842369287262 0.682024189945 -3.10652429621 0
1803 2.71902894974 31.016391 18.179875 -0.79578372 30.4325766303 18.634335611 -0.776231562923 0.739847055299 1.12025608087 0
1806 2.71305608749 32.405165 16.663972 -0.79079715 31.8685292231 17.543396451 -0.793949578601 1.0302258597 -0.180620854045 0
1809 2.70215702057 33.875627 15.226881 -0.79213801 33.4927902882 15.7044888753 -0.829335837001 0.612105571357 -2.13127849419 0
1812 2.71351909637 34.400964 14.714584 -0.72873329 33.2060359721 14.7143398909 -0.775940465156 1.19492805281 -2.70477189917 0
1815 2.68244600296 34.541831 14.529671 -0.59347242 32.8558347479 13.1425653484 -0.667902985757 2.18326486044 -4.26455728465 0
1818 2.67153692245 34.648846 14.435796 -0.47955783 33.5114068375 14.3651574244 -0.49445633709 1.13963049128 -0.853621577301 0
1821 2.68646097183 34.668797 14.324629 -0.34405458 33.5795829954 14.9114817322 -0.388676233167 1.23724826813 -2.55663240134 0
1824 2.69781303406 34.864126 14.20779 -0.22615765 34.6631118931 16.2934514831 -0.315492179634 2.09532586799 -5.11849151282 0
1827 2.6999900341 35.017605 14.088235 -0.094353638 36.1965707864 15.8662468713 -0.200241093782 2.13337444911 -6.06690431968 0
1830 2.705119133 36.599142 14.0692 -0.022879679 36.7284404158 15.1247346766 -0.133691270839 1.06342443731 -6.34903653352 0
1833 2.71057081223 38.63985 14.009333 -0.014813302 39.5050888945 14.6918966155 -0.107443508497 1.10205781778 -5.30731988773 0
1836 2.69138002396 40.768535 13.925491 -0.0089087199 40.899827514 14.3141422443 -0.103362716208 0.410228611757 -5.41181534662 0
1839 2.70536184311 42.905865 13.952369 -0.011506708 43.4085234143 14.7259148147 -0.125045610674 0.922517538581 -6.50529993377 0
1842 2.72553300858 45.04117 13.838962 -0.010052037 44.9854747483 15.1231079758 -0.0297120455123 1.2853531998 -1.12643551295 0
1845 2.70174407959 47.095509 13.764363 -0.008210261 46.4924106785 15.2359336506 -0.0125183974363 1.59036089143 -0.246838035367 0
1848 2.72153687477 49.256947 13.750747 -0.012245698 47.836151695 15.1867211739 -0.0474038878904 2.02006958463 -2.01441589604 0
1851 2.71893501282 51.347189 13.680192 -0.017629817 51.0343619659 15.103501037 -0.00182389369849 1.45728149923 0.905612696484 0
1854 2.68777799606 53.510554 13.649042 -0.0075411209 52.9214002623 15.74888649 0.0137889123116 2.18092847399 1.2221208799 0
1857 2.68466305733 55.608657 13.581194 -0.0077936973 54.3888292547 14.9684296037 0.0166739948445 1.84726888906 1.40189549431 0
1860 2.67893600464 57.666716 13.591636 -0.01411162 57.6507844652 15.7914281532 -0.0111970521687 2.19984984283 0.16699243584 0
1863 2.6763279438 59.905766 13.533857 -0.012519778 59.2885545884 15.0857717865 -0.00705492299629 1.67014652985 0.313113127363 0
1866 2.69492506981 62.027534 13.447994 -0.021676244 60.2030471236 15.2093006101 -0.0314527039035 2.53593243938 -0.560149891051 0
1869 2.68138480186 64.181261 13.371995 -0.025327169 63.9693772253 15.1861692083 -0.0160257916956 1.82650562337 0.5329296632 0
1872 2.68009805679 66.241252 13.310079 -0.024907545 66.0820089347 14.5016119684 0.0138046961069 1.20212693528 2.21804803092 0
1875 2.67811012268 68.444119 13.24669 -0.026304862 67.2369141036 14.722948775 0.000883313072572 1.9070090804 1.55776768432 0
1878 2.99853682518 70.49734 13.123327 -0.017605166 69.6948621288 15.5231909654 -0.0287069698817 2.53047777827 -0.636086507406 0
1881 2.9978530407 72.634932 13.039101 -0.019360635 72.3088248933 14.8376614367 -0.00914924459911 1.82788552421 0.585069572931 0
1884 2.70522689819 74.720419 12.994859 -0.019347658 73.9733180058 15.2666849173 0.0252942043102 2.39151686049 2.55779029998 0
1887 2.68754386902 76.914825 12.90632 -0.036038761 76.8105059018 15.1887114603 -0.0019551464499 2.28477422345 1.95284726427 0
1890 2.8529920578 79.004774 12.78569 -0.032634565 77.7088267337 14.9836117293 -0.00441041245602 2.55153664384 1.6171248211 0
1893 2.74104881287 81.177999 12.691712 -0.029848436 81.0622876209 15.2013940237 0.00485075930213 2.51234810153 1.98811744331 0
1896 2.69951987267 83.222919 12.597068 -0.02122413 81.7809440735 14.8641405784 -0.0183237599972 2.68680288905 0.166178960188 0
1899 2.74395298958 85.390174 12.538762 -0.021700441 84.021956673 13.5520186734 -0.0119800191773 1.70255917369 0.556939145526 0
1902 2.76806783676 87.449986 12.512039 -0.030894579 86.5438228276 14.7768877939 0.0192670435939 2.43939987582 2.87404926816 0
1905 2.70147609711 89.572355 12.414566 -0.034322832 88.0119831281 14.6988273454 0.0166574623665 2.76633516999 2.92095570553 0
1908 2.66849279404 91.713838 12.339838 -0.030338307 90.6629238348 15.3642268976 -0.01610745846 3.20177275688 0.815367560231 0
1911 2.67511105537 93.866625 12.234111 -0.027880568 92.6684423507 14.724361386 0.0316936500268 2.7635102037 3.41335126073 0
1914 2.69196891785 96.027017 12.118277 -0.016096141 95.1710421272 14.8347610234 -0.0221640632101 2.84815351279 -0.347666333053 0
1917 2.74698805809 98.003729 12.063433 -0.023465033 96.5655824902 14.9973759128 0.00918308199418 3.26745870661 1.87059919822 0
1920 2.67304611206 100.1865 11.996018 -0.023536261 98.8989019299 15.0978844265 0.0166593631606 3.3584943231 2.3030396193 0
1923 2.68040895462 102.26857 11.921444 -0.023061579 101.80300403 15.6739096582 0.00836404599457 3.78123659512 1.80055568075 0
1926 2.7900660038 104.50291 11.810699 -0.022632517 104.040609993 15.5980597535 0.0536107267801 3.81547150091 4.36841608499 0
1929 2.7238650322 106.528 11.779433 -0.025937223 105.697684666 15.5682463882 0.0135402331659 3.87872794148 2.26189162422 0
1932 2.74791502953 108.61821 11.737233 -0.017267816 107.672339639 15.7882045487 0.0128613188539 4.15993283941 1.72627226751 0
1935 2.68051886559 110.65428 11.638117 -0.015586443 109.769458965 15.0761490972 0.0236214266248 3.55006661417 2.2464454532 0
1938 2.7098338604 112.94226 11.558687 -0.011710616 111.841952467 15.1050538528 -0.0156396019425 3.71313809636 -0.225114312269 0
1941 2.6882610321 114.89636 11.528856 -0.01668203 114.004742244 15.2516714498 0.000814634857328 3.8280983655 1.00248505188 0
1944 2.76045703888 117.03777 11.494892 -0.018548407 116.789255215 15.8274790069 -0.0214057245992 4.33970848918 -0.163712239165 0
1947 2.7399160862 119.07747 11.406331 -0.016261061 118.247710592 15.0094292066 0.0230339134879 3.69740684289 2.25143619423 0
1950 2.70527410507 121.291 11.334615 -0.012126455 120.58553095 14.9383216221 0.0168951501514 3.67210947526 1.66281548987 0
1953 2.69074106216 123.43737 11.229443 0.0013807468 123.337216299 14.6263638324 -0.00026702646281 3.39839696113 -0.0944104535535 0
1956 2.6937251091 125.58554 11.258252 -0.0049853053 124.935807962 15.4069638236 0.0178071009149 4.19928107135 1.30590868106 0
1959 2.69360899925 127.50849 11.183265 -0.012828209 126.385414834 14.7414077438 0.0415531775337 3.73117643819 3.11582393245 0
1962 2.69684696198 130.28779 11.390648 -0.01314096 128.891850076 15.0138117956 -0.000360165743753 3.88277789227 0.732285569708 0
1965 2.70096802711 132.78769 11.256475 0.0084755214 130.875065742 14.7518023094 -0.0206373765468 3.98440014962 -1.66804618175 0
1968 2.75944185257 125.9239 10.596074 0.27888777 132.472722778 14.8104500162 -0.0115086923709 7.78768547009 -16.6384916794 0
1971 2.67663383484 93.936275 13.265891 0.84250578 132.880999431 15.0924946051 -0.00382039242672 38.9875370055 -48.4909177715 0
1974 2.74680685997 59.212281 6.4432491 1.3602712 133.134571878 15.7400058222 0.00245546186088 74.5045956583 -77.7971111518 0
1977 2.69865989685 41.747696 3.5851691 1.5088422 133.064888454 13.2127601351 -0.0224161374897 91.8233093874 -87.7346400824 0
1980 2.67635607719 40.889782 2.6549702 1.6071612 138.661726861 13.4000581422 -0.0556958904104 98.3606126291 -95.2746932139 0
1983 2.81482100487 40.408125 3.8011614 1.6070032 34.70388063 92.5852297717 1.84655850939 88.9671242677 13.7255081883 0
1986 2.67436218262 40.388712 5.5337894 1.5172855 35.8510546049 87.8635847756 -0.22931367593 82.4547484456 -100.072761282 0
1989 2.74407720566 40.44034 7.6724587 1.5542124 35.6853533214 94.194972315 1.99139102673 86.6530741554 25.048490205 0
1992 2.74828410149 40.554207 9.7439313 1.5604739 36.4041205418 85.0803050055 -0.753737328154 75.4505958937 -132.594536275 0
1995 2.6872010231 40.580821 11.876658 1.5652859 31.5645769277 87.4961006534 -1.57300730281 76.1550573789 -179.810955395 0
1998 2.6857278347 40.665042 14.024391 1.567666 31.5185627369 85.3947148549 -1.83553586726 71.9540215002 165.010896175 0
2001 2.69855618477 40.771617 16.174621 1.5548315 102.793373856 62.3006228819 -3.02168346353 77.293637339 97.7850077113 0
2004 2.77429485321 40.847233 18.25792 1.5551713 117.045454821 40.2644054903 -0.510128115265 79.3123849865 -118.332939926 0
2007 2.68791294098 40.88758 20.352438 1.5597309 15.1523838184 87.5024046809 -2.31675372471 71.9125743369 137.893791657 0
2010 2.75040793419 40.971014 22.508388 1.5678505 61.8148563228 78.8379249162 -0.317958455488 60.0623217331 -108.048894117 0
2013 3.11909604073 41.044823 24.54743 1.5705547 61.2430664768 76.8057153207 -0.368617571014 56.0258638863 -111.106386878 0
2016 2.70261216164 41.105608 26.696222 1.5717508 43.9741472532 94.6803067151 1.08126183751 68.044575772 -28.1029474485 0
2019 2.69400501251 41.160404 28.869777 1.5672714 64.5387463274 76.4666087837 -0.413684088081 53.0283441738 -113.50038887 0
2022 2.69604992867 41.204205 31.003136 1.5608691 97.7635708632 95.7227184127 -0.850148235141 85.9510687224 -138.141117636 0
2025 2.6853890419 41.244227 33.116661 1.5660557 7.63958475231 76.9063137089 -2.33647334628 55.1978773592 136.401556221 0
2028 2.69461798668 41.277887 35.228156 1.5643441 63.6684854984 44.4923553498 1.62953015366 24.2314731436 3.7348857579 0
2031 2.6812620163 41.31792 37.33529 1.5797774 110.873209874 73.7671544881 0.00286975774651 78.5189091845 -90.3501525831 0
2034 2.68121790886 41.419072 39.474789 1.5713492 117.866796335 21.0437460361 0.325050232775 78.638145329 -71.4076708335 0
2037 2.69170188904 41.429937 41.518923 1.5745722 120.367079148 21.3125389914 -0.00712747326105 81.4823316132 -90.6247157351 0
2040 2.68627786636 41.494048 43.684079 1.5737379 59.3076065852 54.1375232743 -2.02224281006 20.6542336257 153.965482103 0
2043 2.69601011276 41.508319 45.798644 1.5762653 125.470088576 21.1517761624 -0.0128639625251 87.5045532788 -91.0503998434 0
2046 2.68461108208 41.512588 47.943477 1.5772604 70.0404483863 117.043665779 2.21358821524 74.7574404825 36.4588981999 0
2049 2.7513449192 41.583607 50.107906 1.5744728 68.8843463415 126.900739807 -2.25439790473 81.5013477967 140.621868318 0
2052 2.68663287163 41.632502 52.265699 1.5728612 79.6145800603 48.3581934425 -2.39144713591 38.1825464508 132.861863664 0
2055 2.68018579483 41.660201 54.305408 1.5732479 87.8670100467 42.5413380494 -2.43153486847 47.6808404297 130.5428495 0
2058 2.70492887497 41.689009 56.508616 1.5685378 83.9416124331 120.412240467 0.40388736983 76.6091098815 -66.7295542569 0
2061 2.68349814415 41.794127 58.57462 1.5657057 83.0502439734 24.2384232358 -1.28841106424 53.67533508 -163.528844828 0
2064 2.69402599335 41.856016 60.76704 1.5641567 78.0848166151 44.0700008671 -1.48282712593 39.8913162206 -174.57931347 0
2067 2.69470405579 41.858156 62.785084 1.5639758 47.9651392729 42.8080896664 -3.11281210873 20.889603809 92.0397911519 0
2070 2.68990492821 41.958088 65.023529 1.5767642 11.1195937062 13.7032538796 -2.25488735782 59.8730604591 140.462537172 0
2073 2.68035888672 41.99726 67.044355 1.5737097 65.6158993727 30.5892302657 2.9936073185 43.4374981463 81.3541408805 0
2076 2.67170190811 42.044947 69.102812 1.5759217 74.0555713923 73.1216256533 1.01821070996 32.2619115547 -31.9544859173 0
2079 2.68294596672 42.097902 71.261122 1.5727544 69.6074612592 33.9390804103 -0.363834671543 46.3649721132 -110.958380451 0
2082 2.67480993271 42.114798 73.459441 1.5684742 143.52676235 9.62561825148 -1.71603338422 119.829643411 171.811577646 0
2085 2.69105100632 42.172982 75.545483 1.5804547 36.8719677042 74.6361773195 1.99162707775 5.37843744826 23.5584418974 0
2088 2.69926810265 42.213453 77.648417 1.5799022 35.8881612858 78.3594458883 1.61928440317 6.36512979829 2.25643402965 0
2091 2.68514299393 42.308345 79.80823 1.5843424 40.0023769139 81.4308402727 1.62477011513 2.81963701763 2.31633745204 0
2094 2.69673609734 42.259747 81.948131 1.5870316 38.6858425751 83.0213391001 1.80729676604 3.73156380951 12.6202643881 0
2097 2.69563913345 42.325886 84.065588 1.5841531 36.9196184175 85.1273998977 1.5917220811 5.50955294739 0.433670672481 0
2100 2.70311307907 42.338042 86.100283 1.5789413 36.5994618306 86.7326995805 1.62348284039 5.77332253486 2.55204227731 0
