3 5.49267506599 72.513547 45.80148 1.6808269 88.3406262263 88.3299655084 -1.97836738506 45.3780620617 150.343611048 0
6 5.49023103714 72.505015 45.806851 1.6805552 46.8955346856 96.010866529 1.70177109812 56.3585721715 1.21558142095 0
9 5.51366400719 72.51553 45.801787 1.6811119 39.5870135283 116.943103554 -2.06924091162 78.3924366126 145.120612209 0
12 5.51424598694 72.511327 45.798497 1.6805172 93.2470821579 66.6772950797 1.44400463204 29.4261066269 -13.551171946 0
15 5.48989701271 72.518426 45.80176 1.6806948 135.471193623 3.6234450394 1.96421637355 75.7763894912 16.2445895652 0
18 5.48565888405 72.509508 45.806599 1.6825332 136.695868031 67.4736467524 -2.44874216235 67.7447398129 123.295357731 0
21 5.51697993279 72.510969 45.800989 1.6811293 33.5181693143 86.9640455115 -0.150199850205 56.6995207096 -104.927431206 0
24 5.54442405701 72.522343 45.818169 1.6838228 27.7015156158 40.8529183082 -2.17987832436 45.0950139354 138.626232274 0
27 5.45161485672 72.508499 45.799812 1.6808804 57.3186692039 112.451687483 -1.35122284096 68.3608326065 -173.726718755 0
30 5.51080012321 72.523901 45.815543 1.6832165 29.904804643 85.2581463918 1.248294779 58.0698401635 -24.919179032 0
33 5.50856900215 72.511009 45.802779 1.6808191 44.2440781671 93.6656933897 -1.88971054098 55.5866706378 155.423720946 0
36 5.53323507309 72.527172 45.853315 1.6851825 51.6059803188 109.450321628 -0.57954701232 66.9497984572 -129.759442795 0
39 5.50068902969 72.188088 49.017093 1.6798669 97.8808422028 118.587091656 2.77213014015 74.162674787 62.5820737777 0
42 5.5055809021 71.804616 53.279503 1.6643548 93.1375545784 119.546814053 -1.84844476208 69.616454826 158.731410817 0
45 5.47705197334 71.568933 57.324136 1.642571 54.4704866491 102.668490768 -2.61079012461 48.4609881957 116.300358815 0
48 5.49837899208 71.37336 61.652431 1.6431927 74.1629378033 124.401931954 -1.62363402633 62.8114767716 172.824616181 0
51 5.47721004486 71.165072 65.844712 1.6344026 98.3874120951 76.5453685649 -2.16204307196 29.2499547209 142.479685846 0
54 5.4843018055 70.960331 70.343426 1.6128178 53.1341519401 97.9884684881 0.301855140317 32.8940881322 -75.1126274991 0
57 5.48244404793 70.885213 74.631613 1.6236159 136.271824108 57.1084731053 -0.40269701515 67.6939387534 -116.099178011 0
60 5.50866603851 70.832043 79.069602 1.6124517 54.9132858601 127.789557049 2.57703180568 51.2546666053 55.2663690578 0
63 5.47557401657 70.841819 83.283634 1.5826474 58.5499376615 109.781519619 -2.25474683364 29.2100717067 140.133506085 0
66 5.48211598396 70.897044 87.066595 1.5142468 55.1285304995 107.642868413 -2.20266260321 25.9235230167 147.036778364 0
69 5.49372196198 70.898205 87.488163 1.2381173 54.936557714 106.344789166 -2.62351403567 24.7051924592 138.74482243 0
72 5.5149140358 70.648486 87.373684 0.94938085 26.5573131168 78.9485923646 -2.3877645833 44.8889039215 168.79565105 0
75 5.47960591316 70.490448 87.162959 0.64684814 53.0021932673 69.6204508656 -2.61630884403 24.7705196805 173.034876927 0
78 5.51902508736 73.090524 88.460194 0.4660111 52.4256688281 108.383052813 3.05786457256 28.7046432227 148.502265094 0
81 5.4603869915 76.750616 90.291223 0.4640309 48.392328593 110.29160564 2.96441090893 34.7016969381 143.261221691 0
84 5.508852005 80.704264 92.172539 0.45240664 42.9678514148 109.179936456 -3.00451810936 41.3918881306 161.932801767 0
87 5.48146986961 84.637734 93.972859 0.42386385 39.2179222461 107.102316922 3.00354622897 47.2794031802 147.804912799 0
90 5.46740412712 88.678811 95.730817 0.41656148 34.2139583232 109.120555988 3.05594754369 56.0865874097 151.225681955 0
93 5.48929286003 92.647535 97.41769 0.40779386 29.4806145972 109.235742894 3.08225860776 64.2629458349 153.235542503 0
96 5.52886295319 96.759828 99.128022 0.39320766 26.6838184462 109.68271126 3.04867008668 70.866413627 152.146789704 0
99 5.4695110321 100.07577 100.58602 0.32958371 21.8400137762 109.928413055 3.01874769982 78.7915849561 154.077747035 0
102 5.48508405685 100.12714 100.52966 0.1390585 21.2222777757 113.50572341 2.6208057972 79.9647141198 142.193645948 0
105 5.51624417305 100.08551 100.52401 -0.14356162 20.1463779048 113.097984454 2.58746980418 80.921997465 156.476574323 0
108 5.57470798492 99.772178 100.71077 -0.40700642 96.662483239 103.335781713 -0.454403505034 4.06950709529 -2.71565293369 0
111 5.45310282707 99.760338 100.7618 -0.66729138 12.9505660637 69.3783633622 2.181199692 92.3084860608 163.206516406 0
114 5.52922797203 99.638101 100.95548 -0.8821311 87.4858031541 31.6082145413 -0.536982903429 70.403988307 19.7755349701 0
117 5.44346499443 99.549051 101.11221 -1.1251977 13.5893928034 69.6824979375 1.5806250088 91.5253496995 155.032221325 0
120 5.48559999466 100.80276 98.46873 -1.1938854 14.2376521718 70.3255753177 1.90869754362 91.0250242998 177.764908259 0
123 5.50419402122 102.35582 94.496879 -1.1822805 100.186710589 95.8742796666 -1.16140314701 2.56948793216 1.19618421381 0
126 5.47443389893 103.84912 90.431736 -1.1842505 102.209642981 92.9867471515 -1.02971656179 3.03578109892 8.85414245079 0
129 5.5070168972 105.46668 86.336829 -1.1831903 103.951790589 86.9659088281 -1.1378896553 1.64031440793 2.59553575044 0
132 5.51287508011 106.96067 82.891423 -1.1821311 105.260427841 84.4558404496 -1.16488345785 2.31045998761 0.988217101606 0
135 5.52859187126 108.13488 79.987125 -1.1809983 107.248794786 81.6887203741 -1.15513836507 1.9184821664 1.48166512975 0
138 5.52792096138 109.11096 77.465416 -1.174964 107.709178611 78.6263682375 -1.15750880686 1.8201102059 1.00010889742 0
141 5.50906300545 110.00241 75.115832 -1.1797573 109.071116695 77.7704628479 -1.1469140852 2.8132493951 1.88177759361 0
144 5.52194690704 110.9669 72.896666 -1.1819268 110.103357481 74.9148517224 -1.13792799182 2.19517181389 2.52094601213 0
147 5.52676510811 111.79529 70.750926 -1.1680053 109.161635969 73.7648956248 -1.16321959111 4.00251751446 0.274200921208 0
150 5.52224588394 112.62755 68.634671 -1.166408 110.244899096 71.927950055 -1.17915024507 4.06481392759 -0.730076864267 0
153 5.52465510368 113.50263 66.493746 -1.1746568 111.672171787 69.3913918887 -1.17427240163 3.42737931436 0.0220244044941 0
156 5.57929205894 114.39844 64.423702 -1.1690506 113.05394829 66.7316200646 -1.13370361508 2.67098179521 2.02523305447 0
159 5.4991080761 114.9392 62.935672 -1.1627449 113.588646175 66.5684835837 -1.12742597372 3.87573420605 2.0236254129 0
162 5.53037595749 115.58582 61.52951 -1.1720902 114.034294714 64.7567638887 -1.11804745951 3.58083766398 3.09642094322 0
165 5.52565813065 116.16312 60.165609 -1.1710096 114.160842396 62.934763063 -1.14578058398 3.41721082581 1.44551613928 0
168 5.55992293358 116.71267 58.758483 -1.1690165 114.454229992 61.9020571318 -1.15872857336 3.87073760296 0.589454776312 0
171 5.53369784355 117.29804 57.404001 -1.1730259 115.099975136 60.6621351549 -1.16500848569 3.93025792023 0.459364002425 0
174 5.52894997597 117.3062 57.346669 -1.1782941 114.512894732 60.7913281591 -1.16569733225 4.43488794016 0.721741627325 0
177 5.50703692436 117.30973 57.394113 -1.1925087 115.261653582 60.5193706406 -1.24042766155 3.73655621321 -2.74555425523 0
180 5.49254894257 117.3509 57.478875 -1.2542253 114.602272369 60.7715457986 -1.27538904253 4.28912984664 -1.2125931256 0
183 5.5003221035 117.31554 57.561663 -1.3141336 114.896992638 61.8245395015 -1.36536553957 4.90117204449 -2.93537391344 0
186 5.53632116318 117.31761 57.625945 -1.389572 115.554191873 61.2689108428 -1.44550822627 4.0473254901 -3.20490968725 0
189 5.53024101257 117.34247 57.653648 -1.4539696 115.22910289 61.0753667582 -1.47625352309 4.02175083797 -1.27677474377 0
192 5.54571700096 117.36058 57.739095 -1.5147103 115.333935342 60.2040759659 -1.49920374346 3.19114708712 0.888460244262 0
195 5.5421769619 117.34118 57.80351 -1.5718326 115.592949192 59.7942145242 -1.60551815241 2.64938020304 -1.93003998346 0
198 5.54466891289 117.32521 57.826191 -1.6475747 115.416765998 60.4381560901 -1.64377450674 3.23489105522 0.217735035201 0
201 5.52968597412 117.28663 57.948056 -1.7072698 115.959272433 60.4678949913 -1.66135837948 2.84806366707 2.63053062729 0
204 5.50904083252 117.37131 58.006137 -1.7818651 116.223486643 59.4331385075 -1.75641395153 1.83134698019 1.45824339117 0
207 5.5772459507 117.40314 57.989067 -1.8555926 116.563835762 59.6980967251 -1.79133865418 1.90399952858 3.68147991247 0
210 5.51954102516 117.02719 57.008887 -1.8977403 117.37962613 59.8172350088 -1.86696711258 2.83037625851 1.76317376153 0
213 5.55964303017 116.38504 55.250118 -1.9095407 115.06572518 57.0780525241 -1.82096633713 2.25431502194 5.07493716571 0
216 5.49481391907 115.67443 53.450651 -1.9075572 116.197689011 55.5141475251 -1.85113817957 2.12880668481 3.23257175466 0
219 5.49619221687 115.02136 51.574537 -1.9165104 114.499489222 53.7437147413 -1.84459372669 2.23107175657 4.12052185747 0
222 5.5365447998 114.35753 49.684701 -1.9233127 113.951585965 51.6694347131 -1.87599874878 2.02582291226 2.71088971701 0
225 5.52146601677 113.59486 47.870819 -1.9110101 113.50121989 50.1184207437 -1.87282439394 2.24955152613 2.18787979521 0
228 5.50730204582 112.87829 45.986656 -1.9118326 114.136029058 45.5401674888 -1.77272646659 1.33463835094 7.97019434879 0
231 5.52707505226 112.17059 44.128463 -1.9122248 112.073292678 45.0303661117 -1.81358672885 0.907136148404 5.65154517618 0
234 5.52292704582 111.43202 42.277019 -1.9027456 110.341606268 44.2514878085 -1.90495072005 2.25555518281 -0.126344072002 0
237 5.54240107536 110.82393 40.37458 -1.9174412 110.648968284 42.4618996804 -1.92132570591 2.09463959912 -0.222565794245 0
240 5.47252702713 110.14399 38.567468 -1.912432 112.228168233 37.6701131141 -1.80967760564 2.26915065604 5.88739312348 0
243 5.4970600605 109.42625 36.696167 -1.9074722 108.632562269 38.7070037342 -1.9180499572 2.16180586229 -0.606060844476 0
246 5.50333189964 108.96452 35.308972 -1.917648 108.533481805 37.681576183 -1.92708449901 2.41144034432 -0.540671566552 0
249 5.48892879486 108.91335 35.330429 -1.9171391 108.641689786 37.5857179757 -1.95405967239 2.27159143242 -2.11539297491 0
252 5.5499689579 108.9585 35.348205 -1.9450374 108.805440384 36.9036348986 -1.95532589823 1.56294255025 -0.589487526292 0
255 5.52390813828 108.97674 35.368834 -2.0165302 108.71600903 37.6443407661 -2.00991682238 2.29039552936 0.378918625816 0
258 5.55058002472 108.99865 35.397074 -2.0803106 109.677777553 37.4031821825 -2.12682553819 2.11794340638 -2.66510964239 0
261 5.47093582153 109.05048 35.474836 -2.159245 108.997146125 37.5796532671 -2.15832233409 2.10549287104 0.0528648626669 0
264 5.46262288094 109.09365 35.518169 -2.2238592 109.360553122 36.78232596 -2.21025019664 1.29202557875 0.779738455909 0
267 5.53251290321 109.14301 35.568827 -2.2920109 109.798291411 37.485316169 -2.31841850547 2.02541957689 -1.51304434038 0
270 5.52282190323 109.24021 35.586114 -2.3597618 110.326649705 37.6205114905 -2.39805694271 2.30632269666 -2.19415005321 0
273 5.53627300262 109.32691 35.57971 -2.4292889 109.46934445 37.8903305627 -2.34187736854 2.31500647023 5.00831183331 0
276 5.50812387466 109.34422 35.612178 -2.4970016 109.149193616 37.8811839459 -2.42072234494 2.27737201023 4.37047937948 0
279 5.53396201134 109.45255 35.562283 -2.5751384 111.623820243 36.3095674371 -2.51291910494 2.29626838503 3.56490301146 0
282 5.53581690788 109.51035 35.610832 -2.6455993 110.314744929 37.0073294234 -2.55686048585 1.61160052593 5.08435952954 0
285 5.55996203423 109.52669 35.619453 -2.7060079 109.924618157 37.1233327153 -2.61035665862 1.55563524528 5.48041243621 0
288 5.57673597336 109.56751 35.667144 -2.7779359 109.422765191 37.1752986082 -2.61224132809 1.51508461211 9.49359965858 0
291 5.49656295776 109.58407 35.725569 -2.8421247 111.0026706 36.233574217 -2.67522472645 1.50681683156 9.56266408511 0
294 5.50499582291 109.62066 35.728072 -2.9074408 109.210161888 37.4044917791 -2.77433420572 1.72594668967 7.62644607745 0
297 5.55347704887 108.40689 35.538158 -2.9474042 109.602381872 37.8748119985 -2.86125809718 2.62471955159 4.9358081131 0
300 5.54146194458 106.63579 35.154474 -2.9731605 105.746943096 36.753952011 -2.84861671003 1.82985756997 7.13583353 0
303 5.50191092491 104.74277 34.838538 -2.9724974 104.165791666 36.9727160195 -2.8949406293 2.21079619531 4.44367563354 0
306 5.54173088074 102.71686 34.507066 -2.970186 101.132123128 35.590230031 -2.89538016284 1.91954038046 4.286058752 0
309 5.56589984894 100.87602 34.149296 -2.9774562 101.765171792 36.0762286164 -2.90955620116 2.12218288968 3.89038336269 0
312 5.56352901459 98.917573 33.856952 -2.9648121 98.8169510642 34.9580562899 -2.8666460609 1.10569228594 5.62449973173 0
315 5.51397395134 96.872255 33.519705 -2.9713846 96.6036352068 34.6477963088 -2.91998635534 1.15963209434 2.94490249316 0
318 5.53239202499 94.700759 33.157106 -2.9752463 94.2735926334 33.6384212606 -2.88713672137 0.64353359258 5.04830698993 0
321 5.50773692131 92.656194 32.878926 -2.9695623 92.6223046153 33.8165338143 -2.9256729731 0.93822007214 2.51467319698 0
324 5.5096719265 90.628889 32.525228 -2.9736018 90.5793075212 33.6210537505 -2.92713232681 1.09694685304 2.66250468984 0
327 5.53295898438 88.510396 32.191288 -2.9695852 87.2600684821 33.1009935097 -2.94678324985 1.5462480449 1.30645550851 0
330 5.54160094261 87.334812 32.006658 -2.9896435 86.1589631871 33.8831544314 -2.97113575624 2.21446591479 1.06041560578 0
333 5.5552508831 87.328365 31.983283 -3.0015998 86.6460073301 33.7734855991 -3.04242204392 1.91583854628 -2.3389422871 0
336 5.48474001884 87.328448 32.00285 -3.0442403 86.6475890495 33.902507688 -3.0779776605 2.01798618477 -1.9330083683 0
339 5.55732893944 87.480424 31.977098 -3.121648 86.1138335663 34.4792516211 -3.03904940535 2.85102475562 4.73255086743 0
342 5.55813217163 87.509332 32.088761 3.0972389 86.2230397286 34.9544491025 -3.04956826507 3.14113293386 7.81389196046 0
345 5.59854888916 87.537767 32.004513 3.0032565 86.7852685273 33.8250826445 3.08396815243 1.96995628939 4.62443704159 0
348 5.57325482368 87.588829 31.971963 2.902116 86.292912311 33.7372008998 3.06691380582 2.18985499693 9.44221874669 0
351 5.53317308426 87.696053 31.883789 2.7788249 86.3586189258 34.1457155359 2.89346843144 2.62774457599 6.56859050014 0
354 5.52738809586 87.777704 31.698119 2.6376296 86.5580346309 34.2717535187 2.9366410584 2.84801474819 17.1320945922 0
357 5.54367613792 87.896098 31.65995 2.4917922 86.0245772505 32.5963510788 2.67314216208 2.0927104186 10.3905874419 0
360 5.51626086235 87.958395 31.594625 2.366513 86.3220033404 33.3708508559 2.59437856752 2.41510992606 13.0557353153 0
363 5.55879712105 87.964094 31.460561 2.2184109 85.4356323064 34.0375033622 2.36009447706 3.6102285903 8.11787099191 0
366 5.54103517532 87.708527 31.831987 2.1125682 86.2869234984 34.7330248327 2.29295943334 3.23063105634 10.3356563316 0
369 5.53901815414 86.721318 33.612273 2.0920166 84.8608666006 35.671023446 2.33897790526 2.77483924012 14.1498404944 0
372 5.5572180748 85.724716 35.405361 2.0873093 84.436812135 36.2359973461 2.1277406028 1.53253160002 2.31654301052 0
375 5.54794096947 84.755772 37.248267 2.0862059 83.0444197876 38.7427134236 2.07554494429 2.27202475948 -0.610827767971 0
378 5.55902791023 83.690185 39.149374 2.0868314 81.8263001251 40.4021600213 2.11191434001 2.24578263469 1.43714660055 0
381 5.54775595665 82.666747 40.97523 2.090975 81.1140530285 41.6150426811 2.1420800386 1.67935071863 2.92810302356 0
384 5.58030891418 81.635815 42.877142 2.0910396 80.1869931692 43.9859568507 2.11923385887 1.8244328079 1.61541203998 0
387 5.55270814896 80.624097 44.699122 2.0805048 78.8681241923 45.4076665628 2.1185673758 1.89353529112 2.18082495087 0
390 5.54330992699 79.602515 46.546403 2.0762437 78.0666138589 47.8665230422 2.14544312501 2.02526769615 3.96483499792 0
393 5.54902911186 78.599692 48.40129 2.0808805 77.6062002742 49.0947912657 2.09359507724 1.21159804174 0.728491614392 0
396 5.47656798363 77.532669 50.298142 2.0919608 76.066878176 50.6545419139 2.10452356913 1.50849714562 0.719793650058 0
399 5.5022649765 76.53881 52.074716 2.0854653 75.2348044863 52.8227625998 2.08242148605 1.50333099987 -0.174397692909 0
402 5.52022695541 75.533974 53.92833 2.0838411 74.4268087088 54.5953814212 2.0844472545 1.29258368418 0.0347300947538 0
405 5.54652309418 74.451304 55.860797 2.0823704 73.2227549309 55.1900069467 2.06462107562 1.39974715961 -1.01696137609 0
408 5.51429986954 73.464188 57.689364 2.0801622 71.5464232427 58.9909121082 2.15186201027 2.31772499276 4.10809652018 0
411 5.51652097702 72.461178 59.521835 2.0808323 70.0582132267 60.0191911838 2.13404308725 2.45389544913 3.04875353408 0
414 5.52738904953 71.469371 61.42577 2.0898858 69.2811086075 62.0813663306 2.10512569641 2.28435961419 0.873181744305 0
417 5.52355909348 70.386885 63.322712 2.0827703 67.814688696 63.6840334557 2.09309498553 2.5974500997 0.59156090588 0
420 5.46193408966 69.38246 65.186025 2.0922796 67.6289368544 65.2781380214 2.13908055072 1.75594083924 2.68149695334 0
423 5.48634004593 68.400253 67.014087 2.0893798 65.2548125782 67.6832708031 2.11587647679 3.21583619132 1.51814775118 0
426 5.44068789482 67.30799 68.901204 2.089526 64.5264552502 68.9627265379 2.11838139794 2.78221505043 1.6532925182 0
429 5.4824450016 66.315197 70.741557 2.0869248 63.4336535946 70.4299820819 2.0987396479 2.89833940854 0.676940920241 0
432 5.55006194115 65.281228 72.464006 2.0745737 62.7463187127 72.3883950136 2.1072390231 2.53603669457 1.87158514978 0
435 5.51984095573 64.283593 74.421326 2.0918621 61.2245976575 74.3656621687 2.11556097628 3.05950175149 1.35784559002 0
438 5.47894191742 63.28447 76.191493 2.091939 60.3710035573 75.925112882 2.10906265806 2.92561875165 0.981113336758 0
441 5.49282503128 62.204887 78.125252 2.0893553 59.058020604 77.8805509654 2.13649775419 3.15636606091 2.70106366089 0
444 5.53484296799 61.273659 79.948227 2.0960183 57.6346636044 79.5402663854 2.10378622988 3.66179182258 0.445069597647 0
447 5.57920694351 60.19879 81.787566 2.089809 57.4400561191 82.1676367924 2.12053318802 2.78479199099 1.76036630268 0
450 5.49351716042 59.161438 83.629466 2.0974137 56.6374579666 83.7257270226 2.10923868081 2.52581499588 0.677521492983 0
453 5.50135087967 58.11891 85.485673 2.0964985 55.2878102668 86.2983520636 2.06514545712 2.94543255899 -1.79639703163 0
456 5.48337697983 57.036783 87.336936 2.0992423 54.6375783799 87.5240114963 2.09020687357 2.40648707674 -0.517691800389 0
459 5.50627207756 56.357629 88.602308 2.124456 54.5856223772 88.2921748917 2.09610064875 1.79894135984 -1.62464195323 0
462 5.47538304329 56.200217 88.720884 2.2094598 53.7595921451 88.2539293233 2.19119795015 2.48489363005 -1.04632692258 0
465 5.4892411232 56.199637 89.07416 2.3631742 53.0380864312 87.8311404389 2.31910059456 3.39713108794 -2.52523157959 0
468 5.52982401848 56.109511 89.161307 2.4869631 53.0843390954 88.098619885 2.46545922888 3.20639500945 -1.23208105846 0
471 5.55637216568 56.023191 89.233423 2.608836 52.648188774 88.7013945591 2.60472295699 3.41667883877 -0.235660005629 0
474 5.4885571003 54.873312 89.789936 2.6823278 51.6998937996 89.4991985487 2.68543049041 3.18670854332 0.177771065664 0
477 5.55447602272 52.997249 90.667048 2.6986067 49.4421817583 90.151329831 2.70859277689 3.59227898736 0.572160059504 0
480 5.53990411758 51.122563 91.609157 2.7018871 47.5008351556 90.9952275255 2.72281706989 3.67339379574 1.19919893993 0
483 5.54249119759 49.137432 92.566213 2.7007601 46.7886983344 91.5816378103 2.70556444734 2.5467505053 0.275268825794 0
486 5.54821705818 47.308569 93.452781 2.7003868 44.3108529979 92.6418179488 2.7145942029 3.10547295906 0.814024224264 0
489 5.57802605629 45.360782 94.336008 2.7008969 42.716493934 93.6317962449 2.72367974825 2.73645273517 1.3053610499 0
492 5.5447010994 43.468079 95.251019 2.7064338 41.0974077177 94.3630600757 2.71289198273 2.53151207386 0.370026613697 0
495 5.53418016434 41.590918 96.131677 2.7064065 38.6230390458 94.9466127931 2.73403451369 3.19572881533 1.58296858056 0
498 5.49434304237 39.606214 97.06058 2.704478 35.4234043657 96.0796614516 2.73198161079 4.29628882125 1.57584081972 0
501 5.51527810097 37.718719 97.944153 2.696243 34.8205073378 95.9698828649 2.73870653175 3.50676109893 2.43298115255 0
504 5.48797392845 35.769603 98.891663 2.7044976 31.7739113005 97.003393925 2.75539166229 4.41940179854 2.91601497175 0
507 5.47715592384 33.862509 99.822852 2.7013631 30.2879676142 97.9599738826 2.74840313728 4.0308387464 2.69519560411 0
510 5.48307800293 31.979521 100.73965 2.7066945 28.9927045704 99.4659446181 2.73962311332 3.24705986761 1.88667056852 0
513 5.49933409691 30.015598 101.64307 2.7044148 27.0500053534 100.838897747 2.69708664577 3.07269145173 -0.419872309128 0
516 5.56162309647 28.083667 102.5122 2.7038251 25.552278441 101.38402384 2.71551906001 2.77140929571 0.670014554497 0
519 5.52892780304 26.231599 103.44351 2.6987262 23.1459355733 102.285861328 2.71259584978 3.29567432125 0.794672395546 0
522 5.57406497002 24.326425 104.3449 2.7056645 21.5254121355 104.18173793 2.68937849983 2.80576102471 -0.933119075045 0
525 5.50799798965 23.072168 104.95788 2.6888385 19.518127043 104.230702814 2.67502557643 3.6276705726 -0.791422223071 0
528 5.48459911346 23.059574 104.94595 2.6093304 19.5305314701 103.807305118 2.60615742433 3.70818733956 -0.181798114178 0
531 5.51232600212 23.148655 105.02795 2.4881616 18.3482633172 104.953602707 2.44597839383 4.80096738461 -2.41691967967 0
534 5.48553109169 23.15609 104.97342 2.3614352 18.5433172906 105.367586949 2.33051680908 4.62958309704 -1.77149330895 0
537 5.48832297325 23.189116 104.80794 2.2179164 19.0858489661 103.626380696 2.22433450436 4.26999797903 0.367730292243 0
540 5.52098107338 23.170444 104.45908 2.0515088 18.9341489578 103.318628261 2.06711235481 4.38712045116 0.89401783618 0
543 5.490224123 23.203193 104.36781 1.9241471 18.897984474 103.455560277 1.95264994728 4.400797656 1.63309285306 0
546 5.48624300957 23.268475 104.40083 1.8086424 19.571791935 104.386739291 1.80539180169 3.69670991977 -0.186245563882 0
549 5.53497004509 23.269141 104.3114 1.6661585 18.9159231194 103.560098337 1.69049823304 4.41757400668 1.39456397748 0
552 5.51284599304 23.273746 104.22596 1.531085 18.8006151297 105.159383842 1.5119423838 4.56948354313 -1.09679111718 0
555 5.50794816017 23.201513 103.9692 1.3630267 19.0366833346 104.903629633 1.3691076149 4.26836794116 0.348410759513 0
558 5.46928191185 23.573375 105.47089 1.3112874 19.8330606314 105.51872795 1.35553738325 3.7406202755 2.53533728396 0
561 5.44113111496 24.091257 107.45193 1.3021436 20.348711934 106.050256507 1.35654306709 3.99641491233 3.11685987191 0
564 5.43301701546 24.69734 109.54228 1.2971878 20.0522665056 108.476728695 1.26723250785 4.76572212281 -1.71631181412 0
567 5.52990794182 25.24514 111.62222 1.291934 21.3870306883 111.617503942 1.28607466205 3.85811219406 -0.335715335386 0
570 5.53850603104 25.838263 113.71051 1.2925571 21.7735170302 113.662040164 1.27644956857 4.06503494747 -0.922893569164 0
573 5.48323297501 26.485855 115.66064 1.2984976 22.2027459146 116.380598783 1.29774153803 4.34319744962 -0.0433191599666 0
576 5.55810594559 26.666562 116.70228 1.2516028 22.6026100511 116.94184913 1.30647489128 4.07100710032 3.14393924339 0
579 5.55872607231 26.671044 116.66524 1.1445574 22.6258687284 116.913213387 1.11514044161 4.052768656 -1.68546756213 0
582 5.56751585007 26.68282 116.71548 1.0360889 22.8514637365 116.14844921 1.0239990099 3.87308852657 -0.69269967725 0
585 5.50444197655 26.598988 116.54426 0.86252405 22.5408125469 115.752444939 0.874243930407 4.13470181493 0.671499683734 0
588 5.49964404106 26.490987 116.49462 0.72378221 22.3391855241 115.06222283 0.766879074148 4.39194912861 2.46926842593 0
591 5.54776096344 26.414554 116.44154 0.58967497 22.147902401 115.854492726 0.626842769698 4.30684807827 2.12955805646 0
594 5.45507097244 26.30131 116.37003 0.43724496 21.796308756 116.340884602 0.503635906014 4.50509552205 3.80392100448 0
597 5.56072211266 26.176025 116.35464 0.31453037 21.2608512023 116.284656629 0.34485600064 4.91567199205 1.73753064673 0
600 5.53992700577 26.088883 116.46581 0.14702743 22.0653459964 115.879965976 0.221077373285 4.06596399887 4.24274922343 0
603 5.51707601547 25.977812 116.45377 0.019989929 20.8148295111 116.158641754 0.0549629254905 5.1714107227 2.00380509583 0
606 5.53706717491 25.890585 116.45549 -0.11586106 23.4832299805 115.559211781 0.0538233182761 2.56878820376 9.72219872452 0
609 5.55474901199 27.617035 116.21759 -0.13548047 24.7685054498 116.03305708 -0.0586808960213 2.85450048121 4.40029145738 0
612 5.52227783203 29.732468 115.90829 -0.14344069 26.1573859567 115.496751997 -0.0798340925971 3.59869075419 3.64438958038 0
615 5.52432179451 31.744289 115.6014 -0.14068963 27.2852411585 114.967629289 -0.108021425584 4.50386200579 1.87175023732 0
618 5.43912005424 33.87565 115.27561 -0.13567301 30.3498622857 114.504344216 -0.111850434738 3.60915917022 1.36493301965 0
621 5.46865510941 35.936054 114.9269 -0.14240112 32.8915783803 114.83087229 -0.10914607444 3.04598967821 1.90537375812 0
624 5.45310997963 38.113735 114.67885 -0.14674677 34.4488371436 114.42747853 -0.11198044198 3.6735083931 1.99196386469 0
627 5.50464677811 40.163768 114.30534 -0.14012204 36.5978510615 114.614969116 -0.103375697343 3.57933426794 2.10541034678 0
630 5.4482011795 42.346763 113.98058 -0.16006212 39.0568730057 114.241877113 -0.0884988265422 3.30025034745 4.10027468319 0
633 5.48796820641 44.341947 113.67079 -0.15507802 41.1591826766 114.274812181 -0.113625893328 3.23957273932 2.37503191016 0
636 5.5155518055 46.544067 113.30502 -0.15009707 42.9113912271 114.202415791 -0.0595144849807 3.74187820182 5.18999981899 0
639 5.51742291451 48.557097 112.97025 -0.14631805 45.002891668 114.30914364 -0.0801748622136 3.79802734613 3.7897255037 0
642 5.51357603073 50.586062 112.64729 -0.14866611 47.6563174702 113.932140715 -0.081653741032 3.19910055639 3.83952591704 0
645 5.5622959137 52.747394 112.3225 -0.14488479 49.8732113497 113.767775481 -0.0638823559459 3.21710228663 4.64109760158 0
648 5.48610091209 54.919709 111.95097 -0.14565598 51.527440639 113.997968547 -0.0443435319768 3.96203075274 5.80477568387 0
651 5.45924496651 56.9199 111.70562 -0.14317608 53.9108263191 114.02798812 -0.0756263244691 3.80104171279 3.87031589906 0
654 5.51164293289 58.963864 111.32719 -0.14485493 56.181453975 113.808956356 -0.0581369531704 3.72840043343 4.96857408025 0
657 5.4949400425 61.070196 111.0267 -0.15209978 57.3748820889 112.137876523 -0.127936717928 3.8587638133 1.38444147683 0
660 5.4900829792 63.25691 110.67843 -0.1447313 60.0484498048 111.996038443 -0.123158135229 3.46847355961 1.23605129211 0
663 5.52710390091 65.338645 110.4192 -0.14848438 61.1572080657 111.660087977 -0.119637063909 4.36167603193 1.65282946227 0
666 5.55067300797 67.412523 110.08404 -0.1445869 63.4250256132 111.937665729 -0.131758368734 4.39727913071 0.735020698911 0
669 5.5360789299 69.507235 109.73429 -0.15139682 65.9327476411 111.505038516 -0.0912804401667 3.98904878204 3.44441484405 0
672 5.51639795303 71.647859 109.39116 -0.14906575 68.3753487064 111.633624035 -0.104721843455 3.96711085938 2.54071869216 0
675 5.52128410339 73.702975 109.06139 -0.1559357 69.8745887569 111.396361665 -0.0919401620834 4.48426514659 3.66667423029 0
678 5.47939682007 75.754203 108.72815 -0.15045699 72.2678877281 110.136206534 -0.127013196385 3.7599225228 1.3432304299 0
681 5.48908996582 77.860742 108.43703 -0.15243836 74.548839207 109.501813342 -0.136837001229 3.47885953667 0.893892012252 0
684 5.49126720428 79.97813 108.08555 -0.15170568 75.8953171054 108.865128328 -0.147802555868 4.15657352901 0.223632539666 0
687 5.52633595467 82.120618 107.73965 -0.14888428 78.1618331668 108.979030667 -0.146840961122 4.14825768159 0.117073547921 0
690 5.43372297287 84.192494 107.42985 -0.14593359 80.9407714361 108.032651791 -0.135528752942 3.30712407259 0.596153249973 0
693 5.48499894142 86.28045 107.15458 -0.15823172 82.3398743214 108.340029571 -0.125476513057 4.11502458865 1.87673511493 0
696 5.42702198029 88.385341 106.75858 -0.15035877 84.4463037916 109.054187599 -0.135290921495 4.55914776878 0.863324125672 0
699 5.49382686615 90.512184 106.42958 -0.15443508 87.1356964601 108.684067355 -0.0926387094492 4.05997307148 3.54067122179 0
702 5.47269821167 92.541412 106.11165 -0.15857271 89.0378792467 108.436540258 -0.0996304787764 4.20474213999 3.3771410842 0
705 5.52285313606 94.624435 105.7799 -0.14991569 91.1664486502 107.891521584 -0.0930521363476 4.05174225584 3.2580416324 0
708 5.47593522072 96.812614 105.41142 -0.16008539 93.2466742353 107.569237398 -0.117992948843 4.16798540429 2.4117192277 0
711 5.50735402107 98.833392 105.05687 -0.15857643 94.5303281009 106.514484515 -0.13952620487 4.54323662103 1.09149749871 0
714 5.53886318207 100.9283 104.72764 -0.15390186 96.598016758 106.740427753 -0.115214313171 4.77521386913 2.21663315299 0
717 5.55238819122 103.02648 104.38009 -0.15580909 99.3705329902 106.708599283 -0.130724864976 4.33450158822 1.43722022622 0
720 5.4549062252 103.56436 104.3046 -0.21764658 99.3199627058 106.745386006 -0.195468201668 4.89615611662 1.27072747488 0
723 5.50593686104 103.46604 104.39779 -0.32798619 99.4383618733 106.502880773 -0.282865815343 4.54462300463 2.5852070379 0
726 5.48604083061 103.43166 104.43448 -0.46455789 99.6574532769 106.959003586 -0.434433996569 4.54068890403 1.72597195608 0
729 5.46993207932 103.35806 104.51276 -0.60050128 98.6042429492 106.254311836 -0.575649964947 5.06278375494 1.42387546788 0
732 5.52430105209 103.30537 104.5712 -0.75278089 100.429449558 106.252212196 -0.644635962421 3.3311740265 6.19624792603 0
735 5.51940917969 103.24477 104.73622 -0.88717849 99.3389814499 107.222656665 -0.790730850095 4.63007035462 5.52604271055 0
738 5.53372097015 103.11543 104.83266 -1.0218313 100.362148348 106.275170374 -0.912911277363 3.10827862867 6.24065760158 0
741 5.57741808891 103.3336 104.43355 -1.1359167 100.637017126 106.788794887 -1.0826258833 3.58032647628 3.05333888362 0
744 5.60402202606 104.18264 102.5184 -1.1499809 101.513286115 104.714865603 -1.09346078584 3.45686437515 3.23836399913 0
747 5.53465795517 105.02068 100.61649 -1.1544373 102.529886942 102.652995979 -1.04746443649 3.21736020024 6.12909360167 0
750 5.49529194832 105.97315 98.645528 -1.1675657 104.332512056 101.470668356 -1.06353958189 3.2669727414 5.96025752707 0
753 5.51401305199 106.66644 96.709247 -1.154133 104.683180836 99.1216211759 -1.08606464887 3.12295790494 3.90002923817 0
756 5.50987195969 107.65453 94.805864 -1.1707179 105.218223466 97.0455086819 -1.12472713546 3.30931984401 2.63507670452 0
759 5.50990700722 108.36584 92.821603 -1.1639211 105.8876816 94.92687314 -1.10675302437 3.25168132194 3.27548945641 0
762 5.51163697243 109.18739 90.932737 -1.1605274 107.517514011 91.5971136312 -1.11937929093 1.79718728246 2.35761298478 0
765 5.52516412735 110.00551 88.971931 -1.1631703 107.76676884 90.3047892724 -1.11612350277 2.6054698536 2.69558292078 0
768 5.5471971035 110.83946 87.051439 -1.1600004 108.639018022 88.6992564939 -1.10049938547 2.74904481473 3.40915700918 0
771 5.49218297005 111.68317 85.129972 -1.1502451 110.329403395 87.010144103 -1.09336346388 2.31683645456 3.25907768122 0
774 5.50405716896 112.49307 83.177328 -1.1488654 110.817971406 86.2101137897 -1.08094233154 3.46464210914 3.89170515446 0
777 5.49456501007 113.40329 81.226755 -1.149046 112.452161688 83.3980948827 -1.10872138449 2.37051934221 2.31043027895 0
780 5.49939894676 114.20236 79.347389 -1.1522317 112.346110703 81.5855033256 -1.12452160897 2.90771683406 1.58767126577 0
783 5.50634694099 115.10134 77.33273 -1.146946 112.928747145 80.2784796509 -1.11716163541 3.66027331219 1.70651838656 0
786 5.52174401283 115.87569 75.433999 -1.1405871 113.956456114 77.9607762558 -1.10943946073 3.17302095925 1.78462827176 0
789 5.4953520298 116.74641 73.521868 -1.1514597 114.331023233 76.0297313258 -1.135739234 3.4818776104 0.900716353709 0
792 5.50039720535 117.66191 71.592443 -1.1472421 115.479418092 74.3072651048 -1.11403619278 3.48332168887 1.90255833867 0
795 5.56707406044 118.47567 69.543126 -1.1411103 117.012518494 72.3362449941 -1.11896709652 3.15314542077 1.26871210457 0
798 5.52530813217 119.32773 67.660396 -1.1493947 116.998231984 70.1601747391 -1.12926564509 3.41693645667 1.15330989186 0
801 5.49179005623 120.23613 65.736718 -1.1477983 118.946331539 68.4995032106 -1.08830332774 3.04902643296 3.4088108128 0
804 5.49311089516 121.05504 63.851108 -1.1435448 119.921906065 66.3654998918 -1.10335954412 2.75792659441 2.30244556072 0
807 5.4989900589 121.9387 61.889647 -1.1416966 120.042402847 64.3106671013 -1.13620320004 3.07526929302 0.314748632762 0
810 5.49285197258 122.75206 59.947854 -1.134592 121.693735617 62.7506487524 -1.10645945602 2.99594875168 1.61187603715 0
813 5.48212814331 123.61313 58.017737 -1.1345099 122.266578413 61.2373995507 -1.08621965565 3.48990374037 2.76682719267 0
816 5.4618139267 124.50226 56.14403 -1.1250591 123.074069921 59.1021174495 -1.10777449371 3.28481479868 0.990334991097 0
819 5.50800704956 125.37031 54.195354 -1.1346431 124.005373067 57.297313359 -1.11001749679 3.38898284073 1.41094313183 0
822 5.52412700653 126.19009 52.293812 -1.120627 124.773096851 55.91900916 -1.1014679333 3.89229033273 1.09773366111 0
825 5.48042607307 127.09539 50.434417 -1.1252352 125.786839929 53.7359384689 -1.10133377598 3.55138667246 1.36945072047 0
828 5.48223805428 127.94916 48.435924 -1.125081 126.984929674 52.2926762497 -1.10494492299 3.97545947485 1.15371222881 0
831 5.5229549408 128.83417 46.49897 -1.1135569 126.954623075 49.4422112608 -1.1158811762 3.49218638717 -0.133171216674 0
834 5.46219801903 129.69028 44.561049 -1.1141866 127.845433308 48.1598963352 -1.1275862612 4.0441515127 -0.76774403385 0
837 5.52617907524 130.6504 42.689185 -1.1179531 128.691183454 45.0017578596 -1.11088936949 3.0309276968 0.404721946075 0
840 5.52855110168 131.56218 40.752166 -1.1133477 130.468017685 42.6925176658 -1.11746009822 2.22758967444 -0.235623061788 0
843 5.51043796539 131.80181 39.159633 -1.0655485 131.12808934 42.8077950063 -1.08780854369 3.70984980188 -1.27540655524 0
846 5.5163860321 89.526265 39.287264 -0.26055386 132.735410981 40.8185962319 -1.08184855018 43.2362726753 -47.0567194838 0
849 5.55510997772 49.129117 22.860079 0.57174269 133.610630688 40.4561820763 -1.07098763248 86.2945479074 -94.1215143561 0
852 5.53009200096 45.693587 19.436118 1.0035584 134.275061641 39.7017888628 -1.0167421861 90.8700999507 -115.754696931 0
855 5.58784413338 46.841947 21.209275 1.0214136 65.6852885559 103.849477752 2.73459018761 84.7612802631 98.1577880309 0
858 5.51430797577 48.00008 22.972907 1.0079248 37.6533064319 89.5414877899 -2.64433765938 67.3678830871 150.740775404 0
861 5.5088160038 49.170996 24.731115 1.014741 35.6920479794 90.2715980288 2.06685327091 66.9121585019 60.2815926971 0
864 5.51311516762 50.349541 26.532036 1.0144485 60.8123111456 103.859113729 -3.04161685444 78.0317019501 127.604573761 0
867 5.48949599266 51.518278 28.351001 1.0069992 58.076525481 106.412628368 2.72929054606 78.3366343247 98.6800252214 0
870 5.47923898697 52.642563 30.101924 1.0170679 30.6034544443 76.2213910571 -2.8567758803 51.1148466452 138.045100896 0
873 5.54252099991 53.80357 31.912095 1.0183648 36.4214732856 99.6342786727 1.73688432146 69.9173186527 41.1681360776 0
876 5.53515911102 54.946688 33.671099 1.0064723 53.1937736096 103.072503746 3.10296164661 69.4235384407 120.119991355 0
879 5.55967903137 56.161659 35.476636 1.0152563 36.2808356552 104.015366914 1.66025133821 71.3638898332 36.9554934963 0
882 5.51577496529 57.333476 37.252395 1.017552 20.9795383937 73.7164958464 -2.51908343658 51.4901877062 157.365715807 0
885 5.53251481056 58.434052 39.044555 1.0099164 36.9428260195 107.783941251 1.52764241364 72.0206638148 29.6635155255 0
888 5.51446413994 59.558673 40.733157 1.0155176 89.4554261628 67.0802597116 2.42842450433 39.8495379016 80.9536024633 0
891 5.49410104752 60.829575 42.673596 1.0256616 90.2703105937 102.162692665 -0.069578746014 66.3755190889 -62.7526493791 0
894 5.51850795746 61.938983 44.298725 1.0235902 74.5795626759 88.6873467332 -0.527392162128 46.1533746753 -88.8647434492 0
897 5.54190802574 63.08776 46.123861 1.0214801 35.9764664345 116.447997646 1.83108543375 75.3691344903 46.3869686951 0
900 5.54281687737 64.233274 47.872937 1.026201 61.4216260452 48.381708543 1.37006074311 2.85730864705 19.7017120246 0
903 5.57788681984 65.367062 49.701179 1.0288308 47.9827815124 133.896340257 1.400765231 85.971148574 21.3102731519 0
906 5.59870409966 66.47055 51.411163 1.0247772 15.1768585675 68.5388555974 1.57322748289 54.0777277119 31.4238864821 0
909 5.5819849968 67.601685 53.206336 1.0345375 74.6321984071 101.017475046 0.774353149005 48.3252846409 -14.9074652074 0
912 5.59587216377 68.713633 54.989386 1.0321621 48.9106459763 40.2600096609 1.34902382703 24.6802111498 18.1548396482 0
915 5.57783889771 69.889939 56.860516 1.0335194 67.4505587849 56.9750876648 1.08659690972 2.44206930701 3.04111729377 0
918 5.51146697998 70.97178 58.665246 1.0279054 68.9658706112 59.2798410462 0.989507335418 2.09795127375 -2.20004704203 0
921 5.55379796028 72.083269 60.388926 1.0348295 68.9433903023 61.2000817034 0.965752822842 3.24296343051 -3.95780206396 0
924 5.49482107162 73.21006 62.180545 1.0389104 71.1420063796 63.5910508315 1.06949477389 2.50327235383 1.75235554323 0
927 5.54775285721 74.211219 63.966291 1.0279221 70.2561769044 64.6914915816 1.10255615023 4.02097921672 4.2762160864 0
930 5.52308607101 75.394113 65.876292 1.0355825 72.2430916586 67.4610761068 1.09693046499 3.52710591832 3.51497947562 0
933 5.55865383148 76.475569 67.55587 1.0353462 72.7059345187 68.3384379258 1.04668163027 3.85000736113 0.64947231326 0
936 5.51669883728 77.652303 69.425792 1.0395167 74.6902929674 70.9679706332 1.04608414635 3.33943383975 0.376286958207 0
939 5.52844405174 78.72098 71.209083 1.0347632 74.9088786489 72.6156921401 1.0478262044 4.06333188212 0.74845501996 0
942 5.53775000572 79.923618 73.070281 1.0406815 76.459714157 74.3352603921 1.03051351266 3.68765544705 -0.58258276095 0
945 5.52104401588 80.886825 74.813727 1.0240856 78.1157217398 75.706145961 1.02668569685 2.91125829851 0.148974576058 0
948 5.54042100906 82.003807 76.66259 1.0354781 80.2656180493 78.1598882257 1.00567172453 2.29416712668 -1.70777951686 0
951 5.53813385963 83.149971 78.458347 1.0359732 81.1709939618 80.567568357 1.01871146149 2.89225947153 -0.989024763397 0
954 5.50515294075 84.209192 80.07724 1.046865 82.4694763362 80.2936738203 1.04205257408 1.75312697466 -0.275731694704 0
957 5.51278996468 84.421821 80.346791 1.1291589 81.2134347048 81.6836515222 1.10581258418 3.47576447342 -1.3376453634 0
960 5.55470395088 84.549549 80.462185 1.2384433 81.8425819356 80.3320537902 1.22050877558 2.71009313851 -1.0275725571 0
963 5.49673008919 84.477315 80.645515 1.377415 82.5863806225 80.6230976414 1.35184928113 1.89106725373 -1.4648077917 0
966 5.51801490784 84.491575 80.745704 1.5042297 82.5317580779 80.9982775694 1.49650212734 1.97602524687 -0.442757299243 0
969 5.57914590836 84.58151 81.604236 1.6242617 81.1174834272 81.6854963155 1.57390414058 3.46497955782 -2.88527562114 0
972 5.56311607361 84.52138 83.606555 1.6450761 81.116084515 83.4000378915 1.59251870005 3.41155194253 -3.01131719929 0
975 5.53008985519 84.450105 85.633891 1.6510189 81.0516933702 86.7166063933 1.6262116955 3.56671757056 -1.42134811959 0
978 5.5362739563 84.288283 87.799076 1.6553182 81.0391946623 87.8384170512 1.60677078748 3.24932650626 -2.7815618436 0
981 5.52215790749 84.219899 89.940013 1.6574582 81.3742399506 90.0324987579 1.61812765045 2.84716157615 -2.25347449541 0
984 5.53889799118 84.085061 91.960688 1.6559816 81.2302258135 93.3788291513 1.63151912301 3.18766501803 -1.40159668814 0
987 5.49415111542 83.972707 94.061302 1.6546883 80.3194037881 94.87834933 1.64853341606 3.74355321822 -0.352648872869 0
990 5.50051903725 83.850194 96.236204 1.650278 80.205765084 96.5945037677 1.65388174898 3.66199956951 0.206479607225 0
993 5.53030180931 83.742141 98.372522 1.653672 80.2743877442 99.2345892037 1.66995517289 3.57329994642 0.932957083592 0
996 5.55126810074 83.558608 100.37046 1.6603574 80.4168465475 101.144880454 1.65736831793 3.23579852039 -0.171261787017 0
999 5.53896188736 83.448658 102.54165 1.6520527 79.778100043 102.622739321 1.68060435254 3.67145355321 1.63588918886 0
1002 5.55820393562 83.308795 104.69204 1.6576029 79.4775793027 104.872812221 1.6705497482 3.83547810782 0.741799759801 0
1005 5.47829699516 83.194681 106.76107 1.661421 78.8138879902 107.810026918 1.66112554729 4.5046262897 -0.0169281935469 0
1008 5.55570292473 83.066158 108.84686 1.6653468 78.4980065832 109.560850049 1.66795270181 4.62361213296 0.149307175322 0
1011 5.52250003815 82.920912 111.09751 1.6564676 78.4936486022 111.447060674 1.67190011913 4.44104119172 0.884218213514 0
1014 5.53325009346 82.798446 113.12029 1.6519674 78.4678302431 113.758976068 1.65791391696 4.37745962029 0.340710324785 0
1017 5.50955200195 82.725101 115.25424 1.6521864 78.5650989214 116.000665775 1.66421202115 4.22643688367 0.689017338122 0
1020 5.5582780838 82.605874 115.888 1.7134215 78.7198705918 118.051051601 1.70700088169 4.44745036145 -0.367874330763 0
1023 5.55004882812 82.650086 115.98425 1.8265292 78.4492855727 117.564551408 1.82846593502 4.48821532136 0.110966742856 0
1026 5.56416296959 82.697137 116.16336 1.9516157 78.2981084783 116.851817926 1.95584753285 4.45257523805 0.242466161914 0
1029 5.53376984596 82.611261 116.28116 2.0730733 78.7650747454 117.363558577 2.11559847467 3.99558949156 2.43651303189 0
1032 5.57151913643 82.517518 116.45008 2.1971216 78.3581318229 115.971363786 2.18482515595 4.18684398849 -0.704534346806 0
1035 5.53370189667 82.418538 116.4581 2.3123831 78.4252753409 116.906288217 2.3604878806 4.01833539449 2.75620090306 0
1038 5.55352497101 82.414024 116.83182 2.4679277 78.516323767 116.380510323 2.54150389866 3.92374152199 4.21560565562 0
1041 5.52941989899 82.282962 116.94587 2.5874118 78.5191294585 117.280681774 2.62854097729 3.77869479113 2.35652827341 0
1044 5.53856182098 82.208722 116.96752 2.707272 78.1260186584 115.498694145 2.74169316738 4.33888418457 1.97218761707 0
1047 5.42485189438 82.043289 117.20312 2.8493508 78.4049397996 117.252058609 2.88824872598 3.63867831654 2.22868699022 0
1050 5.53610706329 81.832352 117.28824 2.9891727 78.4317564074 117.26282797 3.01953632232 3.40069054102 1.73970740945 0
1053 5.51536607742 81.142386 117.29523 3.0875315 77.2920220459 115.729323969 3.13174655275 4.15660489771 2.53333591327 0
1056 5.56613588333 79.131234 117.37152 3.1037602 75.8945455794 116.028308597 -3.11351338507 3.50433571533 3.77646349745 0
1059 5.50975584984 77.094643 117.50841 3.1079346 73.9434412021 115.780546097 -3.1043153306 3.593826156 4.06429769631 0
1062 5.53662419319 74.899205 117.59033 3.115912 71.9230682732 116.023780264 3.12052518632 3.36325257631 0.264316106197 0
1065 5.53150010109 72.824078 117.69503 3.116944 69.6863116042 117.064034641 -3.13397630079 3.20058324339 1.84864869227 0
1068 5.52724480629 70.711208 117.83017 3.1174699 67.8494407999 116.840287599 -3.13976591366 3.02813121837 1.48679645897 0
1071 5.5125439167 68.550781 117.88294 3.1169773 65.4463188884 117.050317191 3.13818945731 3.21417886004 1.21536708827 0
1074 5.4870660305 66.454241 117.99143 3.11617 63.0823442041 116.805210534 3.11199701457 3.57446564179 -0.239094452963 0
1077 5.59525704384 64.352032 118.06903 3.1139299 60.3284353248 116.686941861 3.1121525925 4.25435045897 -0.101832218875 0
1080 5.54844093323 62.204954 118.16997 3.1178991 58.9873242291 117.215327108 3.11198795233 3.35626047752 -0.338683813395 0
1083 5.49671292305 60.134729 118.2293 3.1166836 56.9868858176 117.581652752 3.1327012104 3.21377716396 0.917741473895 0
1086 5.50964808464 58.034017 118.36643 3.1239361 55.1674740408 117.116523925 3.10698963372 3.12719262822 -0.970960995524 0
1089 5.55501413345 55.858025 118.47896 3.1251128 52.4374427074 117.340400623 -3.13476786498 3.60509371245 1.33525764125 0
1092 5.54633307457 53.766425 118.55 3.1243401 50.4795369146 116.98887302 -3.13932449585 3.63878423837 1.11845437227 0
1095 5.56799006462 51.628528 118.603 3.1187628 48.3536989592 117.123713724 3.13988665988 3.59343750926 1.21030801788 0
1098 5.49700522423 49.494235 118.64783 3.1200968 47.300690232 116.725478421 3.1230327528 2.91668891777 0.168217704248 0
1101 5.50444793701 47.379245 118.80828 3.1260538 44.9967680678 117.048810302 3.10914981377 2.96174441037 -0.968527067885 0
1104 5.52858805656 45.313934 118.87713 3.1250737 43.0761375931 117.266524001 3.10809677084 2.75713337408 -0.972706389817 0
1107 5.519094944 43.229975 118.9845 3.131291 41.1447983212 117.271900188 -3.14001187252 2.69832538764 0.680813356242 0
1110 5.50962996483 41.038059 119.03542 3.1300111 39.0044311106 116.814255257 -3.13808772546 3.01151377317 0.864391730414 0
1113 5.53043484688 38.877743 119.09254 3.1262084 36.0450470619 118.150389688 3.1034860964 2.9852660666 -1.30189209703 0
1116 5.55308485031 36.866989 119.17866 3.1252668 34.4051816727 119.28767462 3.08918547003 2.46421985711 -2.06730792623 0
1119 5.54538798332 34.67231 119.25843 3.1314701 32.3086625477 119.377214239 3.09418335684 2.36663029939 -2.13637301508 0
1122 5.52839016914 32.567479 119.34722 3.1353596 29.8691584993 118.469315496 3.0991739832 2.83754292366 -2.0732831219 0
1125 5.49636411667 30.502201 119.36971 3.1349527 27.2829196853 117.616172942 3.12954273847 3.66587839377 -0.309967963244 0
1128 5.52647805214 29.15421 119.31018 -3.13185 26.3034163124 117.821146568 -3.11055570398 3.21624706925 1.22007328949 0
1131 5.51202511787 28.938717 119.39146 -3.028318 26.6753924462 118.007140623 -3.02112004177 2.65310726781 0.412412627434 0
1134 5.53111004829 28.80706 119.32785 -2.9089456 26.26827245 117.137317139 -2.8965138061 3.35318899512 0.712289322532 0
1137 5.53756904602 28.607415 119.34948 -2.7753086 27.2041338568 116.30144347 -2.80230487767 3.35555131919 -1.54677277313 0
1140 5.54321193695 28.309413 119.3977 -2.6319404 26.5946766234 116.83376106 -2.6464637045 3.08449407964 -0.83212405227 0
1143 5.56642103195 28.176965 119.31562 -2.5155106 26.4015225414 116.938865041 -2.55597565585 2.96667491629 -2.31847691799 0
1146 5.55236315727 28.13257 119.1422 -2.3876282 25.792703257 118.480743092 -2.33599237499 2.43156361547 2.95851484461 0
1149 5.51902699471 28.071656 119.10664 -2.2643471 25.5658591307 118.199480888 -2.23798445123 2.66494945628 1.51046851142 0
1152 5.51057600975 27.847582 119.05477 -2.1225081 25.9611788796 118.324417703 -2.14377998546 2.02285224651 -1.21878925942 0
1155 5.54646515846 27.651134 118.95518 -2.0012288 25.4464484956 118.704908534 -2.01647130479 2.21884519056 -0.873331193951 0
1158 5.51793289185 27.585975 118.8068 -1.8653126 24.7793537524 119.356368931 -1.89039823284 2.8599211244 -1.43730088811 0
1161 5.54558300972 27.545652 118.66047 -1.7395281 25.0108592743 119.261740082 -1.75960908639 2.60512953118 -1.15055576846 0
1164 5.55431294441 27.426878 118.54472 -1.6078392 25.628578901 117.16597257 -1.70269062444 2.26601503189 -5.43458630149 0
1167 5.52948594093 27.408113 118.27266 -1.4907581 26.1441106252 117.493537392 -1.50123967157 1.48483468498 -0.600549813883 0
1170 5.52779483795 27.619078 117.43976 -1.368489 26.9762355175 116.497641136 -1.3229824114 1.14054127984 2.60733546685 0
1173 5.54519414902 28.00462 115.50954 -1.3464267 27.3215269931 115.949256522 -1.29161927968 0.812383330601 3.14023387042 0
1176 5.56116104126 28.352772 113.43776 -1.3439724 27.5485168634 112.967795819 -1.43117565849 0.931500218238 -4.99637867152 0
1179 5.52266597748 28.777386 111.37552 -1.3470791 26.7319206121 111.124465777 -1.40752370355 2.06081461471 -3.46322067765 0
1182 5.50790786743 29.292879 109.18718 -1.3487141 26.838903126 110.424526461 -1.40714027927 2.74827652448 -3.34757348527 0
1185 5.52998995781 29.664866 107.14961 -1.3582731 26.8586631301 107.807600751 -1.40704449628 2.88231267828 -2.79439516773 0
1188 5.54518198967 30.155372 105.1583 -1.3627181 27.2869654508 105.330461982 -1.42005328795 2.87356849229 -3.2850642874 0
1191 5.55743312836 30.584999 103.08809 -1.3538609 27.3456816684 103.05353694 -1.43997848927 3.23950161119 -4.93417440675 0
1194 5.47579216957 30.932942 101.04272 -1.3388863 28.6243658589 101.156569957 -1.38566152069 2.31138175388 -2.68002273136 0
1197 5.59974598885 31.46397 98.886394 -1.3633561 29.088143818 98.9069417535 -1.40457804756 2.37591503577 -2.36184361878 0
1200 5.53983092308 31.761459 96.890841 -1.3338862 30.2083368986 96.7848374586 -1.33705150112 1.55673537015 -0.181358395325 0
1203 5.54351210594 32.148779 94.808879 -1.340085 30.415779865 94.2766476575 -1.36323079409 1.81288615303 -1.32615631505 0
1206 5.53101181984 32.63242 92.742465 -1.3409888 31.1036265838 92.8220296791 -1.32767571792 1.53086245219 0.762783415781 0
1209 5.51477885246 33.223163 90.635151 -1.3443959 31.1593414881 90.7952238808 -1.3163474036 2.07001994193 1.60706046546 0
1212 5.51202893257 33.480467 88.544154 -1.3400822 31.7708498896 89.0316272286 -1.35357085081 1.77775724236 -0.772842762925 0
1215 5.52625918388 33.996344 86.523674 -1.3537744 31.8462284364 86.0223054335 -1.32333485648 2.20779695092 1.74405737398 0
1218 5.53875803947 34.391099 84.502242 -1.3500462 32.3272004898 84.2342873533 -1.33828509315 2.0812200155 0.673861785138 0
1221 5.59394001961 34.871654 82.311763 -1.3462417 33.1467414524 82.9858202998 -1.33456689902 1.85193858973 0.668916822801 0
1224 5.55323696136 35.319079 80.358924 -1.358939 34.448366324 80.6314707311 -1.34415103147 0.912371790886 0.847288184408 0
1227 5.55995392799 35.776446 78.250756 -1.3606991 34.5488964946 78.2107764161 -1.35512914054 1.22820037259 0.319135169349 0
1230 5.52067494392 36.167733 76.160289 -1.3496683 34.7248490817 77.0686971652 -1.3523607027 1.70502768202 -0.154263311491 0
1233 5.48726391792 36.593873 74.026216 -1.3452321 34.9487651789 74.4378749596 -1.35806824795 1.69583101813 -0.735457102956 0
1236 5.55951595306 37.096668 72.068535 -1.358637 34.9279628747 72.0327880378 -1.36636680845 2.16899971552 -0.44288540084 0
1239 5.53316617012 37.456761 70.030489 -1.3570922 35.2900291815 69.9874589245 -1.38319907277 2.16715905295 -1.49581362583 0
1242 5.49828290939 37.942935 67.912468 -1.3598503 35.4897626023 68.1967752464 -1.36690289764 2.46959215725 -0.404084079116 0
1245 5.53512501717 38.381728 65.750541 -1.3597279 37.0105567832 65.7192926836 -1.34177467283 1.37152723749 1.02864414525 0
1248 5.51895093918 38.78715 63.709446 -1.3638712 37.6892847971 63.2345219495 -1.35456776991 1.19618596279 0.533047279131 0
1251 5.4945230484 39.284372 61.704874 -1.358189 37.7656670394 61.8190044899 -1.35112638861 1.52298736895 0.404657824829 0
1254 5.52466607094 39.616785 59.610797 -1.3616912 38.6384250849 59.5278304641 -1.35186706251 0.981871462814 0.56288161566 0
1257 5.55849599838 40.0981 57.483375 -1.3627524 38.676586792 58.2494932483 -1.35079371704 1.61481793734 0.68518206197 0
1260 5.52437496185 40.478176 55.366289 -1.371191 39.8724648922 56.296811005 -1.32021527818 1.11029597309 2.92069371781 0
1263 5.54068994522 40.927924 53.368372 -1.3697355 40.1096584269 53.9189255883 -1.34866082591 0.98623922138 1.20748987989 0
1266 5.48555397987 41.311773 51.24524 -1.3687118 40.7358216813 51.6867146207 -1.35783185599 0.725685718698 0.623374872936 0
1269 5.55314707756 41.752813 49.127024 -1.3690442 40.9347738415 50.3623188702 -1.32607805703 1.48160098576 2.46177865435 0
1272 5.4477648735 42.124468 46.999249 -1.3746445 41.3520381842 47.7672071093 -1.34780439615 1.08922333709 1.53782467211 0
1275 5.48385810852 42.489069 45.000812 -1.3756167 41.806524542 46.4567203655 -1.35983686606 1.60796023144 0.904117886231 0
1278 5.46349906921 42.919623 42.847052 -1.3693623 41.8204886001 43.7206115271 -1.3743971367 1.40399525516 -0.288474893535 0
1281 5.5296189785 43.26925 40.76156 -1.3849404 43.0168594504 42.0439629137 -1.32304195232 1.30700352814 3.54651981037 0
1284 5.52719402313 43.723057 38.666685 -1.382086 44.0489334217 39.1700572487 -1.35460266053 0.599649116538 1.57467935842 0
1287 5.55373907089 44.069109 36.638541 -1.3748634 43.8197246455 37.3387069561 -1.34459332422 0.743252932962 1.73434758772 0
1290 5.49647688866 44.48264 34.512889 -1.372972 43.9670212757 35.2972779505 -1.38986744207 0.938684555346 -0.968037523503 0
1293 5.53969407082 44.660959 33.544964 -1.3339999 44.705593536 34.2929079433 -1.31061120781 0.749274571873 1.34007335088 0
1296 5.53858709335 44.654294 33.324157 -1.2074321 44.9669088369 33.811739067 -1.22025138996 0.579192807567 -0.734491210966 0
1299 5.57218694687 44.699557 33.107025 -1.0711259 44.5909184606 33.6756692896 -0.99310702002 0.578928890575 4.47015254521 0
1302 5.52108597755 44.829945 32.953901 -0.95914547 44.5942937775 33.522198543 -1.02783819448 0.615218331996 -3.93580319611 0
1305 5.53369998932 44.914184 32.826307 -0.82117543 43.5933375272 33.5933988016 -0.864070231565 1.52743747391 -2.45769109273 0
1308 5.52301597595 44.932468 32.690373 -0.70238554 43.5981571707 33.4086552447 -0.770086933286 1.51535961815 -3.87900410242 0
1311 5.52686500549 45.019913 32.619075 -0.56167342 43.151739399 33.2235739331 -0.649369147421 1.96354056834 -5.02459506256 0
1314 5.49823403358 45.164806 32.47066 -0.44585332 43.2007214802 34.1131622287 -0.604138802508 2.56035965683 -9.06909010591 0
1317 5.49239587784 45.307079 32.373178 -0.30795343 42.9779573193 31.6570949333 -0.383288942093 2.43671556857 -4.31640689038 0
1320 5.55042695999 45.468859 32.25314 -0.19105128 42.6167710726 33.1301347658 -0.43456160174 2.98387757202 -13.9521137036 0
1323 5.52102017403 46.833289 32.057508 -0.10389315 45.308353605 32.9044534555 -0.321641443831 1.74434645741 -12.4760582327 0
1326 5.53926205635 48.863767 31.868312 -0.084237935 47.8437256762 33.3755179767 -0.178612981107 1.81993245985 -5.4072918333 0
1329 5.47287201881 51.033972 31.691587 -0.08198003 49.2007174837 29.064442559 -0.580148421475 3.20354647778 -28.5429463183 0
1332 5.4941368103 53.111195 31.42619 -0.084122232 51.1582895488 33.1241547472 -0.0219561801033 2.5878415686 3.56185240267 0
1335 5.48136401176 55.206155 31.249451 -0.082409142 54.0315939926 33.4572838369 -0.0630803619166 2.50082374345 1.10745752192 0
1338 5.51926088333 57.287235 31.07162 -0.080297126 56.5477043484 33.0406398125 0.0376121671634 2.10331752403 6.75570486363 0
1341 5.49894809723 59.516372 30.847745 -0.092608556 58.9063685469 33.0660165213 -0.00630006129421 2.30061573389 4.94511248277 0
1344 5.52435803413 61.567611 30.670937 -0.091677002 60.8942332867 33.2211533055 -0.0390363593011 2.63762028151 3.0160866575 0
1347 5.46736621857 63.68279 30.502969 -0.089332225 62.614367094 31.7092071328 -0.0593831662853 1.61137765255 1.71595466474 0
1350 5.48237204552 65.773678 30.270465 -0.081918863 65.4943618739 32.1627372015 -0.102164086023 1.91277588412 -1.15996583449 0
1353 5.49254918098 67.870787 30.052005 -0.080757136 66.7029755913 32.0459034445 -0.0828385156322 2.31071731145 -0.119254268492 0
1356 5.52245402336 69.978421 29.855203 -0.080851998 69.5634001292 31.4196503073 -0.0939476192864 1.61856037898 -0.750323829814 0
1359 5.53153800964 72.04312 29.748383 -0.089661546 70.42938852 31.0020116985 -0.101890383149 2.0434564354 -0.700660757001 0
1362 5.48060393333 74.192216 29.503442 -0.097083695 73.2864505334 30.5672307404 -0.104779037111 1.39716053649 -0.440910624841 0
1365 5.52416586876 76.337484 29.313327 -0.092202589 75.0479010936 30.3407413376 -0.0859974205012 1.64881906025 0.355529966149 0
1368 5.51389122009 78.469083 29.072242 -0.088851811 77.368907771 30.8694835578 -0.0972911733115 2.10724055383 -0.483539842228 0
1371 5.47799396515 80.508884 28.860474 -0.08148585 79.4113185513 30.4921200407 -0.0956296934703 1.9664482491 -0.810382536942 0
1374 5.48869490623 82.648681 28.706332 -0.092016755 81.5905575707 30.39766792 -0.0719077436008 1.99505448193 1.15216148335 0
1377 5.46950483322 84.803463 28.469695 -0.089914919 83.3239498519 30.491405128 -0.0690356256966 2.50524868966 1.1962953855 0
1380 5.47911310196 86.909059 28.274418 -0.095059786 84.7276275744 30.2244273541 -0.0595408894406 2.92594934095 2.03508286582 0
1383 5.49062609673 88.999768 28.069648 -0.093100738 87.0696539676 30.1876825224 -0.0488724442236 2.86555586511 2.53409456845 0
1386 5.51272821426 91.148907 27.8824 -0.087682683 89.8428966854 30.3627824997 -0.0719079127801 2.80320535935 0.903827756389 0
1389 5.52176403999 93.191686 27.680334 -0.085944106 91.1696606199 29.9002594044 -0.0403514619685 3.00277462337 2.61226607985 0
1392 5.4612390995 94.597595 27.536443 -0.026113958 93.2426301512 30.4431724128 -0.0615210155925 3.20702441852 -2.02867496503 0
1395 5.50145411491 66.734672 23.138609 0.64678418 95.0503320473 31.3391222911 -0.0235909958101 29.4792303521 -38.4096682643 0
1398 5.44433784485 41.954155 8.6979942 1.5862633 98.2067910336 31.4357792129 0.0206752939035 60.6742608362 -89.7015852056 0
1401 5.4842569828 40.498777 7.6026468 1.6671323 99.8249260603 31.1980178801 -0.0234072757424 63.8461705879 -96.8607827899 0
1404 5.47757697105 40.36551 9.5759073 1.6613912 101.590200563 30.459239132 0.0106634123052 64.6883009747 -94.5797353599 0
1407 5.47141480446 40.15753 11.693798 1.6450717 102.426063177 30.5782465592 -0.0348431911063 65.0691372418 -96.2520332016 0
1410 5.49928498268 40.017928 13.779826 1.6578436 102.520088088 30.2494924002 -0.0116858717499 64.6356707013 -95.656992504 0
1413 5.5078318119 39.937066 15.922073 1.6651068 106.431993387 31.929983574 -0.0112199288241 68.3946530739 -96.0464466466 0
1416 5.51864385605 39.75755 17.953862 1.6630734 105.800067904 30.0383356727 0.0112841306281 67.1390249784 -94.64055378 0
1419 5.56780910492 39.645384 20.177858 1.663423 109.170130283 30.4696791468 -0.0413928158686 70.2823728128 -97.6787510964 0
1422 5.5061841011 39.526919 22.292671 1.6684735 110.537018294 32.7224522297 0.0458915865937 71.7719620616 -92.9670955524 0
1425 5.55097103119 39.303781 24.413998 1.6572417 112.421705648 33.0507242429 0.0794034240225 73.6262449475 -90.4034739677 0
1428 5.56170892715 39.21094 26.55624 1.6661167 115.700996319 34.6213582388 0.0601414707388 76.9140744459 -92.0156026392 0
1431 5.53411889076 39.049874 28.673026 1.6660737 116.524876432 35.3954244922 0.108950492871 77.7661021484 -89.2165879504 0
1434 5.50558304787 38.816051 30.701859 1.6598041 119.458354702 35.1029958559 0.119934944633 80.7623126963 -88.2280036049 0
1437 5.4956240654 38.695572 32.853799 1.6647394 122.814930678 34.6134908425 0.11342334755 84.1377621513 -88.8838624963 0
1440 5.52580499649 38.58982 35.008607 1.6723781 124.114149488 34.3945190103 0.0779947369439 85.5265341191 -91.351437629 0
1443 5.52719712257 38.393816 37.160762 1.6689022 126.138046858 36.0134433495 0.0935244384439 87.7517315436 -90.2624968759 0
1446 5.52524495125 38.314928 39.264936 1.6781402 128.880508959 36.7390479323 0.143161254412 90.6007978167 -87.9478152237 0
1449 5.56872701645 38.042909 41.445131 1.6601298 130.41402893 37.6818244695 0.199928702522 92.4477488811 -83.6633601259 0
1452 5.49881196022 37.893052 43.482766 1.6655679 135.899750389 27.2514790398 -0.0879918370131 99.341671042 -100.471572055 0
1455 5.52321815491 37.737395 45.529248 1.6663309 137.69861213 26.7522686953 -0.0471726931687 101.709487669 -98.1765240691 0
1458 5.44915795326 37.667375 47.706088 1.6735516 141.535809185 26.4654840026 -0.131936187423 106.017993182 -103.446830182 0
1461 5.49229216576 37.411337 49.793915 1.6717816 141.648295028 25.5885799114 -0.128402115261 107.010474561 -103.142929233 0
1464 5.54030609131 37.208006 51.943854 1.66906 137.971307431 37.3256185673 0.162545243726 101.81815026 -86.3169373087 0
1467 5.53547501564 37.03196 53.963531 1.6741645 140.228358939 38.2436988254 0.156898517206 104.386828084 -86.9329372129 0
1470 5.51804900169 36.983983 56.143126 1.6856298 28.7695472574 119.239804257 1.90674135891 63.6291423923 12.6687591269 0
1473 5.56594204903 36.720012 58.206076 1.6746777 42.2580524567 62.6904644026 -0.877791531809 7.12598284072 -146.24571432 0
1476 5.54434394836 36.536888 60.398002 1.6787317 28.8639922638 123.891080351 1.85350403964 63.9550180002 10.013717437 0
1479 5.53189396858 36.401835 62.417273 1.6766351 31.6238814341 19.5023349423 -1.36980938054 43.1800966739 -174.548411256 0
1482 5.58735799789 36.239068 64.615141 1.6886647 138.518734518 72.5797697391 0.0119067821026 102.589304969 -96.0711519607 0
1485 5.53250908852 35.99676 66.655908 1.678851 32.9855581621 66.5059542956 1.57385797946 3.01493326993 -6.0156569553 0
1488 5.5045800209 35.830181 68.859683 1.6854848 32.5201716819 68.9708572101 1.66575052249 3.31187581153 -1.1306908131 0
1491 5.48451590538 35.575227 70.898859 1.683738 32.7092309737 71.2884814725 1.64314178702 2.89235870763 -2.32599166779 0
1494 5.55796599388 35.463169 73.006353 1.6935188 32.583135598 73.5995873497 1.61626644609 2.94049645308 -4.42623383673 0
1497 5.51071596146 35.205801 75.07321 1.6913976 32.4206833976 74.724521507 1.71611052149 2.80686011843 1.41594610101 0
1500 5.54692196846 34.978045 77.287591 1.6912075 31.0111077521 75.9775454627 1.68869740519 4.17765609384 -0.143817838749 0
1503 5.53853797913 34.814043 79.320098 1.7000185 30.1693188465 78.3069322464 1.70546335364 4.75394229105 0.3119671334 0
1506 5.54872298241 34.580736 81.372215 1.6970036 31.2127473716 80.2790757954 1.71822609049 3.54094630317 1.21595913559 0
1509 5.59106588364 34.345965 83.441951 1.6955247 30.3792959675 83.4244577901 1.68979322206 3.96670760532 -0.328389496476 0
1512 5.54476284981 34.142398 85.698773 1.7034669 29.6746078134 84.8552500729 1.73626330075 4.54672190487 1.87909534597 0
1515 5.47961807251 33.910208 87.748137 1.7016389 30.5841370388 87.2110380346 1.66783645205 3.36915765997 -1.93673760465 0
1518 5.52169299126 33.670818 89.737713 1.6967853 29.8283501035 89.245740257 1.68539983063 3.87383488494 -0.652339342559 0
1521 5.52045893669 33.472926 91.900649 1.7056804 29.7851197639 91.8204799748 1.65390832805 3.68867752824 -2.9663212193 0
1524 5.43733811378 33.217902 94.036516 1.7078464 28.890445626 93.429015979 1.67850158542 4.36988958038 -1.68133402612 0
1527 5.49619603157 33.034075 96.178482 1.7177188 28.1663415993 96.1554582046 1.69489868759 4.86778785029 -1.30749612907 0
1530 5.52971482277 32.713254 98.174723 1.7080491 28.4542288063 97.2344405637 1.70460324934 4.36158533796 -0.197432699897 0
1533 5.51683092117 32.45653 100.24821 1.7068362 28.1462240334 99.260095485 1.70625743336 4.4221157629 -0.0331608860165 0
1536 5.51505494118 32.217075 102.39435 1.7082962 27.6988444614 101.955825916 1.678617663 4.53946148487 -1.70045491208 0
1539 5.5048828125 31.955228 104.48204 1.7110577 27.3666580856 103.624320202 1.65733091944 4.66804639124 -3.07831777273 0
1542 5.53162407875 31.741377 106.6002 1.7198575 27.7140991889 105.585749983 1.678829994 4.15308023094 -2.3507029375 0
1545 5.47101402283 31.439656 108.68741 1.7105287 27.5731099112 107.817689012 1.66109912725 3.96315445754 -2.83210590178 0
1548 5.43004393578 31.216018 110.75498 1.7177022 27.285641755 110.175249555 1.66439162003 3.97290130965 -3.05447123569 0
1551 5.46854901314 30.916985 112.90957 1.719675 27.1934508159 112.494761349 1.68015353546 3.7465681679 -2.26441311845 0
1554 5.47361898422 30.668641 114.94646 1.716506 26.6959664853 113.885985601 1.68045990163 4.11178170023 -2.06528930429 0
1557 5.4708750248 30.419865 117.12266 1.716223 27.339618562 115.320429687 1.67311098677 3.56874658946 -2.47013640432 0
1560 5.50990080833 30.132888 119.21343 1.725557 26.2187883032 117.48193811 1.70467664627 4.27998137854 -1.19635614371 0
1563 5.52838301659 29.88258 121.34383 1.72867 26.116972512 120.00256613 1.69880686642 3.997347686 -1.71103151706 0
1566 5.54924893379 29.981486 120.5055 1.7055843 25.6899332912 119.96129782 1.7063911936 4.32591963228 0.0462315980434 0
1569 5.46268105507 30.170653 118.4575 1.6900862 26.835867908 117.851190299 1.69241527638 3.38945468521 0.133446246998 0
1572 5.51344394684 30.502618 115.6086 1.6745202 27.3340647482 114.010524834 1.67573530265 3.5487425865 0.069620253479 0
1575 5.49435591698 30.699806 113.48782 1.6738205 28.1727329533 112.168038899 1.68707572636 2.85095077794 0.759468526642 0
1578 5.54001307487 30.8492 111.36091 1.6697397 27.4991356769 111.564961548 1.66901333362 3.35627293337 -0.0416177279554 0
1581 5.52790999413 30.973164 109.37107 1.6787837 27.885893924 108.813778118 1.66921015707 3.13716604031 -0.548523604869 0
1584 5.51468396187 31.204408 107.09871 1.665475 28.0052121222 107.676734364 1.69393484075 3.25099468318 1.63062876048 0
1587 5.56801891327 31.322843 104.96751 1.6587885 27.5293322946 105.322969688 1.69177206224 3.81012795865 1.88981890973 0
1590 5.58548212051 31.457099 102.91722 1.6541397 28.7022831438 103.126997209 1.72169644409 2.76279150119 3.87071631403 0
1593 5.5777528286 31.546684 101.34427 1.631357 28.7056253129 101.77027093 1.66248836625 2.87281939142 1.78369589632 0
1596 5.59682798386 31.536552 101.09899 1.5279681 28.1004548324 102.339912634 1.58249027061 3.65330709486 3.12389026606 0
1599 5.55808782578 31.522716 100.84711 1.3818466 28.6309646077 102.498274603 1.46839102392 3.32995054926 4.95863023086 0
1602 5.52466607094 31.33472 100.81397 1.2437751 28.3614790607 102.530322916 1.3126066424 3.43307864963 3.94375687702 0
1605 5.47896909714 31.335612 100.76499 1.1262837 27.9230110652 101.828285392 1.20224197858 3.57441494937 4.35208878163 0
1608 5.51652312279 30.238332 99.003137 0.9296569 28.8898595675 100.448312391 1.06316187418 1.97659045097 7.64927156466 0
1611 5.50752210617 28.772289 97.32743 0.78863198 26.3929640302 98.3576722684 0.837304794834 2.5927951025 2.78874686703 0
1614 5.48815488815 27.005154 95.945316 0.6582802 24.8459301843 96.8992878023 0.742010459156 2.36057401618 4.79739046718 0
1617 5.50302600861 26.209553 95.323497 0.64585939 23.7344015436 95.6254418635 0.712704485337 2.49350063819 3.82994184395 0
1620 5.57504200935 26.225548 95.299359 0.74214735 23.8606086257 95.3568723691 0.809135037155 2.36563860967 3.83811175333 0
1623 5.52137112617 26.287241 95.304851 0.87876564 24.1669374159 94.5838637672 0.955811016452 2.23953340643 4.41437490169 0
1626 5.54951691628 26.503119 95.525486 1.0159202 25.2169580122 94.0512626561 1.12961103382 1.95641114141 6.51400494737 0
1629 5.5596678257 26.584147 95.637624 1.1414331 23.3302422414 95.2837987154 1.15177712484 3.27308547245 0.592668966231 0
1632 5.53548979759 26.62792 95.717086 1.2595284 25.0487288438 95.8271495694 1.35939441916 1.58302201408 5.72190141472 0
1635 5.55200004578 26.756174 95.797181 1.3910555 23.2933128642 96.3547271698 1.36249790661 3.50745847833 -1.63622957445 0
1638 5.50623607635 26.381693 93.77201 1.3952992 23.3666353719 94.1107716292 1.43117652201 3.03402899493 2.05561913168 0
1641 5.56754899025 26.011804 91.856332 1.39866 22.9125717271 92.1760138376 1.45727577944 3.11567603555 3.35843677483 0
1644 5.52978396416 25.609249 89.727224 1.3968171 22.643828519 90.3527732848 1.46084214943 3.03068153011 3.66836511532 0
1647 5.55700182915 25.2462 87.568251 1.3940659 22.3985635101 88.091240277 1.43879877903 2.89526360848 2.56300517376 0
1650 5.53517103195 24.820481 85.505592 1.4017015 21.584507536 85.8615806652 1.41454010052 3.25549569033 0.735597624572 0
1653 5.56247186661 24.493958 83.448062 1.398475 20.5605080628 84.2770912693 1.40807925936 4.0198654129 0.550283526475 0
1656 5.58038306236 24.080092 81.345956 1.3962744 21.0660473316 81.6162555631 1.44905826559 3.02614063075 3.02429272492 0
1659 5.54150009155 23.622432 79.208855 1.3888608 20.0430526715 78.8101528126 1.42853998782 3.60151632117 2.27344999667 0
1662 5.4991710186 23.236261 77.182266 1.3737053 19.9323734396 77.4476677923 1.41216265641 3.31453030206 2.20344421344 0
1665 5.47322702408 22.741503 75.111069 1.3685019 19.0479314541 75.6049203346 1.40621505376 3.72644064834 2.16080454232 0
1668 5.49311113358 22.23837 73.007777 1.3690406 19.4802206687 73.0790875496 1.42699685707 2.75907102629 3.32064892635 0
1671 5.4606218338 21.796618 70.8705 1.3677106 18.0444863849 71.5743026326 1.39743279703 3.81756857211 1.70295644788 0
1674 5.50644803047 21.306705 68.900927 1.3588762 19.1730377156 69.1683384464 1.43208256397 2.15035926354 4.19441568925 0
1677 5.57546210289 20.800373 66.796896 1.3509317 19.739249881 67.0363812797 1.46963650278 1.08781224153 6.80128420751 0
1680 5.52201390266 20.180988 64.758154 1.3339286 20.1253513718 65.4932073501 1.50067567205 0.737155927795 9.55390347482 0
1683 5.52610898018 19.716632 62.635567 1.3210663 17.9285879079 63.3064020727 1.39917007998 1.90974379694 4.47501695697 0
1686 5.4900970459 19.127208 60.642471 1.320188 17.168526227 60.8020193491 1.42173637226 1.96516919461 5.818293147 0
1689 5.52966499329 18.573484 58.538556 1.3117791 17.5132749973 58.3567155151 1.44419276455 1.07569005361 7.58674412869 0
1692 5.5332710743 18.03732 56.562177 1.3046299 16.4302394082 56.7050706941 1.38375007311 1.61342078718 4.53325199329 0
1695 5.51462197304 17.470308 54.449011 1.30616 16.8754334239 54.1011996838 1.42932148068 0.689092499578 7.05663304132 0
1698 5.44866013527 16.865167 52.414515 1.2995721 15.1344923158 52.2174887625 1.37026730517 1.74185366798 4.05053688785 0
1701 5.55597114563 16.322269 50.452679 1.2871313 14.804510538 51.3229416827 1.38055332045 1.74955648262 5.35268748529 0
1704 5.52818012238 15.679585 48.421133 1.2791916 15.0867127921 48.5861833397 1.42207512901 0.615417800836 8.18662317429 0
1707 5.50240397453 15.049517 46.343459 1.2810584 14.0578394578 46.0252552394 1.39450042106 1.04147874722 6.49974902619 0
1710 5.47136092186 14.370513 44.264129 1.2685694 13.7090220722 44.5633973231 1.40127967879 0.726038412723 7.60373887263 0
1713 5.51047611237 13.728985 42.398373 1.2622613 13.9628467507 42.2847748522 1.43081460082 0.259992033817 9.65739275992 0
1716 5.52410817146 13.116178 40.310007 1.2578142 13.5053536341 40.016218741 1.40680165952 0.487615848062 8.53635263107 0
1719 5.50665903091 12.482531 38.460523 1.239848 12.5973003261 38.8381928232 1.3643525859 0.394723312668 7.13358730214 0
1722 5.47385191917 12.331027 38.238303 1.1567887 11.6296778671 38.3598842991 1.27611038038 0.71180939762 6.83662868996 0
1725 5.52866101265 12.263795 38.100898 1.043782 10.9781548196 37.9787189609 1.11864701046 1.29143268933 4.28944913259 0
1728 5.54671907425 12.231882 38.075858 0.90529637 11.3021083123 37.5746336408 1.01650598554 1.05626936362 6.3718416117 0
1731 5.56473684311 12.170047 37.918491 0.7605547 10.7807568211 38.622982881 0.867213033452 1.55770215749 6.11107235672 0
1734 5.5472009182 11.9457 37.868652 0.60051086 12.0587834064 38.2727977038 0.783166870474 0.419668448548 10.4654185029 0
1737 5.50231099129 11.861848 37.85602 0.47073445 11.7543508126 37.7957877851 0.663130746643 0.123221609337 11.0234957916 0
1740 5.51932501793 11.68598 37.868337 0.32347919 11.7362775606 37.3821632823 0.506193175706 0.488768583712 10.468740239 0
1743 5.52606010437 11.634663 37.834152 0.18688423 12.3669773405 36.9133483561 0.228756161833 1.17650484232 2.3990849741 0
1746 5.56881809235 11.546787 37.799316 0.059161186 11.7814656104 36.8346802322 0.114323575256 0.992771985217 3.16057209225 0
1749 5.5661380291 11.461332 37.784444 -0.088384018 11.6008200694 37.9970836064 -0.132109323815 0.254307930898 -2.50527548112 0
1752 5.56938409805 11.353119 37.809133 -0.22428348 12.6051757844 37.5479011364 -0.167744214267 1.27901848225 3.23946130327 0
1755 5.5599091053 11.259101 37.929753 -0.36642208 12.4247789516 37.0375930082 -0.200969145504 1.46790821851 9.47975485465 0
1758 5.48162603378 11.22919 38.083377 -0.50941267 11.8092666295 39.0794014358 -0.40853926087 1.15262898312 5.77962060827 0
1761 5.51549005508 11.185129 38.110347 -0.64618684 12.6969482374 37.9799301121 -0.486610288117 1.51743400887 9.14306293214 0
1764 5.54421496391 11.588805 37.741111 -0.76036767 11.9115612824 36.8872690923 -0.670070145297 0.912807548774 5.17366706597 0
1767 5.58109211922 13.063467 36.224873 -0.77289998 13.1002067779 36.1420963082 -0.675175879261 0.0905637453964 5.59917852904 0
1770 5.55595707893 14.493375 34.807156 -0.77803694 14.1797745449 35.0485942166 -0.719124548298 0.395774756494 3.37543140555 0
1773 5.57958102226 15.892318 33.28564 -0.77023756 15.4142038179 34.1490039222 -0.739965018181 0.986909536496 1.73448888135 0
1776 5.58148407936 17.405154 31.857105 -0.77891679 17.4090207293 32.1236004254 -0.763753480025 0.266523476225 0.868793665026 0
1779 5.55751681328 19.008966 30.381332 -0.78385491 18.7207292012 30.7065074189 -0.754600757581 0.434533664086 1.67613946682 0
1782 5.52959084511 20.517371 28.856906 -0.78454873 20.5097292975 29.6400809816 -0.787645710133 0.78321226207 -0.177443890882 0
1785 5.54344916344 22.037399 27.308602 -0.78653789 21.8510658415 28.1081188257 -0.787437594461 0.820942872908 -0.0515492684153 0
1788 5.53448295593 23.470866 25.802264 -0.78746834 23.6544195388 26.4238064975 -0.779725667886 0.648079453336 0.443622434271 0
1791 5.56058001518 25.030138 24.239515 -0.79252133 25.1680512411 25.1385691935 -0.797044679952 0.909570505785 -0.25916886151 0
1794 5.52842211723 26.508975 22.80392 -0.79210599 26.2109882351 23.666737634 -0.783080043 0.912825493527 0.517148669204 0
1797 5.54666590691 27.961008 21.312251 -0.79564812 28.1781861512 21.5889071775 -0.786766563539 0.351717201588 0.508875700746 0
1800 5.5921459198 29.36401 19.750057 -0.78815021 28.9093376774 20.5390545757 -0.806834706545 0.910628406832 -1.07054279434 0
1803 5.52847504616 31.016391 18.179875 -0.79578372 30.7810166204 18.8341111857 -0.778121468442 0.695288490703 1.011972471 0
1806 5.5351319313 32.405165 16.663972 -0.79079715 31.9959774483 17.4962118786 -0.777000833181 0.927392941518 0.790470726559 0
1809 5.5346968174 33.875627 15.226881 -0.79213801 33.2376313116 15.3736542543 -0.814809869157 0.654660894363 -1.29900184343 0
1812 5.56599593163 34.400964 14.714584 -0.72873329 32.7297866751 14.6681155836 -0.760399883791 1.67182324577 -1.81436217578 0
1815 5.55446195602 34.541831 14.529671 -0.59347242 32.6113277113 14.2000306201 -0.654902872751 1.95844472161 -3.51970567622 0
1818 5.52988386154 34.648846 14.435796 -0.47955783 34.0156711571 15.6156246513 -0.537285735371 1.33899440929 -3.30756533788 0
1821 5.49750709534 34.668797 14.324629 -0.34405458 33.7400656977 14.8934818202 -0.380397560702 1.08909841746 -2.08229940915 0
1824 5.51286005974 34.864126 14.20779 -0.22615765 34.1727289127 14.9344123764 -0.24221585417 1.0030005036 -0.92006732549 0
1827 5.47606110573 35.017605 14.088235 -0.094353638 34.8197945797 15.1692348879 -0.143633897282 1.09894937103 -2.82355087019 0
1830 5.56121897697 36.599142 14.0692 -0.022879679 36.3085241865 14.8825299308 -0.0511431497924 0.863692242525 -1.6193775908 0
1833 5.53017997742 38.63985 14.009333 -0.014813302 38.3206114599 14.689875028 -0.0603510403846 0.751698541563 -2.60912021801 0
1836 5.54720807076 40.768535 13.925491 -0.0089087199 40.6357381092 14.2627375353 -0.0582275499777 0.362450327341 -2.82576081397 0
1839 5.5391831398 42.905865 13.952369 -0.011506708 42.1951022661 14.5520623848 -0.0529979451607 0.929954740656 -2.37727277609 0
1842 5.51943802834 45.04117 13.838962 -0.010052037 44.7695712617 15.050592425 -0.0261250262505 1.2416980959 -0.920914448211 0
1845 5.54161190987 47.095509 13.764363 -0.008210261 46.031405762 15.1049895976 -0.028490489964 1.71160608067 -1.16197152719 0
1848 5.54949998856 49.256947 13.750747 -0.012245698 48.260969892 15.1805252905 -0.0194504143697 1.74247994529 -0.412799840573 0
1851 5.51948308945 51.347189 13.680192 -0.017629817 50.8230687335 15.2298779092 -0.0103577680578 1.63591823476 0.416657712801 0
1854 5.53116202354 53.510554 13.649042 -0.0075411209 52.7484334195 15.1979437871 -0.00582737253383 1.72624578934 0.0981905485292 0
1857 5.56829500198 55.608657 13.581194 -0.0077936973 54.7924651038 14.8115273194 0.00772878258441 1.47644481381 0.889372584953 0
1860 5.56062221527 57.666716 13.591636 -0.01411162 56.8252988052 15.0033109095 -0.00295090446486 1.64341380844 0.63946189651 0
1863 5.54655003548 59.905766 13.533857 -0.012519778 59.3108700862 14.8769473202 0.00162751840956 1.46894273428 0.810580375788 0
1866 5.53047394753 62.027534 13.447994 -0.021676244 60.7729073194 14.9353801163 -0.0112027645775 1.94586884623 0.600086167726 0
1869 5.4874689579 64.181261 13.371995 -0.025327169 63.5341081068 15.3017389467 -0.00354026776 2.03536693672 1.24829748972 0
1872 5.47566890717 66.241252 13.310079 -0.024907545 64.8959601929 15.2348734012 -0.00256003953653 2.34832781637 1.2804177457 0
1875 5.45891213417 68.444119 13.24669 -0.026304862 66.6694120441 14.9798373994 -0.0114200062218 2.48060167856 0.852839414754 0
1878 5.50413894653 70.49734 13.123327 -0.017605166 69.3822433392 15.1105064477 -0.0142985528753 2.27866687348 0.189454976528 0
1881 5.53533816338 72.634932 13.039101 -0.019360635 71.9788684604 15.1287182526 -0.00117524659505 2.19018712228 1.04194600441 0
1884 5.52420592308 74.720419 12.994859 -0.019347658 73.4362016743 14.5821641843 0.000867195490936 2.04175216118 1.15822578851 0
1887 5.53929495811 76.914825 12.90632 -0.036038761 75.6641304979 14.3307957695 0.0018882153448 1.89561809324 2.17305567425 0
1890 5.52587199211 79.004774 12.78569 -0.032634565 78.3411433278 15.1694825415 -0.00135214218182 2.47444388698 1.79235080043 0
1893 5.52569389343 81.177999 12.691712 -0.029848436 80.9913965639 14.9734956525 -0.000373194803643 2.28940103655 1.68880692068 0
1896 5.52990198135 83.222919 12.597068 -0.02122413 81.844220729 15.104742741 0.00155590014713 2.86168508558 1.30519958461 0
1899 5.49772381783 85.390174 12.538762 -0.021700441 84.3754245031 14.0889653921 -0.0133341787031 1.85279440255 0.479351519913 0
1902 5.50299787521 87.449986 12.512039 -0.030894579 87.0282325019 14.9428951384 0.00753792476997 2.46717198 2.20202026214 0
1905 5.50167703629 89.572355 12.414566 -0.034322832 88.5077595396 14.8768872537 -0.0104228639348 2.68260870246 1.36936730064 0
1908 5.52577400208 91.713838 12.339838 -0.030338307 90.1931052714 14.7245772408 0.0145544492089 2.82835805349 2.57216546148 0
1911 5.53342008591 93.866625 12.234111 -0.027880568 92.9696921307 15.0613779501 -0.000689250998834 2.96612996667 1.55794770357 0
1914 5.55859684944 96.027017 12.118277 -0.016096141 95.4478118358 14.8961921584 -0.00814660371169 2.83765594278 0.455474935702 0
1917 5.57268595695 98.003729 12.063433 -0.023465033 97.3866488607 15.1064310128 -0.00123131810637 3.10493555554 1.2738980263 0
1920 5.53537988663 100.1865 11.996018 -0.023536261 98.9657587506 14.5100123397 0.0293969427034 2.7947051254 3.03284916831 0
1923 5.55018496513 102.26857 11.921444 -0.023061579 101.809051866 15.0070547045 0.0114758777224 3.11963945594 1.97885050531 0
1926 5.53347015381 104.50291 11.810699 -0.022632517 104.590825855 14.9782578932 0.0235964384591 3.16877871417 2.64872403911 0
1929 5.54965114594 106.528 11.779433 -0.025937223 105.696473035 15.2084104665 0.0114461566408 3.52835989662 2.14190987735 0
1932 5.53606200218 108.61821 11.737233 -0.017267816 108.032311339 14.9081741543 0.00241581338256 3.22461548792 1.12778888912 0
1935 5.53424310684 110.65428 11.638117 -0.015586443 109.095205776 14.942960194 -0.00361061973877 3.65413477743 0.686164129063 0
1938 5.57266807556 112.94226 11.558687 -0.011710616 111.455442999 14.9698230708 0.000396546181354 3.72108506872 0.693689294872 0
1941 5.55011200905 114.89636 11.528856 -0.01668203 113.811113107 14.8956434581 -0.0114910497837 3.53737453576 0.297421257927 0
1944 5.55277609825 117.03777 11.494892 -0.018548407 116.575514036 14.8553695965 -0.0190592615953 3.3921217921 -0.0292698122552 0
1947 5.54892992973 119.07747 11.406331 -0.016261061 117.71335438 15.1827295341 0.00540345116164 4.01522070525 1.24128511207 0
1950 5.52073001862 121.291 11.334615 -0.012126455 120.096285943 14.867442187 0.000611390470959 3.72937120868 0.729824785576 0
1953 5.56683397293 123.43737 11.229443 0.0013807468 122.92107207 14.9039514975 0.0119497570874 3.71060321926 0.605559683097 0
1956 5.51516294479 125.58554 11.258252 -0.0049853053 124.404122604 15.0838432947 0.0110493105708 4.00386011476 0.918715815513 0
1959 5.50686597824 127.50849 11.183265 -0.012828209 126.447885376 15.1180218545 -0.0029842005765 4.07519247055 0.564020136158 0
1962 5.53028917313 130.28779 11.390648 -0.01314096 128.773015405 14.9467823798 -0.0125706360671 3.8653116046 0.0326771543096 0
1965 5.54259514809 132.78769 11.256475 0.0084755214 131.11069802 15.2148072853 -0.00718817890671 4.29891807112 -0.897463919132 0
1968 5.56957101822 125.9239 10.596074 0.27888777 132.679025306 14.5157640018 -0.0106920785594 7.80997359831 -16.5917031545 0
1971 5.54074907303 93.936275 13.265891 0.84250578 133.125241508 14.6071944426 -0.0245428844692 39.21191389 -49.6782291065 0
1974 5.54836201668 59.212281 6.4432491 1.3602712 133.480743999 15.1180285444 0.0495173498343 74.7733668809 -75.100663595 0
1977 5.58803987503 41.747696 3.5851691 1.5088422 139.138178973 12.6402286419 -0.0351665242034 97.8105325469 -88.4651834282 0
1980 5.55851602554 40.889782 2.6549702 1.6071612 139.938738545 12.8185869617 -0.0731992359305 99.5690458847 -96.2775610396 0
1983 5.53910684586 40.408125 3.8011614 1.6070032 63.6508315095 107.407668742 -1.25328724516 106.181598074 -163.882570689 0
1986 5.53498983383 40.388712 5.5337894 1.5172855 38.0092154026 89.4844460236 -2.25878424288 83.9843720676 143.647140586 0
1989 5.54294490814 40.44034 7.6724587 1.5542124 37.4206844737 87.9711892703 -1.96645750966 80.3554879937 158.280473118 0
1992 5.54335093498 40.554207 9.7439313 1.5604739 33.3796840822 90.794900504 2.97983035809 81.3678891702 81.3231346734 0
1995 5.52228283882 40.580821 11.876658 1.5652859 39.1067885867 92.7559149677 1.63656160665 80.8926880453 4.08379717302 0
1998 5.5308508873 40.665042 14.024391 1.567666 114.873590021 66.9289789663 -0.759113326924 91.1361839629 -133.314635291 0
2001 5.55234909058 40.771617 16.174621 1.5548315 28.6116458275 93.7153109519 -2.87049468864 78.4883653616 106.447486422 0
2004 5.56586098671 40.847233 18.25792 1.5551713 57.6084290587 80.9152428022 -0.0914427705625 64.8604486113 -94.3440367301 0
2007 5.52270293236 40.88758 20.352438 1.5597309 58.9613399828 78.8342163118 -0.386732038567 61.2109401531 -111.524111359 0
2010 5.50723099709 40.971014 22.508388 1.5678505 60.558677684 76.3810416937 -0.320252958163 57.3231138774 -108.180359437 0
2013 5.50610685349 41.044823 24.54743 1.5705547 63.9806637965 75.8346797047 -0.408450792814 56.1821570903 -113.388662371 0
2016 5.5498418808 41.105608 26.696222 1.5717508 64.7143761085 75.1634134881 -0.424609054092 53.911432761 -114.382994029 0
2019 5.49769091606 41.160404 28.869777 1.5672714 64.98403679 72.5092548516 -0.731564571672 49.7189049203 -131.71359897 0
2022 5.52810382843 41.204205 31.003136 1.5608691 46.2446712598 95.0102155512 1.98687618627 64.2052375806 24.4084080861 0
2025 5.54642987251 41.244227 33.116661 1.5660557 102.089274409 36.451093687 -2.80755341226 60.9363457676 109.410656628 0
2028 5.54089593887 41.277887 35.228156 1.5643441 126.590692249 130.986487855 -1.0636686362 128.249494576 -150.574038291 0
2031 5.52300405502 41.31792 37.33529 1.5797774 104.932676232 92.0787699771 1.32496650679 83.9266692441 -14.5995887551 0
2034 5.52221608162 41.419072 39.474789 1.5713492 80.3167919248 120.597232885 2.16954948659 89.9660131226 34.2743517249 0
2037 5.52764081955 41.429937 41.518923 1.5745722 80.6190119181 80.208991912 0.224001344942 55.0700011381 -77.3820099282 0
2040 5.50044202805 41.494048 43.684079 1.5737379 54.5318305524 139.931228904 1.94391082612 97.1261943996 21.2093463569 0
2043 5.54045510292 41.508319 45.798644 1.5762653 54.1528450404 141.955882635 1.94579727102 96.9850430773 21.1726223349 0
2046 5.54103899002 41.512588 47.943477 1.5772604 37.9487263122 46.9015074717 1.9074951794 3.71305947002 18.9210591082 0
2049 5.55990815163 41.583607 50.107906 1.5744728 39.2057856122 50.9461537474 1.65045540202 2.52124846818 4.35348241206 0
2052 5.5624499321 41.632502 52.265699 1.5728612 39.3843332805 51.8371626558 1.67433333119 2.28864719641 5.81392485546 0
2055 5.56065797806 41.660201 54.305408 1.5732479 39.2910482242 54.0064437599 1.71190250525 2.38794147584 7.94432369067 0
2058 5.57756090164 41.689009 56.508616 1.5685378 38.7991946316 56.2717333505 1.65043138041 2.89950693631 4.69215652664 0
2061 5.55462813377 41.794127 58.57462 1.5657057 38.9701942821 58.2436451632 1.60876230736 2.84326227034 2.46696188164 0
2064 5.56519603729 41.856016 60.76704 1.5641567 38.7900937052 60.1553370207 1.62205526739 3.12634931707 3.31734355132 0
2067 5.58899593353 41.858156 62.785084 1.5639758 38.9052979487 63.0547330362 1.6253425899 2.9651443934 3.51605806375 0
2070 5.54995703697 41.958088 65.023529 1.5767642 39.2749790675 64.7710855105 1.62142584348 2.69495848932 2.55892367738 0
2073 5.51942896843 41.99726 67.044355 1.5737097 38.6140038408 66.5094535508 1.59722310539 3.42527981326 1.34721889063 0
2076 5.49448895454 42.044947 69.102812 1.5759217 38.602235385 69.0300019739 1.6187063336 3.44348145984 2.45137893329 0
2079 5.52016186714 42.097902 71.261122 1.5727544 38.4199640928 71.9753013438 1.64631244325 3.74663574214 4.21456542761 0
2082 5.4512898922 42.114798 73.459441 1.5684742 38.498745905 73.0464827601 1.63214822973 3.63955591545 3.64825316839 0
2085 5.5432600975 42.172982 75.545483 1.5804547 39.1818093541 75.4797569068 1.60356174353 2.99189467011 1.32393607153 0
2088 5.5695040226 42.213453 77.648417 1.5799022 39.1556152941 78.0534547305 1.62458021263 3.08454648188 2.55986156067 0
2091 5.53565692902 42.308345 79.80823 1.5843424 38.9240828077 80.0598375502 1.59206606042 3.39360235524 0.442533144474 0
2094 5.49948000908 42.259747 81.948131 1.5870316 38.2082037012 82.1645398903 1.61575234875 4.05731880805 1.64557768768 0
2097 5.51122403145 42.325886 84.065588 1.5841531 38.7222722345 84.3117702726 1.60955667867 3.61201299582 1.45551784233 0
2100 5.48882985115 42.338042 86.100283 1.5789413 37.8822033206 86.4541411601 1.62634632729 4.46986732848 2.71610799144 0
