3 5.77149510384 72.513547 45.80148 1.6808269 8.11343127298 119.353602726 -2.38361125513 97.7613914752 127.124847619 0
6 5.72984194756 72.505015 45.806851 1.6805552 21.59256816 13.0621426268 1.82618903362 60.533405403 8.34420402091 0
9 5.69958400726 72.51553 45.801787 1.6811119 103.260880902 29.4988793398 -0.857871103955 34.8003074741 -145.473010382 0
12 5.67055392265 72.511327 45.798497 1.6805172 118.077898251 73.0057210767 -2.05300345386 53.0711358233 146.085023809 0
15 5.69471788406 72.518426 45.80176 1.6806948 54.7806487171 109.955019777 -0.54780619088 66.5602695529 -127.683701418 0
18 5.80310988426 72.509508 45.806599 1.6825332 28.296787807 89.4826309068 0.52265864585 62.1478912755 -66.4559167174 0
21 5.81816792488 72.510969 45.800989 1.6811293 83.402339959 136.329441322 -2.16588226159 91.1812625551 139.582473783 0
24 5.82885503769 72.522343 45.818169 1.6838228 68.4815558517 101.646600284 -2.18594598252 55.9744736503 138.27858107 0
27 5.57529187202 72.508499 45.799812 1.6808804 117.064069166 73.4324162829 -1.78836820635 52.428614823 161.226696774 0
30 5.71897983551 72.523901 45.815543 1.6832165 115.240974941 71.3348233679 -1.78898130453 49.759241117 161.057720166 0
33 5.56645607948 72.511009 45.802779 1.6808191 65.7258352297 111.66138574 -1.43151502544 66.2072100666 -178.323609822 0
36 5.58813095093 72.527172 45.853315 1.6851825 39.3340814966 79.1663675208 3.04873624158 47.0270212263 78.1258745317 0
39 5.56529092789 72.188088 49.017093 1.6798669 65.8462977223 100.046777006 2.00000122367 51.4222418189 18.3423456238 0
42 5.67019915581 71.804616 53.279503 1.6643548 110.230286191 75.2485228359 -0.77079545395 44.2625119284 -139.523832032 0
45 5.59772896767 71.568933 57.324136 1.642571 117.893065416 65.3793742797 1.20610665576 47.0192737912 -25.0075648331 0
48 5.58483195305 71.37336 61.652431 1.6431927 44.2717108848 95.8680351897 0.00366710708155 43.6486764385 -93.9378968779 0
51 5.54284381866 71.165072 65.844712 1.6344026 47.9548640543 95.1618031334 0.607279781211 37.3925873056 -58.8498025582 0
54 5.57797193527 70.960331 70.343426 1.6128178 129.113503981 117.392853209 0.90806067505 74.8026746079 -40.3796088414 0
57 5.55624103546 70.885213 74.631613 1.6236159 62.7028717417 61.7365508374 -0.20126067905 15.2719788058 -104.557726112 0
60 5.60909295082 70.832043 79.069602 1.6124517 115.742859588 136.70002001 0.367500154681 73.0633049255 -71.3304692451 0
63 5.75654387474 70.841819 83.283634 1.5826474 20.3429276943 76.4270994972 1.53013000233 50.9622417923 -3.00902523775 0
66 5.8087542057 70.897044 87.066595 1.5142468 74.2244095867 65.3165691593 -2.36879187916 22.0030676456 137.518271998 0
69 5.62518692017 70.898205 87.488163 1.2381173 55.0624346175 107.404220803 -2.64834976392 25.444468594 137.321840021 0
72 5.59815096855 70.648486 87.373684 0.94938085 72.1534923523 35.6510951857 -3.00943691989 51.7444802639 133.176449924 0
75 5.55965995789 70.490448 87.162959 0.64684814 57.0202023443 106.122757774 3.10270827698 23.2577188815 140.710420924 0
78 5.5213830471 73.090524 88.460194 0.4660111 53.0434632422 107.181563445 3.03410167665 27.4294425562 147.14075145 0
81 5.65177893639 76.750616 90.291223 0.4640309 93.0781656984 99.9551310914 2.74720593502 18.9731388745 130.816293396 0
84 5.54904103279 80.704264 92.172539 0.45240664 42.2997591534 109.772781609 3.0446091752 42.2454084182 148.52226491 0
87 5.54167199135 84.637734 93.972859 0.42386385 56.7446392764 106.882269889 1.53537753728 30.7356083844 63.6850431519 0
90 5.59965085983 88.678811 95.730817 0.41656148 98.4446734536 89.822502993 2.786115561 11.4140371416 135.765448169 0
93 5.54786920547 92.647535 97.41769 0.40779386 78.8438898254 37.4131969132 2.49530494101 61.5717452303 119.605574629 0
96 5.56971597672 96.759828 99.128022 0.39320766 26.3098904671 110.161984678 3.04035609392 71.3087794789 151.670433009 0
99 5.54076695442 100.07577 100.58602 0.32958371 134.236436274 77.4693448603 1.05458989122 41.2472034179 41.5397943051 0
102 5.57977890968 100.12714 100.52966 0.1390585 21.4289262113 113.354799049 2.63724152735 79.7363972421 143.135343918 0
105 5.56438302994 100.08551 100.52401 -0.14356162 14.3190595664 72.8763987688 3.10517996077 90.1125653102 -173.860818693 0
108 5.6845331192 99.772178 100.71077 -0.40700642 94.0264088633 61.238752478 0.0252043522375 39.88801863 24.7638531093 0
111 5.66675496101 99.760338 100.7618 -0.66729138 81.7729343679 121.836663416 1.09346638853 27.7073376096 100.883988882 0
114 5.59639811516 99.638101 100.95548 -0.8821311 14.1023279304 69.6711485131 1.85036213255 91.077318094 156.560329773 0
117 5.54881906509 99.549051 101.11221 -1.1251977 13.0812076255 68.9424231042 1.62074262205 92.2582415113 157.330791248 0
120 5.50349903107 100.80276 98.46873 -1.1938854 15.4071296827 70.0482688026 1.61475841151 90.0007571744 160.923436555 0
123 5.54825901985 102.35582 94.496879 -1.1822805 84.3001397191 38.611599653 -1.49186266211 58.7296521196 -17.7377513013 0
126 5.60604000092 103.84912 90.431736 -1.1842505 81.7484761082 41.2107850705 2.6836765724 53.9549855976 -138.384103287 0
129 5.57539701462 105.46668 86.336829 -1.1831903 104.435594226 87.853799501 -1.25242713991 1.83421301218 -3.96697871347 0
132 5.60420393944 106.96067 82.891423 -1.1821311 104.683541833 84.8236803418 -1.1746398214 2.98645795593 0.429218647152 0
135 5.56766700745 108.13488 79.987125 -1.1809983 105.984597829 80.7881238429 -1.11880144073 2.29462688914 3.56361753495 0
138 5.58400893211 109.11096 77.465416 -1.174964 107.126826801 79.2522292867 -1.14446285705 2.67010978674 1.74758676151 0
141 5.5931520462 110.00241 75.115832 -1.1797573 108.240311707 77.7293589106 -1.1612915139 3.15206492736 1.05801160918 0
144 5.57644581795 110.9669 72.896666 -1.1819268 110.430971844 74.6914602262 -1.12063941516 1.87310045173 3.5115084886 0
147 5.59385108948 111.79529 70.750926 -1.1680053 108.548339583 74.1897663182 -1.15061537445 4.72951474709 0.996369339908 0
150 5.58736610413 112.62755 68.634671 -1.166408 110.336242909 72.2074083672 -1.1634555147 4.24435395316 0.169164946774 0
153 5.61270093918 113.50263 66.493746 -1.1746568 109.77871644 69.5759421078 -1.19452827052 4.83399059296 -1.13855139336 0
156 5.58867478371 114.39844 64.423702 -1.1690506 112.408605836 67.9230730999 -1.15428514641 4.02554817344 0.845998173532 0
159 5.60952806473 114.9392 62.935672 -1.1627449 113.927165293 66.3478476615 -1.12624862922 3.55909496818 2.09108228376 0
162 5.61297917366 115.58582 61.52951 -1.1720902 114.433730943 64.854261956 -1.14718689827 3.51870498411 1.42685408487 0
165 5.55801200867 116.16312 60.165609 -1.1710096 114.471918352 64.0145826483 -1.14788833552 4.20413619681 1.32475087161 0
168 5.52834606171 116.71267 58.758483 -1.1690165 114.668175937 62.0196325967 -1.15918275777 3.84903269243 0.563431926805 0
171 5.49948501587 117.29804 57.404001 -1.1730259 114.474950406 59.8583067143 -1.15366745865 3.74078219012 1.10915698729 0
174 5.54465889931 117.3062 57.346669 -1.1782941 115.150879263 60.490487659 -1.19213574092 3.81169296218 -0.793067606319 0
177 5.51010990143 117.30973 57.394113 -1.1925087 114.417779674 60.4604949057 -1.2149111214 4.2149821684 -1.28356419717 0
180 5.59329295158 117.3509 57.478875 -1.2542253 115.358904836 60.60670274 -1.30575435359 3.70828142207 -2.95239729305 0
183 5.53758502007 117.31554 57.561663 -1.3141336 114.579544031 61.8375634813 -1.33281426899 5.0763174517 -1.07032349169 0
186 5.57659292221 117.31761 57.625945 -1.389572 114.00779203 60.3034980521 -1.40227405774 4.25725091396 -0.727774299631 0
189 5.54837918282 117.34247 57.653648 -1.4539696 114.677722553 61.2635578087 -1.45974145668 4.48690625942 -0.33070302788 0
192 5.59207201004 117.36058 57.739095 -1.5147103 114.744130945 60.078158117 -1.51256568357 3.50956149968 0.122877470111 0
195 5.57802700996 117.34118 57.80351 -1.5718326 114.863455907 60.1572571175 -1.61521765114 3.41749062507 -2.48578032421 0
198 5.62725305557 117.32521 57.826191 -1.6475747 116.46634147 60.493610659 -1.63378812644 2.80228171113 0.789912478981 0
201 5.56715607643 117.28663 57.948056 -1.7072698 115.060797329 59.9116464863 -1.68606247968 2.96816756243 1.2150899492 0
204 5.52103209496 117.37131 58.006137 -1.7818651 116.038219065 59.7337778868 -1.75173689014 2.18217196267 1.7262192694 0
207 5.53892803192 117.40314 57.989067 -1.8555926 116.796939119 60.3591867724 -1.80064359935 2.44641518226 3.14834582576 0
210 5.53708910942 117.02719 57.008887 -1.8977403 117.223630632 59.9227528235 -1.87307572395 2.9204799193 1.41317611108 0
213 5.58622789383 116.38504 55.250118 -1.9095407 115.305399527 57.1078675639 -1.83395278671 2.14868727206 4.33086841386 0
216 5.57491898537 115.67443 53.450651 -1.9075572 116.060705958 55.2778885107 -1.82213321004 1.86762042081 4.89443409367 0
219 5.5742380619 115.02136 51.574537 -1.9165104 114.828441896 53.0581110228 -1.89300191681 1.49606459619 1.34693686944 0
222 5.57449483871 114.35753 49.684701 -1.9233127 114.153223341 51.8183436422 -1.89090403795 2.14340200042 1.85687955539 0
225 5.74588298798 113.59486 47.870819 -1.9110101 113.141488611 49.5774693704 -1.85036355893 1.7658428875 3.47479084559 0
228 6.12741994858 112.87829 45.986656 -1.9118326 112.663514701 47.6626384893 -1.90825782648 1.68968805812 0.20481943557 0
231 5.83245992661 112.17059 44.128463 -1.9122248 112.522823282 44.5995853495 -1.86808857013 0.588238516985 2.52881969521 0
234 5.70036506653 111.43202 42.277019 -1.9027456 111.186141916 43.321004606 -1.92206349938 1.07254928923 -1.10683410326 0
237 5.58302783966 110.82393 40.37458 -1.9174412 110.077441843 43.0116599963 -1.91082943131 2.74069981475 0.378826441114 0
240 5.61370897293 110.14399 38.567468 -1.912432 109.4695564 40.4436425297 -1.89278286854 1.99371300518 1.12581230375 0
243 5.59751391411 109.42625 36.696167 -1.9074722 109.216157216 39.0075034481 -1.90891927122 2.32086517369 -0.082911073817 0
246 5.61470389366 108.96452 35.308972 -1.917648 109.414903917 36.2800912846 -1.89588949861 1.07047575274 1.24667029843 0
249 5.64370012283 108.91335 35.330429 -1.9171391 108.199600605 37.9566880785 -1.94338293974 2.7215207047 -1.50366125516 0
252 5.61082291603 108.9585 35.348205 -1.9450374 108.622331508 37.5769533497 -2.00269019009 2.25395839838 -3.30326154918 0
255 5.62215709686 108.97674 35.368834 -2.0165302 109.539136553 37.2384522929 -2.06177318383 1.95237354097 -2.59223202622 0
258 5.6565489769 108.99865 35.397074 -2.0803106 110.294934757 36.615474103 -2.10902769392 1.77900336767 -1.64536828158 0
261 5.58999609947 109.05048 35.474836 -2.159245 109.669338784 37.9887165312 -2.18121599801 2.58893443721 -1.25884545743 0
264 5.61634898186 109.09365 35.518169 -2.2238592 108.950761404 37.3644514734 -2.23709282518 1.85180347835 -0.758230870691 0
267 5.61303591728 109.14301 35.568827 -2.2920109 109.436332974 36.5621940431 -2.28355852659 1.03576853085 0.484285323508 0
270 5.60387396812 109.24021 35.586114 -2.3597618 109.585148878 37.7174730307 -2.33145389165 2.15909104652 1.62192367506 0
273 5.65349316597 109.32691 35.57971 -2.4292889 109.978111706 37.3393750004 -2.38896651409 1.87629543939 2.3103025324 0
276 5.64589500427 109.34422 35.612178 -2.4970016 109.63813878 37.6625308851 -2.45930594843 2.07131243478 2.15980174092 0
279 5.66108989716 109.45255 35.562283 -2.5751384 107.725875855 37.4376952689 -2.49837122119 2.54923023277 4.39843535107 0
282 5.64385986328 109.51035 35.610832 -2.6455993 109.612936173 36.6293044321 -2.58975218413 1.02362591687 3.19980403741 0
285 5.57632303238 109.52669 35.619453 -2.7060079 110.449902671 36.9126986108 -2.61438241282 1.58896376487 5.2497537113 0
288 5.53285813332 109.56751 35.667144 -2.7779359 110.592894025 36.9109566221 -2.66251132418 1.61198084267 6.61334104652 0
291 5.5889518261 109.58407 35.725569 -2.8421247 109.326154279 35.7177080084 -2.78803131348 0.25803549005 3.09932274742 0
294 5.55013203621 109.62066 35.728072 -2.9074408 107.922572855 36.5268782796 -2.80059345159 1.87659037182 6.12190211633 0
297 5.55722999573 108.40689 35.538158 -2.9474042 108.098783273 37.4272468878 -2.8753940482 1.91404978547 4.12587778046 0
300 5.59709811211 106.63579 35.154474 -2.9731605 105.372796645 37.0875051603 -2.83581100192 2.30906077937 7.8695465584 0
303 5.58519291878 104.74277 34.838538 -2.9724974 104.123976754 36.1791988742 -2.89438924286 1.47657599218 4.47526774976 0
306 5.58124494553 102.71686 34.507066 -2.970186 103.051686793 35.6726066157 -2.94074091212 1.21268046417 1.68707926297 0
309 5.57658290863 100.87602 34.149296 -2.9774562 100.783574687 35.74437563 -2.85384376183 1.59775628988 7.08247100223 0
312 5.55407905579 98.917573 33.856952 -2.9648121 98.7897685177 34.8207673343 -2.86662586699 0.972252016905 5.62565675751 0
315 5.59894609451 96.872255 33.519705 -2.9713846 96.0931711105 34.741908244 -2.89186042681 1.44939728043 4.55639949299 0
318 5.57228398323 94.700759 33.157106 -2.9752463 93.7331311884 34.2637609059 -2.88240989328 1.47003015698 5.31913429028 0
321 5.60072612762 92.656194 32.878926 -2.9695623 91.8763104562 34.3730822069 -2.92376452213 1.68544389187 2.62401938278 0
324 5.59846901894 90.628889 32.525228 -2.9736018 90.3705749433 33.5619526646 -2.93798393178 1.06842135047 2.04075352427 0
327 5.5684170723 88.510396 32.191288 -2.9695852 87.2355209645 33.9613423465 -2.93805502515 2.18137542522 1.80654594604 0
330 5.57612085342 87.334812 32.006658 -2.9896435 86.5316022892 32.9946602992 -3.0143074498 1.27330058615 -1.4131402299 0
333 5.6181499958 87.328365 31.983283 -3.0015998 86.6509688076 33.6255065768 -3.02459352349 1.77644698139 -1.31744331111 0
336 5.6127550602 87.328448 32.00285 -3.0442403 86.3898440082 34.2960460547 -3.09241598874 2.47784696837 -2.76026364004 0
339 5.59404611588 87.480424 31.977098 -3.121648 86.8111054224 33.581875245 -3.04551870054 1.73876317087 4.36188755653 0
342 5.58864879608 87.509332 32.088761 3.0972389 86.8729068599 34.4392609504 -3.06881826556 2.4351359255 6.71094817708 0
345 5.59165692329 87.537767 32.004513 3.0032565 86.7240548198 33.7855725978 3.05757691396 1.95813707467 3.11233046154 0
348 5.57640600204 87.588829 31.971963 2.902116 87.0707969882 34.1334336047 3.03626251869 2.22268134029 7.68602935706 0
351 5.6078350544 87.696053 31.883789 2.7788249 86.3436801417 33.6355305847 2.87181235416 2.21303206657 5.32778867113 0
354 5.60753011703 87.777704 31.698119 2.6376296 86.3790582296 32.9215153719 2.81849057163 1.85820038577 10.3625703533 0
357 5.62905192375 87.896098 31.65995 2.4917922 86.1632716754 32.5256830318 2.69240374039 1.93705465938 11.4941945859 0
360 5.59959292412 87.958395 31.594625 2.366513 86.4165138819 33.0736232184 2.46378786505 2.13654700686 5.57343922018 0
363 5.64487886429 87.964094 31.460561 2.2184109 86.3922389084 34.3811867404 2.51740545878 3.31674285176 17.1311263157 0
366 5.57395100594 87.708527 31.831987 2.1125682 85.5034598483 34.1293275078 2.18663515687 3.18435151204 4.24372403013 0
369 5.70474791527 86.721318 33.612273 2.0920166 84.3056656929 36.583026049 2.30167011564 3.82893585041 12.0122616062 0
372 5.58796191216 85.724716 35.405361 2.0873093 84.1256115423 35.9640842704 2.07267759659 1.69390281883 -0.838334852543 0
375 5.64142107964 84.755772 37.248267 2.0862059 83.2617204303 38.7565541583 2.06091135343 2.12299793804 -1.4492707634 0
378 5.6165060997 83.690185 39.149374 2.0868314 82.5561679071 40.6204721822 2.16724561234 1.85745111069 4.60739497969 0
381 5.78929805756 82.666747 40.97523 2.090975 80.9305263645 41.2531888252 2.14522180549 1.75832966292 3.10811300676 0
384 5.61393785477 81.635815 42.877142 2.0910396 80.5574449013 44.068461162 2.12028093111 1.60689869486 1.67540486018 0
387 5.57887983322 80.624097 44.699122 2.0805048 78.9878085445 45.3061510486 2.12801104509 1.74525762439 2.7219073439 0
390 5.59844207764 79.602515 46.546403 2.0762437 78.328183768 47.3462482036 2.11991904543 1.50455057696 2.50241296179 0
393 5.96497511864 78.599692 48.40129 2.0808805 77.4184071385 48.7312493898 2.07080889617 1.22650198651 -0.577060392423 0
396 5.75286102295 77.532669 50.298142 2.0919608 75.660896665 50.9109998822 2.12195111132 1.96954981099 1.71831826516 0
399 5.88149404526 76.53881 52.074716 2.0854653 75.460249669 53.0441089835 2.10511468623 1.45017762505 1.12582690087 0
402 5.89195299149 75.533974 53.92833 2.0838411 74.008784025 54.8206929304 2.09694594176 1.76706424876 0.750852123889 0
405 5.72476196289 74.451304 55.860797 2.0823704 72.1669194494 56.6344077336 2.13280297696 2.41182220372 2.88957380958 0
408 5.69032788277 73.464188 57.689364 2.0801622 71.3322481994 58.4607903927 2.13606960141 2.26721547116 3.20325814434 0
411 5.67489719391 72.461178 59.521835 2.0808323 69.926769921 59.7678942169 2.13251035767 2.54632469435 2.96093459769 0
414 5.74224805832 71.469371 61.42577 2.0898858 69.1211412942 61.5600990905 2.07231935521 2.35206867583 -1.00648314774 0
417 5.60294985771 70.386885 63.322712 2.0827703 67.9034675332 63.589205642 2.11477782838 2.49767515417 1.83389628873 0
420 5.64667010307 69.38246 65.186025 2.0922796 67.2302654361 65.3541151765 2.133698483 2.15874865339 2.37312718818 0
423 5.55268287659 68.400253 67.014087 2.0893798 66.0742964241 67.4713378086 2.12648679961 2.37047512007 2.12607446824 0
426 5.66785693169 67.30799 68.901204 2.089526 64.4285530421 68.333217697 2.1246300034 2.93492174259 2.01131123863 0
429 5.72763109207 66.315197 70.741557 2.0869248 63.6508670959 70.6612799994 2.12666653539 2.66553901394 2.27703370851 0
432 5.77434182167 65.281228 72.464006 2.0745737 62.4280970112 72.7548983244 2.10435409226 2.86792168364 1.7062907888 0
435 5.8902618885 64.283593 74.421326 2.0918621 61.801471797 74.2682119838 2.10847106279 2.48683927267 0.951623469986 0
438 5.62202811241 63.28447 76.191493 2.091939 60.4211273192 75.5613826919 2.10620146815 2.93185441455 0.817179230432 0
441 5.59703707695 62.204887 78.125252 2.0893553 59.1089132462 77.6791373749 2.12216287993 3.12795008645 1.87973586598 0
444 5.62378001213 61.273659 79.948227 2.0960183 58.7196818406 79.8687580844 2.11864847911 2.55521322775 1.29661375262 0
447 5.82863593102 60.19879 81.787566 2.089809 57.4092566381 81.1561364402 2.12295137512 2.86010483481 1.89891821759 0
450 5.98454785347 59.161438 83.629466 2.0974137 56.7900576624 83.8697020804 2.08543276784 2.38351800497 -0.686456847549 0
453 5.72758102417 58.11891 85.485673 2.0964985 55.8782097443 85.853142544 2.07781835282 2.2706324013 -1.07029359404 0
456 5.67406010628 57.036783 87.336936 2.0992423 55.0690999116 87.5769598268 2.09665000463 1.98226844143 -0.148527583866 0
459 5.56345701218 56.357629 88.602308 2.124456 54.8962374229 88.704369137 2.10471934317 1.46495113138 -1.13082713792 0
462 5.55473303795 56.200217 88.720884 2.2094598 55.1864422042 88.4730758527 2.22875716897 1.04362263991 1.10565779749 0
465 5.63385009766 56.199637 89.07416 2.3631742 53.1019746744 87.9617173639 2.34148206602 3.29135845843 -1.24286772576 0
468 5.90378808975 56.109511 89.161307 2.4869631 52.984414368 87.8821095157 2.46449915228 3.37676993042 -1.28708939578 0
471 5.78240084648 56.023191 89.233423 2.608836 52.7979548631 88.6761654919 2.60692075458 3.27302368904 -0.109735479284 0
474 6.12485313416 54.873312 89.789936 2.6823278 51.9108085733 89.4934930932 2.69356591138 2.9772982636 0.64389635185 0
477 5.68455719948 52.997249 90.667048 2.6986067 49.4494819817 89.756206926 2.68797561813 3.66282435812 -0.609116122938 0
480 5.65893888474 51.122563 91.609157 2.7018871 47.5110910655 91.1019549113 2.7307858836 3.64691424253 1.65577833321 0
483 5.83898997307 49.137432 92.566213 2.7007601 47.0502459083 91.6803504876 2.69035662625 2.26739898834 -0.596075138267 0
486 5.99944496155 47.308569 93.452781 2.7003868 44.4260624024 92.2840646464 2.69606593191 3.11042476208 -0.247567505421 0
489 5.94523000717 45.360782 94.336008 2.7008969 42.1095692898 93.4067505196 2.69620458577 3.38140555864 -0.268849801649 0
492 5.74823784828 43.468079 95.251019 2.7064338 40.3765262931 94.0921420324 2.72936530156 3.30161990025 1.3138782572 0
495 5.9081120491 41.590918 96.131677 2.7064065 38.4465392069 95.3286586849 2.72685297525 3.24529758408 1.17149673782 0
498 5.6248049736 39.606214 97.06058 2.704478 36.2589969228 95.7706473865 2.73039323728 3.58716995824 1.4848337211 0
501 5.79638195038 37.718719 97.944153 2.696243 34.9731680761 96.5843222723 2.71430263692 3.06385206621 1.03474097482 0
504 5.64641690254 35.769603 98.891663 2.7044976 32.5011650288 96.5171605946 2.72981180592 4.03991936118 1.45039716112 0
507 5.63655281067 33.862509 99.822852 2.7013631 30.5143451265 97.71606461 2.74192456899 3.95585065827 2.32400098395 0
510 5.60593390465 31.979521 100.73965 2.7066945 28.8882421239 98.9342850806 2.72767052706 3.57985301123 1.20183782152 0
513 5.63714385033 30.015598 101.64307 2.7044148 27.1804777145 100.907307167 2.7132800642 2.92903635681 0.507942223017 0
516 5.60791802406 28.083667 102.5122 2.7038251 25.4269773542 101.945738184 2.7139443021 2.71640918563 0.579787572356 0
519 5.73806190491 26.231599 103.44351 2.6987262 23.2071577209 102.97873369 2.72014011763 3.05994478207 1.22692710294 0
522 5.60418987274 24.326425 104.3449 2.7056645 21.6613312502 104.148946244 2.70404450359 2.67228789047 -0.0928189569987 0
525 5.60475182533 23.072168 104.95788 2.6888385 20.0482164598 104.077706767 2.68756212152 3.14944246449 -0.0731310999139 0
528 5.61207008362 23.059574 104.94595 2.6093304 19.2231172232 104.302079354 2.58153084785 3.89011182474 -1.59279701061 0
531 5.82361483574 23.148655 105.02795 2.4881616 18.5262250566 105.62087896 2.47152230956 4.66030292287 -0.953361116506 0
534 5.63416600227 23.15609 104.97342 2.3614352 18.8360176328 104.289799688 2.35932937573 4.37382692707 -0.120654843172 0
537 5.58534193039 23.189116 104.80794 2.2179164 18.9994163959 104.476459172 2.18495796904 4.20279220417 -1.88837899359 0
540 5.58573794365 23.170444 104.45908 2.0515088 18.8431507532 104.651667982 2.07756231454 4.33157673078 1.49275642465 0
543 5.60287594795 23.203193 104.36781 1.9241471 18.7868208379 103.595233472 1.94084271339 4.48343814128 0.956588183686 0
546 5.73967599869 23.268475 104.40083 1.8086424 19.5409029038 104.118262349 1.81828652524 3.73826673869 0.552567673596 0
549 5.87971186638 23.269141 104.3114 1.6661585 18.4614073897 104.84157583 1.6341359673 4.83687800937 -1.83475597322 0
552 6.01642298698 23.273746 104.22596 1.531085 19.4905656017 104.933944318 1.53847875115 3.84885641729 0.423630735568 0
555 6.0657749176 23.201513 103.9692 1.3630267 19.5598357863 105.667737963 1.42656480077 4.01831359404 3.64046501258 0
558 6.6932079792 23.573375 105.47089 1.3112874 20.0173364892 105.598435606 1.36427360862 3.55832513581 3.03588612627 0
561 5.88758802414 24.091257 107.45193 1.3021436 18.9858486523 107.269557831 1.33252652436 5.1086646009 1.74081333487 0
564 5.85174798965 24.69734 109.54228 1.2971878 20.4331437713 108.732664633 1.26294239627 4.3403740068 -1.96211710152 0
567 5.8390519619 25.24514 111.62222 1.291934 21.2546252781 111.285712664 1.27726496743 4.00467788126 -0.840473655833 0
570 5.83932709694 25.838263 113.71051 1.2925571 22.0222945287 113.763422411 1.28256955185 3.81633529675 -0.572244356758 0
573 5.72477197647 26.485855 115.66064 1.2984976 22.3788584333 115.960542386 1.3015118984 4.11793179158 0.172706576451 0
576 5.74107909203 26.666562 116.70228 1.2516028 22.3733250651 116.87865967 1.27170464571 4.29685852307 1.15175091949 0
579 5.80583190918 26.671044 116.66524 1.1445574 22.9214937142 116.116801773 1.18243338169 3.7894474312 2.17013389571 0
582 5.75457000732 26.68282 116.71548 1.0360889 23.2517616961 116.423467312 1.00585700276 3.443462283 -1.7321601188 0
585 5.77651810646 26.598988 116.54426 0.86252405 22.8714526532 115.531634112 0.898743105566 3.86263264496 2.07519902186 0
588 5.79407906532 26.490987 116.49462 0.72378221 22.5540281748 115.891351665 0.75547490979 3.98291067885 1.81585793933 0
591 5.82776808739 26.414554 116.44154 0.58967497 21.1761806767 116.690369736 0.590772933641 5.24427986591 0.0629086826986 0
594 5.90021109581 26.30131 116.37003 0.43724496 21.5246351993 116.075760522 0.48325389342 4.78573052701 2.63611770487 0
597 5.97554302216 26.176025 116.35464 0.31453037 21.5272406177 115.982404909 0.350542595809 4.66366328075 2.06334854974 0
600 6.11381697655 26.088883 116.46581 0.14702743 21.9043494187 116.384470908 0.200929006932 4.18532404253 3.08833286728 0
603 6.04571914673 25.977812 116.45377 0.019989929 22.6598999789 115.686242582 0.0977896617405 3.40553057786 4.45759633328 0
606 5.88918590546 25.890585 116.45549 -0.11586106 21.5985378986 116.39763939 -0.0742068096966 4.29243695512 2.38661274117 0
609 6.06152009964 27.617035 116.21759 -0.13548047 24.6502999671 116.662356644 -0.107881359999 2.99988901844 1.58131252139 0
612 6.49476599693 29.732468 115.90829 -0.14344069 27.1258389789 115.238348238 -0.111888940776 2.69134479739 1.80778206677 0
615 5.67863702774 31.744289 115.6014 -0.14068963 28.0448658787 115.363436893 -0.149572610377 3.70706863582 -0.508957285115 0
618 5.59392309189 33.87565 115.27561 -0.13567301 30.1296248971 115.152476221 -0.120050388869 3.74804829199 0.895110255758 0
621 5.58762097359 35.936054 114.9269 -0.14240112 32.8260459734 114.966674643 -0.103075029299 3.11026235991 2.25321902189 0
624 5.56426596642 38.113735 114.67885 -0.14674677 34.7884605733 114.47993002 -0.116102670469 3.33121887168 1.75577757008 0
627 5.81148386002 40.163768 114.30534 -0.14012204 36.5705503306 114.563831592 -0.117015225595 3.60250345215 1.32392294339 0
630 5.54901194572 42.346763 113.98058 -0.16006212 38.897580717 114.391937262 -0.0796000016259 3.47362537107 4.61013979352 0
633 5.54135298729 44.341947 113.67079 -0.15507802 41.1060182374 114.380966938 -0.0970233984078 3.31294223315 3.32628479846 0
636 5.58099603653 46.544067 113.30502 -0.15009707 42.8406125308 114.787373937 -0.076467204498 3.9891036837 4.21868053938 0
639 5.61291217804 48.557097 112.97025 -0.14631805 44.9982236754 114.270177165 -0.0802742632955 3.78885074576 3.78403024123 0
642 5.59187602997 50.586062 112.64729 -0.14866611 47.7878043024 114.513927649 -0.0908918860797 3.36371554299 3.31021919528 0
645 5.71902513504 52.747394 112.3225 -0.14488479 49.9021384338 114.160662938 -0.0540129771681 3.38737689433 5.20657135197 0
648 5.76973795891 54.919709 111.95097 -0.14565598 51.6638182281 114.367001194 -0.0698255634215 4.05438422567 4.34476282867 0
651 5.56279397011 56.9199 111.70562 -0.14317608 53.8975408671 113.456094811 -0.0706492993985 3.49268045938 4.15547843014 0
654 5.59925198555 58.963864 111.32719 -0.14485493 56.7045201705 113.88493903 -0.0300905235416 3.41272832778 6.57551612839 0
657 5.56599903107 61.070196 111.0267 -0.15209978 57.6724753847 112.04421805 -0.12234256146 3.54680819344 1.70496303238 0
660 5.67171096802 63.25691 110.67843 -0.1447313 59.8899107299 111.861331406 -0.116481230289 3.56874485239 1.61860976539 0
663 5.5586130619 65.338645 110.4192 -0.14848438 61.3009228635 111.593036913 -0.123119115954 4.20488919605 1.45332257605 0
666 5.57567596436 67.412523 110.08404 -0.1445869 63.5922883114 111.231164906 -0.105083518679 3.98874524449 2.2633770262 0
669 5.5613899231 69.507235 109.73429 -0.15139682 66.2194063691 111.529034241 -0.119025348747 3.74578750039 1.85474867942 0
672 5.54810905457 71.647859 109.39116 -0.14906575 68.3208822511 110.921610117 -0.0923642940253 3.66211029968 3.2487541196 0
675 5.57422804832 73.702975 109.06139 -0.1559357 69.7375904757 111.286641916 -0.0882352592777 4.54708923543 3.87894952456 0
678 5.58071899414 75.754203 108.72815 -0.15045699 72.0680667084 109.609456174 -0.110386376813 3.79002656089 2.2958770181 0
681 5.61681485176 77.860742 108.43703 -0.15243836 74.3971576005 109.762980591 -0.157228370083 3.70871431381 -0.274447361587 0
684 5.89125108719 79.97813 108.08555 -0.15170568 76.0160620476 108.918363031 -0.13967100806 4.04864915797 0.689535909977 0
687 6.24983906746 82.120618 107.73965 -0.14888428 77.8417259036 108.773034353 -0.137435373912 4.40190876701 0.655973998892 0
690 5.88129496574 84.192494 107.42985 -0.14593359 80.8154578734 108.050025071 -0.132578539475 3.43350988334 0.765188030253 0
693 5.63792181015 86.28045 107.15458 -0.15823172 82.1908270592 108.724315379 -0.126758348592 4.38053478006 1.80329134871 0
696 5.82169604301 88.385341 106.75858 -0.15035877 84.7680912613 108.744674258 -0.126267043637 4.12662889939 1.3803542418 0
699 5.97614192963 90.512184 106.42958 -0.15443508 87.2359757071 108.57207132 -0.106219029674 3.91456381155 2.76257618846 0
702 6.0252199173 92.541412 106.11165 -0.15857271 89.2654583383 108.06746707 -0.102523662137 3.81537584079 3.21137388828 0
705 5.57469010353 94.624435 105.7799 -0.14991569 91.4448038763 107.645779968 -0.108665433245 3.68667358734 2.36346561591 0
708 5.77030301094 96.812614 105.41142 -0.16008539 93.7067230658 107.252907408 -0.124994892375 3.61076645177 2.01053741494 0
711 5.68961405754 98.833392 105.05687 -0.15857643 94.9569983517 106.862906035 -0.137446549051 4.27646979119 1.21065299999 0
714 5.84899902344 100.9283 104.72764 -0.15390186 96.8126772181 107.060365078 -0.138461509285 4.73074594252 0.884666930185 0
717 5.8782851696 103.02648 104.38009 -0.15580909 98.9198050491 106.807736744 -0.130376851954 4.77056053981 1.4571599036 0
720 6.26544499397 103.56436 104.3046 -0.21764658 99.4741987546 106.613829661 -0.194345645039 4.69701614219 1.33504523199 0
723 5.68687415123 103.46604 104.39779 -0.32798619 99.213321611 106.686202538 -0.303416560758 4.82933180047 1.40773605977 0
726 5.76532888412 103.43166 104.43448 -0.46455789 99.7278507706 107.174483811 -0.431685147915 4.60714919375 1.88346938247 0
729 5.89088988304 103.35806 104.51276 -0.60050128 98.6360860417 105.993025648 -0.57804959452 4.94855781523 1.28638682094 0
732 5.74672698975 103.30537 104.5712 -0.75278089 100.636219999 106.449585722 -0.633988819708 3.26384660277 6.80628426735 0
735 5.79178595543 103.24477 104.73622 -0.88717849 100.417125687 107.089825249 -0.815257946813 3.67899850838 4.12074358493 0
738 5.85549807549 103.11543 104.83266 -1.0218313 100.292482399 106.134769772 -0.896574932846 3.10878159685 7.17666119504 0
741 5.68106389046 103.3336 104.43355 -1.1359167 99.9559402097 106.508935499 -1.07575179833 3.96431717075 3.44719494035 0
744 5.99464797974 104.18264 102.5184 -1.1499809 101.668004097 104.449537232 -1.05371291675 3.17059690533 5.51574914241 0
747 5.93880486488 105.02068 100.61649 -1.1544373 102.46586951 103.502713864 -1.08306198854 3.85452264676 4.08950410792 0
750 5.60064911842 105.97315 98.645528 -1.1675657 104.240370958 101.495232765 -1.06313944103 3.33516723066 5.98318390948 0
753 5.88890218735 106.66644 96.709247 -1.154133 104.845361771 99.1104777242 -1.06892762677 3.01367465168 4.88190827772 0
756 5.98810791969 107.65453 94.805864 -1.1707179 104.95848379 96.8349097454 -1.10085684828 3.3742690771 4.00274341569 0
759 5.87544393539 108.36584 92.821603 -1.1639211 106.19714094 95.1674106756 -1.10197524729 3.19469392361 3.54923591845 0
762 5.77518415451 109.18739 90.932737 -1.1605274 107.059417884 92.3917843805 -1.11759448127 2.58013266811 2.45987504535 0
765 5.60500097275 110.00551 88.971931 -1.1631703 108.487361621 90.6276792672 -1.13678757314 2.24639195684 1.51161890101 0
768 5.68076610565 110.83946 87.051439 -1.1600004 109.13113237 88.9349847961 -1.12906941936 2.54285824556 1.77221464713 0
771 5.62327885628 111.68317 85.129972 -1.1502451 110.146709137 87.2626557956 -1.10947938923 2.62850759091 2.33570317579 0
774 5.5468249321 112.49307 83.177328 -1.1488654 111.319197866 86.2521733274 -1.09859837272 3.29129907091 2.88008851174 0
777 5.84384489059 113.40329 81.226755 -1.149046 112.085081972 83.3669962386 -1.11227854862 2.51362387099 2.10661978761 0
780 5.69712996483 114.20236 79.347389 -1.1522317 111.692087065 82.2059501734 -1.14714541016 3.80431888664 0.291422941365 0
783 5.58828091621 115.10134 77.33273 -1.146946 113.341153296 80.2710925073 -1.1270608906 3.42523451135 1.13933284357 0
786 5.56121897697 115.87569 75.433999 -1.1405871 114.100180251 78.312752867 -1.12383427444 3.38225645006 0.959866199635 0
789 5.62817502022 116.74641 73.521868 -1.1514597 114.325694295 76.1703256916 -1.12720420926 3.58806252269 1.38973724967 0
792 5.61429905891 117.66191 71.592443 -1.1472421 115.516443949 74.3714599621 -1.13363257369 3.51083463718 0.779768418758 0
795 5.63904905319 118.47567 69.543126 -1.1411103 117.011329453 71.6684641697 -1.13186491572 2.58096020356 0.529721498939 0
798 5.58747601509 119.32773 67.660396 -1.1493947 117.674428475 70.3563996306 -1.13815346749 3.16256881466 0.644075179195 0
801 5.85318493843 120.23613 65.736718 -1.1477983 119.286686711 68.6034775847 -1.11113766258 3.01989289136 2.10049979846 0
804 5.7641248703 121.05504 63.851108 -1.1435448 120.062683937 66.6372307809 -1.10671217922 2.95757513945 2.11035371912 0
807 5.6893658638 121.9387 61.889647 -1.1416966 120.124423169 63.9237863159 -1.12764497511 2.72567848012 0.805098801736 0
810 7.81321907043 122.75206 59.947854 -1.134592 121.433770804 62.1639159347 -1.12262686577 2.57852998887 0.685551692867 0
813 6.42045903206 123.61313 58.017737 -1.1345099 122.241696873 61.6142266683 -1.109200276 3.84909947344 1.45013463625 0
816 5.87361502647 124.50226 56.14403 -1.1250591 122.868664275 59.4503552531 -1.12129127984 3.68787495343 0.215880192969 0
819 5.71952795982 125.37031 54.195354 -1.1346431 123.994432815 58.0921885478 -1.13178406246 4.1325969463 0.163810784448 0
822 5.6954600811 126.19009 52.293812 -1.120627 124.908273994 55.7254416716 -1.11614316997 3.66321368158 0.256904536643 0
825 5.60761404037 127.09539 50.434417 -1.1252352 125.829038967 54.186973267 -1.10075999193 3.96047010791 1.40232612509 0
828 5.72195696831 127.94916 48.435924 -1.125081 126.824215286 51.5655728481 -1.10979000875 3.32568827798 0.876109263378 0
831 5.720952034 128.83417 46.49897 -1.1135569 127.285782583 49.1807128074 -1.11382217188 3.09665110703 -0.0151989590941 0
834 5.65091919899 129.69028 44.561049 -1.1141866 127.870618908 47.5160188233 -1.1445803753 3.47030447462 -1.74143504808 0
837 5.72108602524 130.6504 42.689185 -1.1179531 128.546485787 45.866444686 -1.11681836538 3.81069995221 0.0650155047419 0
840 5.72724914551 131.56218 40.752166 -1.1133477 130.548880991 43.0317445596 -1.12487748097 2.49464492272 -0.660607788353 0
843 5.57920098305 131.80181 39.159633 -1.0655485 131.325777605 42.6678429255 -1.07556773769 3.54035926455 -0.574060033541 0
846 5.86348390579 89.526265 39.287264 -0.26055386 132.642041188 40.6527815957 -1.07040050382 43.1373943883 -46.4007947435 0
849 5.74970412254 49.129117 22.860079 0.57174269 134.173521295 40.196584933 -1.07713516559 86.7934625413 -94.4737420579 0
852 5.64203906059 45.693587 19.436118 1.0035584 134.88836935 39.0375364966 -1.04052741637 91.3231887613 -117.11749024 0
855 5.62416505814 46.841947 21.209275 1.0214136 64.1706761865 105.334808322 -2.87831812942 85.8917354112 136.561830671 0
858 5.61295294762 48.00008 22.972907 1.0079248 63.8433000586 105.866049423 -0.0886512778298 84.3936056977 -62.8291811747 0
861 5.79497981071 49.170996 24.731115 1.014741 64.7230185193 105.690817025 0.303429079243 82.4399099731 -40.7551709767 0
864 5.58034110069 50.349541 26.532036 1.0144485 61.8478645513 103.635248912 -2.67794488168 77.9558649871 148.441442928 0
867 5.58038902283 51.518278 28.351001 1.0069992 116.510201729 55.7128135337 -1.65131629772 70.5167989572 -152.310258633 0
870 5.63058304787 52.642563 30.101924 1.0170679 65.1027536118 97.6365168702 -0.798349223948 68.6744318085 -104.015739258 0
873 5.74989080429 53.80357 31.912095 1.0183648 57.7929316344 101.874068501 -2.56780707457 70.0756215986 154.527486979 0
876 5.73351812363 54.946688 33.671099 1.0064723 86.0761456215 129.969209755 -0.316163669214 101.204591135 -75.7814588682 0
879 5.67224001884 56.161659 35.476636 1.0152563 34.9188367666 104.169040476 1.06595215641 71.9020439845 2.90465861109 0
882 5.81082296371 57.333476 37.252395 1.017552 17.9497024655 48.4154390975 1.75250408512 40.935255848 42.1096526217 0
885 5.63105988503 58.434052 39.044555 1.0099164 35.3434714009 108.085293263 1.60178855796 72.7997146443 33.9117766627 0
888 5.61596703529 59.558673 40.733157 1.0155176 37.0245458653 109.941823043 1.59201621925 72.7847947115 33.0309377784 0
891 5.67016506195 60.829575 42.673596 1.0256616 89.4522007282 71.7572414002 2.15063565239 40.8057977907 64.4562652638 0
894 5.64291596413 61.938983 44.298725 1.0235902 83.6382325706 93.5305585536 -2.56139960786 53.8017738274 154.595214412 0
897 5.56890702248 63.08776 46.123861 1.0214801 132.536026642 46.1188881409 -0.576910406852 69.4482668203 -91.5810300564 0
900 5.68062210083 64.233274 47.872937 1.026201 61.2759569746 49.6892538086 0.935128951752 3.47055193562 -5.21804399621 0
903 6.05655097961 65.367062 49.701179 1.0288308 63.7566637536 51.3010609295 1.1604553073 2.27002306158 7.541528749 0
906 5.62678194046 66.47055 51.411163 1.0247772 63.2606227425 50.7145644661 0.998048473645 3.28464343814 -1.53144321189 0
909 5.63529920578 67.601685 53.206336 1.0345375 65.1065889039 53.8994642323 0.939838363862 2.58958129341 -5.42586082421 0
912 5.73089694977 68.713633 54.989386 1.0321621 66.0638754645 54.5927833658 1.058057749 2.67927390286 1.48371139573 0
915 5.66511893272 69.889939 56.860516 1.0335194 67.7867501867 57.4697517389 0.939626585607 2.18965096986 -5.37966199133 0
918 5.5674200058 70.97178 58.665246 1.0279054 67.5317804453 60.0333835403 0.961365938215 3.70208012684 -3.81243033136 0
921 5.61075615883 72.083269 60.388926 1.0348295 69.4647423852 61.0320895992 1.0026468942 2.69635699555 -1.84392748589 0
924 5.59747600555 73.21006 62.180545 1.0389104 70.9075847729 62.3851112996 0.966772780867 2.31154483889 -4.13318112045 0
927 5.72604489326 74.211219 63.966291 1.0279221 71.0991767509 64.9760015355 0.990783037241 3.27174606681 -2.12791155116 0
930 5.77763199806 75.394113 65.876292 1.0355825 72.8784399044 66.9235069415 1.00110825131 2.72493490893 -1.97522895194 0
933 5.51263189316 76.475569 67.55587 1.0353462 73.7823169676 69.193986749 0.959678383236 3.15230598026 -4.33544654556 0
936 5.59552788734 77.652303 69.425792 1.0395167 74.4371682843 70.6205529447 1.00505188411 3.42994824375 -1.97468849211 0
939 5.79536604881 78.72098 71.209083 1.0347632 75.6137743238 71.8726152689 1.0024994448 3.17726331705 -1.84857700401 0
942 5.95308494568 79.923618 73.070281 1.0406815 77.9912337915 74.7292136776 0.990209686518 2.54679531141 -2.89182189691 0
945 5.7123670578 80.886825 74.813727 1.0240856 78.8796278683 76.4958247472 0.95122472972 2.61883431254 -4.17462035868 0
948 5.69844985008 82.003807 76.66259 1.0354781 79.8055037433 77.6212671316 0.986958720313 2.39824916368 -2.77995568064 0
951 5.56947803497 83.149971 78.458347 1.0359732 81.3684365078 79.2378942904 0.968251816994 1.94462313185 -3.88014942903 0
954 5.54238677025 84.209192 80.07724 1.046865 82.3556664653 80.8709022234 1.00018335241 2.01629775392 -2.67466138735 0
957 5.63554811478 84.421821 80.346791 1.1291589 81.8409402496 80.9695933186 1.07079881011 2.65496293306 -3.3437868429 0
960 5.64861321449 84.549549 80.462185 1.2384433 81.8416388735 80.2199184787 1.18467227459 2.7187258634 -3.08085281616 0
963 5.86943292618 84.477315 80.645515 1.377415 81.8318081949 80.7946516982 1.31491673592 2.64970715564 -3.58088675871 0
966 6.15401387215 84.491575 80.745704 1.5042297 82.4071651396 80.3957145044 1.44242836646 2.11358868121 -3.54095558033 0
969 6.03962612152 84.58151 81.604236 1.6242617 80.9973349335 80.4028012059 1.55786693558 3.78017942324 -3.80413978291 0
972 5.71390199661 84.52138 83.606555 1.6450761 81.6702684251 82.7948344694 1.62166335382 2.96441013229 -1.34145154286 0
975 5.92284083366 84.450105 85.633891 1.6510189 80.9829979342 86.6153773371 1.61178383167 3.60335216647 -2.24800382424 0
978 5.68087410927 84.288283 87.799076 1.6553182 81.4880761857 88.5659296975 1.6077764728 2.90331238347 -2.72394031948 0
981 6.33851695061 84.219899 89.940013 1.6574582 80.8459669012 90.31277139 1.59259976887 3.39446116854 -3.7161143695 0
984 6.05390691757 84.085061 91.960688 1.6559816 80.8286324915 92.9271697233 1.6368713102 3.39682403905 -1.09493895077 0
987 5.76496696472 83.972707 94.061302 1.6546883 80.4032232229 95.1793788676 1.65753711106 3.74049599877 0.16322485055 0
990 5.60114908218 83.850194 96.236204 1.650278 79.819732212 96.6127137009 1.63418639019 4.04800960708 -0.921981327833 0
993 5.76643514633 83.742141 98.372522 1.653672 79.6919628891 99.1436221904 1.65638699969 4.12292835659 0.155558023385 0
996 5.9869761467 83.558608 100.37046 1.6603574 79.9146447891 100.719305774 1.63081017641 3.66062306943 -1.69293120814 0
999 6.51889920235 83.448658 102.54165 1.6520527 79.5301998479 102.552068359 1.64784758263 3.91847200218 -0.240935477805 0
1002 5.64795303345 83.308795 104.69204 1.6576029 79.8804363727 104.75027032 1.63352455793 3.42885310966 -1.3795873781 0
1005 5.68787407875 83.194681 106.76107 1.661421 79.1268439369 107.719999702 1.68081808626 4.17933541924 1.11137117755 0
1008 5.59888601303 83.066158 108.84686 1.6653468 78.7759919868 109.394752537 1.67899693746 4.32500990197 0.782095266391 0
1011 5.80455803871 82.920912 111.09751 1.6564676 78.9056982453 111.408582074 1.6771117404 4.02724562582 1.1828221164 0
1014 6.13677120209 82.798446 113.12029 1.6519674 78.3409491632 113.698429586 1.65040849974 4.49483297025 -0.0893184054613 0
1017 7.31378602982 82.725101 115.25424 1.6521864 78.3369875771 116.595673965 1.64371870857 4.58857107332 -0.485162981363 0
1020 5.61976194382 82.605874 115.888 1.7134215 79.2193321789 117.399101629 1.72133501212 3.70838153902 0.453410845457 0
1023 5.60463690758 82.650086 115.98425 1.8265292 78.3450678008 117.087115654 1.81654005317 4.44404031779 -0.572335954273 0
1026 5.56474494934 82.697137 116.16336 1.9516157 78.3936756076 116.802781341 1.96509445368 4.35070564477 0.772275698714 0
1029 5.59205198288 82.611261 116.28116 2.0730733 78.4156496764 117.127018022 2.08532556517 4.28002688922 0.702003083991 0
1032 5.53524589539 82.517518 116.45008 2.1971216 78.2589555867 116.878004044 2.21447136428 4.28000850651 0.994068268552 0
1035 5.54759907722 82.418538 116.4581 2.3123831 78.4339177883 116.453964491 2.39117246007 3.98462235776 4.51429780271 0
1038 5.65560007095 82.414024 116.83182 2.4679277 78.7945646629 115.714256762 2.49941435402 3.7880646092 1.80405238653 0
1041 6.69802904129 82.282962 116.94587 2.5874118 78.1061203934 117.955022342 2.60670939342 4.29702155623 1.10567065771 0
1044 5.67713308334 82.208722 116.96752 2.707272 78.8437412367 116.498495821 2.79028670006 3.39751073845 4.75639195086 0
1047 6.05865812302 82.043289 117.20312 2.8493508 78.4944531455 117.770365557 2.89427984871 3.59388417224 2.57424486863 0
1050 5.59113788605 81.832352 117.28824 2.9891727 78.2966194861 117.496317688 3.00377067603 3.54184990289 0.836402415996 0
1053 5.59853410721 81.142386 117.29523 3.0875315 76.8838040036 117.067999663 3.09794253772 4.26463999015 0.596508521704 0
1056 5.65231394768 79.131234 117.37152 3.1037602 76.1301693856 116.5463453 -3.10484996579 3.11244310872 4.27284085821 0
1059 5.68362903595 77.094643 117.50841 3.1079346 74.5255173974 116.323780056 -3.11014005366 2.82909074925 3.73056564821 0
1062 5.59119391441 74.899205 117.59033 3.115912 71.8284567501 117.224208495 -3.10893625371 3.09249733562 3.34246695292 0
1065 5.60118484497 72.824078 117.69503 3.116944 69.8595257518 116.491059971 3.13444102058 3.19970527757 1.0025054332 0
1068 5.97508811951 70.711208 117.83017 3.1174699 67.8743236158 116.678900588 3.13199484682 3.06159015354 0.832218150392 0
1071 5.6526889801 68.550781 117.88294 3.1169773 65.6149960973 117.238921282 -3.11433504294 3.00559363583 2.97210192186 0
1074 5.73767209053 66.454241 117.99143 3.11617 63.8175957577 116.923636744 3.12572391834 2.84465825225 0.547399198889 0
1077 5.66446995735 64.352032 118.06903 3.1139299 60.568422706 117.872287164 -3.14092556602 3.78872102867 1.62318033244 0
1080 5.56602597237 62.204954 118.16997 3.1178991 59.3753548658 117.433397783 3.12467136125 2.92389635433 0.388021987114 0
1083 5.72204589844 60.134729 118.2293 3.1166836 56.9584756142 117.456837633 -3.13789522821 3.26883521753 1.63903051182 0
1086 5.64221096039 58.034017 118.36643 3.1239361 54.8318760461 117.029582493 3.12117755631 3.46999538141 -0.158052911179 0
1089 5.62808895111 55.858025 118.47896 3.1251128 52.6446603086 117.195259151 3.13531659719 3.46028907885 0.584634513956 0
1092 5.63460993767 53.766425 118.55 3.1243401 50.2827803046 116.859854938 -3.10082134962 3.87199828191 3.32452214942 0
1095 5.5738940239 51.628528 118.603 3.1187628 47.7753628195 117.088512249 -3.13119610915 4.14011534348 1.90373237562 0
1098 5.59450507164 49.494235 118.64783 3.1200968 47.4566938278 117.076167024 3.12696314383 2.57326612243 0.393412522206 0
1101 5.54531693459 47.379245 118.80828 3.1260538 45.4303971634 117.497580914 3.12699597727 2.3486038374 0.0539827810486 0
1104 5.66578102112 45.313934 118.87713 3.1250737 42.4109631756 117.258798237 3.13236513236 3.32358801627 0.417768300648 0
1107 5.55745911598 43.229975 118.9845 3.131291 41.3891316962 117.413067755 -3.12587231313 2.42035191048 1.49095043359 0
1110 5.57315015793 41.038059 119.03542 3.1300111 38.7630281671 117.242061073 -3.12726094022 2.89687789389 1.48472083 0
1113 5.55952215195 38.877743 119.09254 3.1262084 36.19730925 118.096379094 3.10592737747 2.8595561963 -1.16201699522 0
1116 5.55650305748 36.866989 119.17866 3.1252668 33.5166063901 118.47460067 3.07859436949 3.42356001461 -2.67413328756 0
1119 5.58849906921 34.67231 119.25843 3.1314701 31.8625387067 118.565846886 3.06925340278 2.89387043435 -3.56475416588 0
1122 5.68838095665 32.567479 119.34722 3.1353596 31.1908794204 118.728043364 3.06838677964 1.50943900461 -3.83725994875 0
1125 5.59447193146 30.502201 119.36971 3.1349527 27.5564331238 117.815274874 3.12246491247 3.33073819782 -0.715497521091 0
1128 5.5481171608 29.15421 119.31018 -3.13185 26.6428572227 117.548473456 -3.12234090645 3.06765426961 0.544830927318 0
1131 5.70441794395 28.938717 119.39146 -3.028318 26.6279873759 117.332253894 -3.02103103071 3.0951253908 0.417512585736 0
1134 5.72972106934 28.80706 119.32785 -2.9089456 26.5479022767 117.503817591 -2.87846507438 2.90359911964 1.74640547563 0
1137 5.66196203232 28.607415 119.34948 -2.7753086 26.0690670719 117.745258562 -2.76554503396 3.00278814183 0.559411127366 0
1140 5.62605214119 28.309413 119.3977 -2.6319404 26.1455383408 117.554872315 -2.63043934209 2.84224689598 0.0860042830577 0
1143 5.59485602379 28.176965 119.31562 -2.5155106 26.3822719928 118.055920122 -2.50827928995 2.19266202881 0.414323546368 0
1146 5.58683085442 28.13257 119.1422 -2.3876282 26.0637772511 117.686259325 -2.35801565877 2.52975625029 1.69667363318 0
1149 5.76149201393 28.071656 119.10664 -2.2643471 25.7960123627 118.318914424 -2.24487888309 2.40812490282 1.11544666377 0
1152 5.598747015 27.847582 119.05477 -2.1225081 25.1803295947 118.784845968 -2.12271328308 2.68087567349 -0.0117561246164 0
1155 5.60668611526 27.651134 118.95518 -2.0012288 25.6862974182 118.273011951 -2.07077960251 2.07988846813 -3.98496744556 0
1158 5.67242217064 27.585975 118.8068 -1.8653126 24.1480521535 119.442938916 -1.81056680984 3.49628177048 3.13670272251 0
1161 5.62985706329 27.545652 118.66047 -1.7395281 26.938157105 118.510908155 -1.8107410108 0.625634712015 -4.08019923543 0
1164 5.61298298836 27.426878 118.54472 -1.6078392 26.3781746083 118.17872916 -1.54669853566 1.11073313584 3.50310202339 0
1167 5.63466095924 27.408113 118.27266 -1.4907581 25.420600134 116.607314999 -1.47114128747 2.59298695818 1.12396056522 0
1170 5.69243693352 27.619078 117.43976 -1.368489 26.6826624138 116.697206885 -1.40369656696 1.1950980205 -2.01724499377 0
1173 5.68408083916 28.00462 115.50954 -1.3464267 26.5180868494 116.511737181 -1.31776454178 1.79281343059 1.64222069753 0
1176 5.77822208405 28.352772 113.43776 -1.3439724 26.1235667734 112.925772726 -1.30524777293 2.28724439251 2.21875769436 0
1179 5.57512497902 28.777386 111.37552 -1.3470791 26.1392391899 110.80598803 -1.40439994519 2.69892298076 -3.28424250723 0
1182 5.59315991402 29.292879 109.18718 -1.3487141 26.7385748661 110.134140037 -1.43246390164 2.72418848841 -4.79851016909 0
1185 5.60618805885 29.664866 107.14961 -1.3582731 26.3697786667 107.650635546 -1.39671888111 3.33296071565 -2.20278099771 0
1188 5.70259213448 30.155372 105.1583 -1.3627181 26.7426734552 105.214540374 -1.45265151173 3.41316192665 -5.15280492917 0
1191 5.63573002815 30.584999 103.08809 -1.3538609 27.6929579024 103.876734182 -1.41844960582 2.9976426333 -3.70066024762 0
1194 5.71969079971 30.932942 101.04272 -1.3388863 27.8665385803 100.763265568 -1.39120938139 3.07911102621 -2.99789173459 0
1197 5.58944487572 31.46397 98.886394 -1.3633561 29.4422619719 98.9933810065 -1.41944967523 2.024536878 -3.21392511833 0
1200 5.59141898155 31.761459 96.890841 -1.3338862 28.5037178347 96.9782053373 -1.36447638184 3.25891239945 -1.75268831409 0
1203 5.57968211174 32.148779 94.808879 -1.340085 30.4628656871 93.9752694778 -1.34538148553 1.88074680228 -0.303466266917 0
1206 5.56415104866 32.63242 92.742465 -1.3409888 31.197679729 92.9675631181 -1.34211241229 1.45229088271 -0.0643782419961 0
1209 5.56032180786 33.223163 90.635151 -1.3443959 31.1489324215 90.3242578049 -1.35516157584 2.09740007425 -0.616827789502 0
1212 5.81760692596 33.480467 88.544154 -1.3400822 31.74778477 89.3197540131 -1.33045448682 1.89835273077 0.551627331826 0
1215 5.62447404861 33.996344 86.523674 -1.3537744 32.1937485373 86.6030295882 -1.33339405943 1.80434135114 1.16770749954 0
1218 5.71340298653 34.391099 84.502242 -1.3500462 32.4464351816 84.2652586357 -1.35640639617 1.959050403 -0.364412397223 0
1221 5.66394400597 34.871654 82.311763 -1.3462417 32.5062540637 82.7553685021 -1.37501160032 2.40663721819 -1.64839386536 0
1224 5.64780211449 35.319079 80.358924 -1.358939 33.8502059473 80.6392696597 -1.32885626456 1.4953868175 1.72361377673 0
1227 5.60194778442 35.776446 78.250756 -1.3606991 34.3698890056 77.950525792 -1.33618690068 1.43824224533 1.4044455675 0
1230 5.68715405464 36.167733 76.160289 -1.3496683 34.6832275577 77.0533374547 -1.3513526888 1.73242372145 -0.0965083695725 0
1233 6.07163619995 36.593873 74.026216 -1.3452321 34.9310023135 74.6985687703 -1.35899300137 1.79365469584 -0.788441570846 0
1236 5.6625649929 37.096668 72.068535 -1.358637 35.2949859205 71.7172415951 -1.37585199718 1.83561035401 -0.986346683024 0
1239 5.68485999107 37.456761 70.030489 -1.3570922 35.3724721148 69.2795145845 -1.37730321805 2.21545090887 -1.15800603398 0
1242 5.77497005463 37.942935 67.912468 -1.3598503 36.0939447946 68.0891075233 -1.38489616554 1.85740849061 -1.43502238959 0
1245 5.60387206078 38.381728 65.750541 -1.3597279 37.5557972707 65.5196040399 -1.36494538186 0.857609147024 -0.298939690516 0
1248 5.65139889717 38.78715 63.709446 -1.3638712 37.3385724647 62.8971923873 -1.34158757987 1.6607627185 1.27675738556 0
1251 5.58352708817 39.284372 61.704874 -1.358189 37.5218425703 62.1815388132 -1.350849729 1.82584756614 0.420509253261 0
1254 5.58446311951 39.616785 59.610797 -1.3616912 38.6049407632 59.0279875576 -1.36971213677 1.16768814574 -0.459565824806 0
1257 5.59375190735 40.0981 57.483375 -1.3627524 38.620853774 58.2177777044 -1.35700491158 1.64972838509 0.329306829541 0
1260 5.58201003075 40.478176 55.366289 -1.371191 39.5706693489 56.1664639134 -1.32213353784 1.20989595166 2.81078553561 0
1263 5.58504700661 40.927924 53.368372 -1.3697355 39.9019568893 53.9206350259 -1.32912040999 1.16516220416 2.32707324205 0
1266 5.53439593315 41.311773 51.24524 -1.3687118 40.6279160063 51.5248116629 -1.34811455695 0.738796793843 1.18013509652 0
1269 5.54621887207 41.752813 49.127024 -1.3690442 40.6056178147 50.7033028931 -1.32825578454 1.94954146969 2.33700405885 0
1272 5.55699706078 42.124468 46.999249 -1.3746445 41.5179940039 47.7762909758 -1.3406583017 0.985700228319 1.94726572404 0
1275 5.55533909798 42.489069 45.000812 -1.3756167 42.3951115211 46.1421866824 -1.35858275321 1.14523542273 0.975973259273 0
1278 5.57156515121 42.919623 42.847052 -1.3693623 41.8880016828 44.125272641 -1.38459484667 1.64258654241 -0.872760635553 0
1281 5.5974779129 43.26925 40.76156 -1.3849404 42.909459609 41.8145260446 -1.34158291954 1.11273834146 2.48420064073 0
1284 5.5687789917 43.723057 38.666685 -1.382086 43.6143669269 38.8280410274 -1.34493280515 0.194548964456 2.12872126026 0
1287 5.56105303764 44.069109 36.638541 -1.3748634 44.3715095165 36.7860040716 -1.31767033374 0.336439340593 3.27692131426 0
1290 5.54605793953 44.48264 34.512889 -1.372972 44.0879235723 35.5994393867 -1.36213337757 1.15602456773 0.621007321205 0
1293 5.57870006561 44.660959 33.544964 -1.3339999 44.6616763865 33.6585434941 -1.32081433291 0.113581759673 0.755477344669 0
1296 5.55684113503 44.654294 33.324157 -1.2074321 44.1666728418 33.5076836279 -1.20439252013 0.521014795452 0.174155098067 0
1299 5.57232403755 44.699557 33.107025 -1.0711259 43.6882249162 33.2794468276 -1.04465939149 1.02592488529 1.51641923591 0
1302 5.54286503792 44.829945 32.953901 -0.95914547 43.9589220351 33.9249632301 -0.935477321003 1.30447033701 1.3560850464 0
1305 5.56060600281 44.914184 32.826307 -0.82117543 43.9547219476 33.0065554399 -0.904119025522 0.97624634704 -4.75231796107 0
1308 5.56290888786 44.932468 32.690373 -0.70238554 43.1916656448 33.4567165824 -0.749849348811 1.90201875022 -2.71947592451 0
1311 5.55787396431 45.019913 32.619075 -0.56167342 43.0827063361 33.2845581461 -0.660685334322 2.04832552991 -5.67296481218 0
1314 5.57000994682 45.164806 32.47066 -0.44585332 43.2751896994 32.5543151348 -0.585737764486 1.89146714091 -8.01478828858 0
1317 5.56026697159 45.307079 32.373178 -0.30795343 43.7876587493 33.0141371417 -0.558159308606 1.64908050734 -14.3357408535 0
1320 5.57196187973 45.468859 32.25314 -0.19105128 42.7995694208 32.9788217588 -0.481411853724 2.76617441109 -16.6364354114 0
1323 5.54468107224 46.833289 32.057508 -0.10389315 45.5819406913 33.4324093768 -0.345731220932 1.85909289319 -13.85630079 0
1326 5.56640291214 48.863767 31.868312 -0.084237935 47.3498719846 32.5090081517 -0.16660362441 1.64388858395 -4.7192063799 0
1329 5.54801487923 51.033972 31.691587 -0.08198003 48.092340917 28.9288958697 -0.558212230971 4.0355489973 -27.2860951839 0
1332 5.60302400589 53.111195 31.42619 -0.084122232 50.8356299525 27.3546869681 -0.584789559406 4.66426127317 -28.6861248005 0
1335 5.57610201836 55.206155 31.249451 -0.082409142 53.8470040154 33.1574221423 -0.0285169485931 2.34257236361 3.08779523092 0
1338 5.58399009705 57.287235 31.07162 -0.080297126 56.4351278012 32.6085341891 -0.0190248299522 1.75732521262 3.51064396462 0
1341 5.58801007271 59.516372 30.847745 -0.092608556 58.3867027807 33.1923347559 -0.0300351121252 2.6025475343 3.58519424362 0
1344 5.59285593033 61.567611 30.670937 -0.091677002 60.0792128639 33.5766753757 -0.0492588015085 3.26475795725 2.4303838627 0
1347 5.55977606773 63.68279 30.502969 -0.089332225 62.9596163352 32.2390335972 -0.0625372106104 1.88066489181 1.53524123651 0
1350 5.60623884201 65.773678 30.270465 -0.081918863 65.7424989718 32.5468892198 -0.0926280476314 2.27663773141 -0.613591081404 0
1353 5.57205820084 67.870787 30.052005 -0.080757136 67.7707073965 32.0660526894 -0.0859095921431 2.01653267321 -0.295213991123 0
1356 5.55453705788 69.978421 29.855203 -0.080851998 69.7997136676 31.1603124234 -0.110872181119 1.31728771255 -1.72002979293 0
1359 5.55552506447 72.04312 29.748383 -0.089661546 70.0950544281 30.9262102877 -0.109960681534 2.27645263344 -1.16305479387 0
1362 5.58204603195 74.192216 29.503442 -0.097083695 72.3891395513 31.2151954326 -0.115841429191 2.48619880417 -1.07473900239 0
1365 5.54058098793 76.337484 29.313327 -0.092202589 74.7817282329 30.3569988133 -0.0860318018522 1.8733998134 0.353560059841 0
1368 5.57990098 78.469083 29.072242 -0.088851811 77.1825798531 30.1845388683 -0.0875596181737 1.70067476908 0.0740371952666 0
1371 5.55549907684 80.508884 28.860474 -0.08148585 79.0623976177 30.0440787451 -0.107502468553 1.86902194925 -1.4906424403 0
1374 5.58865880966 82.648681 28.706332 -0.092016755 81.3009075893 30.2756385633 -0.063533999893 2.06862665944 1.63194165653 0
1377 5.60557818413 84.803463 28.469695 -0.089914919 83.3589969529 30.4723492994 -0.060768662292 2.46923194618 1.66995749797 0
1380 5.57740807533 86.909059 28.274418 -0.095059786 84.51930294 30.419747007 -0.0407850952744 3.21144369005 3.10971071295 0
1383 5.56071305275 88.999768 28.069648 -0.093100738 87.1257492788 30.3098497064 -0.0582030183725 2.92069338564 1.99949204929 0
1386 5.59858679771 91.148907 27.8824 -0.087682683 89.9387347505 30.2333722277 -0.0444296035124 2.64416098011 2.47821890559 0
1389 5.58661103249 93.191686 27.680334 -0.085944106 90.8399145164 30.3389654505 -0.0450819862821 3.54952818001 2.34122700179 0
1392 5.57551121712 94.597595 27.536443 -0.026113958 93.3560315912 30.3958151951 -0.0498795444516 3.11728873352 -1.36166780133 0
1395 5.51474714279 66.734672 23.138609 0.64678418 94.6762457989 30.6169343836 -0.0423438817445 28.9250219862 -39.484129482 0
1398 5.52989602089 41.954155 8.6979942 1.5862633 98.1816165113 32.0610756985 0.0288403542596 60.888102328 -89.2337617078 0
1401 5.53157496452 40.498777 7.6026468 1.6671323 99.2418460527 31.6218072809 0.00273504862705 63.4639128319 -95.3629379368 0
1404 5.55516314507 40.36551 9.5759073 1.6613912 102.084862991 30.8158111883 -0.00804101364209 65.2718319856 -95.6514200249 0
1407 5.53780293465 40.15753 11.693798 1.6450717 102.18075152 31.066109486 -0.0354410568985 64.9781998832 -96.2862883882 0
1410 5.58172607422 40.017928 13.779826 1.6578436 103.104947147 30.3149719422 -0.0168653708523 65.2179655936 -95.9537559425 0
1413 5.56072306633 39.937066 15.922073 1.6651068 105.461422932 32.3100492768 0.01473564369 67.5426318546 -94.5593018867 0
1416 5.55273604393 39.75755 17.953862 1.6630734 106.046769544 29.9666007828 -0.0205763969521 67.3688839217 -96.4660275434 0
1419 5.59341311455 39.645384 20.177858 1.663423 108.861452421 31.031734162 0.0291305860626 70.0619065928 -93.6380578089 0
1422 5.54968690872 39.526919 22.292671 1.6684735 110.957518204 32.2731787019 0.0610879009048 72.1244829208 -92.0964108783 0
1425 5.56264090538 39.303781 24.413998 1.6572417 111.86508377 33.3631211872 0.00631652226224 73.1110762165 -94.5910449763 0
1428 5.54859805107 39.21094 26.55624 1.6661167 116.166586563 33.8002583795 0.101565347549 77.2958429687 -89.642189327 0
1431 5.57240796089 39.049874 28.673026 1.6660737 116.892000163 35.1748242945 0.141881332667 78.1131870219 -87.3297898143 0
1434 5.58491206169 38.816051 30.701859 1.6598041 119.397456911 34.652214583 0.121336342596 80.6781772709 -88.1477094162 0
1437 5.60014390945 38.695572 32.853799 1.6647394 122.895983595 34.8266254458 0.138373733608 84.2235202123 -87.454310678 0
1440 5.55442500114 38.58982 35.008607 1.6723781 124.018170212 34.9033874409 0.0942903895862 85.4284150103 -90.4177655082 0
1443 5.59973597527 38.393816 37.160762 1.6689022 126.61992477 35.445995885 0.106068431181 88.242771327 -89.5437790339 0
1446 5.60207915306 38.314928 39.264936 1.6781402 128.984229489 37.1010110996 0.162639992084 90.6951200647 -86.8317657648 0
1449 5.55875205994 38.042909 41.445131 1.6601298 130.055890844 36.9864811945 0.169073072935 92.1209443388 -85.4312574754 0
1452 5.55402898788 37.893052 43.482766 1.6655679 135.630602449 27.2422980808 -0.0632625655287 99.0776542215 -99.0546891684 0
1455 5.61643195152 37.737395 45.529248 1.6663309 137.656743939 27.2228932492 -0.0737045518588 101.582473472 -99.6966875946 0
1458 5.60175490379 37.667375 47.706088 1.6735516 140.985121018 26.3943160512 -0.129691252827 105.492882536 -103.318204904 0
1461 5.58383703232 37.411337 49.793915 1.6717816 141.780292938 25.6286506133 -0.151750465669 107.130009645 -104.48069117 0
1464 5.54627990723 37.208006 51.943854 1.66906 137.785931354 37.998157102 0.1086638427 101.540147383 -89.4041141817 0
1467 5.58280706406 37.03196 53.963531 1.6741645 141.017572601 38.1273275365 0.206414766375 105.184566207 -84.0958651181 0
1470 5.61044001579 36.983983 56.143126 1.6856298 141.973954421 39.249219845 0.143000896879 106.340482245 -88.3861255038 0
1473 5.60825490952 36.720012 58.206076 1.6746777 68.4100266595 94.1888502307 1.37286170467 47.9480663891 -17.2927827219 0
1476 5.60283899307 36.536888 60.398002 1.6787317 135.695897155 113.41476664 1.85670931531 112.44236937 10.1973662048 0
1479 5.53907704353 36.401835 62.417273 1.6766351 136.089450787 119.933175354 2.69137328114 115.089963789 58.14021509 0
1482 5.54977989197 36.239068 64.615141 1.6886647 101.069766582 39.943060938 -0.500871518054 69.366641934 -125.451184386 0
1485 5.53556513786 35.99676 66.655908 1.678851 121.136622159 111.598638818 1.83771540914 96.2738031964 9.10226015865 0
1488 5.57487988472 35.830181 68.859683 1.6854848 83.3305463004 50.367658678 -0.784109458772 50.9729307299 -141.497328137 0
1491 5.56380200386 35.575227 70.898859 1.683738 83.226426791 46.1879922957 -0.839434620474 53.6774046951 -144.567142136 0
1494 5.5691678524 35.463169 73.006353 1.6935188 126.723258123 65.5629397359 -0.946691982044 91.5631381492 -151.272934836 0
1497 5.60697507858 35.205801 75.07321 1.6913976 38.2323935989 84.7603462665 2.00677734595 10.1489345158 18.0699283868 0
1500 5.56739211082 34.978045 77.287591 1.6912075 43.4416763802 39.55776764 -2.52128484568 38.6674621214 118.641967361 0
1503 5.57080698013 34.814043 79.320098 1.7000185 76.9225038133 136.496604835 -2.1469032097 71.0089811638 139.587621917 0
1506 5.57893800735 34.580736 81.372215 1.6970036 31.6725534626 81.7157917096 1.91222760379 2.92840752395 12.331427067 0
1509 5.54233193398 34.345965 83.441951 1.6955247 32.6898251963 84.1660720209 2.64353457111 1.80752601701 54.3169645512 0
1512 5.56133699417 34.142398 85.698773 1.7034669 80.672277291 76.8542246657 -1.91867420689 47.3630204069 152.466601774 0
1515 5.57243394852 33.910208 87.748137 1.7016389 31.919460968 84.3321702757 -2.95054511471 3.95372007193 93.4494904387 0
1518 5.57750105858 33.670818 89.737713 1.6967853 30.7761806952 90.1088949197 1.76266104918 2.91833876444 3.7744024004 0
1521 5.58075618744 33.472926 91.900649 1.7056804 28.903208144 91.5303878949 1.77344878086 4.58469350881 3.88284220785 0
1524 5.58530807495 33.217902 94.036516 1.7078464 62.3498444388 108.849045985 -2.87846728739 32.6815102895 97.2235821897 0
1527 5.57822704315 33.034075 96.178482 1.7177188 29.5111135716 95.8257453264 1.77502467051 3.54057627893 3.28338452157 0
1530 5.55429601669 32.713254 98.174723 1.7080491 57.8108623276 107.739116112 -2.88830705108 26.8582866053 96.6481914039 0
1533 5.56799387932 32.45653 100.24821 1.7068362 27.9905892139 99.3001280728 1.77808906199 4.5654667281 4.08248826997 0
1536 5.54334998131 32.217075 102.39435 1.7082962 27.3421832363 102.426527234 1.74041517589 4.87499795717 1.84028176099 0
1539 5.58208107948 31.955228 104.48204 1.7110577 28.1132568763 103.569966857 1.71870372085 3.94874911002 0.438084724917 0
1542 5.58701181412 31.741377 106.6002 1.7198575 28.1762748775 105.115318942 1.70556679504 3.86197163364 -0.818797080302 0
1545 5.62701916695 31.439656 108.68741 1.7105287 27.8338574796 108.24098251 1.71675615553 3.63332911724 0.356806918717 0
1548 5.58305883408 31.216018 110.75498 1.7177022 27.1643778825 110.518058563 1.71926897592 4.05856124866 0.0897696474161 0
1551 5.55429315567 30.916985 112.90957 1.719675 26.8180728056 112.4195478 1.71908400662 4.1280991914 -0.0338614262748 0
1554 5.57355308533 30.668641 114.94646 1.716506 27.437056431 114.200940189 1.68618808214 3.31646477674 -1.73708873682 0
1557 5.59055185318 30.419865 117.12266 1.716223 27.0675082678 116.235828798 1.70209526602 3.46767432731 -0.809459531223 0
1560 5.57061100006 30.132888 119.21343 1.725557 26.8731589712 116.917457783 1.72620562931 3.98714456227 0.0371637220101 0
1563 5.58410191536 29.88258 121.34383 1.72867 26.3059720225 120.362851565 1.75537221466 3.70869833157 1.52992420384 0
1566 5.51161003113 29.981486 120.5055 1.7055843 26.5256929764 120.218849324 1.73536268172 3.46766117607 1.7061755931 0
1569 5.56996297836 30.170653 118.4575 1.6900862 27.1130258661 118.286791142 1.70181931704 3.06238880685 0.672258087067 0
1572 5.57073998451 30.502618 115.6086 1.6745202 27.3279147305 114.456246517 1.67708560966 3.37737463102 0.146987146133 0
1575 5.56312584877 30.699806 113.48782 1.6738205 28.1886074697 111.327765739 1.71300811909 3.31239376721 2.24528518298 0
1578 5.58517193794 30.8492 111.36091 1.6697397 27.5740004212 111.368913914 1.69688858421 3.27520935873 1.55551648394 0
1581 5.54907798767 30.973164 109.37107 1.6787837 27.7762406194 108.660249395 1.66378877396 3.27499389829 -0.859145976056 0
1584 5.53777313232 31.204408 107.09871 1.665475 28.9904420393 107.776234607 1.74704548481 2.31531528498 4.6736445125 0
1587 5.51853704453 31.322843 104.96751 1.6587885 27.9889072084 105.152855943 1.67550067951 3.33908385355 0.957537352359 0
1590 5.56009292603 31.457099 102.91722 1.6541397 29.1414015192 102.922533461 1.72519130803 2.31570357678 4.07095726759 0
1593 5.53633999825 31.546684 101.34427 1.631357 28.3716305829 101.917728789 1.6685241424 3.22642514 2.12952039584 0
1596 5.5878059864 31.536552 101.09899 1.5279681 28.69208391 101.94036346 1.58489093272 2.96629533508 3.26143807295 0
1599 5.54930996895 31.522716 100.84711 1.3818466 29.1546241025 101.991346642 1.48855761889 2.63004500509 6.11409100968 0
1602 5.59193277359 31.33472 100.81397 1.2437751 28.6155543878 102.634812255 1.33400726391 3.27251098474 5.1699221681 0
1605 5.57318997383 31.335612 100.76499 1.1262837 28.2074266919 101.89370086 1.18482098918 3.32558739571 3.35393961408 0
1608 5.60895705223 30.238332 99.003137 0.9296569 27.4553861327 101.415137523 1.0277780456 3.68273461236 5.62192752376 0
1611 5.59765505791 28.772289 97.32743 0.78863198 25.9489349057 99.6420715905 0.82200366531 3.65087579006 1.91205672351 0
1614 5.61637187004 27.005154 95.945316 0.6582802 24.5002457784 97.3514914359 0.70614559239 2.87261110403 2.74248496871 0
1617 5.58416509628 26.209553 95.323497 0.64585939 24.1349655674 95.8483541115 0.717454894113 2.13995046738 4.10212021781 0
1620 5.58156585693 26.225548 95.299359 0.74214735 24.2524692928 94.606296379 0.841400898613 2.09126167219 5.6868094372 0
1623 5.59387612343 26.287241 95.304851 0.87876564 22.2497323759 94.9955341788 0.869499902665 4.04933979624 -0.530887643381 0
1626 5.59388899803 26.503119 95.525486 1.0159202 22.401905685 94.6861155269 1.01069597846 4.1862266358 -0.299325845722 0
1629 5.57649183273 26.584147 95.637624 1.1414331 23.0912723471 94.8443604559 1.19037153447 3.58182082068 2.80396575125 0
1632 5.60713100433 26.62792 95.717086 1.2595284 24.3704970104 96.0301129771 1.26037513967 2.27902269455 0.0485146092833 0
1635 5.59121799469 26.756174 95.797181 1.3910555 23.058596498 95.6475488106 1.44328704759 3.70060389332 2.99264723438 0
1638 5.59638595581 26.381693 93.77201 1.3952992 24.1784276424 93.9742221407 1.56355921781 2.2125252509 9.64058888122 0
1641 5.5894010067 26.011804 91.856332 1.39866 22.0734364944 90.9983993353 1.52292911566 4.0307303391 7.12009585135 0
1644 5.6132581234 25.609249 89.727224 1.3968171 23.4876085235 89.8895602663 1.4808914812 2.12784195253 4.81710720783 0
1647 5.58753705025 25.2462 87.568251 1.3940659 23.4284529783 87.6881011333 1.48618371981 1.82169379677 5.27796229316 0
1650 5.5226111412 24.820481 85.505592 1.4017015 21.8875738481 85.7380300048 1.45386295235 2.94210329316 2.98863107307 0
1653 5.5553381443 24.493958 83.448062 1.398475 21.6718909981 84.1701966683 1.47755424783 2.91299513258 4.53090714754 0
1656 5.55018591881 24.080092 81.345956 1.3962744 20.7201717477 81.3318980667 1.44936546846 3.35994966143 3.0418941527 0
1659 5.55599594116 23.622432 79.208855 1.3888608 20.8214186427 78.7927159096 1.48859269299 2.83175697583 5.71421655111 0
1662 5.51446604729 23.236261 77.182266 1.3737053 19.9976810047 77.5659497599 1.43168896788 3.26122885019 3.32221945048 0
1665 5.53210711479 22.741503 75.111069 1.3685019 18.8889140677 75.5531854471 1.38244812869 3.87787421588 0.799060044075 0
1668 5.57973694801 22.23837 73.007777 1.3690406 19.1542514704 72.6852952819 1.42040307226 3.10093237001 2.94285288586 0
1671 5.55070400238 21.796618 70.8705 1.3677106 19.4995871406 71.7197590167 1.47146234468 2.44899809031 5.9445370872 0
1674 5.53057599068 21.306705 68.900927 1.3588762 20.2407109272 68.939011553 1.48954838019 1.06667417541 7.48696442475 0
1677 5.54111194611 20.800373 66.796896 1.3509317 20.418689127 67.4266163869 1.49423392093 0.736362916326 8.21061245409 0
1680 5.59316110611 20.180988 64.758154 1.3339286 20.2255512151 65.8363222497 1.46126397636 1.07908880765 7.29577964842 0
1683 5.58311605453 19.716632 62.635567 1.3210663 18.1565148165 63.425105256 1.43901932441 1.74852403017 6.75821047943 0
1686 5.56213998795 19.127208 60.642471 1.320188 17.5135809035 60.9763417773 1.43388615011 1.64780523804 6.51442413949 0
1689 5.54121923447 18.573484 58.538556 1.3117791 16.8172757454 58.6665527548 1.39193216171 1.76086643525 4.59243215077 0
1692 5.51291203499 18.03732 56.562177 1.3046299 16.5219768272 56.1280582765 1.39997852356 1.57630073194 5.46307371221 0
1695 5.55925798416 17.470308 54.449011 1.30616 16.1943968564 54.5266849016 1.37853084856 1.278273242 4.14654418255 0
1698 5.54442191124 16.865167 52.414515 1.2995721 15.3880029356 52.0286992974 1.40402045163 1.52671786176 5.98444972533 0
1701 5.5566110611 16.322269 50.452679 1.2871313 15.7590541083 51.2375034305 1.45578775698 0.966002277972 9.66330317238 0
1704 5.55272912979 15.679585 48.421133 1.2791916 14.2499374857 48.3665944656 1.37996071253 1.43068741064 5.77364485306 0
1707 5.5757060051 15.049517 46.343459 1.2810584 13.5509555217 46.5632054007 1.37161788662 1.51458739761 5.18867637806 0
1710 5.54078698158 14.370513 44.264129 1.2685694 13.3047667845 45.370974834 1.35097953859 1.53652943223 4.72175313054 0
1713 5.56392407417 13.728985 42.398373 1.2622613 13.4334655788 42.5683681093 1.40059840771 0.340925307759 7.92613242181 0
1716 5.57338094711 13.116178 40.310007 1.2578142 12.9590643648 40.2031482733 1.4000066216 0.190009162482 8.14702563649 0
1719 5.55654597282 12.482531 38.460523 1.239848 12.2352070047 39.0523800103 1.347464965 0.641454502883 6.16599789857 0
1722 5.54949808121 12.331027 38.238303 1.1567887 10.6867290253 37.9481776269 1.24068763071 1.66969714669 4.8070546351 0
1725 5.58469104767 12.263795 38.100898 1.043782 11.0227684386 37.5548587198 1.09074038976 1.35584137033 2.69051754623 0
1728 5.53599095345 12.231882 38.075858 0.90529637 11.646245128 37.2921559388 1.05308669335 0.978345269589 8.46776178107 0
1731 5.59861183167 12.170047 37.918491 0.7605547 10.87072727 37.8682755733 0.891218611107 1.30028971762 7.48649064111 0
1734 5.59398198128 11.9457 37.868652 0.60051086 11.1514451897 36.9599477028 0.765477741405 1.20689030298 9.45190606394 0
1737 5.58416318893 11.861848 37.85602 0.47073445 11.9737231556 37.5857558466 0.677476108686 0.292504295816 11.8454244923 0
1740 5.56310892105 11.68598 37.868337 0.32347919 12.1891946512 36.9124456274 0.506863490549 1.08025612766 10.5071464504 0
1743 5.55759119987 11.634663 37.834152 0.18688423 11.8488182177 37.1990289925 0.267615503361 0.670256437461 4.62556123832 0
1746 5.58646297455 11.546787 37.799316 0.059161186 12.2651233205 37.9283183226 0.0261308015388 0.729827834882 -1.89250162532 0
1749 5.58446192741 11.461332 37.784444 -0.088384018 12.330252109 36.7717947678 0.0272766578141 1.33434651547 6.62686857978 0
1752 5.55583500862 11.353119 37.809133 -0.22428348 13.2219308244 36.2066238967 -0.058150197791 2.46180686914 9.51873590723 0
1755 5.59330296516 11.259101 37.929753 -0.36642208 13.3188228099 36.3682071971 -0.0962266247775 2.58473968294 15.4810592279 0
1758 5.57711696625 11.22919 38.083377 -0.50941267 12.872817394 36.2520613907 -0.155510814089 2.46073726172 20.2770827056 0
1761 5.56528401375 11.185129 38.110347 -0.64618684 13.564046347 37.2582887961 -0.475280463674 2.52690540514 9.79221405536 0
1764 5.57068705559 11.588805 37.741111 -0.76036767 12.6563299177 36.9830492411 -0.728909655644 1.30930022539 1.80241145445 0
1767 5.58707499504 13.063467 36.224873 -0.77289998 12.7458986606 36.5792435027 -0.740254949411 0.475844621066 1.87042247481 0
1770 5.57096290588 14.493375 34.807156 -0.77803694 13.9780664661 35.7931456237 -0.773921696135 1.11252794267 0.235786105128 0
1773 5.58233118057 15.892318 33.28564 -0.77023756 16.0146425879 33.9080553816 -0.724528450036 0.634321852096 2.61893908625 0
1776 5.58012080193 17.405154 31.857105 -0.77891679 17.0368552619 31.9899832139 -0.726516221442 0.391536179912 3.00233142245 0
1779 5.6949160099 19.008966 30.381332 -0.78385491 18.3805168584 30.6991353562 -0.711804812237 0.70423525665 4.12816651532 0
1782 5.69645810127 20.517371 28.856906 -0.78454873 20.1821060336 28.7178258177 -0.733363895158 0.362968173221 2.93267501153 0
1785 5.70684194565 22.037399 27.308602 -0.78653789 21.6579009868 27.6940784094 -0.74934422309 0.540935120171 2.13104013853 0
1788 5.6848731041 23.470866 25.802264 -0.78746834 23.9920496866 25.8707376832 -0.772291785439 0.525662515795 0.869552523884 0
1791 5.90250086784 25.030138 24.239515 -0.79252133 24.8627112199 24.7883521303 -0.774024456765 0.573806519915 1.05979277056 0
1794 5.65159296989 26.508975 22.80392 -0.79210599 26.1358765331 23.2570640177 -0.761467498467 0.586976972989 1.75545625548 0
1797 5.68483519554 27.961008 21.312251 -0.79564812 27.90414317 21.7101365735 -0.771161193882 0.40192852408 1.40299751981 0
1800 5.85021996498 29.36401 19.750057 -0.78815021 29.3114060281 20.2202479696 -0.810334012986 0.473124429457 -1.27103828466 0
1803 5.84998703003 31.016391 18.179875 -0.79578372 30.5882366845 19.3162226306 -0.782810623843 1.21433193793 0.743303656996 0
1806 5.70338511467 32.405165 16.663972 -0.79079715 32.2078495263 17.5585683991 -0.779059860453 0.91609830992 0.672497153992 0
1809 5.69377613068 33.875627 15.226881 -0.79213801 33.8227793707 15.9407652923 -0.806035235813 0.715837729355 -0.796252386024 0
1812 5.75235915184 34.400964 14.714584 -0.72873329 33.2244069962 14.4692433187 -0.752914503503 1.20186456517 -1.3854814772 0
1815 5.69454598427 34.541831 14.529671 -0.59347242 33.2484150831 14.3959594534 -0.656343108377 1.30030900629 -3.60222509911 0
1818 5.75915718079 34.648846 14.435796 -0.47955783 34.0675368154 14.9502817839 -0.500706514246 0.776283446881 -1.21173034953 0
1821 5.85010290146 34.668797 14.324629 -0.34405458 33.7568292797 14.9576534238 -0.378998916317 1.11013739865 -2.00216298884 0
1824 5.76031398773 34.864126 14.20779 -0.22615765 34.9817949208 15.4039632955 -0.27582572835 1.20194697384 -2.845771266 0
1827 5.62405085564 35.017605 14.088235 -0.094353638 35.4166811134 15.3786430971 -0.128593654645 1.35070899949 -1.9618084442 0
1830 5.60481405258 36.599142 14.0692 -0.022879679 36.4801713681 14.8394663557 -0.0489095983796 0.779399942236 -1.49140452152 0
1833 5.58980512619 38.63985 14.009333 -0.014813302 39.2306134797 14.6568157896 -0.0412005869601 0.876490417379 -1.51188006102 0
1836 5.59265804291 40.768535 13.925491 -0.0089087199 40.2331393282 14.7796457069 -0.0405370883857 1.00808173709 -1.81217202711 0
1839 5.61429405212 42.905865 13.952369 -0.011506708 42.0592845717 14.9927198613 -0.0310637833132 1.34127861993 -1.12053787507 0
1842 5.62595701218 45.04117 13.838962 -0.010052037 44.8775929488 14.9691653554 -0.0167479436691 1.14197945531 -0.383647192155 0
1845 5.62511396408 47.095509 13.764363 -0.008210261 46.0715317693 15.1916984946 -0.0277579091945 1.75664907798 -1.11999774095 0
1848 5.60646700859 49.256947 13.750747 -0.012245698 48.3091523683 14.7727886041 0.0123568772378 1.39387363286 1.40962372628 0
1851 5.63619112968 51.347189 13.680192 -0.017629817 50.81066678 15.3775627896 -0.0269553398514 1.78014709788 -0.534313101138 0
1854 5.60033583641 53.510554 13.649042 -0.0075411209 52.1828969156 15.0870343561 0.00722022063429 1.95716513093 0.845762569866 0
1857 5.61659312248 55.608657 13.581194 -0.0077936973 55.2149784635 14.9432925254 0.019336597097 1.4178487871 1.55445136589 0
1860 5.64680790901 57.666716 13.591636 -0.01411162 56.8400886873 14.9401410754 0.029414431043 1.58170118933 2.49385902364 0
1863 5.67242217064 59.905766 13.533857 -0.012519778 59.0073038037 15.4121296129 0.0111908437751 2.08210046024 1.35851855735 0
1866 5.61935901642 62.027534 13.447994 -0.021676244 60.59129398 14.6643137165 -0.0129517228933 1.88207838508 0.499878237684 0
1869 5.60872387886 64.181261 13.371995 -0.025327169 63.0089018359 15.0409593276 -0.00354536469651 2.0395754304 1.24800545677 0
1872 5.64129900932 66.241252 13.310079 -0.024907545 65.4471276923 15.2096367793 0.00756631112178 2.05887182044 1.86061490029 0
1875 5.66155195236 68.444119 13.24669 -0.026304862 66.8734981382 15.1401439193 -0.00944716724728 2.46008488393 0.96587476165 0
1878 5.71111702919 70.49734 13.123327 -0.017605166 69.1182991087 14.9642940553 -0.000361674973459 2.30019857375 0.987979259892 0
1881 5.61722397804 72.634932 13.039101 -0.019360635 71.6559713928 15.0079479428 -0.00129779145464 2.19880016253 1.03492470115 0
1884 5.55759191513 74.720419 12.994859 -0.019347658 73.7271817951 14.7369836895 0.0138733391242 2.00537242901 1.90342292643 0
1887 5.70179915428 76.914825 12.90632 -0.036038761 75.8788820582 15.3027565614 0.00671694518936 2.61076348442 2.44972151475 0
1890 5.65558695793 79.004774 12.78569 -0.032634565 78.0458412718 15.1664120352 0.00220519117923 2.56659100482 1.99617098833 0
1893 5.62684607506 81.177999 12.691712 -0.029848436 80.9828830471 15.2288974343 0.00387403461223 2.54467682877 1.93215524083 0
1896 5.59355092049 83.222919 12.597068 -0.02122413 81.8465018174 14.3413857524 -0.00269962328375 2.22197405072 1.0613760524 0
1899 5.61143994331 85.390174 12.538762 -0.021700441 84.3111519215 14.3855334352 -0.00341189581026 2.13889068905 1.04785645281 0
1902 5.63596200943 87.449986 12.512039 -0.030894579 86.829771237 15.0610923813 0.00484034518457 2.6234213335 2.047460337 0
1905 5.74227905273 89.572355 12.414566 -0.034322832 88.5681607661 14.7133991129 0.0191061210621 2.5085931795 3.06125351426 0
1908 5.61057186127 91.713838 12.339838 -0.030338307 90.1506006884 15.3044284751 -0.00639831129751 3.35149333542 1.37166071531 0
1911 5.62811923027 93.866625 12.234111 -0.027880568 93.2222221286 14.3579378752 0.0201072634293 2.21943588703 2.74950020889 0
1914 5.57344603539 96.027017 12.118277 -0.016096141 94.535634986 14.8328115334 0.00366157532741 3.09724362047 1.13203375838 0
1917 5.6662709713 98.003729 12.063433 -0.023465033 96.8246906229 14.7469313949 0.0289878612923 2.93109111597 3.00532946619 0
1920 5.701130867 100.1865 11.996018 -0.023536261 99.3072247935 14.7457068034 0.0119104314553 2.88685181547 2.03094587538 0
1923 5.71652007103 102.26857 11.921444 -0.023061579 101.73508236 15.1935540661 0.00942263664638 3.31531496949 1.86120845733 0
1926 5.73668503761 104.50291 11.810699 -0.022632517 104.260878291 15.4799382343 0.00149624120574 3.67721306237 1.38247601008 0
1929 5.8198390007 106.528 11.779433 -0.025937223 105.970936531 14.9534680768 0.0282674072187 3.22254842908 3.1056965416 0
1932 5.709649086 108.61821 11.737233 -0.017267816 108.252847088 14.8477220474 0.0103775559461 3.13187358801 1.58396313558 0
1935 5.95040798187 110.65428 11.638117 -0.015586443 109.311425559 15.3116601595 0.00998817011126 3.91128845715 1.46531739396 0
1938 5.68571305275 112.94226 11.558687 -0.011710616 111.334099196 14.9526574163 -0.00789137966388 3.75569119572 0.218826123023 0
1941 5.57494807243 114.89636 11.528856 -0.01668203 113.745111584 14.9807359497 0.00691981362742 3.63879761774 1.35228602858 0
1944 5.67845821381 117.03777 11.494892 -0.018548407 116.592616145 15.1468997772 -0.0043851043793 3.67903829274 0.811497464133 0
1947 5.62485003471 119.07747 11.406331 -0.016261061 118.04423186 15.4005715356 -0.00236544144155 4.12571672697 0.796160354419 0
1950 5.63854503632 121.291 11.334615 -0.012126455 120.200430271 15.1936145474 -0.00203995078788 4.0101396286 0.577914121395 0
1953 5.62087011337 123.43737 11.229443 0.0013807468 122.53918505 14.9605972921 0.0135332588704 3.83774003247 0.696287652117 0
1956 5.62637901306 125.58554 11.258252 -0.0049853053 124.427026717 15.336169724 0.008425288336 4.23928838246 0.768370416108 0
1959 5.58060908318 127.50849 11.183265 -0.012828209 126.519339667 14.9808084409 0.00637181826215 3.92425210282 1.10008052866 0
1962 5.55698800087 130.28779 11.390648 -0.01314096 128.785390673 14.911185862 0.0117616619811 3.82771349183 1.42681513832 0
1965 5.61825203896 132.78769 11.256475 0.0084755214 131.222408832 15.0849966775 -0.00293292744478 4.13614353853 -0.653655969597 0
1968 5.58211803436 125.9239 10.596074 0.27888777 132.776424506 14.7574061542 -0.00769455456162 8.01709282763 -16.4199576804 0
1971 5.65539479256 93.936275 13.265891 0.84250578 133.322016114 14.1586666993 -0.0100848207117 39.395858305 -48.8498430733 0
1974 5.58200907707 59.212281 6.4432491 1.3602712 133.005333813 14.2161032441 0.00555444450286 74.2012931491 -77.6195525256 0
1977 5.63753581047 41.747696 3.5851691 1.5088422 138.369114394 12.7002224994 0.0406109215906 97.0504131411 -84.123455602 0
1980 5.76401495934 40.889782 2.6549702 1.6071612 139.55860107 12.7267508836 0.110277844449 99.181533678 -85.7650986965 0
1983 5.65161395073 40.408125 3.8011614 1.6070032 76.98446415 133.370268682 1.48183062704 134.632767733 -7.17186014142 0
1986 5.70696592331 40.388712 5.5337894 1.5172855 61.6344764323 102.487035435 -0.635058531622 99.2537879529 -123.320229072 0
1989 5.68430089951 40.44034 7.6724587 1.5542124 116.285311538 61.957430712 1.63936609339 93.2701339867 4.87894724135 0
1992 5.66282391548 40.554207 9.7439313 1.5604739 34.9819374919 88.4780035025 -2.07110338602 78.9310098318 151.925948536 0
1995 5.72698712349 40.580821 11.876658 1.5652859 35.881063772 85.4789055065 -1.70552559484 73.7521427215 172.596305763 0
1998 5.57215094566 40.665042 14.024391 1.567666 112.235054893 67.9817301103 -1.16926531635 89.6306933439 -156.814613244 0
2001 5.58158183098 40.771617 16.174621 1.5548315 104.42133706 62.7379639955 -3.03428387489 78.863374101 97.06305732 0
2004 5.59614396095 40.847233 18.25792 1.5551713 58.4445149767 80.448049553 -0.478780803948 64.6318539637 -116.536871288 0
2007 5.70153188705 40.88758 20.352438 1.5597309 132.593277024 43.4370513641 0.271321248172 94.5665598445 -73.8204353337 0
2010 6.13278698921 40.971014 22.508388 1.5678505 135.133714499 43.6041554709 0.304831442429 96.4968681901 -72.3656614434 0
2013 5.97680902481 41.044823 24.54743 1.5705547 62.4529546976 77.4420581317 -0.420200179947 57.0626829721 -114.061852666 0
2016 5.57365107536 41.105608 26.696222 1.5717508 62.3891873696 75.7504497507 -0.486788129559 53.4724977068 -117.945592627 0
2019 5.75008893013 41.160404 28.869777 1.5672714 17.1312871839 106.540843638 2.78642464942 81.3030937148 69.8523357715 0
2022 5.66010594368 41.204205 31.003136 1.5608691 38.9772303353 29.851355842 1.59567630564 2.5071923918 1.99430597956 0
2025 5.65234398842 41.244227 33.116661 1.5660557 85.8987856342 88.310848041 2.59539054292 70.9959709415 58.9765422051 0
2028 5.65551805496 41.277887 35.228156 1.5643441 38.4633495594 36.9685613979 1.53980192283 3.30917390808 -1.40616317174 0
2031 5.69823908806 41.31792 37.33529 1.5797774 38.6720736827 37.053569661 1.60756036586 2.66080233839 1.5918466861 0
2034 5.77747488022 41.419072 39.474789 1.5713492 39.4221820469 39.1243856698 1.65675651995 2.02740030053 4.89347897245 0
2037 5.70515799522 41.429937 41.518923 1.5745722 39.4187902424 41.647861923 1.62987426742 2.01527579418 3.16857506179 0
2040 5.63020396233 41.494048 43.684079 1.5737379 38.9653009989 43.8019134078 1.73168497237 2.5314909329 9.04970063348 0
2043 5.6367790699 41.508319 45.798644 1.5762653 38.8025058353 45.7144079499 1.63621140269 2.70712404487 3.43465868223 0
2046 5.57488393784 41.512588 47.943477 1.5772604 38.4330983797 47.9522038555 1.560224417 3.07950198567 -0.976089925989 0
2049 5.60376095772 41.583607 50.107906 1.5744728 39.1607650269 49.9781841882 1.60993254324 2.42631221714 2.03169363019 0
2052 5.5677819252 41.632502 52.265699 1.5728612 39.1568995196 52.1498045731 1.60732175892 2.47831377338 1.97444458561 0
2055 5.69693517685 41.660201 54.305408 1.5732479 39.273386946 53.7466497665 1.61400231349 2.4513449557 2.33505588947 0
2058 5.77028894424 41.689009 56.508616 1.5685378 39.2319783583 56.7319506901 1.61158625665 2.46715989716 2.46649488033 0
2061 5.65684890747 41.794127 58.57462 1.5657057 39.1833728677 58.3918874902 1.61966006673 2.61714124752 3.09135749998 0
2064 5.76529479027 41.856016 60.76704 1.5641567 39.078020147 60.3300274763 1.61949247706 2.8121594736 3.17050648174 0
2067 5.71223497391 41.858156 62.785084 1.5639758 39.5090917928 63.1296645461 1.62857574929 2.37420268769 3.70130445098 0
2070 5.63988494873 41.958088 65.023529 1.5767642 38.9895584979 64.5975877454 1.60442479512 2.99893203609 1.58483535904 0
2073 5.72260594368 41.99726 67.044355 1.5737097 39.1046365738 66.3925792303 1.6095359672 2.96514450572 2.05269390626 0
2076 5.6368098259 42.044947 69.102812 1.5759217 38.9978673371 69.0156626555 1.6122485873 3.0483256847 2.08137732488 0
2079 5.54674601555 42.097902 71.261122 1.5727544 38.31638701 71.4471466298 1.61557143748 3.78608779385 2.45323553872 0
2082 5.74398398399 42.114798 73.459441 1.5684742 38.2606163205 72.7762263224 1.61856394267 3.91426860529 2.86993085184 0
2085 5.73823285103 42.172982 75.545483 1.5804547 38.6811426531 75.2000137163 1.57827627923 3.50888743774 -0.124814316207 0
2088 5.71762394905 42.213453 77.648417 1.5799022 39.1371661123 77.9234122759 1.58797554288 3.08855361244 0.462568473849 0
2091 5.67525005341 42.308345 79.80823 1.5843424 38.7633334423 80.6818246297 1.6176380094 3.65106484757 1.90769789501 0
2094 5.63471198082 42.259747 81.948131 1.5870316 38.4286435371 81.6174065464 1.61436208989 3.84535205248 1.56592172285 0
2097 5.58881187439 42.325886 84.065588 1.5841531 37.8905114564 84.1413741097 1.6088066245 4.43602196528 1.4125429037 0
2100 5.64129400253 42.338042 86.100283 1.5789413 37.9495741571 86.3449164413 1.62531841151 4.39528105233 2.65721275544 0
