3 10.8205718994 72.513547 45.80148 1.6808269 88.5404312298 135.749205127 -2.17643553053 91.3644037553 138.995142256 0
6 10.9870619774 72.505015 45.806851 1.6805552 89.3330699496 97.3078818863 1.88504469214 54.1806202967 11.7163848541 0
9 11.0495591164 72.51553 45.801787 1.6811119 113.338118906 49.6741667554 -2.83460478249 41.0058421446 101.268492617 0
12 10.9648060799 72.511327 45.798497 1.6805172 130.951973553 54.7941832331 1.17088632755 59.1289399558 -29.1996981009 0
15 10.873208046 72.518426 45.80176 1.6806948 38.7153389725 68.8198702821 -1.9042403205 40.8959911672 154.598347767 0
18 10.9713139534 72.509508 45.806599 1.6825332 9.25848205404 44.4876266677 -2.14625080043 63.2647767026 140.626836108 0
21 10.8213589191 72.510969 45.800989 1.6811293 81.3526300517 87.8226613339 -1.09284603574 42.9417735532 -158.937079212 0
24 11.0583791733 72.522343 45.818169 1.6838228 112.54944274 48.3516804423 -2.91927801675 40.107198778 96.261750527 0
27 11.0278930664 72.508499 45.799812 1.6808804 109.57999765 18.8709769216 1.01055520152 45.819844727 -38.4068047743 0
30 10.9674789906 72.523901 45.815543 1.6832165 74.266384859 130.754526732 2.78407038592 84.9568549757 63.074281524 0
33 11.0471110344 72.511009 45.802779 1.6808191 62.3329519424 105.303081768 0.589057363914 60.3645498195 -62.5533397116 0
36 11.2768669128 72.527172 45.853315 1.6851825 84.7344854428 132.090752424 2.7070141049 87.0971533111 58.5466383338 0
39 10.9128940105 72.188088 49.017093 1.6798669 66.4590930057 100.208882574 2.24345762141 51.5113647987 32.2913697097 0
42 10.9650728703 71.804616 53.279503 1.6643548 18.9016941393 38.3754148034 3.029288463 54.9622687521 78.2049382051 0
45 11.1317141056 71.568933 57.324136 1.642571 54.6155381709 106.354676011 2.93196925668 51.8788150401 73.8770782191 0
48 11.0393879414 71.37336 61.652431 1.6431927 66.6807132149 34.761742593 1.650221286 27.2970704812 0.402708313677 0
51 11.0146360397 71.165072 65.844712 1.6344026 47.2006665582 8.21748615826 -0.0984423469594 62.4114563713 -99.2847020113 0
54 10.9234580994 70.960331 70.343426 1.6128178 48.1967429746 89.928074441 -2.12519856 30.0289759124 145.827438821 0
57 10.8672780991 70.885213 74.631613 1.6236159 97.8468340334 74.9877825033 2.69845019937 26.9639734732 61.5834690299 0
60 11.0017399788 70.832043 79.069602 1.6124517 54.8034737097 126.73011855 2.62696945447 50.2835944546 58.127585572 0
63 10.915047884 70.841819 83.283634 1.5826474 40.7820563676 78.8454665372 -2.33376635306 30.3856324592 135.606021122 0
66 10.9077429771 70.897044 87.066595 1.5142468 124.866280355 94.6533983272 1.29993788624 54.4998904355 -12.2789962706 0
69 10.9230160713 70.898205 87.488163 1.2381173 47.516733561 72.9976266135 -1.80164391545 27.5076144262 -174.165488373 0
72 10.9131138325 70.648486 87.373684 0.94938085 49.9069260587 70.2217684505 -2.17515199351 26.9146895916 -179.022544883 0
75 10.7925169468 70.490448 87.162959 0.64684814 49.2813023781 69.9169862008 -2.69389058945 27.3359001279 168.589770347 0
78 10.8314299583 73.090524 88.460194 0.4660111 48.765769458 70.480145523 -3.04700163742 30.2485673506 158.71919677 0
81 10.8742091656 76.750616 90.291223 0.4640309 48.027528153 108.989770218 3.00491723618 34.2731884062 145.582063286 0
84 11.0640249252 80.704264 92.172539 0.45240664 47.7955867998 110.288149981 1.24259399146 37.5653616553 45.2744002634 0
87 10.8507499695 84.637734 93.972859 0.42386385 37.387545686 108.984611909 3.06567327624 49.5775455332 151.364530401 0
90 10.906703949 88.678811 95.730817 0.41656148 35.5510220516 109.56478481 3.03927519637 54.8993681559 150.270426819 0
93 10.9938189983 92.647535 97.41769 0.40779386 25.2047376125 71.1188315897 2.9643665556 72.3889554638 146.480825476 0
96 10.865336895 96.759828 99.128022 0.39320766 18.5878980664 74.8400625274 2.98139698273 81.8581431801 148.292324773 0
99 10.8511791229 100.07577 100.58602 0.32958371 22.2333915283 108.351986545 3.06867290905 78.2288062194 156.938250815 0
102 10.7665770054 100.12714 100.52966 0.1390585 21.1222150672 110.258987847 2.65375056793 79.6017461115 144.081242268 0
105 11.097946167 100.08551 100.52401 -0.14356162 14.7186856779 68.9106061584 2.72147586293 91.0324227805 164.154555919 0
108 10.9530608654 99.772178 100.71077 -0.40700642 95.4777036344 102.47075821 -0.430309767902 4.64112794224 -1.3351834833 0
111 10.9781179428 99.760338 100.7618 -0.66729138 97.1462395176 103.110159524 -0.439882977068 3.51401527189 13.0295417138 0
114 10.8999919891 99.638101 100.95548 -0.8821311 97.4886365968 103.299590295 -0.891339902785 3.18041668567 -0.527625533935 0
117 10.7553989887 99.549051 101.11221 -1.1251977 101.339357874 60.2503120116 -2.79573018609 40.9010990796 -95.7144609924 0
120 10.8796601295 100.80276 98.46873 -1.1938854 98.0487166621 100.036468008 -1.15467060164 3.16899939578 2.24684244064 0
123 10.9007799625 102.35582 94.496879 -1.1822805 99.9577042924 96.7160887745 -1.17327883322 3.26739207478 0.515757514964 0
126 10.8262770176 103.84912 90.431736 -1.1842505 101.795580357 92.3694596297 -1.18729522478 2.82343725486 -0.174449879568 0
129 10.8049080372 105.46668 86.336829 -1.1831903 103.530218611 87.8005359417 -1.16695279236 2.42741029128 0.93034065762 0
132 10.8492078781 106.96067 82.891423 -1.1821311 105.121542474 84.8911480337 -1.18290501539 2.7168530079 -0.0443420857883 0
135 10.7686719894 108.13488 79.987125 -1.1809983 106.883174728 81.1110264784 -1.17620226485 1.68223679074 0.274792572231 0
138 10.8929870129 109.11096 77.465416 -1.174964 107.217461109 79.4916672623 -1.17239856146 2.77327103372 0.1469888009 0
141 10.7558839321 110.00241 75.115832 -1.1797573 108.394874932 77.1790291575 -1.16636580577 2.61552126852 0.767276100772 0
144 10.7210581303 110.9669 72.896666 -1.1819268 110.499489551 74.6481502863 -1.13950844911 1.81277955986 2.43039247977 0
147 11.022589922 111.79529 70.750926 -1.1680053 109.261900608 73.7622717815 -1.17442641472 3.93525923257 -0.36790277343 0
150 10.7988550663 112.62755 68.634671 -1.166408 110.320332767 71.3655671783 -1.18320945103 3.57505878205 -0.962652233798 0
153 10.7110421658 113.50263 66.493746 -1.1746568 111.908443327 69.1481871865 -1.16351421994 3.09636709064 0.638422810596 0
156 10.8251750469 114.39844 64.423702 -1.1690506 112.556753531 67.562373017 -1.16822273974 3.63910219722 0.0474328991596 0
159 10.8058259487 114.9392 62.935672 -1.1627449 113.382327714 66.2734785476 -1.14952292977 3.68304274531 0.757563090948 0
162 10.9105479717 115.58582 61.52951 -1.1720902 114.445128402 64.0732993666 -1.15366958048 2.78783817008 1.05542375471 0
165 10.7836649418 116.16312 60.165609 -1.1710096 114.508369942 62.9558560976 -1.16235909233 3.24402167404 0.495637580184 0
168 10.8955819607 116.71267 58.758483 -1.1690165 114.867413671 61.9535149842 -1.16303272739 3.68960706559 0.342844915986 0
171 10.8423609734 117.29804 57.404001 -1.1730259 115.280586633 61.0019828418 -1.17494267423 4.1249959299 -0.109823073648 0
174 10.8358581066 117.3062 57.346669 -1.1782941 115.095545247 59.998993484 -1.20754589216 3.45279880777 -1.67600423378 0
177 10.8688848019 117.30973 57.394113 -1.1925087 115.188022995 60.7924776038 -1.26058206368 4.00631034698 -3.9003164359 0
180 10.8362400532 117.3509 57.478875 -1.2542253 115.302239946 60.3051420701 -1.31963038995 3.4906723662 -3.74743561273 0
183 10.8741028309 117.31554 57.561663 -1.3141336 115.1708485 60.4416362413 -1.37418493146 3.59081432276 -3.44068784665 0
186 10.9484739304 117.31761 57.625945 -1.389572 115.13574839 60.7468108213 -1.42176380127 3.80792903843 -1.84445434751 0
189 11.0388958454 117.34247 57.653648 -1.4539696 115.681089412 60.3982797188 -1.50730776266 3.2082999752 -3.05605160745 0
192 10.7485759258 117.36058 57.739095 -1.5147103 115.45816712 60.3074291557 -1.55452557402 3.19617194472 -2.28124716162 0
195 10.785585165 117.34118 57.80351 -1.5718326 114.931681811 59.983019724 -1.59831072552 3.24899125258 -1.51708484146 0
198 10.7784488201 117.32521 57.826191 -1.6475747 115.271371653 59.6582132144 -1.68311106223 2.75219137265 -2.03608357528 0
201 10.7897241116 117.28663 57.948056 -1.7072698 115.434627188 60.3625823499 -1.70505253342 3.04300047828 0.127040017224 0
204 10.7958841324 117.37131 58.006137 -1.7818651 116.138482507 59.6399269198 -1.7915770718 2.04673719085 -0.556454995176 0
207 10.8426949978 117.40314 57.989067 -1.8555926 116.413215427 60.1307268929 -1.82134591229 2.35937656126 1.96219066797 0
210 10.8338830471 117.02719 57.008887 -1.8977403 115.61095167 59.0759747274 -1.82632006206 2.50571001487 4.092078206 0
213 10.8298060894 116.38504 55.250118 -1.9095407 115.180091596 57.1749056303 -1.88551066063 2.27083862857 1.37681983738 0
216 10.7884418964 115.67443 53.450651 -1.9075572 115.545057534 55.4133731247 -1.84521140142 1.96698128458 3.57215112918 0
219 10.8237910271 115.02136 51.574537 -1.9165104 114.776908572 53.2173113155 -1.90661988429 1.66086241221 0.566684807585 0
222 10.8422241211 114.35753 49.684701 -1.9233127 113.901022684 51.9277098215 -1.91538449851 2.28899268298 0.454252484445 0
225 10.8433609009 113.59486 47.870819 -1.9110101 113.328003301 50.0469551785 -1.89839222253 2.192437266 0.722951125321 0
228 11.1049041748 112.87829 45.986656 -1.9118326 112.053741647 47.9246168855 -1.92319517683 2.10607986084 -0.651027696477 0
231 10.916779995 112.17059 44.128463 -1.9122248 111.982269896 45.6142344371 -1.91421988881 1.49765858091 -0.114310168677 0
234 10.948497057 111.43202 42.277019 -1.9027456 110.947412128 44.2132736417 -1.92090783384 1.99597766203 -1.04061934529 0
237 10.8897659779 110.82393 40.37458 -1.9174412 110.159699955 42.6558736889 -1.93115780677 2.37602660935 -0.785903677367 0
240 10.7501978874 110.14399 38.567468 -1.912432 109.375704025 40.7356755499 -1.89293654987 2.30030157118 1.1170070123 0
243 10.8498659134 109.42625 36.696167 -1.9074722 109.102295734 38.9404044868 -1.91096512218 2.26749823897 -0.20012969931 0
246 11.1580460072 108.96452 35.308972 -1.917648 108.450107203 37.5221716896 -1.91242631773 2.27219572035 0.299180355959 0
249 10.7691230774 108.91335 35.330429 -1.9171391 108.518204805 37.7694244995 -1.94197828763 2.47079719363 -1.42318061768 0
252 10.7743859291 108.9585 35.348205 -1.9450374 108.817209354 37.5785309233 -1.99485741265 2.23479680746 -2.85447645989 0
255 10.8347868919 108.97674 35.368834 -2.0165302 108.519806926 37.6954406445 -2.06782158769 2.37105173132 -2.93878003983 0
258 10.8227729797 108.99865 35.397074 -2.0803106 109.218059659 37.0578476866 -2.11004278724 1.6752044163 -1.70352884457 0
261 11.106951952 109.05048 35.474836 -2.159245 108.126835777 37.9233276795 -2.16733618489 2.61691233238 -0.463590745478 0
264 11.1618301868 109.09365 35.518169 -2.2238592 108.736191418 37.4427220509 -2.23408647708 1.95746802874 -0.585979812359 0
267 10.9039530754 109.14301 35.568827 -2.2920109 109.543698353 37.7555197047 -2.29792173594 2.22310056918 -0.338665953004 0
270 10.8249769211 109.24021 35.586114 -2.3597618 108.734133288 38.2938440552 -2.35906886987 2.75461715859 0.0397019716664 0
273 10.9545600414 109.32691 35.57971 -2.4292889 109.176193793 37.9072005615 -2.41093923507 2.33236525627 1.05135835571 0
276 10.8838610649 109.34422 35.612178 -2.4970016 109.247779106 37.081334871 -2.48009539676 1.47231883694 0.96865409314 0
279 10.8331031799 109.45255 35.562283 -2.5751384 109.662251319 37.5704924164 -2.50455236242 2.01912845143 4.04428204566 0
282 11.2282679081 109.51035 35.610832 -2.6455993 110.410213677 37.3559158663 -2.54754378657 1.96343381295 5.61816707755 0
285 10.8811168671 109.52669 35.619453 -2.7060079 109.522953518 37.0163864865 -2.63020494055 1.3969384836 4.34318965135 0
288 11.2025148869 109.56751 35.667144 -2.7779359 109.468517171 36.7382260382 -2.6721422252 1.07564692755 6.06153106523 0
291 10.9466769695 109.58407 35.725569 -2.8421247 109.65969327 36.4660466924 -2.74399460343 0.744329290044 5.62244037659 0
294 11.0750091076 109.62066 35.728072 -2.9074408 109.309837134 37.2834040072 -2.82451366325 1.58608590769 4.7513749428 0
297 11.4016809464 108.40689 35.538158 -2.9474042 109.257089155 37.4549531578 -2.89015161296 2.09688871445 3.28033160343 0
300 10.8711738586 106.63579 35.154474 -2.9731605 105.960338069 36.4334775114 -2.91209499415 1.44640426338 3.49879575879 0
303 10.7424190044 104.74277 34.838538 -2.9724974 104.233499442 36.9469992344 -2.92969617138 2.16909319252 2.4523297581 0
306 10.8064799309 102.71686 34.507066 -2.970186 101.648114272 36.0671521826 -2.88095027973 1.89105429008 5.11283015318 0
309 11.0317919254 100.87602 34.149296 -2.9774562 100.588496993 35.2543038645 -2.89077465449 1.14180202311 4.96648671963 0
312 10.7421162128 98.917573 33.856952 -2.9648121 98.2360528544 34.9667496374 -2.87671952457 1.30235191283 5.04733277883 0
315 11.1540169716 96.872255 33.519705 -2.9713846 95.7756438381 34.5786567096 -2.90232725152 1.52444572348 3.95669461206 0
318 10.7527837753 94.700759 33.157106 -2.9752463 93.9131729007 33.9007980159 -2.91273843463 1.08322189705 3.581436872 0
321 10.7094109058 92.656194 32.878926 -2.9695623 92.2355596642 33.9768577743 -2.92832417415 1.17574972914 2.36277056627 0
324 10.8830640316 90.628889 32.525228 -2.9736018 89.7217623965 33.5960188412 -2.9562876127 1.40337867326 0.992029858246 0
327 10.7218251228 88.510396 32.191288 -2.9695852 87.2751574918 33.2805578532 -2.95031578877 1.64691316869 1.10405593738 0
330 11.1159398556 87.334812 32.006658 -2.9896435 86.2313755883 33.761877438 -2.97709862722 2.0732503925 0.718768264834 0
333 10.8256859779 87.328365 31.983283 -3.0015998 86.158924716 33.6421818795 -3.02172673695 2.02966402888 -1.15318854165 0
336 10.8268659115 87.328448 32.00285 -3.0442403 86.5326757851 33.4941076639 -3.08362060238 1.69029667161 -2.25632512238 0
339 10.8144111633 87.480424 31.977098 -3.121648 86.0753025642 33.6251650182 -3.13101732559 2.16575417481 -0.536822813404 0
342 10.832116127 87.509332 32.088761 3.0972389 86.3657147784 34.0400092863 3.1409197211 2.2616874727 2.50272669448 0
345 11.0913228989 87.537767 32.004513 3.0032565 86.6360640896 33.8738312167 3.0701756042 2.07543218002 3.83418223942 0
348 11.5607950687 87.588829 31.971963 2.902116 86.7169173747 33.3839559204 3.0024087865 1.65950410952 5.74635338232 0
351 10.8205471039 87.696053 31.883789 2.7788249 86.7285851689 33.6991910927 2.9272054533 2.05710446077 8.50157946563 0
354 10.9186508656 87.777704 31.698119 2.6376296 86.0783257376 33.8242166171 2.82107257466 2.72179675145 10.5105082296 0
357 10.8079600334 87.896098 31.65995 2.4917922 85.8650063938 33.4627621306 2.77664028618 2.71578067799 16.3205931404 0
360 10.7489359379 87.958395 31.594625 2.366513 86.3999024404 33.4802458361 2.57300688747 2.44631661808 11.831228247 0
363 10.8322360516 87.964094 31.460561 2.2184109 85.8216037914 33.5238815322 2.41765656614 2.97448414233 11.4159357562 0
366 11.317964077 87.708527 31.831987 2.1125682 85.5444914821 34.9181603221 2.28638590065 3.76928580726 9.95902065219 0
369 11.1110990047 86.721318 33.612273 2.0920166 84.7446138499 36.4253034343 2.33471921451 3.43809533337 13.9058354882 0
372 10.8110799789 85.724716 35.405361 2.0873093 84.2047519538 36.2616318951 2.07400155328 1.74456027344 -0.762477721879 0
375 10.6907639503 84.755772 37.248267 2.0862059 83.2992121654 38.3820842197 2.04747426442 1.84583532294 -2.21915925265 0
378 10.7442719936 83.690185 39.149374 2.0868314 81.8791545344 40.0949426189 2.10351564017 2.04302015665 0.955936546403 0
381 10.7869899273 82.666747 40.97523 2.090975 81.0852297221 41.9161157335 2.15822992958 1.84023445886 3.85342361635 0
384 10.9582521915 81.635815 42.877142 2.0910396 80.1522023656 43.6327502376 2.10478721831 1.66494752402 0.787680507304 0
387 11.0612568855 80.624097 44.699122 2.0805048 79.1019151858 44.9879210455 2.1060309939 1.54933610436 1.46254317774 0
390 10.8592550755 79.602515 46.546403 2.0762437 78.0038915175 46.708113524 2.10093804508 1.60678166917 1.41488175094 0
393 10.5800189972 78.599692 48.40129 2.0808805 77.3600189919 48.9273838838 2.09281934048 1.34668628181 0.684045171539 0
396 10.9734940529 77.532669 50.298142 2.0919608 75.9208039998 50.8688074037 2.11588940651 1.70990285738 1.37100816276 0
399 10.6405770779 76.53881 52.074716 2.0854653 75.1633175099 52.597183578 2.1028982599 1.47137757235 0.998835026496 0
402 10.7912540436 75.533974 53.92833 2.0838411 73.6398363975 54.7469280786 2.10617688804 2.06345827958 1.27974638668 0
405 10.7789371014 74.451304 55.860797 2.0823704 73.040553618 55.8609606306 2.11471989632 1.41075039146 1.85348960842 0
408 10.7655889988 73.464188 57.689364 2.0801622 71.4553940829 58.1375576286 2.15571240504 2.05818622334 4.32870788987 0
411 10.7181031704 72.461178 59.521835 2.0808323 70.1469253794 59.9112806346 2.14322203428 2.34679208585 3.5746684591 0
414 10.7772779465 71.469371 61.42577 2.0898858 69.4690922059 61.6658319687 2.09614051483 2.01463272164 0.358368762089 0
417 10.7665848732 70.386885 63.322712 2.0827703 67.9773739724 63.5817468526 2.10817552945 2.42339481867 1.45561242501 0
420 11.0673639774 69.38246 65.186025 2.0922796 67.0381249438 65.1619104511 2.12085266534 2.34445907773 1.63711605184 0
423 11.0991179943 68.400253 67.014087 2.0893798 65.8047482293 67.2843208943 2.12074357407 2.60953470416 1.79701188355 0
426 10.7293221951 67.30799 68.901204 2.089526 64.812751294 68.9106675925 2.12335269969 2.49525665201 1.93812712734 0
429 10.832901001 66.315197 70.741557 2.0869248 63.6729940752 70.4288703141 2.1097078928 2.66064076107 1.30537506147 0
432 10.7010240555 65.281228 72.464006 2.0745737 62.8309047257 72.5866942985 2.12195879355 2.45339286853 2.71496587249 0
435 10.7043850422 64.283593 74.421326 2.0918621 61.3310753224 74.3917559385 2.11425086849 2.95266574893 1.28278194279 0
438 11.3000359535 63.28447 76.191493 2.091939 60.1687407721 75.9010855108 2.12935463746 3.12923395279 2.14375811443 0
441 10.7973179817 62.204887 78.125252 2.0893553 58.8129137261 77.9888571087 2.1230067533 3.39471445886 1.92808624846 0
444 10.7322041988 61.273659 79.948227 2.0960183 58.1141579359 79.9215538774 2.11984336614 3.15961365189 1.36507573641 0
447 10.845580101 60.19879 81.787566 2.089809 57.0904510334 81.6126902237 2.11495611445 3.11325435333 1.44082352477 0
450 10.8928420544 59.161438 83.629466 2.0974137 56.2137514413 83.9523628416 2.08732684977 2.96531927773 -0.577933946962 0
453 10.7051649094 58.11891 85.485673 2.0964985 56.0863065128 85.6826868022 2.07952247451 2.0421291278 -0.972654613647 0
456 10.7464971542 57.036783 87.336936 2.0992423 54.4091401003 87.1876722452 2.0832607875 2.63187896315 -0.915673216699 0
459 10.7893519402 56.357629 88.602308 2.124456 53.9090401175 88.5356892504 2.10539547772 2.44949496287 -1.09208748208 0
462 10.7442610264 56.200217 88.720884 2.2094598 54.0610250503 88.4497175155 2.21388618944 2.15631014934 0.253613433515 0
465 10.8392190933 56.199637 89.07416 2.3631742 53.1864074405 87.8614921976 2.35940757367 3.24809414538 -0.215811791962 0
468 10.7342381477 56.109511 89.161307 2.4869631 53.2004751138 88.4482753735 2.50122269504 2.99514672217 0.817014613273 0
471 10.7687199116 56.023191 89.233423 2.608836 52.6711793304 88.5654608839 2.59704679343 3.41791685415 -0.675471780328 0
474 11.1291880608 54.873312 89.789936 2.6823278 52.0541439931 89.4926031068 2.7087717951 2.8348042438 1.51512931242 0
477 10.7806591988 52.997249 90.667048 2.6986067 49.6810762665 89.948024976 2.71810849077 3.39322791861 1.11737030382 0
480 10.7414059639 51.122563 91.609157 2.7018871 47.770850214 90.7211109228 2.72870203383 3.46736274929 1.53638253666 0
483 10.7364840508 49.137432 92.566213 2.7007601 46.66393431 91.7759179164 2.71458502918 2.5966819485 0.792110093922 0
486 10.8473169804 47.308569 93.452781 2.7003868 44.5388815689 92.6360958585 2.72031699613 2.88758429941 1.14191612336 0
489 11.1422290802 45.360782 94.336008 2.7008969 42.2288879624 93.4413117795 2.71621489173 3.25718307587 0.877656276471 0
492 10.6644759178 43.468079 95.251019 2.7064338 40.9026087832 94.0500938816 2.7241505831 2.83264162454 1.01509689821 0
495 10.8042171001 41.590918 96.131677 2.7064065 38.1914017947 95.2776556708 2.7326966086 3.50514805119 1.50631226545 0
498 10.6576719284 39.606214 97.06058 2.704478 36.6189737592 96.1788462761 2.72867991615 3.11465224643 1.38666765129 0
501 10.8108170033 37.718719 97.944153 2.696243 34.3715142543 96.800723407 2.74052978479 3.53711900332 2.53744585649 0
504 10.699231863 35.769603 98.891663 2.7044976 32.5405695211 97.0779454296 2.74747802132 3.70354271376 2.46259674347 0
507 10.8630900383 33.862509 99.822852 2.7013631 31.5780832363 98.7736952073 2.70765787702 2.51382796651 0.360664156114 0
510 10.6520209312 31.979521 100.73965 2.7066945 29.021841261 99.5943776327 2.73493966472 3.17167435813 1.61832872998 0
513 10.8386130333 30.015598 101.64307 2.7044148 27.4353277614 100.565938565 2.70916990958 2.79606985478 0.27244771008 0
516 10.7558431625 28.083667 102.5122 2.7038251 25.6154408895 101.589602865 2.69767986209 2.63501909024 -0.352096196258 0
519 10.8787970543 26.231599 103.44351 2.6987262 23.503059868 102.525637254 2.71715163059 2.87878727471 1.05569940853 0
522 10.728345871 24.326425 104.3449 2.7056645 21.3959219117 103.321616868 2.70616155034 3.1040226673 0.0284788868934 0
525 10.7457559109 23.072168 104.95788 2.6888385 19.7385386389 103.512586801 2.68965691638 3.63344975859 0.0468918044072 0
528 10.7255339622 23.059574 104.94595 2.6093304 19.4511694649 104.240112167 2.58814626907 3.67679076575 -1.2137612948 0
531 10.8131709099 23.148655 105.02795 2.4881616 18.9338782724 104.587547119 2.47164850893 4.2377231576 -0.946130425105 0
534 10.7343380451 23.15609 104.97342 2.3614352 18.8353793596 103.929364051 2.34858626181 4.44506392114 -0.736189929599 0
537 10.7102208138 23.189116 104.80794 2.2179164 19.1906675643 104.449268895 2.21646767721 4.0145030644 -0.0830057014941 0
540 10.6717689037 23.170444 104.45908 2.0515088 18.9550145682 104.272832078 2.09312254999 4.21954186888 2.38429224393 0
543 10.6958870888 23.203193 104.36781 1.9241471 19.2256373614 103.839119635 1.95600072164 4.01253814436 1.82507808217 0
546 10.7638671398 23.268475 104.40083 1.8086424 19.4786154839 103.801685539 1.81969576538 3.83692705646 0.633311185505 0
549 10.7202107906 23.269141 104.3114 1.6661585 19.0155883958 104.069697242 1.67236706098 4.26041429676 0.355724341047 0
552 10.725053072 23.273746 104.22596 1.531085 19.0350695712 104.463788816 1.49892998185 4.24534337994 -1.84234683002 0
555 11.0485739708 23.201513 103.9692 1.3630267 19.7457676783 104.475431873 1.42777031972 3.49262744038 3.70953616034 0
558 11.0004839897 23.573375 105.47089 1.3112874 19.9287780848 105.790502417 1.3561780087 3.65858425783 2.57204241835 0
561 10.7484920025 24.091257 107.45193 1.3021436 19.4251175307 106.761728167 1.31681518588 4.71690959396 0.840619949577 0
564 10.733494997 24.69734 109.54228 1.2971878 20.9398642459 108.658117367 1.3072764345 3.86009942937 0.578036178071 0
567 10.7177529335 25.24514 111.62222 1.291934 21.7249369686 111.134146493 1.31486734997 3.55387747825 1.31398416362 0
570 10.8778021336 25.838263 113.71051 1.2925571 21.9556551544 113.776439752 1.29337707429 3.88316757491 0.0469810661996 0
573 10.8599278927 26.485855 115.66064 1.2984976 22.3068081441 115.434382723 1.32886975836 4.18516725818 1.74019648878 0
576 10.832449913 26.666562 116.70228 1.2516028 22.3999045283 116.653871305 1.30433679909 4.26693208082 3.02143558487 0
579 10.5387189388 26.671044 116.66524 1.1445574 22.7005786813 116.348756989 1.15158357371 3.98305866688 0.402570099813 0
582 10.6722230911 26.68282 116.71548 1.0360889 22.5643629967 116.369639111 1.01290513234 4.13295221466 -1.32833204006 0
585 10.6230280399 26.598988 116.54426 0.86252405 22.477776292 116.217273626 0.885875841753 4.13416328061 1.33795911152 0
588 10.7283961773 26.490987 116.49462 0.72378221 22.5887155799 116.15798051 0.766973201428 3.91676504052 2.47466152179 0
591 10.7685630322 26.414554 116.44154 0.58967497 21.825379933 116.351330134 0.625434166665 4.59006061369 2.04885104771 0
594 10.6606249809 26.30131 116.37003 0.43724496 22.2252919218 115.944386987 0.510769991155 4.09818195648 4.21267397377 0
597 10.7107801437 26.176025 116.35464 0.31453037 21.9572872288 116.087909871 0.363282859106 4.22716138131 2.79331186651 0
600 10.7387180328 26.088883 116.46581 0.14702743 21.997711463 116.260399069 0.252568958017 4.09632496215 6.04708411871 0
603 10.6744930744 25.977812 116.45377 0.019989929 21.3870809527 115.946185126 0.0637164658242 4.61870695678 2.50534601275 0
606 10.8334839344 25.890585 116.45549 -0.11586106 22.1902883096 115.870891974 -0.0211798487859 3.74619145921 5.42483380175 0
609 10.7792170048 27.617035 116.21759 -0.13548047 24.3751039838 115.875585471 -0.0748702933598 3.25992082907 3.47270731703 0
612 10.6668918133 29.732468 115.90829 -0.14344069 25.914038228 115.290281759 -0.0902338687453 3.86811841975 3.0485262992 0
615 10.6454200745 31.744289 115.6014 -0.14068963 28.1074158799 115.407593616 -0.105477483356 3.64203336154 2.01750739029 0
618 10.6978709698 33.87565 115.27561 -0.13567301 30.3785797007 115.393490244 -0.134827274629 3.49905650567 0.048457067365 0
621 10.6971931458 35.936054 114.9269 -0.14240112 32.724875187 114.681513413 -0.0971735261124 3.22054093994 2.59135024729 0
624 10.8465240002 38.113735 114.67885 -0.14674677 34.616137655 114.645106798 -0.123961268719 3.49776011063 1.30551305748 0
627 10.8132989407 40.163768 114.30534 -0.14012204 36.6121036314 114.356315176 -0.0951090060438 3.55203015974 2.57905686877 0
630 10.8445589542 42.346763 113.98058 -0.16006212 38.9192804457 114.343811803 -0.0880477631072 3.44667579015 4.1261187143 0
633 10.6377520561 44.341947 113.67079 -0.15507802 40.9079774589 114.456501634 -0.0807233509125 3.52271054474 4.26020872581 0
636 10.7740039825 46.544067 113.30502 -0.15009707 43.0048869925 114.424545848 -0.0714605635532 3.71202549172 4.50553993506 0
639 10.6344368458 48.557097 112.97025 -0.14631805 44.8795162614 113.709643294 -0.0723971867286 3.75117348739 4.23535348342 0
642 10.8319590092 50.586062 112.64729 -0.14866611 47.4013205417 113.924182767 -0.0773386653476 3.43118540655 4.08676154203 0
645 10.9561100006 52.747394 112.3225 -0.14488479 49.6661320202 113.800562003 -0.0757757151992 3.41743217527 3.95965831214 0
648 10.7944521904 54.919709 111.95097 -0.14565598 51.6951634508 113.977827737 -0.065715180144 3.80865413023 4.58027044265 0
651 10.6808838844 56.9199 111.70562 -0.14317608 53.887772166 113.243913941 -0.0807613438033 3.40002168386 3.57610096349 0
654 10.7421700954 58.963864 111.32719 -0.14485493 56.4547918371 114.354424088 -0.0363482344079 3.93186842866 6.21697570634 0
657 10.7559051514 61.070196 111.0267 -0.15209978 57.6016669518 112.332772709 -0.129208717556 3.70628111158 1.31156126662 0
660 10.7588508129 63.25691 110.67843 -0.1447313 59.826848469 112.110522363 -0.119918241266 3.71701636289 1.42168354229 0
663 10.7783141136 65.338645 110.4192 -0.14848438 61.3023926604 111.63989886 -0.130688626008 4.216804318 1.01962159698 0
666 10.7323360443 67.412523 110.08404 -0.1445869 63.2564154069 111.616354951 -0.123955360062 4.42958456688 1.18210016333 0
669 10.761013031 69.507235 109.73429 -0.15139682 65.8681339107 111.130326569 -0.115773435393 3.89768839706 2.04106958993 0
672 10.7427048683 71.647859 109.39116 -0.14906575 68.2411962076 111.099793561 -0.120263369714 3.81113894112 1.65025483031 0
675 10.6726028919 73.702975 109.06139 -0.1559357 69.8800548033 111.283456913 -0.0984795272677 4.4217982991 3.29199620454 0
678 11.1665260792 75.754203 108.72815 -0.15045699 72.2630659409 110.305734781 -0.136933983652 3.83103272078 0.774811190041 0
681 10.6209690571 77.860742 108.43703 -0.15243836 74.4193230041 109.681368685 -0.142072059377 3.65947311355 0.593945274883 0
684 10.750551939 79.97813 108.08555 -0.15170568 76.0450914069 109.105689428 -0.146167111078 4.06318557632 0.317336623747 0
687 10.7986149788 82.120618 107.73965 -0.14888428 78.1670334779 108.825410245 -0.134389660626 4.09996413205 0.830480515795 0
690 10.7364110947 84.192494 107.42985 -0.14593359 80.7790376789 108.710376512 -0.135941940003 3.64574165335 0.572479375206 0
693 10.7786619663 86.28045 107.15458 -0.15823172 82.3841579207 108.68292709 -0.122598509171 4.1853239772 2.04163259101 0
696 10.7229421139 88.385341 106.75858 -0.15035877 84.4238440626 108.750387641 -0.1148931691 4.4340450677 2.03202924947 0
699 10.6759710312 90.512184 106.42958 -0.15443508 87.0856300977 108.566532779 -0.0966538181816 4.03829652505 3.31062243713 0
702 10.7019820213 92.541412 106.11165 -0.15857271 89.5376292009 108.439390481 -0.0984262415405 3.80014300419 3.44613879535 0
705 10.6412000656 94.624435 105.7799 -0.14991569 90.7460849353 108.174011873 -0.109339575478 4.55778135558 2.32484011116 0
708 10.7807900906 96.812614 105.41142 -0.16008539 93.6872533802 107.040102928 -0.125758181425 3.52427114211 1.96680417379 0
711 10.6420648098 98.833392 105.05687 -0.15857643 94.8635271799 106.830233115 -0.125094488484 4.34794703577 1.91837393875 0
714 10.6432418823 100.9283 104.72764 -0.15390186 96.4243063071 107.027922098 -0.114381307804 5.0573962587 2.26436084484 0
717 11.0272929668 103.02648 104.38009 -0.15580909 99.0571862185 106.7825159 -0.110013613996 4.63971371194 2.62388749585 0
720 10.7526738644 103.56436 104.3046 -0.21764658 99.5286304373 106.454372653 -0.180791159513 4.57259615138 2.11166004606 0
723 10.7505679131 103.46604 104.39779 -0.32798619 99.7574521952 106.718119839 -0.311088841625 4.37464902216 0.968146746832 0
726 10.6784520149 103.43166 104.43448 -0.46455789 99.9224863674 107.348649955 -0.435924904867 4.56143465512 1.64054920298 0
729 10.7322800159 103.35806 104.51276 -0.60050128 99.111320424 106.907216599 -0.550858365941 4.87526608809 2.84432945834 0
732 10.671913147 103.30537 104.5712 -0.75278089 100.781838569 106.679108572 -0.658168943035 3.28808294152 5.4208652526 0
735 10.7802450657 103.24477 104.73622 -0.88717849 99.7917861927 107.004474388 -0.801369877416 4.13135270123 4.91647134691 0
738 10.7682440281 103.11543 104.83266 -1.0218313 100.606903433 106.646775601 -0.934716343391 3.09575854184 4.99131934617 0
741 10.7391159534 103.3336 104.43355 -1.1359167 100.378656584 106.736297348 -1.07275611261 3.74624291046 3.61883508899 0
744 10.6711170673 104.18264 102.5184 -1.1499809 101.638699465 104.935179963 -1.08798631457 3.50891134666 3.55202809806 0
747 10.6761329174 105.02068 100.61649 -1.1544373 102.947006968 102.736928734 -1.05038888367 2.96586922621 5.96153512061 0
750 10.649296999 105.97315 98.645528 -1.1675657 103.656745168 101.4231753 -1.05308260368 3.61677423478 6.55939824464 0
753 10.7370100021 106.66644 96.709247 -1.154133 104.611880982 98.9594460109 -1.09092297793 3.04706553037 3.62166748762 0
756 10.7240259647 107.65453 94.805864 -1.1707179 105.343100456 97.4884203265 -1.11452383246 3.54101891887 3.21968290361 0
759 10.7346661091 108.36584 92.821603 -1.1639211 106.031267654 95.1408003065 -1.12037273571 3.29073003812 2.49513747825 0
762 10.7515590191 109.18739 90.932737 -1.1605274 107.219893132 92.7021483985 -1.13749431491 2.64610291201 1.31969856479 0
765 10.9024870396 110.00551 88.971931 -1.1631703 108.186729427 90.0577645067 -1.13533518272 2.11825333184 1.59483474237 0
768 11.401296854 110.83946 87.051439 -1.1600004 108.9320256 89.0731978441 -1.12837533406 2.77953499927 1.81198280523 0
771 10.7806241512 111.68317 85.129972 -1.1502451 110.3698807 86.9514834595 -1.10184225102 2.24558072281 2.77327896318 0
774 10.6902968884 112.49307 83.177328 -1.1488654 110.987002615 85.9167790574 -1.10435856305 3.1261527576 2.55005391693 0
777 10.7453842163 113.40329 81.226755 -1.149046 111.730335231 83.6335259764 -1.1326157541 2.93109607358 0.941383746495 0
780 10.7504370213 114.20236 79.347389 -1.1522317 112.22639905 82.2364511499 -1.12592376313 3.50015739383 1.50733375024 0
783 10.707764864 115.10134 77.33273 -1.146946 113.176688153 80.3247522262 -1.12192259744 3.55759493659 1.43373535599 0
786 10.7432618141 115.87569 75.433999 -1.1405871 113.755951205 77.975640862 -1.12654522395 3.30956733045 0.804540234086 0
789 11.1459472179 116.74641 73.521868 -1.1514597 114.5511304 76.1503086263 -1.14325033771 3.42460985329 0.470361811968 0
792 10.6780600548 117.66191 71.592443 -1.1472421 115.602881795 74.4830983339 -1.12466455854 3.54901189167 1.29359783732 0
795 10.7170059681 118.47567 69.543126 -1.1411103 116.723506565 71.8181438444 -1.12710597645 2.87154712552 0.80238863418 0
798 10.7193009853 119.32773 67.660396 -1.1493947 117.216139793 70.1610943985 -1.12907836198 3.2729658846 1.16404042394 0
801 10.6793420315 120.23613 65.736718 -1.1477983 118.858954945 68.2099348797 -1.13121424814 2.83079721416 0.950196178876 0
804 10.7243230343 121.05504 63.851108 -1.1435448 119.728979833 66.5660043063 -1.11893082953 3.02143964372 1.41027662481 0
807 10.8506741524 121.9387 61.889647 -1.1416966 119.880560866 64.2046591955 -1.12016850428 3.09761491497 1.23346902567 0
810 10.7264101505 122.75206 59.947854 -1.134592 121.411491899 62.3483538706 -1.11584615928 2.74945857599 1.07405755659 0
813 10.6809179783 123.61313 58.017737 -1.1345099 122.517410501 60.7201790187 -1.11232690295 2.91612655512 1.27099210801 0
816 10.7041251659 124.50226 56.14403 -1.1250591 123.047440971 59.1201130684 -1.11620471524 3.31263774612 0.507318876692 0
819 10.6355099678 125.37031 54.195354 -1.1346431 123.876446252 57.6930986641 -1.12063936238 3.80339935228 0.802355062758 0
822 10.8076097965 126.19009 52.293812 -1.120627 124.749358878 55.586077663 -1.11444902184 3.59370551957 0.353972074541 0
825 10.7249388695 127.09539 50.434417 -1.1252352 125.768328224 53.5951621541 -1.11160817983 3.42803192627 0.780770743319 0
828 10.7476148605 127.94916 48.435924 -1.125081 126.910818719 51.466657908 -1.10847413769 3.20366987014 0.95150312124 0
831 10.7523610592 128.83417 46.49897 -1.1135569 127.024907383 49.2546594713 -1.12916170186 3.29655208945 -0.894089286457 0
834 10.7360899448 129.69028 44.561049 -1.1141866 128.257059705 47.2174503539 -1.13846819528 3.01837515322 -1.39123292941 0
837 10.6430079937 130.6504 42.689185 -1.1179531 128.977847769 45.2872758715 -1.13115445533 3.08990406702 -0.756381944329 0
840 10.7878291607 131.56218 40.752166 -1.1133477 130.383267141 43.305971592 -1.12494969745 2.81278483559 -0.664745488056 0
843 10.7325959206 131.80181 39.159633 -1.0655485 131.405558925 42.3960622148 -1.09738140949 3.26059641424 -1.82389136319 0
846 10.7677090168 89.526265 39.287264 -0.26055386 132.333713637 40.8029220935 -1.09686499622 42.8342722395 -47.9170984652 0
849 10.653897047 49.129117 22.860079 0.57174269 133.514001793 39.8613973193 -1.06841739615 86.0805065401 -93.9742506621 0
852 10.7846410275 45.693587 19.436118 1.0035584 135.406144908 39.4843868014 -1.04445735915 91.9253834822 -117.342659376 0
855 10.8710329533 46.841947 21.209275 1.0214136 38.6737017121 90.570275509 2.34644039709 69.8403080083 75.918443215 0
858 10.7843699455 48.00008 22.972907 1.0079248 31.5265641047 96.1544359872 -2.8296221662 75.0127516551 140.124755154 0
861 11.1263611317 49.170996 24.731115 1.014741 36.2089292158 91.1794963568 1.85344464509 67.7008313114 48.054179126 0
864 10.8353009224 50.349541 26.532036 1.0144485 36.9902813786 89.4591291083 -1.04533772733 64.3295333785 -118.017057525 0
867 11.2783169746 51.518278 28.351001 1.0069992 57.406333928 105.61161624 -3.12745845134 77.4846557065 123.113026003 0
870 10.7709760666 52.642563 30.101924 1.0170679 56.7217715068 104.476691505 -2.95984650257 74.4865490108 132.139589248 0
873 10.8217520714 53.80357 31.912095 1.0183648 55.9925998375 103.131481464 -3.09709320275 71.2530200062 124.201625679 0
876 10.7584860325 54.946688 33.671099 1.0064723 95.1280956379 47.492310153 -2.65957154308 42.4920156911 149.951160282 0
879 10.9567420483 56.161659 35.476636 1.0152563 35.9218392471 103.73485608 1.72887911809 71.1957506606 40.8875756409 0
882 11.5594539642 57.333476 37.252395 1.017552 37.1279490071 106.100943272 1.55925951177 71.7522537644 31.037554155 0
885 11.0400528908 58.434052 39.044555 1.0099164 37.1754833981 107.724017522 1.55451869858 71.8943343481 31.2034132219 0
888 10.8488149643 59.558673 40.733157 1.0155176 87.9927777748 43.5738081062 2.96801653394 28.5756472027 111.869948419 0
891 10.7475950718 60.829575 42.673596 1.0256616 35.7823509726 112.24214931 1.94703952032 73.9401585143 52.7910661711 0
894 10.7535200119 61.938983 44.298725 1.0235902 35.6468251558 114.288313338 1.62371136449 74.7650990761 34.3844099217 0
897 10.761428833 63.08776 46.123861 1.0214801 33.8513883976 116.00852879 1.62813280053 75.7537604119 34.7586393707 0
900 10.9273610115 64.233274 47.872937 1.026201 61.9900994924 49.5791378328 0.971876770026 2.81832452948 -3.1125491028 0
903 10.8329360485 65.367062 49.701179 1.0288308 63.3549139588 50.1670296791 0.95342445103 2.06537081291 -4.32046554447 0
906 10.7243189812 66.47055 51.411163 1.0247772 64.3866433693 51.2867426803 0.934730573037 2.08761760424 -5.15929168438 0
909 10.8290560246 67.601685 53.206336 1.0345375 65.8908693485 53.7360778367 0.913509361004 1.79095410522 -6.93440156682 0
912 10.8532311916 68.713633 54.989386 1.0321621 66.8281882956 55.1002875114 0.91662515589 1.88870349146 -6.61977927533 0
915 10.8189721107 69.889939 56.860516 1.0335194 66.941177416 58.0350328735 1.0191457414 3.17406439215 -0.823549973866 0
918 10.7812879086 70.97178 58.665246 1.0279054 68.2013432805 59.9636878872 1.02109588681 3.05961941282 -0.390156366436 0
921 10.8303079605 72.083269 60.388926 1.0348295 69.3385728461 62.0443922522 1.00480553075 3.20529647453 -1.72024672216 0
924 11.0059399605 73.21006 62.180545 1.0389104 69.9382249493 62.9231712277 1.02821300794 3.35505563491 -0.612915416682 0
927 10.7403049469 74.211219 63.966291 1.0279221 71.0289784015 65.1569042916 0.999420621505 3.39767791831 -1.63301442763 0
930 10.7491390705 75.394113 65.876292 1.0355825 72.789328725 67.0864827437 1.0274485328 2.87218779943 -0.466041991164 0
933 10.7846009731 76.475569 67.55587 1.0353462 73.8184337245 68.7332282557 1.02033413081 2.90629322933 -0.860128206133 0
936 11.1044168472 77.652303 69.425792 1.0395167 75.0874403509 70.5134996324 0.988642331637 2.78596990333 -2.91488659258 0
939 10.8203418255 78.72098 71.209083 1.0347632 75.8821782736 72.2122930466 1.00449023771 3.0108513147 -1.73451297243 0
942 11.0640370846 79.923618 73.070281 1.0406815 77.1566162833 74.0650687509 1.00278688228 2.9403913293 -2.1712016615 0
945 10.7874660492 80.886825 74.813727 1.0240856 78.4895961538 75.9548424548 0.999023063989 2.65496716027 -1.4359775373 0
948 10.7947041988 82.003807 76.66259 1.0354781 79.3069745782 77.7607817687 0.992209261338 2.91186027687 -2.47912183978 0
951 10.8232970238 83.149971 78.458347 1.0359732 81.8514145268 80.0774248644 0.984128417441 2.07549079615 -2.9704872304 0
954 10.7765491009 84.209192 80.07724 1.046865 82.38343766 81.1261963344 1.01232997122 2.10563251819 -1.97871139473 0
957 10.6755549908 84.421821 80.346791 1.1291589 82.2456448143 80.9174712195 1.07331443279 2.24975969917 -3.19965228028 0
960 10.6747689247 84.549549 80.462185 1.2384433 81.7437876653 81.4213243303 1.20622053801 2.96517198862 -1.84622826628 0
963 10.7204511166 84.477315 80.645515 1.377415 82.3766418783 80.9206238671 1.32637679471 2.11861097254 -2.92427375676 0
966 10.7218019962 84.491575 80.745704 1.5042297 81.7085283892 81.0076403625 1.46646413575 2.79534597073 -2.1638074425 0
969 10.7157299519 84.58151 81.604236 1.6242617 81.2987353644 81.9399467859 1.58659507324 3.29989561048 -2.15813874176 0
972 10.7647030354 84.52138 83.606555 1.6450761 81.0200024736 83.1914828543 1.61456407703 3.52589413747 -1.74821014075 0
975 10.9432361126 84.450105 85.633891 1.6510189 81.1532597559 86.6508916903 1.63272559492 3.45014187647 -1.0481291743 0
978 10.7524960041 84.288283 87.799076 1.6553182 81.2233177737 88.188640724 1.60285132168 3.08962336094 -3.00613069217 0
981 10.7468400002 84.219899 89.940013 1.6574582 81.306559963 90.5783685311 1.61940966062 2.98245572112 -2.18002072284 0
984 10.6872091293 84.085061 91.960688 1.6559816 80.7730781581 92.8866587387 1.6367505403 3.43898999038 -1.10185855658 0
987 10.7650799751 83.972707 94.061302 1.6546883 80.2485299454 95.1616132879 1.64834569956 3.88332070066 -0.363404236245 0
990 11.3711261749 83.850194 96.236204 1.650278 80.2868550005 96.4963077217 1.67505654041 3.57281944287 1.41970578794 0
993 10.8472709656 83.742141 98.372522 1.653672 79.8680086871 99.2573073779 1.65594274529 3.97388303081 0.130104121398 0
996 10.8858289719 83.558608 100.37046 1.6603574 79.9786276235 100.896938827 1.62414928154 3.6184857954 -2.07457237187 0
999 10.7760639191 83.448658 102.54165 1.6520527 79.6966497974 102.630827823 1.65100474369 3.75306784334 -0.0600434734454 0
1002 10.7396028042 83.308795 104.69204 1.6576029 79.7374200973 105.283055905 1.65485621613 3.61994730555 -0.157373393567 0
1005 10.9747531414 83.194681 106.76107 1.661421 78.9818639495 107.729345767 1.66161763907 4.32265953585 0.011266588583 0
1008 11.0086390972 83.066158 108.84686 1.6653468 78.7208449198 109.296896562 1.6806410563 4.36855567351 0.876296336585 0
1011 10.7781200409 82.920912 111.09751 1.6564676 78.5300501554 111.69800618 1.66444587249 4.4317336789 0.457121341625 0
1014 10.808535099 82.798446 113.12029 1.6519674 78.4794569093 113.627732277 1.6656488386 4.34869686568 0.783888689174 0
1017 11.0008740425 82.725101 115.25424 1.6521864 78.3451905207 116.125203576 1.65616537474 4.46566829895 0.227978459287 0
1020 10.8592588902 82.605874 115.888 1.7134215 78.6746964881 117.13524088 1.71142668314 4.12428981082 -0.114294586849 0
1023 10.7635240555 82.650086 115.98425 1.8265292 78.761332374 117.463704277 1.82695725974 4.16067178732 0.0245260162255 0
1026 10.8162419796 82.697137 116.16336 1.9516157 78.5167364008 117.19250859 1.97112685703 4.30521729892 1.11790695135 0
1029 10.7982170582 82.611261 116.28116 2.0730733 78.6695917276 117.133386016 2.09572124565 4.03274668623 1.29763170066 0
1032 10.7642130852 82.517518 116.45008 2.1971216 79.2237277166 117.172790906 2.24755317305 3.37214553139 2.88951628973 0
1035 11.2619991302 82.418538 116.4581 2.3123831 78.6156805252 116.835771263 2.35744825564 3.82156519721 2.5820432214 0
1038 10.8281140327 82.414024 116.83182 2.4679277 78.687315949 116.760487072 2.49026800723 3.72739068035 1.28000531726 0
1041 10.6392698288 82.282962 116.94587 2.5874118 78.4041769597 117.935623361 2.6005226991 4.00307195853 0.751199183904 0
1044 10.7099909782 82.208722 116.96752 2.707272 79.0053276007 116.945684866 2.74886719493 3.20346881529 2.38322911741 0
1047 10.8957688808 82.043289 117.20312 2.8493508 78.6377675752 117.548751471 2.87767221845 3.42301581783 1.62269774729 0
1050 10.7851729393 81.832352 117.28824 2.9891727 78.1557497439 116.949518496 2.99793448093 3.69217231544 0.502013068208 0
1053 10.7977039814 81.142386 117.29523 3.0875315 77.4763342056 116.935021691 3.12611278556 3.68370544223 2.21054483054 0
1056 10.9583718777 79.131234 117.37152 3.1037602 75.6903408184 116.942083062 -3.13503401197 3.46758734148 2.54342240334 0
1059 10.7547159195 77.094643 117.50841 3.1079346 74.3471841581 116.726502161 -3.11944471665 2.85655561057 3.19744772883 0
1062 10.6970150471 74.899205 117.59033 3.115912 72.0775373941 117.305048167 -3.11509774032 2.83605250354 2.98943977463 0
1065 10.7688269615 72.824078 117.69503 3.116944 69.9002537293 117.184828961 -3.11318349913 2.96800496406 3.03998847159 0
1068 10.752751112 70.711208 117.83017 3.1174699 68.0802105581 117.197383555 -3.1130246395 2.70602406212 3.01895860706 0
1071 10.7524251938 68.550781 117.88294 3.1169773 65.6302586607 116.996911098 -3.13046228075 3.05196624322 2.04807926005 0
1074 10.7810590267 66.454241 117.99143 3.11617 63.9785846063 117.239975261 -3.12623568291 2.58719129663 2.33650036057 0
1077 10.7784759998 64.352032 118.06903 3.1139299 61.0893996885 117.111939765 3.11927787336 3.40011636836 0.306416302691 0
1080 10.7726991177 62.204954 118.16997 3.1178991 59.1793490794 117.274099072 3.13283757647 3.15545081641 0.855911654051 0
1083 10.779861927 60.134729 118.2293 3.1166836 57.1720289874 117.443353875 3.12765396699 3.06517579854 0.628555728123 0
1086 10.7803061008 58.034017 118.36643 3.1239361 54.8369508815 117.350584434 -3.13422638507 3.35457508198 1.43370209851 0
1089 10.8988580704 55.858025 118.47896 3.1251128 52.513036208 117.321565511 -3.13873005399 3.53956381806 1.10824093323 0
1092 10.6906750202 53.766425 118.55 3.1243401 50.5642968433 117.020508599 -3.13528883392 3.5486573065 1.34968076843 0
1095 10.7983198166 51.628528 118.603 3.1187628 48.0172350043 117.330016352 -3.14004489981 3.82908924805 1.39673401716 0
1098 10.7380800247 49.494235 118.64783 3.1200968 46.8335665086 117.662311546 -3.14054957424 2.83732328877 1.29138573217 0
1101 11.0678930283 47.379245 118.80828 3.1260538 44.7968869348 117.500590136 -3.1389064392 2.89458562804 1.04421947683 0
1104 10.8550908566 45.313934 118.87713 3.1250737 42.6911036464 117.622380159 3.12628743564 2.90751375343 0.069541929516 0
1107 10.8178479671 43.229975 118.9845 3.131291 41.0265823353 117.780954423 -3.13139557641 2.51066947084 1.17449075831 0
1110 10.846572876 41.038059 119.03542 3.1300111 38.8990553384 117.171531276 -3.14030875144 2.83714959797 0.737136315469 0
1113 10.885185957 38.877743 119.09254 3.1262084 36.0430745083 117.695538987 3.10643521992 3.16021475342 -1.13291976633 0
1116 10.7750051022 36.866989 119.17866 3.1252668 33.7591734048 118.548166577 3.11666390342 3.17112594043 -0.492909665604 0
1119 10.9505929947 34.67231 119.25843 3.1314701 32.1572753047 118.848420964 3.08006129364 2.5482360425 -2.94550763444 0
1122 10.8682398796 32.567479 119.34722 3.1353596 29.589305562 118.116203086 3.1142395309 3.22256414502 -1.21009082243 0
1125 11.0090548992 30.502201 119.36971 3.1349527 27.198834102 118.162617059 3.13380613666 3.51700244973 -0.0656932400519 0
1128 10.8944849968 29.15421 119.31018 -3.13185 26.359856014 117.665988449 -3.10655970915 3.24218754153 1.4490269282 0
1131 10.8184399605 28.938717 119.39146 -3.028318 26.0823462848 117.896169785 -3.02694599863 3.22408847427 0.0786098879961 0
1134 10.8696429729 28.80706 119.32785 -2.9089456 26.5626377906 117.399849811 -2.90726273791 2.95881999817 0.0964208953649 0
1137 10.7794940472 28.607415 119.34948 -2.7753086 26.5057463035 117.639316671 -2.76871133657 2.70955160889 0.377995351003 0
1140 10.8835549355 28.309413 119.3977 -2.6319404 26.2349504074 117.187553845 -2.62944283688 3.03119466114 0.143099825851 0
1143 10.8803691864 28.176965 119.31562 -2.5155106 26.0258093718 117.871503898 -2.49982869338 2.59093455214 0.898507064262 0
1146 10.9126791954 28.13257 119.1422 -2.3876282 26.1438543188 117.653573742 -2.40228642478 2.48414939105 -0.83985441524 0
1149 10.8288378716 28.071656 119.10664 -2.2643471 25.8752213975 118.294041766 -2.24728935974 2.3419310094 0.977336524645 0
1152 11.0436899662 27.847582 119.05477 -2.1225081 25.6683105298 118.57964866 -2.11738792062 2.23046282832 0.293364668775 0
1155 10.7663080692 27.651134 118.95518 -2.0012288 25.5920622342 118.67595746 -2.0090188258 2.07791765075 -0.446335600551 0
1158 10.9369959831 27.585975 118.8068 -1.8653126 25.395024572 118.776241048 -1.86914391938 2.1911635328 -0.219518430674 0
1161 10.8745810986 27.545652 118.66047 -1.7395281 24.6561699732 118.075305182 -1.78201249885 2.94813911601 -2.43417674911 0
1164 10.9830601215 27.426878 118.54472 -1.6078392 25.7230368075 117.619825796 -1.63584865498 1.93868617832 -1.60482355696 0
1167 10.8754990101 27.408113 118.27266 -1.4907581 26.1248163137 117.413211552 -1.49543094935 1.54450704778 -0.26773454611 0
1170 10.8497960567 27.619078 117.43976 -1.368489 26.2473040115 116.456593912 -1.39463770289 1.68771426237 -1.49821031533 0
1173 10.9715461731 28.00462 115.50954 -1.3464267 26.2067762962 115.868005421 -1.34470573318 1.83323196609 0.0986041352698 0
1176 11.0336129665 28.352772 113.43776 -1.3439724 26.7020994044 113.354059095 -1.39822351718 1.65279335049 -3.10836004847 0
1179 10.7893090248 28.777386 111.37552 -1.3470791 26.5477391417 111.212340552 -1.38857940556 2.23561012812 -2.37779235684 0
1182 10.8233771324 29.292879 109.18718 -1.3487141 27.0512704358 109.725321478 -1.44148125037 2.30529937426 -5.31516619383 0
1185 10.7025249004 29.664866 107.14961 -1.3582731 27.4715653886 107.582218069 -1.42792937402 2.23555749495 -3.99101051793 0
1188 11.0039498806 30.155372 105.1583 -1.3627181 27.5209951576 105.395131091 -1.39095937399 2.64500100445 -1.61810580788 0
1191 10.804972887 30.584999 103.08809 -1.3538609 27.4469995855 103.413404225 -1.39396068964 3.1548168996 -2.29754870562 0
1194 10.7254378796 30.932942 101.04272 -1.3388863 28.7578181002 101.326046458 -1.38912002181 2.19349899954 -2.87818024882 0
1197 10.8304071426 31.46397 98.886394 -1.3633561 28.8061231452 98.7763510251 -1.39769556575 2.66012393691 -1.96750645818 0
1200 10.7918300629 31.761459 96.890841 -1.3338862 29.8850312715 96.7972344787 -1.34661480003 1.87876108141 -0.729295060892 0
1203 10.824420929 32.148779 94.808879 -1.340085 30.764053346 94.6573337503 -1.35173294601 1.39299357483 -0.667378146172 0
1206 10.8442831039 32.63242 92.742465 -1.3409888 31.3313188813 92.4510072317 -1.34693963592 1.33334607358 -0.340957782696 0
1209 10.7983541489 33.223163 90.635151 -1.3443959 31.8223429129 91.221148897 -1.31136819893 1.51845001621 1.89234787839 0
1212 10.8157041073 33.480467 88.544154 -1.3400822 31.6875379616 88.8974435029 -1.3442483366 1.82740471976 -0.238702044227 0
1215 10.7497000694 33.996344 86.523674 -1.3537744 32.1572562223 86.7020080467 -1.34866925452 1.84771396226 0.292503290071 0
1218 10.7921140194 34.391099 84.502242 -1.3500462 32.7688893919 84.3873601813 -1.32301862205 1.62627237721 1.54856614672 0
1221 10.9425988197 34.871654 82.311763 -1.3462417 33.0785861692 82.8984802165 -1.35139756581 1.886618493 -0.295409350797 0
1224 10.8600261211 35.319079 80.358924 -1.358939 34.2144153727 80.8459770553 -1.32458617842 1.20727064411 1.96827169084 0
1227 10.8064439297 35.776446 78.250756 -1.3606991 34.5827656028 78.1602393548 -1.33458789014 1.1971074111 1.49606212289 0
1230 10.8896958828 36.167733 76.160289 -1.3496683 34.5215429735 76.689097736 -1.3495246498 1.72904027786 0.00823055015982 0
1233 10.8427870274 36.593873 74.026216 -1.3452321 35.1838285305 74.6702093718 -1.35064295191 1.5501460798 -0.310018978116 0
1236 10.8561489582 37.096668 72.068535 -1.358637 35.513472702 71.8657584802 -1.36585732636 1.59612833718 -0.413694227004 0
1239 10.7760839462 37.456761 70.030489 -1.3570922 35.3079673302 69.8017539709 -1.39180934654 2.16093358271 -1.9891459733 0
1242 10.8867669106 37.942935 67.912468 -1.3598503 35.9195323615 67.9897397548 -1.37241936465 2.02487756703 -0.720154357067 0
1245 10.836275816 38.381728 65.750541 -1.3597279 37.1352809365 65.4273396077 -1.34020424073 1.28766821117 1.11862327674 0
1248 10.8921699524 38.78715 63.709446 -1.3638712 37.4987562243 63.5751592054 -1.35196387775 1.29537309854 0.682239309969 0
1251 10.8456270695 39.284372 61.704874 -1.358189 37.7029784628 61.6924027535 -1.36127570453 1.58144271206 -0.176855142246 0
1254 10.9881100655 39.616785 59.610797 -1.3616912 38.0922210535 59.4923777567 -1.36107560308 1.52915608884 0.0352711055809 0
1257 10.7975797653 40.0981 57.483375 -1.3627524 39.2423466292 58.1286382846 -1.35434507063 1.07176421752 0.481704489849 0
1260 10.7315869331 40.478176 55.366289 -1.371191 39.7764288067 56.0286527238 -1.3283879037 0.964974002693 2.45243676822 0
1263 10.7151920795 40.927924 53.368372 -1.3697355 40.21232077 53.8613801044 -1.33731105049 0.868990778855 1.85778411021 0
1266 10.7785000801 41.311773 51.24524 -1.3687118 41.0366737536 51.7303832419 -1.33084098886 0.557712793967 2.1698376453 0
1269 10.7373719215 41.752813 49.127024 -1.3690442 40.9774572614 50.3967829548 -1.33738634696 1.48777159694 1.81386136787 0
1272 10.8417639732 42.124468 46.999249 -1.3746445 41.5642510178 47.896658406 -1.35056386282 1.0579162108 1.37971887835 0
1275 10.8580129147 42.489069 45.000812 -1.3756167 41.7665764934 45.6878359778 -1.35834914118 0.996994166575 0.989358242762 0
1278 10.8308022022 42.919623 42.847052 -1.3693623 41.7093290343 43.617263758 -1.37303868146 1.43458622455 -0.210641141372 0
1281 10.7698328495 43.26925 40.76156 -1.3849404 42.8849596088 41.5773350495 -1.3387450353 0.901758302482 2.64679943061 0
1284 10.8431770802 43.723057 38.666685 -1.382086 43.6011701401 39.0768759447 -1.35089368379 0.427917068773 1.78718807201 0
1287 10.9567279816 44.069109 36.638541 -1.3748634 44.2074452537 37.1373627326 -1.33317890124 0.517648568022 2.38834584996 0
1290 10.8407068253 44.48264 34.512889 -1.372972 43.732076749 35.1484883476 -1.36908047947 0.983530235656 0.222967702079 0
1293 10.8154578209 44.660959 33.544964 -1.3339999 44.2067379067 33.8161500883 -1.31463827369 0.529016725715 1.1093394722 0
1296 10.8460438251 44.654294 33.324157 -1.2074321 44.3645498293 33.4435170671 -1.20428124528 0.31336641502 0.180530677466 0
1299 10.7995011806 44.699557 33.107025 -1.0711259 44.2358715368 33.4380924789 -1.01051354554 0.569745455763 3.47283209718 0
1302 10.7405030727 44.829945 32.953901 -0.95914547 44.3797486157 32.7936434534 -1.00389158441 0.477869506939 -2.56376350522 0
1305 10.7874188423 44.914184 32.826307 -0.82117543 44.1857224665 33.2766168675 -0.897751801822 0.856408303634 -4.38750291584 0
1308 10.7950780392 44.932468 32.690373 -0.70238554 43.8359749224 32.9857524858 -0.721975326935 1.13558183754 -1.12241211292 0
1311 10.7649531364 45.019913 32.619075 -0.56167342 44.025269572 33.0453773727 -0.741597768383 1.08215029543 -10.308905794 0
1314 10.7546041012 45.164806 32.47066 -0.44585332 43.5703483873 33.3269085882 -0.618842140467 1.80982229062 -9.91152931568 0
1317 10.7639260292 45.307079 32.373178 -0.30795343 42.9241863402 32.8424445372 -0.610703116625 2.42865981792 -17.3462792925 0
1320 11.002259016 45.468859 32.25314 -0.19105128 42.9970847793 33.2914915127 -0.503797483293 2.68101504325 -17.9190375074 0
1323 10.7071471214 46.833289 32.057508 -0.10389315 45.4548005589 32.9386078778 -0.31066342092 1.63602181427 -11.8470638525 0
1326 10.7976610661 48.863767 31.868312 -0.084237935 47.0560629104 31.9071816692 -0.267001456032 1.80812193355 -10.4715784041 0
1329 10.8642809391 51.033972 31.691587 -0.08198003 48.9655199995 28.9749448041 -0.674096743892 3.41447484965 -33.9257886852 0
1332 10.8717389107 53.111195 31.42619 -0.084122232 51.0462508214 33.0147219941 -0.0321590654565 2.6052693444 2.97727013308 0
1335 10.6506249905 55.206155 31.249451 -0.082409142 54.2919286351 33.0421991568 -0.0289416086869 2.01240050683 3.06346399982 0
1338 10.6209928989 57.287235 31.07162 -0.080297126 56.3906365962 32.5055248164 -0.0385284004891 1.69114509144 2.39317168742 0
1341 10.7378978729 59.516372 30.847745 -0.092608556 58.6029899613 32.8054943674 -0.0224895377622 2.16033546796 4.01752380863 0
1344 10.6186850071 61.567611 30.670937 -0.091677002 60.3271858788 33.0703999666 -0.0290844190427 2.70112513766 3.58629083227 0
1347 10.8393261433 63.68279 30.502969 -0.089332225 62.9472509315 32.3584362345 -0.0682200955254 1.99593997392 1.20963591543 0
1350 10.7118709087 65.773678 30.270465 -0.081918863 64.8442608123 31.8483901404 -0.103231254245 1.83130119245 -1.22111006968 0
1353 10.742470026 67.870787 30.052005 -0.080757136 67.0374142873 31.4567685659 -0.0883081745039 1.63336179528 -0.432642637212 0
1356 10.8583059311 69.978421 29.855203 -0.080851998 69.3346201402 31.7230076404 -0.0872393594854 1.97564514069 -0.36596885534 0
1359 10.7400100231 72.04312 29.748383 -0.089661546 70.5672195143 30.3803499237 -0.122987932159 1.60551064663 -1.90946127334 0
1362 10.6776070595 74.192216 29.503442 -0.097083695 72.6346789777 30.9399867605 -0.11110777393 2.11886347475 -0.803520534228 0
1365 10.7230570316 76.337484 29.313327 -0.092202589 75.1388549008 30.5372599279 -0.0907999177101 1.71310347892 0.0803671449535 0
1368 10.6631169319 78.469083 29.072242 -0.088851811 77.4845833376 30.3056415772 -0.0970475999281 1.57813627492 -0.469584115361 0
1371 10.7114369869 80.508884 28.860474 -0.08148585 79.3076760061 30.376955434 -0.107995811795 1.93458434401 -1.51890892591 0
1374 10.8851959705 82.648681 28.706332 -0.092016755 81.2064952645 30.2865619045 -0.0764740497661 2.13939857128 0.890531412118 0
1377 10.7198598385 84.803463 28.469695 -0.089914919 83.6128214135 30.4379326818 -0.0694879723918 2.30034496537 1.17037782899 0
1380 10.6108620167 86.909059 28.274418 -0.095059786 84.6622032396 30.2682564915 -0.0660702787369 3.00395618114 1.66097641634 0
1383 10.7105629444 88.999768 28.069648 -0.093100738 87.1010133008 30.3707280032 -0.0566591130548 2.98332676537 2.08795130796 0
1386 10.7368209362 91.148907 27.8824 -0.087682683 89.6892215864 30.4118538302 -0.0661570244787 2.92041404359 1.23332938451 0
1389 10.849132061 93.191686 27.680334 -0.085944106 91.3187458179 30.2204899872 -0.0719431416197 3.15599387912 0.802196168106 0
1392 10.7238051891 94.597595 27.536443 -0.026113958 93.3198442812 30.2797016721 -0.0495004463617 3.02623777019 -1.33994708076 0
1395 10.7014319897 66.734672 23.138609 0.64678418 94.7347692629 30.6506423138 -0.0249608730975 28.9902758048 -38.4881564513 0
1398 10.7450199127 41.954155 8.6979942 1.5862633 97.3229473428 31.9480609491 0.0223111328125 60.0522170227 -89.6078585402 0
1401 10.6840419769 40.498777 7.6026468 1.6671323 100.079376595 31.3693818373 0.00449645185337 64.1459705862 -95.262016966 0
1404 10.8983409405 40.36551 9.5759073 1.6613912 102.497477637 30.962297784 -0.0166114779964 65.7096575885 -96.1424714608 0
1407 10.7441082001 40.15753 11.693798 1.6450717 102.740296207 30.7468937229 -0.0227605484643 65.4188281978 -95.5597487728 0
1410 10.6483080387 40.017928 13.779826 1.6578436 103.110260221 30.3360531102 -0.010929585453 65.2284526967 -95.6136604911 0
1413 10.6822009087 39.937066 15.922073 1.6651068 106.008801214 31.3034038609 0.0341744966607 67.8384812127 -93.4455376529 0
1416 10.6986949444 39.75755 17.953862 1.6630734 106.072584381 30.796689592 0.00346536407624 67.5471835501 -95.0885361044 0
1419 10.7193591595 39.645384 20.177858 1.663423 108.361770544 30.8372362646 0.0134116246435 69.538220603 -94.5386879565 0
1422 10.7959520817 39.526919 22.292671 1.6684735 110.562641954 32.0435058909 0.0769535358214 71.7018320319 -91.1873769582 0
1425 10.792689085 39.303781 24.413998 1.6572417 112.217394363 32.3101254733 0.0778012360847 73.3399198439 -90.4952725745 0
1428 10.8015711308 39.21094 26.55624 1.6661167 120.241359735 29.6977449235 -0.0326564813911 81.0912940799 -97.3325336437 0
1431 10.7612140179 39.049874 28.673026 1.6660737 117.392023533 33.1605945085 0.167331888925 78.4705719651 -85.8715803544 0
1434 10.7737109661 38.816051 30.701859 1.6598041 120.50841421 34.4752152948 0.131534255341 81.7794621195 -87.5634120561 0
1437 10.8175990582 38.695572 32.853799 1.6647394 122.818803823 35.464398264 0.107737011362 84.1637294857 -89.2096655607 0
1440 10.7340729237 38.58982 35.008607 1.6723781 124.29950994 35.1199514907 0.123399835088 85.7097622633 -88.7499171369 0
1443 10.7948348522 38.393816 37.160762 1.6689022 126.444935149 35.4128963189 0.115300436766 88.0684655134 -89.0148240774 0
1446 10.7790470123 38.314928 39.264936 1.6781402 128.960688128 37.1093774028 0.138493366425 90.6713861263 -88.2152655045 0
1449 10.6911489964 38.042909 41.445131 1.6601298 130.079298539 37.7906147975 0.142106364668 92.1089164414 -86.9763360465 0
1452 10.7871849537 37.893052 43.482766 1.6655679 136.24027526 27.5017459897 -0.0653276521804 99.6371884569 -99.1730099179 0
1455 10.9852538109 37.737395 45.529248 1.6663309 137.82165028 27.6770454531 -0.0917587866654 101.66395276 -100.731119051 0
1458 10.8531758785 37.667375 47.706088 1.6735516 141.048525788 26.7235225891 -0.0886886632993 105.489006012 -100.968929575 0
1461 10.7447559834 37.411337 49.793915 1.6717816 142.09260257 25.3866908548 -0.119501103177 107.488975954 -102.632938807 0
1464 10.7459380627 37.208006 51.943854 1.66906 124.395816187 100.05725474 1.59951052812 99.5821950747 -3.98489120596 0
1467 10.7197389603 37.03196 53.963531 1.6741645 140.782725367 38.3737683659 0.346667465312 104.915499394 -76.0599774038 0
1470 10.7354841232 36.983983 56.143126 1.6856298 27.5819480698 118.054841379 1.65989077718 62.6215518974 -1.47473737657 0
1473 10.7682218552 36.720012 58.206076 1.6746777 33.2203510854 58.267162877 1.63506954023 3.50019401231 -2.26938038917 0
1476 10.7493610382 36.536888 60.398002 1.6787317 33.0045655942 60.4319177711 1.6939090765 3.53248522404 0.86959961751 0
1479 10.7579538822 36.401835 62.417273 1.6766351 32.1292747232 61.2331564938 1.64285260594 4.43361063009 -1.93559433102 0
1482 10.8257889748 36.239068 64.615141 1.6886647 33.5021239778 63.4418575553 1.80722558456 2.97782750042 6.79303830068 0
1485 10.8957269192 35.99676 66.655908 1.678851 33.3512759473 65.6021700226 1.64723796051 2.84762174424 -1.81129374012 0
1488 10.9701781273 35.830181 68.859683 1.6854848 32.820167478 68.3369766607 1.62351221541 3.05506191753 -3.55076754271 0
1491 10.8261709213 35.575227 70.898859 1.683738 32.921606218 70.8532607817 1.64394701372 2.65401251924 -2.27985557664 0
1494 10.7370288372 35.463169 73.006353 1.6935188 32.4755097435 72.8908323976 1.65503665797 2.98989177768 -2.20486432476 0
1497 10.7795231342 35.205801 75.07321 1.6913976 31.9007361591 73.8855102407 1.67933807068 3.51199150349 -0.69096013276 0
1500 10.7792150974 34.978045 77.287591 1.6912075 31.1223157684 76.1022115024 1.696865505 4.03382851156 0.324179807109 0
1503 10.7770791054 34.814043 79.320098 1.7000185 31.1438770768 78.3196059726 1.70572457905 3.80409019354 0.326934247227 0
1506 10.7763791084 34.580736 81.372215 1.6970036 30.8801688398 81.0044088604 1.69147876978 3.71880070231 -0.316549454081 0
1509 10.8162879944 34.345965 83.441951 1.6955247 30.4194509637 83.3341714485 1.68818363449 3.9279929874 -0.420612070659 0
1512 10.822961092 34.142398 85.698773 1.7034669 30.1811542593 85.3038819345 1.69245022584 3.98087816023 -0.631208933404 0
1515 10.7979450226 33.910208 87.748137 1.7016389 30.3102538992 87.092816706 1.66725004169 3.65911385663 -1.97033644347 0
1518 10.7080731392 33.670818 89.737713 1.6967853 30.1836075941 89.8365935318 1.6786425964 3.48861201261 -1.03950034541 0
1521 10.733738184 33.472926 91.900649 1.7056804 30.0298769818 92.0250661882 1.6801364699 3.44529623959 -1.46355938696 0
1524 10.6815619469 33.217902 94.036516 1.7078464 29.5469350196 93.6768811917 1.6815018556 3.68854114335 -1.50943120745 0
1527 10.7016899586 33.034075 96.178482 1.7177188 28.4151432323 96.0183779306 1.69600743179 4.6217057444 -1.24396976573 0
1530 10.7501540184 32.713254 98.174723 1.7080491 28.1143052115 97.2283277761 1.71270136822 4.69531616387 0.266555334403 0
1533 10.7285139561 32.45653 100.24821 1.7068362 27.9345180798 99.6154511387 1.71795013101 4.56606784695 0.636781340502 0
1536 10.784334898 32.217075 102.39435 1.7082962 27.9160856997 102.001924146 1.69797847544 4.31885482647 -0.591162071585 0
1539 10.7675011158 31.955228 104.48204 1.7110577 27.8920837196 103.638956103 1.69645754678 4.14969057898 -0.836527159842 0
1542 10.851170063 31.741377 106.6002 1.7198575 27.6938880188 105.568111674 1.67499832462 4.17700531065 -2.57024142186 0
1545 10.7466840744 31.439656 108.68741 1.7105287 27.7186457805 107.821534329 1.68121814654 3.82042638071 -1.67937100848 0
1548 10.6771309376 31.216018 110.75498 1.7177022 27.2569022091 110.325623842 1.69264832325 3.98232903664 -1.43548139806 0
1551 10.7722561359 30.916985 112.90957 1.719675 27.2278639932 112.69569284 1.69119727263 3.69531558087 -1.63165358836 0
1554 10.6762290001 30.668641 114.94646 1.716506 27.1074932866 114.640553959 1.67636754485 3.5742623774 -2.29976407602 0
1557 10.6847190857 30.419865 117.12266 1.716223 26.6788652667 116.117130816 1.69040231327 3.87377954271 -1.47941637404 0
1560 10.7252378464 30.132888 119.21343 1.725557 26.4748827868 117.709412472 1.70681991549 3.95513221838 -1.07355586276 0
1563 10.7447309494 29.88258 121.34383 1.72867 25.8562534099 120.248446957 1.69914622762 4.17266938795 -1.69158755256 0
1566 10.8032960892 29.981486 120.5055 1.7055843 26.060034238 119.632409252 1.70506989292 4.01747076845 -0.0294733549151 0
1569 10.7653110027 30.170653 118.4575 1.6900862 26.5987437484 117.894033603 1.68688153379 3.61607937993 -0.183613848558 0
1572 10.8134300709 30.502618 115.6086 1.6745202 27.1102501225 114.35447089 1.67911754004 3.61676646203 0.263408181395 0
1575 10.7913119793 30.699806 113.48782 1.6738205 27.3181223197 112.551043063 1.6702214592 3.50903626999 -0.206209848334 0
1578 10.9108481407 30.8492 111.36091 1.6697397 27.6224351313 110.921878743 1.68643019078 3.25649504258 0.956294679622 0
1581 10.7633821964 30.973164 109.37107 1.6787837 27.2801991743 108.372403691 1.66547718723 3.8256141469 -0.762407021591 0
1584 10.723790884 31.204408 107.09871 1.665475 27.7966089756 107.496277229 1.68485977696 3.43091152502 1.1106659066 0
1587 10.6731479168 31.322843 104.96751 1.6587885 27.693370846 105.314412074 1.67267367338 3.64601277637 0.795561832686 0
1590 10.7151432037 31.457099 102.91722 1.6541397 28.1391743129 102.758011341 1.68802049004 3.32174225767 1.94122627579 0
1593 10.7779860497 31.546684 101.34427 1.631357 28.578778384 101.985724372 1.67005529749 3.03643334464 2.21724912062 0
1596 10.7545070648 31.536552 101.09899 1.5279681 29.1222589571 101.789447328 1.57828260802 2.51108387329 2.88280895754 0
1599 10.7481179237 31.522716 100.84711 1.3818466 28.7277496605 101.743661937 1.46009131653 2.93524142349 4.48309202662 0
1602 10.715898037 31.33472 100.81397 1.2437751 28.2143664367 101.815276189 1.32274282632 3.27707498305 4.52451743609 0
1605 10.7573719025 31.335612 100.76499 1.1262837 28.339750135 101.957078621 1.19622938544 3.2243237422 4.00759257111 0
1608 10.7615308762 30.238332 99.003137 0.9296569 28.0393048729 100.599966726 1.01485658519 2.71764336853 4.8815823775 0
1611 10.7442381382 28.772289 97.32743 0.78863198 26.6292615375 98.5728112666 0.856210901865 2.47861679252 3.87198700694 0
1614 10.7082529068 27.005154 95.945316 0.6582802 24.5330472941 97.249268589 0.729444689085 2.79492467157 4.07742487577 0
1617 10.8328490257 26.209553 95.323497 0.64585939 24.0825468283 95.6447955594 0.730660958736 2.15113644823 4.85877198465 0
1620 10.7999110222 26.225548 95.299359 0.74214735 23.946405986 95.3911978343 0.799716916363 2.28099160267 3.29849318098 0
1623 10.7742779255 26.287241 95.304851 0.87876564 24.3918668168 94.7866835778 0.962567021231 1.96492767595 4.80146546188 0
1626 10.92126894 26.503119 95.525486 1.0159202 24.0668974303 94.579075647 1.0758703257 2.6135929471 3.43488918411 0
1629 10.7372579575 26.584147 95.637624 1.1414331 24.3618363894 95.1348628602 1.17338973536 2.27847168379 1.8309803337 0
1632 10.785474062 26.62792 95.717086 1.2595284 24.8097972539 95.9164814505 1.30540962841 1.82902401992 2.62880074653 0
1635 10.7422220707 26.756174 95.797181 1.3910555 24.142371979 96.012142778 1.4561164992 2.62262646426 3.72772066485 0
1638 10.7584660053 26.381693 93.77201 1.3952992 23.2189648535 93.7655625858 1.4685660283 3.16273471822 4.1978800398 0
1641 10.7363848686 26.011804 91.856332 1.39866 22.9375078804 92.1066295781 1.46316400588 3.08446843209 3.69580729871 0
1644 10.7307109833 25.609249 89.727224 1.3968171 23.1913136249 89.9877271723 1.48601409426 2.43192791443 5.11061131647 0
1647 10.7259020805 25.2462 87.568251 1.3940659 23.1046441776 87.8034454229 1.48544640784 2.15443211939 5.23571742925 0
1650 10.7694001198 24.820481 85.505592 1.4017015 22.001420522 84.9282051156 1.45612610698 2.87758190034 3.11830028144 0
1653 10.7527289391 24.493958 83.448062 1.398475 21.0959164119 83.8833759742 1.44584569205 3.42581156672 2.7141407269 0
1656 10.8552398682 24.080092 81.345956 1.3962744 21.0418301793 81.5404876377 1.46195904654 3.0444831169 3.76345302539 0
1659 10.6571409702 23.622432 79.208855 1.3888608 20.6837353845 79.011171503 1.45062091728 2.94533810671 3.53859406262 0
1662 10.6752851009 23.236261 77.182266 1.3737053 20.077909594 77.3582693706 1.44529871964 3.16325161664 4.10200078643 0
1665 10.721668005 22.741503 75.111069 1.3685019 19.656956341 75.2143032629 1.42079204399 3.08627370859 2.99600456083 0
1668 10.7244169712 22.23837 73.007777 1.3690406 19.714428127 72.6914134192 1.43788507039 2.54369190228 3.94449759626 0
1671 10.6769418716 21.796618 70.8705 1.3677106 19.1049160794 71.3633890154 1.4388904401 2.73645734679 4.07830442434 0
1674 10.7105591297 21.306705 68.900927 1.3588762 19.645258897 69.1621435495 1.46658585671 1.68185529664 6.17130874208 0
1677 10.7769110203 20.800373 66.796896 1.3509317 19.7906885317 66.767461234 1.46814405557 1.0101134248 6.715773281 0
1680 10.7346050739 20.180988 64.758154 1.3339286 19.8589797099 65.4337078734 1.4819640632 0.7483731521 8.48180725947 0
1683 10.7774291039 19.716632 62.635567 1.3210663 18.4669364209 63.2827338503 1.44727831736 1.40732511255 7.23141591881 0
1686 10.7543001175 19.127208 60.642471 1.320188 17.5497058879 60.7091480762 1.44014327873 1.5789106201 6.87293120143 0
1689 10.6827871799 18.573484 58.538556 1.3117791 17.2508426846 58.6445674989 1.41353597624 1.32688299678 5.83023954506 0
1692 10.7160189152 18.03732 56.562177 1.3046299 16.6400830103 56.8694386528 1.39886018414 1.43062256681 5.39899758353 0
1695 10.6393909454 17.470308 54.449011 1.30616 16.353866166 54.3188321749 1.40651687215 1.12400573625 5.75002521938 0
1698 10.7050490379 16.865167 52.414515 1.2995721 14.9853286302 52.2303541391 1.37700506924 1.88883761065 4.43658233282 0
1701 10.7451269627 16.322269 50.452679 1.2871313 15.383294242 50.7271080503 1.40106154963 0.978256050206 6.52772246243 0
1704 10.7322800159 15.679585 48.421133 1.2791916 14.6883226271 48.7111518147 1.398448771 1.03281750798 6.83293257479 0
1707 10.7857680321 15.049517 46.343459 1.2810584 13.9500796477 45.9558728708 1.38211622951 1.16575533417 5.79018711768 0
1710 10.70626688 14.370513 44.264129 1.2685694 13.4763495966 44.6487345888 1.36431936973 0.9733702538 5.48606915377 0
1713 10.7550728321 13.728985 42.398373 1.2622613 13.5332771737 42.3199623031 1.39908838234 0.210831189974 7.83961434131 0
1716 10.7664530277 13.116178 40.310007 1.2578142 13.3082037304 40.0812088719 1.38495076344 0.2987012966 7.28438850708 0
1719 10.7033500671 12.482531 38.460523 1.239848 12.9967211513 39.1665065646 1.38243280531 0.873386687129 8.16950756682 0
1722 10.6718308926 12.331027 38.238303 1.1567887 11.1708801144 38.2408994606 1.2673846108 1.16014979109 6.3366789204 0
1725 10.8599660397 12.263795 38.100898 1.043782 11.8505443524 37.7142776294 1.1592588334 0.565907597336 6.61633518529 0
1728 10.9143278599 12.231882 38.075858 0.90529637 11.334752176 37.6212125091 1.01487044489 1.00575565794 6.278132035 0
1731 10.7146139145 12.170047 37.918491 0.7605547 10.9014717724 37.5766289482 0.918308916968 1.31383133262 9.03865083267 0
1734 10.7658262253 11.9457 37.868652 0.60051086 11.3318657933 37.7678446767 0.738418191724 0.622056709388 7.90150807172 0
1737 10.7959849834 11.861848 37.85602 0.47073445 11.6203873198 37.7185954152 0.617957405654 0.277828682099 8.43525400644 0
1740 10.7018082142 11.68598 37.868337 0.32347919 11.4882508148 37.3293711831 0.491388543905 0.57409144088 9.62049731951 0
1743 10.8347029686 11.634663 37.834152 0.18688423 11.5664352585 36.9894583609 0.296986840024 0.847444610945 6.30841486776 0
1746 11.4616088867 11.546787 37.799316 0.059161186 11.7940351939 37.0738326561 0.0832367753495 0.766457925605 1.37942965902 0
1749 10.6864640713 11.461332 37.784444 -0.088384018 12.1157478293 36.9423502229 -0.0159499052824 1.06648113301 4.15016895149 0
1752 10.7268731594 11.353119 37.809133 -0.22428348 11.350367072 37.5987891613 -0.166214172676 0.210361839707 3.3271262289 0
1755 10.7891309261 11.259101 37.929753 -0.36642208 12.5508051937 37.2026282954 -0.222900845622 1.48229891055 8.22316100037 0
1758 10.7522499561 11.22919 38.083377 -0.50941267 12.0978366092 37.4999855322 -0.321363583762 1.04637112746 10.7744189827 0
1761 10.7387909889 11.185129 38.110347 -0.64618684 12.7680661765 38.6386715083 -0.534316791283 1.6687770644 6.40968164542 0
1764 10.9464008808 11.588805 37.741111 -0.76036767 11.8989357622 36.6549119502 -0.617660595408 1.12960588942 8.17651308077 0
1767 10.6775290966 13.063467 36.224873 -0.77289998 13.2220596512 36.8922970444 -0.780558793856 0.686007641412 -0.438817710045 0
1770 10.7149357796 14.493375 34.807156 -0.77803694 14.0680068891 34.6341040319 -0.679307036306 0.459222183127 5.65680679338 0
1773 10.7194349766 15.892318 33.28564 -0.77023756 15.4989699828 33.8879146326 -0.707026512708 0.719345115814 3.62172622845 0
1776 10.8219349384 17.405154 31.857105 -0.77891679 17.1778202515 32.2971169797 -0.750762585859 0.495268791109 1.61311707283 0
1779 10.677464962 19.008966 30.381332 -0.78385491 18.7613284048 30.9141493412 -0.766600547617 0.587553144514 0.988602142724 0
1782 10.8247089386 20.517371 28.856906 -0.78454873 19.9302429105 29.1158761105 -0.744777542283 0.641704691868 2.2787212024 0
1785 10.7823579311 22.037399 27.308602 -0.78653789 21.7892143489 27.6171580763 -0.785970505924 0.395982920463 0.0325087129073 0
1788 10.8646521568 23.470866 25.802264 -0.78746834 23.9266077605 26.1253662952 -0.777104374318 0.558655211618 0.593811492618 0
1791 10.7847321033 25.030138 24.239515 -0.79252133 25.314837109 24.5947798987 -0.789386578691 0.45526556088 0.179608019842 0
1794 10.8560070992 26.508975 22.80392 -0.79210599 26.2785137116 23.0610449194 -0.769491783302 0.345290645163 1.29569860085 0
1797 11.0095620155 27.961008 21.312251 -0.79564812 27.9878405443 21.5484917737 -0.764521709683 0.237759728708 1.78341194253 0
1800 10.8696789742 29.36401 19.750057 -0.78815021 29.2421492787 20.340788792 -0.783083371248 0.603170030331 0.290308475935 0
1803 10.7329821587 31.016391 18.179875 -0.79578372 30.7785992349 18.9808656401 -0.773369403147 0.83554229642 1.28424575636 0
1806 11.0366921425 32.405165 16.663972 -0.79079715 32.3329574371 17.1627594843 -0.784808815414 0.503986990574 0.343106298093 0
1809 10.8147029877 33.875627 15.226881 -0.79213801 33.8162835424 15.3437021571 -0.800506933362 0.131029877101 -0.47950398771 0
1812 10.7499301434 34.400964 14.714584 -0.72873329 33.7319624398 15.02517622 -0.742021181767 0.737584310257 -0.76134011687 0
1815 11.3161530495 34.541831 14.529671 -0.59347242 33.4704198351 14.5564956178 -0.651681492814 1.0717469125 -3.3351342016 0
1818 11.0975320339 34.648846 14.435796 -0.47955783 34.2644230319 15.1669415377 -0.496780336822 0.826047707863 -0.986776953538 0
1821 10.884704113 34.668797 14.324629 -0.34405458 33.8581268658 14.8237064309 -0.375892976291 0.951979174408 -1.82420573391 0
1824 10.7569169998 34.864126 14.20779 -0.22615765 34.263775759 15.5321351543 -0.277509063204 1.45406688274 -2.9422192486 0
1827 10.7351498604 35.017605 14.088235 -0.094353638 34.8595774972 14.7077490744 -0.114756905527 0.639351530842 -1.16902111755 0
1830 10.7330470085 36.599142 14.0692 -0.022879679 37.0426333609 14.8403279625 -0.0405994148143 0.889563332025 -1.01526607625 0
1833 10.7689080238 38.63985 14.009333 -0.014813302 38.08816212 14.8139104818 -0.0353205087284 0.975553402517 -1.17497639514 0
1836 10.7719068527 40.768535 13.925491 -0.0089087199 39.9660568206 14.6856947345 -0.0344191714726 1.1053872382 -1.46164120859 0
1839 10.7788369656 42.905865 13.952369 -0.011506708 42.0960883951 15.0562906169 -0.0130241164029 1.36908037971 -0.086941097281 0
1842 11.1373801231 45.04117 13.838962 -0.010052037 44.6455306707 14.744167104 -0.0086069923451 0.987890054172 0.0827949599337 0
1845 10.72266078 47.095509 13.764363 -0.008210261 46.3034840057 15.0657160725 -0.00926699194256 1.52342489508 -0.0605462230894 0
1848 10.6795909405 49.256947 13.750747 -0.012245698 48.4078576533 15.1606133925 -0.00779210018855 1.64580556669 0.255172358245 0
1851 10.7052509785 51.347189 13.680192 -0.017629817 50.7722619115 15.2404342718 -0.0183098767761 1.66279797441 -0.0389645549869 0
1854 10.9324300289 53.510554 13.649042 -0.0075411209 52.5514658117 15.05805973 0.0087613301148 1.70445918586 0.934061638867 0
1857 10.7665851116 55.608657 13.581194 -0.0077936973 54.6366023247 14.855923595 0.00454301035949 1.60306763181 0.706841281975 0
1860 11.2182250023 57.666716 13.591636 -0.01411162 56.8798835177 15.5961287111 0.0187927815713 2.15339183245 1.88528333744 0
1863 10.7209770679 59.905766 13.533857 -0.012519778 59.4155768914 15.1284770737 0.00534524477409 1.66826213217 1.02359040586 0
1866 11.1805460453 62.027534 13.447994 -0.021676244 60.7104816334 14.7236563784 -0.00252907757904 1.8335597727 1.09705182556 0
1869 10.7536110878 64.181261 13.371995 -0.025327169 63.1169055952 14.8258464233 -0.000250486764275 1.80181474876 1.4367880563 0
1872 10.7662260532 66.241252 13.310079 -0.024907545 65.7482857594 14.7672279183 0.00274301962161 1.53827783072 1.58426065397 0
1875 10.7135009766 68.444119 13.24669 -0.026304862 66.7590039949 15.0318213592 -0.00362536370939 2.45485367182 1.29943953353 0
1878 10.721600771 70.49734 13.123327 -0.017605166 69.3499942541 15.0480713415 -0.00518974103403 2.24076840404 0.711351451411 0
1881 10.5993540287 72.634932 13.039101 -0.019360635 71.8921690783 15.1787320559 -0.0136955640129 2.26488803544 0.324584658202 0
1884 10.7321939468 74.720419 12.994859 -0.019347658 73.6636266126 15.0143822047 0.00293904565818 2.27931659151 1.27693405887 0
1887 10.8844869137 76.914825 12.90632 -0.036038761 75.8781826108 14.8864527448 0.00459261324624 2.235073406 2.32800626013 0
1890 10.9417748451 79.004774 12.78569 -0.032634565 77.9074017552 15.2464235053 0.0092249397421 2.6943339117 2.39837295423 0
1893 10.7911810875 81.177999 12.691712 -0.029848436 80.6381493743 14.8397009787 -0.000574934960937 2.21478989317 1.67724806111 0
1896 10.802079916 83.222919 12.597068 -0.02122413 82.2451493083 14.4931724551 0.00601124787498 2.13336487141 1.56047220568 0
1899 10.7579829693 85.390174 12.538762 -0.021700441 84.1606835943 14.6887816857 -0.00592529931394 2.47673803752 0.903849039832 0
1902 10.8631129265 87.449986 12.512039 -0.030894579 86.7398086906 15.1306380303 0.000319267111338 2.71319234341 1.78842164455 0
1905 10.7883889675 89.572355 12.414566 -0.034322832 88.4150610011 14.8390062476 0.0152374562447 2.68649212066 2.83959534787 0
1908 11.2732357979 91.713838 12.339838 -0.030338307 90.5137109526 14.9099573964 0.0136564535582 2.8365152285 2.52071410068 0
1911 10.6950600147 93.866625 12.234111 -0.027880568 92.885044551 14.8147221996 0.00220317360777 2.76098792852 1.72367142609 0
1914 10.7508118153 96.027017 12.118277 -0.016096141 94.8818037463 14.6994892986 0.00252325257515 2.82385734888 1.06681266895 0
1917 11.0542519093 98.003729 12.063433 -0.023465033 96.9860183759 14.7868848846 0.00368498003903 2.90739145662 1.55558116086 0
1920 10.6514639854 100.1865 11.996018 -0.023536261 99.1847871129 15.1096094357 -0.000331209998869 3.27076143069 1.32955148575 0
1923 10.744767189 102.26857 11.921444 -0.023061579 101.779466291 15.1169411695 -0.00135682284629 3.23271164801 1.24359092297 0
1926 11.0425310135 104.50291 11.810699 -0.022632517 104.225101459 14.9218368724 0.0189446658184 3.12351667946 2.38219709954 0
1929 10.8449249268 106.528 11.779433 -0.025937223 105.858409408 15.1027170765 0.00616916461807 3.39006911635 1.83956050593 0
1932 10.7429029942 108.61821 11.737233 -0.017267816 108.278830244 14.8680441087 0.0126169529306 3.14915176153 1.71227113145 0
1935 10.6974279881 110.65428 11.638117 -0.015586443 109.448612507 14.9281239216 0.00727720937444 3.50396627372 1.30999078531 0
1938 10.8975131512 112.94226 11.558687 -0.011710616 111.709063487 15.0698556545 -0.0011136028856 3.72143506724 0.6071641269 0
1941 10.7346160412 114.89636 11.528856 -0.01668203 113.785569414 14.9163014775 -0.00661696732674 3.56491831457 0.576685611712 0
1944 11.0106039047 117.03777 11.494892 -0.018548407 116.276731957 14.7405609131 -0.00558937748146 3.33369848607 0.742497697998 0
1947 10.7478718758 119.07747 11.406331 -0.016261061 118.169328042 15.1061354594 -0.000450808973107 3.80962922793 0.905860714179 0
1950 10.7026910782 121.291 11.334615 -0.012126455 120.415492982 15.1398936203 -0.00580741209821 3.90469690458 0.362054488835 0
1953 10.7562398911 123.43737 11.229443 0.0013807468 122.574932554 15.0385740017 0.00320100886386 3.90554443534 0.104293333867 0
1956 10.7256250381 125.58554 11.258252 -0.0049853053 124.599906842 15.1720647242 0.0190559913556 4.03601322634 1.37746483239 0
1959 10.8697500229 127.50849 11.183265 -0.012828209 126.42503166 14.9335856875 0.00782680532908 3.9036889264 1.18344514684 0
1962 10.7876091003 130.28779 11.390648 -0.01314096 128.645412707 14.9234609949 0.0081711228099 3.89591719991 1.22109239764 0
1965 10.75837183 132.78769 11.256475 0.0084755214 130.979573299 14.9515859136 0.00187597969388 4.11377328841 -0.378125886481 0
1968 11.0696659088 125.9239 10.596074 0.27888777 132.824653638 14.9033661038 0.00263177659009 8.13468905639 -15.8283024876 0
1971 10.8523180485 93.936275 13.265891 0.84250578 133.257360332 15.0505157099 -0.00315732197408 39.3615629396 -48.4529266331 0
1974 10.8258168697 59.212281 6.4432491 1.3602712 137.822055884 13.2989190535 0.00590948941456 78.9081549513 -77.5992099507 0
1977 10.7941839695 41.747696 3.5851691 1.5088422 138.782640733 12.994848466 -0.053552562219 97.4901152173 -89.5186258085 0
1980 10.7622981071 40.889782 2.6549702 1.6071612 33.8333480733 92.4157085274 -1.96305690161 90.0376776958 155.441570836 0
1983 10.7577528954 40.408125 3.8011614 1.6070032 63.2095128838 104.769634166 -1.32441995692 103.511041837 -167.958174859 0
1986 11.0157649517 40.388712 5.5337894 1.5172855 60.2668528352 104.644166929 2.59048964378 101.08416007 61.4900679948 0
1989 10.8460230827 40.44034 7.6724587 1.5542124 34.788259649 94.1843780509 1.96917333915 86.6963563368 23.7755104758 0
1992 10.7612659931 40.554207 9.7439313 1.5604739 33.8178928414 96.2171301679 2.46200575196 86.7351834661 51.6539702141 0
1995 10.8324131966 40.580821 11.876658 1.5652859 32.6858255476 93.6834405717 -3.01943208588 82.1868640838 97.3150091516 0
1998 10.9962038994 40.665042 14.024391 1.567666 32.7250691965 81.8235551735 -2.1227686357 68.2625067716 148.553670805 0
2001 10.8585038185 40.771617 16.174621 1.5548315 28.5096655316 95.9975028015 2.59544879156 80.7591970794 59.6229788946 0
2004 10.8862240314 40.847233 18.25792 1.5551713 29.0243079689 81.7210256096 -1.59093759511 64.5549946162 179.741238422 0
2007 10.9216499329 40.88758 20.352438 1.5597309 24.6217501908 96.7051942705 2.86487689978 78.0661297202 74.7793574356 0
2010 11.2541339397 40.971014 22.508388 1.5678505 61.1601836492 77.6232888723 -0.361859472089 58.6962934885 -110.564237085 0
2013 11.1857829094 41.044823 24.54743 1.5705547 108.86239278 125.310605174 0.206880085082 121.459623916 -78.1328000639 0
2016 10.8664381504 41.105608 26.696222 1.5717508 120.804403539 58.7646544395 -0.785421737541 85.908569826 -135.056037985 0
2019 10.7820060253 41.160404 28.869777 1.5672714 57.1051906593 12.3508381147 -1.63679602749 22.9589103292 176.42045913 0
2022 10.7911579609 41.204205 31.003136 1.5608691 115.068658663 125.478606026 0.13526859255 119.923191884 -81.6808923486 0
2025 10.6697309017 41.244227 33.116661 1.5660557 117.407878024 127.398312635 0.202171617342 121.202027922 -78.1448016814 0
2028 10.6940641403 41.277887 35.228156 1.5643441 75.6755100576 68.1131885612 -0.300109228252 47.5880430209 -106.825306808 0
2031 10.6647210121 41.31792 37.33529 1.5797774 52.1031628973 50.8150138622 2.76669898881 17.2633837864 68.0055976519 0
2034 10.7625460625 41.419072 39.474789 1.5713492 118.09457442 21.749036053 0.015927104311 78.6977444972 -89.1191214444 0
2037 10.7811431885 41.429937 41.518923 1.5745722 38.6062224686 42.0422417388 1.65070864196 2.87179843601 4.36229679167 0
2040 10.7863340378 41.494048 43.684079 1.5737379 38.7231771605 43.4811430743 1.6742254212 2.77829231706 5.75751085838 0
2043 10.7740859985 41.508319 45.798644 1.5762653 39.9043515313 46.1822679698 1.64660987503 1.6492055636 4.03044726075 0
2046 10.803196907 41.512588 47.943477 1.5772604 39.3561507148 48.3079419987 1.64155274868 2.18702000458 3.68368023425 0
2049 10.8273329735 41.583607 50.107906 1.5744728 39.1829549303 49.8896727483 1.65278512939 2.41055099755 4.48696595794 0
2052 10.7442600727 41.632502 52.265699 1.5728612 39.2982583376 52.1596847575 1.61111590981 2.33664984433 2.19183341868 0
2055 10.7478840351 41.660201 54.305408 1.5732479 39.4049183244 54.1076091923 1.62485976845 2.26393999818 2.95714223475 0
2058 10.8561410904 41.689009 56.508616 1.5685378 39.0138745472 56.615996304 1.60627758019 2.67728871626 2.16233012478 0
2061 10.8166120052 41.794127 58.57462 1.5657057 39.2254049163 58.3735866665 1.62404622438 2.57657671037 3.34266582167 0
2064 10.7952120304 41.856016 60.76704 1.5641567 39.2960436606 60.2549170573 1.60426534286 2.61069498163 2.29805595766 0
2067 10.7936229706 41.858156 62.785084 1.5639758 39.2469953882 63.0211706058 1.6031995331 2.62181170686 2.24735436355 0
2070 10.7574160099 41.958088 65.023529 1.5767642 38.9503638471 64.4035209945 1.60729111576 3.07096312367 1.74906343482 0
2073 10.7364990711 41.99726 67.044355 1.5737097 38.9685228559 66.4193612279 1.61383471216 3.09255006483 2.29899384989 0
2076 10.7794249058 42.044947 69.102812 1.5759217 39.0336921848 68.9692484221 1.61673872579 3.01421545208 2.33864330984 0
2079 10.6409931183 42.097902 71.261122 1.5727544 39.1460225024 71.4983581662 1.60623789038 2.96139723223 1.91846268189 0
2082 11.1321280003 42.114798 73.459441 1.5684742 38.5655731901 72.8972664126 1.60489280814 3.59347144387 2.08663254239 0
2085 10.7233128548 42.172982 75.545483 1.5804547 38.884246181 75.2250211531 1.58626031199 3.30431219508 0.332637064594 0
2088 10.6249902248 42.213453 77.648417 1.5799022 38.9063840664 77.5987240641 1.60354545435 3.30744226242 1.35465868848 0
2091 10.7891201973 42.308345 79.80823 1.5843424 38.8456306969 79.8776507789 1.60626327521 3.46341010988 1.25597363262 0
2094 10.6742899418 42.259747 81.948131 1.5870316 39.2071306073 82.0651403795 1.59413656136 3.05485810401 0.407084299541 0
2097 10.6805398464 42.325886 84.065588 1.5841531 38.4861383951 84.4304410212 1.61923555339 3.85704283056 2.01007651423 0
2100 10.7093548775 42.338042 86.100283 1.5789413 38.486825773 86.5209665018 1.61891445505 3.87412455088 2.29029307844 0
