3 10.8232898712 72.513547 45.80148 1.6808269 139.571301436 98.1896108894 2.42146819009 85.0955855966 42.4356200554 0
6 10.8570780754 72.505015 45.806851 1.6805552 107.557858806 68.5047871409 -1.39016978141 41.7600067525 -175.93958148 0
9 11.1933979988 72.51553 45.801787 1.6811119 111.425026573 42.7371713631 2.61404966221 39.0299986232 53.453396323 0
12 10.8914291859 72.511327 45.798497 1.6805172 145.286749255 140.719755379 -1.33400065056 119.608976991 -172.719150104 0
15 10.9286339283 72.518426 45.80176 1.6806948 19.9805982536 94.1675672594 -0.347103124226 71.4106060481 -116.184262764 0
18 10.9936408997 72.509508 45.806599 1.6825332 136.675249337 115.180469128 -2.66787787472 94.4985514058 110.739806272 0
21 11.1316831112 72.510969 45.800989 1.6811293 37.1655624715 45.0822212379 -0.531503384046 35.3527140367 -126.774514409 0
24 11.0091779232 72.522343 45.818169 1.6838228 100.097536775 78.8506173155 -0.759261825198 43.0294544872 -139.978438017 0
27 11.1699140072 72.508499 45.799812 1.6808804 30.4983524369 90.3837499623 -0.583618431723 61.2583050571 -129.74622577 0
30 11.4503760338 72.523901 45.815543 1.6832165 109.35206344 60.718252378 -0.0648510665458 39.7291366064 -100.156893867 0
33 11.6853578091 72.511009 45.802779 1.6808191 66.5179010884 35.498302631 0.743963433473 11.9205526583 -53.6778757049 0
36 10.9597098827 72.527172 45.853315 1.6851825 67.4222735034 105.171662231 -3.0130310467 59.5376041412 90.812192523 0
39 10.8744950294 72.188088 49.017093 1.6798669 142.371438195 11.7873850244 -2.12916590371 79.4465468133 141.75849632 0
42 10.8268380165 71.804616 53.279503 1.6643548 85.7208959834 83.7865735097 -0.380191904993 33.5312421431 -117.143897214 0
45 10.9154350758 71.568933 57.324136 1.642571 99.9829112587 55.1156904033 0.939754557114 28.4996735497 -40.2684159498 0
48 10.9001748562 71.37336 61.652431 1.6431927 116.877318607 71.9849383353 1.68457768125 46.662307666 2.37118476095 0
51 10.9560720921 71.165072 65.844712 1.6344026 45.9345311529 94.9331489483 0.750742626097 38.506069074 -50.6299870293 0
54 10.8064360619 70.960331 70.343426 1.6128178 100.0291998 78.3823914454 0.12563898154 30.1599751114 -85.209069679 0
57 10.8480660915 70.885213 74.631613 1.6236159 139.125643125 88.8659132106 -0.959344909361 69.7091931249 -147.992753024 0
60 10.835351944 70.832043 79.069602 1.6124517 51.0110248577 126.103551797 1.53939204981 51.0398392801 -4.18600960877 0
63 10.8676550388 70.841819 83.283634 1.5826474 115.49595371 56.8761442008 -0.507429234616 51.8781964238 -119.752570022 0
66 10.7209420204 70.897044 87.066595 1.5142468 46.6912957828 131.78933511 2.60591747294 50.8531388386 62.5481221775 0
69 10.775177002 70.898205 87.488163 1.2381173 19.9789319649 50.1809483465 -2.59955570802 63.1236931082 140.117533489 0
72 10.8543798923 70.648486 87.373684 0.94938085 47.4164023905 69.7813550395 -2.656709901 29.141375175 153.386219427 0
75 10.8301570415 70.490448 87.162959 0.64684814 49.0304639762 71.0656377005 -2.45341796371 26.8263800637 -177.63216311 0
78 10.8589692116 73.090524 88.460194 0.4660111 22.8568758687 79.7364752098 -2.81752398109 50.9855143557 171.86729797 0
81 10.9434370995 76.750616 90.291223 0.4640309 48.3655359982 107.665846596 2.93890924435 33.2804794407 141.800083939 0
84 10.8291709423 80.704264 92.172539 0.45240664 42.2763859072 110.945647235 2.96038917987 42.7683458588 143.696814627 0
87 10.947232008 84.637734 93.972859 0.42386385 39.2890024443 109.29501176 2.97053353032 47.867272942 145.913424496 0
90 10.9260311127 88.678811 95.730817 0.41656148 32.0536625406 108.965030887 2.9826330617 58.1511122443 147.02507156 0
93 10.9504890442 92.647535 97.41769 0.40779386 95.512267511 91.041999424 -2.7850300388 6.98971549356 177.06466587 0
96 10.8853960037 96.759828 99.128022 0.39320766 26.1620278243 108.978560139 3.04498539522 71.2817121798 151.935672435 0
99 10.9827439785 100.07577 100.58602 0.32958371 21.8828722636 110.561685857 2.9912612238 78.8266653215 152.502887966 0
102 10.8575100899 100.12714 100.52966 0.1390585 20.8816966382 111.715299266 2.6418555361 80.0309866202 143.399707147 0
105 10.9253270626 100.08551 100.52401 -0.14356162 20.3227683995 111.978161913 2.4044904678 80.5809688678 145.99263061 0
108 10.8358278275 99.772178 100.71077 -0.40700642 21.6747110742 111.408309828 2.11988886576 78.8267194459 144.780435145 0
111 10.9070138931 99.760338 100.7618 -0.66729138 21.1188912275 109.077974373 1.95661623873 79.0799336537 150.338832385 0
114 10.8622210026 99.638101 100.95548 -0.8821311 76.1214370561 117.466234759 1.77295059072 28.7339260413 152.124975141 0
117 10.9375748634 99.549051 101.11221 -1.1251977 96.5185934475 103.280054626 -0.870480912345 3.72601976629 14.5941969038 0
120 10.9859938622 100.80276 98.46873 -1.1938854 97.3454053574 100.667376554 -1.0817904606 4.09723660443 6.42256693264 0
123 10.9566688538 102.35582 94.496879 -1.1822805 99.0756092171 96.6554111954 -1.22242738032 3.92670905709 -2.30024680291 0
126 10.7722148895 103.84912 90.431736 -1.1842505 101.556294394 92.4843109434 -1.16264615802 3.07735489632 1.23783761459 0
129 10.7610669136 105.46668 86.336829 -1.1831903 103.563222915 87.7868189818 -1.17981972248 2.39282674291 0.193119866319 0
132 10.7409360409 106.96067 82.891423 -1.1821311 105.111555256 84.6649945077 -1.15242095762 2.56218290293 1.70226576715 0
135 10.879789114 108.13488 79.987125 -1.1809983 106.956667836 80.615776024 -1.18551260192 1.33543476606 -0.25865044774 0
138 10.8610620499 109.11096 77.465416 -1.174964 107.106804763 79.5667734109 -1.175225302 2.90384937346 -0.0149715016291 0
141 10.9087851048 110.00241 75.115832 -1.1797573 108.554225373 77.2194414787 -1.14937892526 2.55390124186 1.74055266082 0
144 10.9133341312 110.9669 72.896666 -1.1819268 109.763468093 74.8991225178 -1.15173268629 2.33625350948 1.72999528155 0
147 10.8749370575 111.79529 70.750926 -1.1680053 109.427605816 73.6376813854 -1.16499913665 3.7335351948 0.172240472492 0
150 10.8923959732 112.62755 68.634671 -1.166408 110.513630757 71.5390676231 -1.15755417758 3.59223806406 0.507286657193 0
153 10.7639799118 113.50263 66.493746 -1.1746568 110.779180695 69.0699723312 -1.18261007665 3.74888226399 -0.455689185225 0
156 10.8461430073 114.39844 64.423702 -1.1690506 112.634083006 67.5081218938 -1.14239563315 3.55339298183 1.52721710348 0
159 10.9026970863 114.9392 62.935672 -1.1627449 113.445465046 65.5859702997 -1.14016814825 3.04225659526 1.29355259063 0
162 10.8733551502 115.58582 61.52951 -1.1720902 114.108768572 64.7311343781 -1.14577074878 3.52591542449 1.50799347386 0
165 10.8710618019 116.16312 60.165609 -1.1710096 114.16152019 63.1298054497 -1.15938972637 3.57671111359 0.665769717213 0
168 10.8274979591 116.71267 58.758483 -1.1690165 114.998795619 61.5865427954 -1.17005986282 3.30685463872 -0.0597802862541 0
171 10.778165102 117.29804 57.404001 -1.1730259 115.126776369 59.5624885144 -1.17852590353 3.0616097242 -0.315126989641 0
174 10.812458992 117.3062 57.346669 -1.1782941 115.161217397 60.162001517 -1.20063991874 3.53935693997 -1.28032110338 0
177 10.8563649654 117.30973 57.394113 -1.1925087 114.995808797 59.7838193795 -1.24634765934 3.32639864018 -3.08474514337 0
180 10.8153309822 117.3509 57.478875 -1.2542253 114.915396048 60.6178399381 -1.30801610112 3.97300646625 -3.08198588054 0
183 10.864623785 117.31554 57.561663 -1.3141336 115.013587827 60.4131688285 -1.36784483247 3.66470589501 -3.07742693295 0
186 10.8831889629 117.31761 57.625945 -1.389572 115.193108549 60.6310034009 -1.42680632982 3.6802014085 -2.13336995154 0
189 10.8390350342 117.34247 57.653648 -1.4539696 115.665587826 60.9622871902 -1.489023997 3.70931625979 -2.00846900166 0
192 10.8185091019 117.36058 57.739095 -1.5147103 115.65556031 60.7307610536 -1.54465229123 3.44342241372 -1.71554972753 0
195 10.8845889568 117.34118 57.80351 -1.5718326 115.443411998 60.3427887098 -1.58674247967 3.17008828802 -0.854273178358 0
198 10.8829801083 117.32521 57.826191 -1.6475747 115.21414639 59.6225395537 -1.67715784027 2.77190506513 -1.69498908235 0
201 10.9091219902 117.28663 57.948056 -1.7072698 115.126125222 60.0516913001 -1.69749919161 3.01547050597 0.559814623781 0
204 10.8667309284 117.37131 58.006137 -1.7818651 115.458308214 59.7711800795 -1.75367433078 2.60287397008 1.6152120976 0
207 10.9231698513 117.40314 57.989067 -1.8555926 116.088033951 59.6865220948 -1.82125767473 2.1472907858 1.96724630783 0
210 10.8218660355 117.02719 57.008887 -1.8977403 117.128806256 59.5260889764 -1.88212641405 2.51925220122 0.894609766993 0
213 10.8459551334 116.38504 55.250118 -1.9095407 115.860219544 56.8591972896 -1.88674293879 1.69250485116 1.30621549953 0
216 10.7768640518 115.67443 53.450651 -1.9075572 116.374516606 55.4848253238 -1.8726882796 2.15127553702 1.99784197526 0
219 10.8567290306 115.02136 51.574537 -1.9165104 114.902016204 53.3274952151 -1.92530186028 1.75701606295 -0.50371357002 0
222 10.8361320496 114.35753 49.684701 -1.9233127 114.358108448 51.6212006491 -1.88380969431 1.93649973553 2.26335550437 0
225 10.9299180508 113.59486 47.870819 -1.9110101 113.458847785 50.1614594567 -1.90309891601 2.29467492788 0.453277453705 0
228 10.8433828354 112.87829 45.986656 -1.9118326 112.110902426 47.7899401573 -1.90178542132 1.95977484429 0.575660934593 0
231 10.9492349625 112.17059 44.128463 -1.9122248 111.594617248 45.5223191793 -1.89251564672 1.50817096477 1.12925130064 0
234 10.8618400097 111.43202 42.277019 -1.9027456 110.687926295 44.5427412017 -1.92452156358 2.38477934758 -1.24767080788 0
237 10.9467670918 110.82393 40.37458 -1.9174412 110.567869187 42.6334716606 -1.9357912822 2.27335845712 -1.05138226367 0
240 10.8727750778 110.14399 38.567468 -1.912432 109.412611305 40.8724885021 -1.90839341951 2.41827093401 0.231393617254 0
243 10.9463031292 109.42625 36.696167 -1.9074722 108.707799428 39.0473743142 -1.92277318595 2.45852538289 -0.876681917287 0
246 10.9861569405 108.96452 35.308972 -1.917648 108.9256543 37.2728228031 -1.91130310415 1.96423535238 0.363535753471 0
249 10.9187541008 108.91335 35.330429 -1.9171391 108.412746605 37.8587731436 -1.95707548643 2.57742659788 -2.28818639154 0
252 10.8882079124 108.9585 35.348205 -1.9450374 108.572903629 37.341697961 -1.98095120745 2.0304429928 -2.05770959316 0
255 10.9691438675 108.97674 35.368834 -2.0165302 108.442718514 37.9183809451 -2.06197987016 2.60487400312 -2.60407428058 0
258 10.9021661282 108.99865 35.397074 -2.0803106 108.679504317 37.439419339 -2.11695862902 2.06713048708 -2.09977739007 0
261 10.9370629787 109.05048 35.474836 -2.159245 109.057633318 37.3825648461 -2.16202991248 1.90774225731 -0.159563731317 0
264 10.9018399715 109.09365 35.518169 -2.2238592 108.520097673 38.1397143121 -2.22187962693 2.6835540044 0.113421182415 0
267 10.8122751713 109.14301 35.568827 -2.2920109 109.522957268 37.6922480515 -2.29183425757 2.15714554182 0.010120865468 0
270 10.7950720787 109.24021 35.586114 -2.3597618 109.472986455 37.3516501809 -2.33594208585 1.78081523016 1.36476908973 0
273 10.8443338871 109.32691 35.57971 -2.4292889 109.703803174 37.2878966778 -2.40627926705 1.74927133123 1.31835485641 0
276 10.85907197 109.34422 35.612178 -2.4970016 109.290361593 37.5864340542 -2.45934867803 1.97499055582 2.15735351495 0
279 10.8972940445 109.45255 35.562283 -2.5751384 108.831244299 37.5912479529 -2.51174716923 2.12196125192 3.6320499814 0
282 10.9182400703 109.51035 35.610832 -2.6455993 110.419722971 36.8714471822 -2.53868582339 1.55438407042 6.12569098264 0
285 10.8550758362 109.52669 35.619453 -2.7060079 108.868943443 37.0597423405 -2.63512580941 1.58337106127 4.06124463401 0
288 10.9704210758 109.56751 35.667144 -2.7779359 109.029230948 36.5247943608 -2.66347801636 1.01257517217 6.55795366484 0
291 10.815598011 109.58407 35.725569 -2.8421247 109.515636659 36.7645211129 -2.73039689059 1.04120344563 6.4015319334 0
294 10.8049948215 109.62066 35.728072 -2.9074408 108.10995243 36.7897665802 -2.80891295352 1.84646493129 5.64522976766 0
297 10.895567894 108.40689 35.538158 -2.9474042 108.267205583 37.312066459 -2.88697791957 1.7793996058 3.46217084007 0
300 10.8487808704 106.63579 35.154474 -2.9731605 105.397575931 36.6503100568 -2.91186745634 1.94182892918 3.51183271528 0
303 10.8942949772 104.74277 34.838538 -2.9724974 103.685279535 36.2373046558 -2.92007909038 1.75352052787 3.00334791066 0
306 10.8756029606 102.71686 34.507066 -2.970186 101.809332969 35.9384806789 -2.88366863682 1.69486084837 4.95707976457 0
309 10.9062039852 100.87602 34.149296 -2.9774562 100.934322668 35.4324463838 -2.88145679637 1.28447425375 5.50036066352 0
312 10.9025011063 98.917573 33.856952 -2.9648121 98.3846109271 35.066097615 -2.87642179298 1.32139384343 5.06439154209 0
315 10.9633190632 96.872255 33.519705 -2.9713846 96.3120025831 34.5753799968 -2.90205625273 1.19512864139 3.97222169899 0
318 10.8648991585 94.700759 33.157106 -2.9752463 93.857938188 34.3703888377 -2.90921913317 1.4772955579 3.78307799241 0
321 10.716534853 92.656194 32.878926 -2.9695623 92.1068768579 33.8143395706 -2.94037068134 1.08478010246 1.67255654618 0
324 10.767895937 90.628889 32.525228 -2.9736018 89.9260059703 33.7141866419 -2.93300304119 1.38118326283 2.32613753352 0
327 10.7294099331 88.510396 32.191288 -2.9695852 87.1964747842 33.4223848141 -2.96998097247 1.80055222833 -0.0226760922541 0
330 10.8927509785 87.334812 32.006658 -2.9896435 86.0399060238 33.5013482081 -2.97158955406 1.97759457561 1.03441490592 0
333 10.7997751236 87.328365 31.983283 -3.0015998 86.3617900914 33.94048619 -3.0051500354 2.18286769658 -0.203413504529 0
336 10.8171591759 87.328448 32.00285 -3.0442403 86.4132650405 33.8580118908 -3.07478633614 2.06861922317 -1.75015895168 0
339 10.8682830334 87.480424 31.977098 -3.121648 86.2669503897 33.6545011208 -3.11917989477 2.07031384882 0.141412013189 0
342 10.9736070633 87.509332 32.088761 3.0972389 86.6103565305 33.6062604882 3.12187589548 1.76379182202 1.411595861 0
345 11.2299101353 87.537767 32.004513 3.0032565 86.6231875602 34.010263896 3.08953816116 2.20442559611 4.94357503379 0
348 11.1644320488 87.588829 31.971963 2.902116 86.5022604901 33.2118983362 2.90462262309 1.64865726115 0.143618923978 0
351 11.2074511051 87.696053 31.883789 2.7788249 86.2855217 33.0558824435 2.88460824513 1.83395790259 6.06093921866 0
354 11.0567538738 87.777704 31.698119 2.6376296 86.4607275863 33.8906941731 2.84923068373 2.55769676939 12.1238490383 0
357 10.9729177952 87.896098 31.65995 2.4917922 86.0257058817 33.2896289501 2.75587879581 2.48077007334 15.1310473659 0
360 10.951267004 87.958395 31.594625 2.366513 86.2304911954 34.4317328548 2.63841859479 3.32187184244 15.5790430077 0
363 10.9711339474 87.964094 31.460561 2.2184109 86.0545462674 32.4325714353 2.37331074963 2.1427031594 8.87510763106 0
366 10.9666378498 87.708527 31.831987 2.1125682 86.423878897 33.253523009 2.22619614076 1.91600766528 6.51040144008 0
369 10.8881859779 86.721318 33.612273 2.0920166 85.1772442497 35.2962623884 2.26544575624 2.28472843172 9.9367586971 0
372 10.9503650665 85.724716 35.405361 2.0873093 83.7873423963 36.1315415935 2.04589974951 2.06899848593 -2.37259247473 0
375 10.8844220638 84.755772 37.248267 2.0862059 83.4150293205 38.3116489256 2.06186150834 1.7112486822 -1.3948308968 0
378 10.8766520023 83.690185 39.149374 2.0868314 81.8862707227 40.5818282115 2.07902878162 2.3034825347 -0.447057102361 0
381 10.8567659855 82.666747 40.97523 2.090975 80.9905409919 41.7929445643 2.14883289256 1.86502645837 3.3150130554 0
384 10.8238129616 81.635815 42.877142 2.0910396 80.0696231092 43.6894719202 2.10521176135 1.76432336546 0.81200503219 0
387 10.8374681473 80.624097 44.699122 2.0805048 78.8191054764 45.3140928953 2.11488796636 1.90687797258 1.97001031882 0
390 10.8380188942 79.602515 46.546403 2.0762437 77.9463347629 47.3885137848 2.1412531498 1.85797835069 3.72476710191 0
393 10.8306128979 78.599692 48.40129 2.0808805 76.9144060675 49.1544574709 2.09309974265 1.84592792746 0.700111032667 0
396 10.8740539551 77.532669 50.298142 2.0919608 75.7826886923 50.7794556939 2.12361551508 1.81496389751 1.81368157571 0
399 10.7556619644 76.53881 52.074716 2.0854653 75.2392908618 52.8784380848 2.10147998834 1.52797878919 0.917574052257 0
402 10.829267025 75.533974 53.92833 2.0838411 74.0846463457 54.902786327 2.09575730281 1.74645806781 0.682748129063 0
405 10.8449289799 74.451304 55.860797 2.0823704 72.6685405632 56.0582106179 2.13010482501 1.79366039375 2.73498109029 0
408 10.780110836 73.464188 57.689364 2.0801622 71.1011050699 57.9844065584 2.11887336484 2.38143046209 2.21798636537 0
411 10.7902839184 72.461178 59.521835 2.0808323 69.9669767102 59.766026536 2.13241396434 2.50612640948 2.95541166679 0
414 10.8104169369 71.469371 61.42577 2.0898858 69.3116092205 61.7515041585 2.10705381606 2.18220957728 0.983654863086 0
417 10.7862460613 70.386885 63.322712 2.0827703 67.9655349067 63.9588928845 2.11198699024 2.50352998629 1.67399304221 0
420 10.7996468544 69.38246 65.186025 2.0922796 67.0650884655 65.0644754354 2.12447946988 2.32055707229 1.84491664473 0
423 10.8454909325 68.400253 67.014087 2.0893798 65.834681482 67.4932698668 2.12806738648 2.60993743865 2.21663542481 0
426 10.8950929642 67.30799 68.901204 2.089526 64.727540473 69.045469597 2.13375066162 2.58447912041 2.53388646141 0
429 10.8530580997 66.315197 70.741557 2.0869248 63.6167002142 70.6024084016 2.10960202286 2.70208201867 1.29930916106 0
432 10.8042039871 65.281228 72.464006 2.0745737 62.5796117187 72.3059641621 2.11595202094 2.70623497759 2.37080315336 0
435 10.7839329243 64.283593 74.421326 2.0918621 61.6406451211 74.4045932794 2.11838528285 2.6430008465 1.51966643656 0
438 10.7326939106 63.28447 76.191493 2.091939 60.0503078707 75.9523335047 2.11834081928 3.2429927448 1.51271281641 0
441 10.7880880833 62.204887 78.125252 2.0893553 59.2323659631 77.8578853396 2.12782586229 2.98452110827 2.20420085487 0
444 10.7528409958 61.273659 79.948227 2.0960183 57.5370502431 79.8916310253 2.13450260155 3.73703734351 2.20498805652 0
447 10.7449951172 60.19879 81.787566 2.089809 57.1710013216 81.8258768551 2.11610774091 3.02803104385 1.50680686038 0
450 10.8084819317 59.161438 83.629466 2.0974137 56.7685958409 83.9756617471 2.09603090775 2.41775621052 -0.0792281597675 0
453 10.7801499367 58.11891 85.485673 2.0964985 55.8974798277 85.8423758433 2.08640760629 2.24988642578 -0.578165621169 0
456 10.7822759151 57.036783 87.336936 2.0992423 54.2945859588 87.474756411 2.10090687228 2.74565822321 0.0953729661001 0
459 10.8111078739 56.357629 88.602308 2.124456 54.4792819592 88.8009331639 2.09802897281 1.88881962119 -1.51415712322 0
462 10.7844479084 56.200217 88.720884 2.2094598 54.101461963 88.1325200783 2.2203794214 2.17966621516 0.625648220294 0
465 10.8057119846 56.199637 89.07416 2.3631742 53.3580287735 87.9169214595 2.35092428745 3.06821419602 -0.701868288773 0
468 10.8240458965 56.109511 89.161307 2.4869631 53.1496858009 88.086582635 2.48787651022 3.14890420147 0.0523345507683 0
471 10.8543050289 56.023191 89.233423 2.608836 52.7028816162 88.5722436167 2.61005409891 3.3855003443 0.0697919267152 0
474 10.8820931911 54.873312 89.789936 2.6823278 51.643458751 89.3473948781 2.69459854715 3.26002985489 0.703062022948 0
477 10.9670021534 52.997249 90.667048 2.6986067 49.6295836215 89.9008198441 2.70854802045 3.45373358677 0.569595704423 0
480 10.8449089527 51.122563 91.609157 2.7018871 47.6211449379 90.718747341 2.71319880554 3.61286005912 0.648112986487 0
483 10.8396799564 49.137432 92.566213 2.7007601 46.5089672059 91.6237489719 2.70850737324 2.79232262074 0.443886059126 0
486 10.9006860256 47.308569 93.452781 2.7003868 44.8235502093 92.9543407952 2.71670411302 2.53451396289 0.934913168897 0
489 10.9269828796 45.360782 94.336008 2.7008969 42.4544180586 93.1706008484 2.71129871013 3.13131365226 0.595979819463 0
492 10.9661979675 43.468079 95.251019 2.7064338 41.0209196758 93.9035208678 2.72464938343 2.79362488072 1.04367605199 0
495 10.9393398762 41.590918 96.131677 2.7064065 38.0634804878 95.1805910003 2.74222596721 3.65340662686 2.05230429531 0
498 10.9449729919 39.606214 97.06058 2.704478 36.0909543803 95.8290380151 2.71818559787 3.72474775716 0.785387504936 0
501 10.9091279507 37.718719 97.944153 2.696243 34.7429091428 96.8037517652 2.72436360993 3.18684158412 1.61119226637 0
504 10.9336349964 35.769603 98.891663 2.7044976 32.6971245746 96.8981841917 2.74731331616 3.66252391579 2.45315983299 0
507 10.8470098972 33.862509 99.822852 2.7013631 31.0570345991 98.4440964179 2.72136641018 3.12596442229 1.1461052494 0
510 10.9459190369 31.979521 100.73965 2.7066945 29.084715864 99.2993983158 2.73864485549 3.23329888652 1.8306205235 0
513 10.9348199368 30.015598 101.64307 2.7044148 27.2384026409 100.555098278 2.71556418384 2.98269953731 0.638812638051 0
516 10.9732999802 28.083667 102.5122 2.7038251 25.6794434784 101.621507585 2.71161410359 2.56390790001 0.446277032502 0
519 10.9363210201 26.231599 103.44351 2.6987262 23.1767141494 102.525776439 2.69949538957 3.18975803764 0.0440713158151 0
522 10.8999400139 24.326425 104.3449 2.7056645 21.339359708 103.448549612 2.70500978322 3.11865404901 -0.0375125082667 0
525 10.9012129307 23.072168 104.95788 2.6888385 19.5903458258 103.899732665 2.68388756093 3.63906051548 -0.283667913099 0
528 10.9049990177 23.059574 104.94595 2.6093304 19.7942859493 104.43747606 2.59424960505 3.30464094903 -0.864065902256 0
531 10.8574979305 23.148655 105.02795 2.4881616 19.0897812428 103.768407694 2.46260570251 4.24981211328 -1.4642450678 0
534 10.9248211384 23.15609 104.97342 2.3614352 18.9123126843 104.577578758 2.34814767603 4.26219851653 -0.761319043908 0
537 10.8815689087 23.189116 104.80794 2.2179164 19.0504255255 104.203772604 2.2098458902 4.18255628601 -0.462406150005 0
540 10.9316191673 23.170444 104.45908 2.0515088 18.8149799997 104.349699446 2.05614796578 4.35683724321 0.265804619687 0
543 10.8822820187 23.203193 104.36781 1.9241471 19.1541383167 104.84356361 1.95357558544 4.0769087954 1.68612801298 0
546 10.8506700993 23.268475 104.40083 1.8086424 19.1453577697 104.518418038 1.79064351079 4.12479364839 -1.03126038739 0
549 10.8778319359 23.269141 104.3114 1.6661585 19.4540932332 104.953668643 1.6992264172 3.86873344552 1.89465209297 0
552 10.8438119888 23.273746 104.22596 1.531085 19.5998479683 104.170409031 1.55424258394 3.67431798533 1.32683182329 0
555 10.8173539639 23.201513 103.9692 1.3630267 19.9520675159 104.641144799 1.44298001102 3.31819314803 4.58098727945 0
558 10.8736557961 23.573375 105.47089 1.3112874 19.6463618491 105.639564257 1.34649880972 3.93063395548 2.01746516779 0
561 10.8511500359 24.091257 107.45193 1.3021436 19.8860400743 106.739201815 1.35297155122 4.26518825591 2.91222708592 0
564 10.9281108379 24.69734 109.54228 1.2971878 20.8009940954 108.528838689 1.30951093432 4.02598741927 0.706063587077 0
567 10.9350810051 25.24514 111.62222 1.291934 21.6714136987 111.201613408 1.33099569327 3.59839263865 2.23807016498 0
570 10.9011318684 25.838263 113.71051 1.2925571 21.9309000842 113.675134757 1.29666388811 3.90752304705 0.235301625799 0
573 10.891726017 26.485855 115.66064 1.2984976 22.4083732096 115.578242306 1.32289898753 4.07831425115 1.3980965196 0
576 10.9268701077 26.666562 116.70228 1.2516028 22.4190544943 116.775072706 1.28749589726 4.2481312114 2.05652298637 0
579 10.8926730156 26.671044 116.66524 1.1445574 22.456372768 117.149005193 1.14924631646 4.24234396955 0.268655123489 0
582 10.9673030376 26.68282 116.71548 1.0360889 22.9998779542 116.285671999 1.04562163999 3.70793703163 0.546185768853 0
585 10.9047148228 26.598988 116.54426 0.86252405 22.6727642725 115.91188273 0.88875717054 3.97682458379 1.50304709041 0
588 10.9417340755 26.490987 116.49462 0.72378221 22.538543265 116.257183575 0.755910337494 3.95956910966 1.84080610909 0
591 10.8896210194 26.414554 116.44154 0.58967497 22.3840943239 116.14989828 0.646331196854 4.04099741323 3.24616268184 0
594 10.8119981289 26.30131 116.37003 0.43724496 22.2878334707 115.808029454 0.519818564297 4.05263352218 4.7311190254 0
597 10.8300528526 26.176025 116.35464 0.31453037 22.293570488 116.081162116 0.377556172776 3.89207440709 3.61111249951 0
600 10.9437890053 26.088883 116.46581 0.14702743 21.5906741208 115.69950839 0.221689437271 4.56301449467 4.27781790658 0
603 10.8685040474 25.977812 116.45377 0.019989929 22.0171868133 116.186226162 0.0833493759327 3.96965131649 3.63022890153 0
606 10.930658102 25.890585 116.45549 -0.11586106 22.7537812878 115.964893576 2.80638953342e-05 3.17493659473 6.63995769067 0
609 10.834209919 27.617035 116.21759 -0.13548047 23.8659148327 115.476855512 -0.0651980900228 3.82355725619 4.02688374683 0
612 10.8030800819 29.732468 115.90829 -0.14344069 26.423711016 115.434660258 -0.0840998168122 3.3424837937 3.39998158628 0
615 10.7723398209 31.744289 115.6014 -0.14068963 27.9299579753 115.374403755 -0.115930340553 3.82107948898 1.41860278906 0
618 10.7723867893 33.87565 115.27561 -0.13567301 30.3569470448 114.577415685 -0.1067081793 3.58730341466 1.65956255341 0
621 10.7387549877 35.936054 114.9269 -0.14240112 32.803909142 114.588160454 -0.102469076763 3.15040884515 2.28793754483 0
624 10.7491328716 38.113735 114.67885 -0.14674677 34.6832679683 114.527517992 -0.128860377033 3.43380334793 1.02481482774 0
627 10.7194578648 40.163768 114.30534 -0.14012204 36.5400774083 114.424827327 -0.0992600483971 3.62566004 2.34121966135 0
630 10.7124700546 42.346763 113.98058 -0.16006212 38.9180251451 114.336611377 -0.091876179401 3.44717298943 3.90676661845 0
633 10.6675610542 44.341947 113.67079 -0.15507802 40.9860113607 114.181268545 -0.0756109850945 3.39453860784 4.5531257105 0
636 10.7225179672 46.544067 113.30502 -0.15009707 42.9145745567 114.20029613 -0.0887572234037 3.73827965042 3.51451432595 0
639 10.7152051926 48.557097 112.97025 -0.14631805 44.8647749225 114.052056657 -0.0830588191722 3.84753790966 3.62448694167 0
642 10.7150349617 50.586062 112.64729 -0.14866611 47.4972962342 113.736634497 -0.0767051343521 3.27523211236 4.12306019427 0
645 10.6950109005 52.747394 112.3225 -0.14488479 49.9627154655 113.78841097 -0.0645048491332 3.14695559425 4.60543136918 0
648 10.7677841187 54.919709 111.95097 -0.14565598 51.7521777982 114.089389872 -0.0619343337102 3.82179191787 4.79689698629 0
651 10.6946051121 56.9199 111.70562 -0.14317608 53.935614368 113.903368009 -0.0659783569253 3.70621869879 4.4231037202 0
654 10.7587161064 58.963864 111.32719 -0.14485493 56.6630127798 113.997288784 -0.0442359724986 3.52467641842 5.76504160384 0
657 10.779943943 61.070196 111.0267 -0.15209978 57.486178724 111.885353345 -0.121935937959 3.68543964842 1.72826084283 0
660 10.7873790264 63.25691 110.67843 -0.1447313 59.666447939 111.609519436 -0.112380561177 3.70922435946 1.85356079869 0
663 10.8640241623 65.338645 110.4192 -0.14848438 61.6438699723 111.562729182 -0.113186257255 3.86768942604 2.02243345801 0
666 10.8293008804 67.412523 110.08404 -0.1445869 63.5284143902 111.252062875 -0.119315759053 4.05593110509 1.44792971973 0
669 10.7815248966 69.507235 109.73429 -0.15139682 65.934122298 111.276327654 -0.122854384728 3.8916596085 1.63536107813 0
672 10.7831988335 71.647859 109.39116 -0.14906575 68.1996012966 110.907253551 -0.103221387952 3.76683167199 2.62668845985 0
675 10.7811257839 73.702975 109.06139 -0.1559357 70.1510615021 111.210794418 -0.111605653651 4.15162966198 2.5399245614 0
678 10.592799902 75.754203 108.72815 -0.15045699 72.050261393 110.188130917 -0.133460319362 3.9812972391 0.973837493312 0
681 10.7820649147 77.860742 108.43703 -0.15243836 74.2454086821 109.821241602 -0.156487967157 3.87126294114 -0.232025398803 0
684 10.6556019783 79.97813 108.08555 -0.15170568 75.77149886 109.018731711 -0.13912974062 4.30889471374 0.720548249893 0
687 10.6486051083 82.120618 107.73965 -0.14888428 78.3417644155 109.109152361 -0.139258155327 4.01936203016 0.551536316841 0
690 10.7094380856 84.192494 107.42985 -0.14593359 80.855725883 108.88857583 -0.142200065462 3.64168951343 0.213915198747 0
693 10.7210259438 86.28045 107.15458 -0.15823172 82.3530411823 108.365984754 -0.136525472004 4.10999288319 1.24367639925 0
696 10.7374310493 88.385341 106.75858 -0.15035877 84.4180466233 108.774116254 -0.11126361065 4.44992259057 2.23998763017 0
699 10.6511530876 90.512184 106.42958 -0.15443508 87.0592691145 108.604383773 -0.105664437626 4.08073432834 2.79435197217 0
702 10.7504458427 92.541412 106.11165 -0.15857271 89.184306818 108.391011897 -0.106836063989 4.05778829694 2.9642914626 0
705 10.8766889572 94.624435 105.7799 -0.14991569 91.2504231157 107.805009812 -0.118209925068 3.93510177086 1.81660651682 0
708 10.8207070827 96.812614 105.41142 -0.16008539 93.257677956 107.311916159 -0.129176436792 4.03106138983 1.77095256797 0
711 10.7291071415 98.833392 105.05687 -0.15857643 95.3806025066 107.06101123 -0.13835055161 3.99228472887 1.15885746867 0
714 10.8180770874 100.9283 104.72764 -0.15390186 96.2042237335 106.992955861 -0.140382357576 5.23913661996 0.77461042999 0
717 10.7276070118 103.02648 104.38009 -0.15580909 99.2913804819 106.578747839 -0.124345579574 4.33417405082 1.80272635605 0
720 10.6903419495 103.56436 104.3046 -0.21764658 99.5107907684 106.53355804 -0.183755065126 4.62597854052 1.94184076358 0
723 10.722219944 103.46604 104.39779 -0.32798619 99.5346294028 106.77562386 -0.296667065316 4.5945710518 1.79445366246 0
726 10.7830510139 103.43166 104.43448 -0.46455789 99.850057428 106.882042169 -0.4150224622 4.33802230926 2.83817094934 0
729 10.7852160931 103.35806 104.51276 -0.60050128 99.3385851763 107.22051739 -0.581911982899 4.84645519324 1.065088268 0
732 10.7331039906 103.30537 104.5712 -0.75278089 100.517432017 106.689494006 -0.655568395503 3.5013951067 5.56986565061 0
735 10.7920541763 103.24477 104.73622 -0.88717849 99.8164754563 107.211733137 -0.799467791548 4.22863675093 5.02545283945 0
738 10.7673239708 103.11543 104.83266 -1.0218313 100.688159664 106.790941089 -0.945715021923 3.11873469717 4.36114148606 0
741 10.8559789658 103.3336 104.43355 -1.1359167 99.8839411957 106.503498248 -1.07385036704 4.02303761045 3.55613892859 0
744 10.8154349327 104.18264 102.5184 -1.1499809 101.202595806 104.329045767 -1.08115123025 3.48699031963 3.94364958199 0
747 10.8350791931 105.02068 100.61649 -1.1544373 102.200585086 103.093783543 -1.05956459884 3.7536540358 5.43580536755 0
750 10.8411500454 105.97315 98.645528 -1.1675657 104.18664504 101.055970851 -1.07484170805 3.0003057692 5.3126933982 0
753 10.8559830189 106.66644 96.709247 -1.154133 104.833818837 99.0765364349 -1.0870604094 2.99375342928 3.84297636228 0
756 10.7505180836 107.65453 94.805864 -1.1707179 105.385397476 97.1160819285 -1.12731857539 3.23822008035 2.4865981338 0
759 10.7607150078 108.36584 92.821603 -1.1639211 106.121849264 95.1434281639 -1.10804202175 3.22898846629 3.20163534707 0
762 10.7352199554 109.18739 90.932737 -1.1605274 107.410253688 92.7561911912 -1.14198571206 2.54621261049 1.06236046383 0
765 10.8072412014 110.00551 88.971931 -1.1631703 108.014783565 90.6351691628 -1.12800213809 2.5940996367 2.01498725055 0
768 10.7719159126 110.83946 87.051439 -1.1600004 108.993606938 88.7513230895 -1.12458943682 2.50933844719 2.02889873866 0
771 10.7064220905 111.68317 85.129972 -1.1502451 110.55068671 86.9425878163 -1.10398663915 2.13731010846 2.65041457354 0
774 10.7904939651 112.49307 83.177328 -1.1488654 110.773053167 86.617391515 -1.1099673491 3.84610125884 2.22869414768 0
777 10.7966098785 113.40329 81.226755 -1.149046 112.209113667 83.9000091608 -1.12158886035 2.9278567113 1.57317821937 0
780 10.7651209831 114.20236 79.347389 -1.1522317 112.231739554 81.9602871709 -1.12868014362 3.27270252115 1.34940478158 0
783 10.7768130302 115.10134 77.33273 -1.146946 113.161954311 80.1063506788 -1.13842793308 3.38440371717 0.488049284326 0
786 10.8279030323 115.87569 75.433999 -1.1405871 113.685172662 78.060455339 -1.12181908401 3.42003495701 1.07532810617 0
789 10.8492181301 116.74641 73.521868 -1.1514597 114.66835547 76.0909726581 -1.13999143977 3.30433191061 0.657082909545 0
792 10.8605749607 117.66191 71.592443 -1.1472421 115.493588575 74.3167237462 -1.12970814917 3.48185631308 1.00462138049 0
795 10.8157770634 118.47567 69.543126 -1.1411103 116.639960632 71.8906076652 -1.12301053448 2.98001661955 1.03704017434 0
798 10.8219139576 119.32773 67.660396 -1.1493947 117.174286634 70.2768785493 -1.13079165488 3.38870170705 1.0658759714 0
801 10.7646849155 120.23613 65.736718 -1.1477983 118.723042577 68.2907694075 -1.12192239993 2.96860440974 1.48257986522 0
804 10.8179311752 121.05504 63.851108 -1.1435448 119.546969762 66.3159246893 -1.10658557014 2.88956694912 2.11760788526 0
807 10.8408789635 121.9387 61.889647 -1.1416966 120.12998832 63.8807688999 -1.13991284822 2.689982223 0.102201448738 0
810 10.7732019424 122.75206 59.947854 -1.134592 121.63377163 62.6825356019 -1.13208936696 2.95449696954 0.143390311022 0
813 10.8964929581 123.61313 58.017737 -1.1345099 121.992396995 61.3781852195 -1.10926303038 3.73086956494 1.44653907522 0
816 10.8297758102 124.50226 56.14403 -1.1250591 123.289263404 59.3083451697 -1.12466668084 3.38884216718 0.0224839614621 0
819 10.896435976 125.37031 54.195354 -1.1346431 123.689999582 57.904922685 -1.11463162598 4.07238786576 1.14657300325 0
822 10.8031868935 126.19009 52.293812 -1.120627 124.695163591 55.7798137454 -1.11640525848 3.79302163684 0.241887971072 0
825 10.8375658989 127.09539 50.434417 -1.1252352 125.540152639 53.7069740066 -1.11087498213 3.62331238086 0.822779876656 0
828 10.7730338573 127.94916 48.435924 -1.125081 127.065516249 51.4240530138 -1.11009901543 3.1160457766 0.858404484364 0
831 10.8265111446 128.83417 46.49897 -1.1135569 127.303565515 49.704519934 -1.13009580691 3.55222472121 -0.947609563899 0
834 10.8261358738 129.69028 44.561049 -1.1141866 128.089639869 47.5205873088 -1.1517926204 3.36465686654 -2.15466625346 0
837 10.8813760281 130.6504 42.689185 -1.1179531 128.952924143 45.4429463181 -1.12517015145 3.23490736844 -0.413506588592 0
840 10.8625531197 131.56218 40.752166 -1.1133477 130.276183017 43.0908108833 -1.11268770123 2.66890391918 0.0378151438554 0
843 10.8794112206 131.80181 39.159633 -1.0655485 131.604020978 42.6501306779 -1.10056211826 3.49609704332 -2.00613255159 0
846 10.9261720181 89.526265 39.287264 -0.26055386 132.323202722 40.6408202163 -1.09418588158 42.8183371091 -47.7635965034 0
849 10.9036719799 49.129117 22.860079 0.57174269 133.920738476 39.9240066345 -1.06701487566 86.4915990069 -93.8938921573 0
852 10.897687912 45.693587 19.436118 1.0035584 134.001459706 39.3811235313 -1.05360569759 90.5322242489 -117.866820558 0
855 11.4135708809 46.841947 21.209275 1.0214136 60.2279771085 105.541873615 -0.989172129544 85.3883656665 -115.198076652 0
858 11.0934820175 48.00008 22.972907 1.0079248 34.8168342009 90.6104539098 1.4389973354 68.9103455352 24.6986369427 0
861 10.9249901772 49.170996 24.731115 1.014741 37.0728629394 90.4294359116 2.85929019741 66.8029504899 105.684884116 0
864 10.880161047 50.349541 26.532036 1.0144485 36.8794036571 91.8430927816 1.0136501033 66.6856711593 -0.0457447610659 0
867 11.0107281208 51.518278 28.351001 1.0069992 42.8393966006 100.981553538 0.723910218331 73.1472497382 -16.2198038763 0
870 11.0002989769 52.642563 30.101924 1.0170679 57.6846618058 105.286212416 -2.97923707024 75.3531683804 131.028591558 0
873 10.9111502171 53.80357 31.912095 1.0183648 126.741471882 68.3651199312 0.463028897025 81.5399322881 -31.8184034525 0
876 10.7992260456 54.946688 33.671099 1.0064723 35.8052684354 102.641244824 1.58931807371 71.5770560864 33.3946029406 0
879 10.7785079479 56.161659 35.476636 1.0152563 50.9685816547 105.104081729 1.16546301179 69.8208367975 8.60621064026 0
882 10.8412799835 57.333476 37.252395 1.017552 22.3233115717 72.2737298236 -2.47252388456 49.5197486476 160.033381634 0
885 10.8627669811 58.434052 39.044555 1.0099164 17.6802435815 70.0090657985 -2.67201887649 51.182749336 149.040648217 0
888 10.8721330166 59.558673 40.733157 1.0155176 84.8719220936 49.2136905435 2.98834601573 26.6960676665 113.034741925 0
891 10.8533439636 60.829575 42.673596 1.0256616 116.155280096 111.051637338 -0.798077499228 87.9573202276 -104.492553319 0
894 10.8519978523 61.938983 44.298725 1.0235902 36.1670476121 113.404153935 1.50156281066 73.7546809488 27.3858133136 0
897 10.9368841648 63.08776 46.123861 1.0214801 60.9566800233 45.9828409754 0.981493963268 2.13574074135 -2.29103687379 0
900 10.9037930965 64.233274 47.872937 1.026201 62.271291861 48.7086468922 0.998139743388 2.13255361892 -1.60779157171 0
903 10.8725590706 65.367062 49.701179 1.0288308 63.4374825628 50.3556821609 1.00165183143 2.03756010763 -1.55724019086 0
906 10.908149004 66.47055 51.411163 1.0247772 63.8455859281 51.8777512604 1.04831017315 2.66610970963 1.34834004092 0
909 10.9279818535 67.601685 53.206336 1.0345375 65.7399321823 53.7546819183 0.983443987771 1.94082631892 -2.92744261122 0
912 10.8811759949 68.713633 54.989386 1.0321621 66.0396391909 55.9632276945 1.0117088181 2.84580577993 -1.17188672988 0
915 10.9211239815 69.889939 56.860516 1.0335194 66.8867041833 58.1230098824 1.02946192158 3.25780757064 -0.232476388911 0
918 10.8767361641 70.97178 58.665246 1.0279054 68.1379379631 59.6292231016 1.02341264899 2.99331130063 -0.257415671295 0
921 10.8273890018 72.083269 60.388926 1.0348295 69.657328537 61.85527171 1.05259659868 2.83467050492 1.01797976883 0
924 10.7535948753 73.21006 62.180545 1.0389104 70.1051810315 63.0259963098 1.03164070776 3.21792811083 -0.416522683967 0
927 10.8531661034 74.211219 63.966291 1.0279221 71.2780129126 65.4787726741 1.02953088352 3.30019677679 0.0921765059087 0
930 10.8657250404 75.394113 65.876292 1.0355825 72.9049152233 67.0232674079 1.01957745093 2.74074043971 -0.917021762854 0
933 10.8356020451 76.475569 67.55587 1.0353462 73.7212674064 68.8603375149 0.999075687671 3.04759130565 -2.07814727723 0
936 10.8574938774 77.652303 69.425792 1.0395167 74.9255789472 70.5702888005 1.01237079841 2.95717719903 -1.55534559208 0
939 10.9066028595 78.72098 71.209083 1.0347632 76.0302609154 72.2960040017 1.00277023136 2.90195907208 -1.83306207718 0
942 10.9017531872 79.923618 73.070281 1.0406815 77.5229120409 74.1728173468 1.00442761838 2.64177506574 -2.07719440769 0
945 10.9533619881 80.886825 74.813727 1.0240856 78.4415199495 75.9126568037 1.00326026605 2.68088856605 -1.19320374212 0
948 10.8758208752 82.003807 76.66259 1.0354781 79.6799727818 77.4396862215 0.989019595591 2.45032324629 -2.66187622512 0
951 10.9533309937 83.149971 78.458347 1.0359732 81.6206313105 79.512898322 0.977494733626 1.85767553044 -3.35056931564 0
954 10.8855340481 84.209192 80.07724 1.046865 81.6283714445 81.1413978479 1.03447459641 2.79160646665 -0.709917832363 0
957 10.8930351734 84.421821 80.346791 1.1291589 82.4707390328 80.8580642532 1.10310307169 2.01695839877 -1.49288899367 0
960 10.9056110382 84.549549 80.462185 1.2384433 81.751683231 81.066954615 1.21287922319 2.86248129227 -1.46471370827 0
963 10.855479002 84.477315 80.645515 1.377415 82.0460681289 80.7544373458 1.34381902989 2.43368556427 -1.92490729617 0
966 10.879447937 84.491575 80.745704 1.5042297 81.6414352323 81.179697355 1.46590314876 2.8829927034 -2.1959496293 0
969 10.9859211445 84.58151 81.604236 1.6242617 81.5385696161 81.3925728863 1.61152243171 3.05029301115 -0.72990630683 0
972 10.8263940811 84.52138 83.606555 1.6450761 81.4737659612 84.050221099 1.63355915887 3.07973877737 -0.65987211946 0
975 10.7895088196 84.450105 85.633891 1.6510189 81.2256389548 86.9757560222 1.63083486463 3.49253246433 -1.15646003998 0
978 10.7685341835 84.288283 87.799076 1.6553182 81.0073026496 88.2535211901 1.62678799988 3.3123032003 -1.63466005561 0
981 10.8443758488 84.219899 89.940013 1.6574582 81.4373838317 90.4261373385 1.62691000038 2.82466060519 -1.75028290981 0
984 10.7045888901 84.085061 91.960688 1.6559816 80.9884741979 92.9874486663 1.6235881412 3.26237448628 -1.85600847328 0
987 10.8504018784 83.972707 94.061302 1.6546883 80.5668519776 95.3326624195 1.64547458995 3.63540998377 -0.527906699407 0
990 10.9250881672 83.850194 96.236204 1.650278 80.2171348845 96.9436611958 1.6604604221 3.701298991 0.583409811704 0
993 10.9563989639 83.742141 98.372522 1.653672 79.7728880222 99.1920940563 1.65975187731 4.05298255081 0.348351309957 0
996 10.9098360538 83.558608 100.37046 1.6603574 80.0238994698 101.019944202 1.63338703819 3.59388287532 -1.54528790379 0
999 10.7404460907 83.448658 102.54165 1.6520527 79.7253557501 102.950269052 1.66314779547 3.74565737533 0.635702143742 0
1002 10.8259999752 83.308795 104.69204 1.6576029 78.8396510537 104.930968914 1.66368835622 4.47552618564 0.348670957686 0
1005 10.810418129 83.194681 106.76107 1.661421 78.8016350593 107.527791581 1.67481437183 4.45945227798 0.767383679213 0
1008 10.8022561073 83.066158 108.84686 1.6653468 78.5974646054 109.189374279 1.66249123927 4.48180060756 -0.163611578192 0
1011 10.7652177811 82.920912 111.09751 1.6564676 78.34869 111.586775611 1.67307195372 4.59832522284 0.95135938971 0
1014 10.769977808 82.798446 113.12029 1.6519674 78.5788942772 113.55820044 1.65543911013 4.24221431509 0.198914337885 0
1017 10.7426569462 82.725101 115.25424 1.6521864 78.1882990197 116.188014071 1.65181976941 4.63190092985 -0.0210063854848 0
1020 10.8165791035 82.605874 115.888 1.7134215 78.6027244482 117.18473039 1.70066476059 4.20793488987 -0.730907328518 0
1023 10.8345470428 82.650086 115.98425 1.8265292 78.8002783884 117.245243914 1.84901567872 4.05106458815 1.28838032656 0
1026 10.8317890167 82.697137 116.16336 1.9516157 78.637220428 117.240314534 1.98181605673 4.20032780142 1.7303529802 0
1029 10.8358180523 82.611261 116.28116 2.0730733 78.4261688452 116.827106489 2.09531542433 4.22055137555 1.27437985172 0
1032 10.8683400154 82.517518 116.45008 2.1971216 78.7974630831 117.389627621 2.24057499886 3.83686829547 2.48969636004 0
1035 10.8899350166 82.418538 116.4581 2.3123831 78.5825229345 116.531363018 2.35867769726 3.83671461701 2.65248503737 0
1038 10.9606230259 82.414024 116.83182 2.4679277 78.7526760159 116.302270588 2.50034630449 3.69944477463 1.85744921479 0
1041 10.8135561943 82.282962 116.94587 2.5874118 78.3364669592 118.118866794 2.60783275892 4.11712819643 1.17003475945 0
1044 10.8143908978 82.208722 116.96752 2.707272 78.8347827758 116.539989867 2.7433986472 3.40091868513 2.06990441228 0
1047 10.788490057 82.043289 117.20312 2.8493508 78.3713006866 116.61007688 2.84546679897 3.7195696413 -0.22253686661 0
1050 10.7786281109 81.832352 117.28824 2.9891727 78.061660333 117.089558694 2.99588111413 3.77592239179 0.3843638168 0
1053 10.8684868813 81.142386 117.29523 3.0875315 77.3585169513 117.045687137 3.12141557341 3.79208868815 1.9414143992 0
1056 10.8654789925 79.131234 117.37152 3.1037602 75.275946999 117.368384739 -3.12178324324 3.85528827586 3.30263552698 0
1059 10.8077530861 77.094643 117.50841 3.1079346 74.3640800997 116.959078264 -3.12925866011 2.7852718196 2.63515018848 0
1062 10.8150279522 74.899205 117.59033 3.115912 71.9326198598 117.052040752 -3.12871140287 3.01502615377 2.20943436696 0
1065 10.8968718052 72.824078 117.69503 3.116944 69.7689411275 116.642063907 -3.1189926507 3.23150102933 2.70714860407 0
1068 10.8896598816 70.711208 117.83017 3.1174699 67.6266729505 117.275983109 -3.12325732647 3.13392399097 2.43266883066 0
1071 10.8727838993 68.550781 117.88294 3.1169773 65.8278425131 117.249441184 -3.11849032515 2.79565998538 2.73402178864 0
1074 10.8932659626 66.454241 117.99143 3.11617 63.7841353423 116.930249815 3.13300823149 2.87325035597 0.964759598963 0
1077 10.8575379848 64.352032 118.06903 3.1139299 61.0841046145 117.159137127 -3.13063327349 3.39223443141 2.21288525627 0
1080 10.9326069355 62.204954 118.16997 3.1178991 59.6009075426 117.531692823 3.13149662199 2.68112955804 0.779080622133 0
1083 10.8570120335 60.134729 118.2293 3.1166836 56.8311729129 117.447242581 3.1295186303 3.39486327066 0.735393066228 0
1086 10.8313019276 58.034017 118.36643 3.1239361 54.6205567265 117.079431524 -3.13474476361 3.64802359023 1.40400119601 0
1089 10.8696379662 55.858025 118.47896 3.1251128 52.6450115936 117.54419165 3.13990083348 3.34622877551 0.847291905976 0
1092 10.8106160164 53.766425 118.55 3.1243401 50.0062601743 117.134384193 -3.12653978236 4.01781129838 1.85096449763 0
1095 10.8746418953 51.628528 118.603 3.1187628 48.2111508648 117.143417606 -3.13504373451 3.71602573319 1.68327968133 0
1098 10.9155809879 49.494235 118.64783 3.1200968 47.0093430508 117.198973548 -3.13438887898 2.87643408029 1.64436756961 0
1101 10.827532053 47.379245 118.80828 3.1260538 44.8742503087 117.404536342 3.13148482751 2.8714969374 0.31117495456 0
1104 10.8735580444 45.313934 118.87713 3.1250737 42.3639689077 117.602989622 3.13772919582 3.21336704241 0.725106497921 0
1107 10.8561689854 43.229975 118.9845 3.131291 40.6731237251 117.419364049 3.14057037441 2.99785573146 0.531668990362 0
1110 10.9113059044 41.038059 119.03542 3.1300111 38.5896503548 117.274977202 3.13752587327 3.01560337862 0.430564792569 0
1113 10.8779830933 38.877743 119.09254 3.1262084 36.1109421232 118.16349898 3.11528054986 2.91861342229 -0.626119692272 0
1116 10.9286460876 36.866989 119.17866 3.1252668 34.179451643 118.525021413 3.09659958237 2.7658814956 -1.64251058036 0
1119 10.9372420311 34.67231 119.25843 3.1314701 31.8964631631 118.688541625 3.08756619045 2.83374282908 -2.51550872147 0
1122 10.87855196 32.567479 119.34722 3.1353596 29.7798082279 118.156590013 3.10602217606 3.03128819157 -1.68091057349 0
1125 10.9480838776 30.502201 119.36971 3.1349527 26.8268665549 117.875248054 3.12717423339 3.96755589651 -0.445673307977 0
1128 10.9620349407 29.15421 119.31018 -3.13185 26.3604674703 117.945923481 -3.11996252266 3.10905020396 0.68110228045 0
1131 10.9281351566 28.938717 119.39146 -3.028318 26.3817852202 117.808705376 -3.01435305259 3.00716017661 0.800132547791 0
1134 10.9429459572 28.80706 119.32785 -2.9089456 26.5295146544 117.472868807 -2.89231538872 2.93737434239 0.952840918668 0
1137 10.891782999 28.607415 119.34948 -2.7753086 26.4979713727 118.127249869 -2.77087094757 2.43794973465 0.254258755444 0
1140 10.9227559566 28.309413 119.3977 -2.6319404 26.4266453055 117.795714493 -2.61666679044 2.47207842818 0.875113365703 0
1143 10.9456119537 28.176965 119.31562 -2.5155106 26.3324463809 118.050766383 -2.47618976653 2.23653830913 2.25291780479 0
1146 10.9584867954 28.13257 119.1422 -2.3876282 26.0518984645 117.329869969 -2.37482083544 2.75929958146 0.733807936014 0
1149 10.9664049149 28.071656 119.10664 -2.2643471 26.2056988095 118.234595942 -2.25868442907 2.05967402195 0.324447145324 0
1152 10.97615695 27.847582 119.05477 -2.1225081 25.739901596 118.767853557 -2.11893125744 2.12711958543 0.204937982876 0
1155 10.8833870888 27.651134 118.95518 -2.0012288 25.3779052057 118.887012794 -2.03730451013 2.27425062802 -2.06698593335 0
1158 10.911823988 27.585975 118.8068 -1.8653126 25.5912027935 118.714562108 -1.88202406929 1.99690359926 -0.957496659737 0
1161 10.9514348507 27.545652 118.66047 -1.7395281 24.8164011172 118.349447011 -1.76757254314 2.74691566681 -1.6068282307 0
1164 10.9139740467 27.426878 118.54472 -1.6078392 25.6113822619 118.198585899 -1.61052781604 1.84819738956 -0.154046351936 0
1167 10.8818879128 27.408113 118.27266 -1.4907581 25.2666498177 117.292117133 -1.48035443894 2.35527681498 0.596085870132 0
1170 10.9440188408 27.619078 117.43976 -1.368489 26.3227465975 116.876430598 -1.37051197212 1.41344087974 -0.115907764675 0
1173 10.9251279831 28.00462 115.50954 -1.3464267 26.9584708161 115.61807488 -1.31055715589 1.05176420132 2.05517349062 0
1176 10.8630108833 28.352772 113.43776 -1.3439724 26.0768371841 113.552679435 -1.33391763053 2.27883429911 0.576095854398 0
1179 10.8265299797 28.777386 111.37552 -1.3470791 26.6598550122 111.081890075 -1.35907852058 2.13779232315 -0.687516156048 0
1182 10.8697938919 29.292879 109.18718 -1.3487141 26.557314238 109.655521788 -1.42281767413 2.77536638987 -4.24582204456 0
1185 10.8128859997 29.664866 107.14961 -1.3582731 26.8363446931 107.460588853 -1.40098653383 2.84556508109 -2.44729948691 0
1188 10.8069210052 30.155372 105.1583 -1.3627181 27.641388487 105.136343711 -1.41286138234 2.5140793906 -2.87299844885 0
1191 10.7944140434 30.584999 103.08809 -1.3538609 27.588969414 103.397573908 -1.4222616632 3.01197170796 -3.91907504681 0
1194 10.8463962078 30.932942 101.04272 -1.3388863 28.6697883694 101.35123004 -1.40154686108 2.28408467448 -3.59018569203 0
1197 10.8872749805 31.46397 98.886394 -1.3633561 28.7801527405 98.8606441031 -1.39323990145 2.68394078541 -1.71221569911 0
1200 10.8053531647 31.761459 96.890841 -1.3338862 29.8442903335 97.0119382271 -1.36203937457 1.92098938945 -1.61305808263 0
1203 10.7444870472 32.148779 94.808879 -1.340085 30.8325393716 94.6755597298 -1.34340035265 1.32297422014 -0.189955714405 0
1206 10.8783690929 32.63242 92.742465 -1.3409888 31.3486023431 92.5958363142 -1.34183936877 1.29216397866 -0.0487340009862 0
1209 10.8075039387 33.223163 90.635151 -1.3443959 31.5390966514 90.6936759248 -1.34126419835 1.68508297517 0.179433287303 0
1212 10.8143968582 33.480467 88.544154 -1.3400822 31.6600513987 88.7750630842 -1.33884305299 1.83500189822 0.0709978938502 0
1215 10.8088359833 33.996344 86.523674 -1.3537744 32.2869005384 86.5777732853 -1.3488025405 1.7102992958 0.28486656596 0
1218 10.8919432163 34.391099 84.502242 -1.3500462 32.4855312209 84.2429743351 -1.3476513438 1.92312461451 0.137215152924 0
1221 10.8382840157 34.871654 82.311763 -1.3462417 32.9927145223 82.9469542963 -1.34632432082 1.98340150849 -0.00473382401985 0
1224 10.7604031563 35.319079 80.358924 -1.358939 34.062187223 80.7228239866 -1.3345707681 1.30851065698 1.39619684186 0
1227 10.8037908077 35.776446 78.250756 -1.3606991 34.5625729858 78.0736470096 -1.34054130707 1.22672543343 1.15495645941 0
1230 10.8084719181 36.167733 76.160289 -1.3496683 34.7261891027 76.6874708467 -1.33581735014 1.53491677537 0.793600969002 0
1233 10.8232719898 36.593873 74.026216 -1.3452321 35.1818718763 74.6926186261 -1.33927084409 1.56135826556 0.341554804319 0
1236 10.9033479691 37.096668 72.068535 -1.358637 34.8649927892 72.0116767808 -1.37102637212 2.23239940507 -0.709858733008 0
1239 10.8578641415 37.456761 70.030489 -1.3570922 35.3067782318 69.8716088257 -1.37167983901 2.15584526652 -0.835810148187 0
1242 10.8654828072 37.942935 67.912468 -1.3598503 36.0693887547 67.9439051112 -1.37974595365 1.87380997575 -1.13993698463 0
1245 10.9167098999 38.381728 65.750541 -1.3597279 37.1958130621 65.3921870791 -1.34542366906 1.23887520457 0.819572062283 0
1248 10.8061561584 38.78715 63.709446 -1.3638712 37.658615372 63.0102485725 -1.34907699159 1.3275795453 0.847645702985 0
1251 10.8652942181 39.284372 61.704874 -1.358189 37.7601592501 61.5876011496 -1.35033287259 1.52871757645 0.450122943769 0
1254 10.8355500698 39.616785 59.610797 -1.3616912 38.0816902963 59.6701268511 -1.35765650536 1.53624079512 0.231170974367 0
1257 10.7747039795 40.0981 57.483375 -1.3627524 38.704550414 57.5249399659 -1.33734737847 1.39416932082 1.45560051236 0
1260 10.7924370766 40.478176 55.366289 -1.371191 39.8530698569 56.194977547 -1.33890349905 1.03801849606 1.84993753571 0
1263 10.8138229847 40.927924 53.368372 -1.3697355 40.3804483015 53.9937338511 -1.33826093986 0.831148052499 1.80335945782 0
1266 10.8590090275 41.311773 51.24524 -1.3687118 40.577997063 51.5531889874 -1.32804767869 0.795776164822 2.32988252847 0
1269 10.7926280499 41.752813 49.127024 -1.3690442 41.0885978206 50.1616583714 -1.33288705296 1.22949180035 2.07165192464 0
1272 10.6995549202 42.124468 46.999249 -1.3746445 41.2161511509 47.8808847395 -1.3571927865 1.26582821726 0.999909528796 0
1275 10.8079030514 42.489069 45.000812 -1.3756167 41.561421503 45.6707340992 -1.3510039753 1.14425761858 1.4102052475 0
1278 10.8549518585 42.919623 42.847052 -1.3693623 42.0331389211 43.6874629414 -1.37781478086 1.22153369687 -0.484291479407 0
1281 10.9023768902 43.26925 40.76156 -1.3849404 43.0536977466 41.5264932911 -1.3414424968 0.794723671317 2.49224627081 0
1284 10.7979018688 43.723057 38.666685 -1.382086 43.5057756421 39.0471429557 -1.34653123608 0.438131766214 2.03713791392 0
1287 10.68810606 44.069109 36.638541 -1.3748634 43.4067900162 36.6749053023 -1.33379450863 0.663316514829 2.35307414491 0
1290 10.8378050327 44.48264 34.512889 -1.372972 43.9349157772 35.4571961324 -1.37298556984 1.0916582728 -0.000777494453604 0
1293 10.7332189083 44.660959 33.544964 -1.3339999 44.2163348558 33.5542306779 -1.33056305027 0.444720699915 0.196916984373 0
1296 10.7876541615 44.654294 33.324157 -1.2074321 44.4940464408 33.4542724973 -1.20959167157 0.206420257914 -0.123734336673 0
1299 10.7871980667 44.699557 33.107025 -1.0711259 44.6131845437 33.7669400827 -0.999229069766 0.665543475372 4.11938493276 0
1302 10.8129549026 44.829945 32.953901 -0.95914547 43.9686152115 33.8978999213 -0.929730851445 1.27789787066 1.68533349919 0
1305 10.8166160583 44.914184 32.826307 -0.82117543 44.1823809148 33.1707261383 -0.927803988409 0.808801766966 -6.10936637238 0
1308 10.7980630398 44.932468 32.690373 -0.70238554 44.2831979373 33.4456292272 -0.811458726192 0.995973685928 -6.24943322687 0
1311 10.8532850742 45.019913 32.619075 -0.56167342 44.1429931007 33.2104659063 -0.684858571703 1.05770114578 -7.05798929128 0
1314 10.9599518776 45.164806 32.47066 -0.44585332 44.2133574374 33.5615493966 -0.599429081305 1.44751305443 -8.79924295826 0
1317 10.9876260757 45.307079 32.373178 -0.30795343 43.9579314116 32.7183324963 -0.498264326072 1.39259859318 -10.9040111403 0
1320 11.2488188744 45.468859 32.25314 -0.19105128 43.1491733664 32.6736330799 -0.425721282201 2.35748931466 -13.4456007044 0
1323 10.9086999893 46.833289 32.057508 -0.10389315 45.2045435413 33.4218217088 -0.30530742448 2.12465612875 -11.5401878614 0
1326 10.9061598778 48.863767 31.868312 -0.084237935 46.5404599187 31.7772493998 -0.325551013732 2.32509100706 -13.8262209526 0
1329 10.9355700016 51.033972 31.691587 -0.08198003 48.4887099108 29.2766252603 -0.58223562451 3.50861786274 -28.6625342432 0
1332 11.0995600224 53.111195 31.42619 -0.084122232 51.151678155 33.3483608235 -0.0608952164442 2.74489470483 1.33080996203 0
1335 11.013725996 55.206155 31.249451 -0.082409142 54.1072774075 33.2037404198 -0.0269525734585 2.24204796996 3.17742732371 0
1338 10.7768850327 57.287235 31.07162 -0.080297126 56.0672382807 33.0831968246 -0.0542649750066 2.35262264647 1.49153238357 0
1341 10.8295669556 59.516372 30.847745 -0.092608556 58.4660009084 32.9260937426 -0.0137192894957 2.3286933946 4.52002201958 0
1344 10.7153809071 61.567611 30.670937 -0.091677002 60.6891041115 32.8945600947 -0.00240691578497 2.3908730666 5.11479917689 0
1347 10.7518889904 63.68279 30.502969 -0.089332225 63.2054583904 32.0340227788 -0.0669178965511 1.60373661777 1.28424642074 0
1350 10.8366370201 65.773678 30.270465 -0.081918863 65.6104419466 32.1828339129 -0.0747661770478 1.91932302342 0.409818717244 0
1353 11.2696361542 67.870787 30.052005 -0.080757136 67.616818207 31.6742919026 -0.0839605159079 1.6420459622 -0.183540148902 0
1356 11.2693939209 69.978421 29.855203 -0.080851998 69.2638468577 31.7712201918 -0.0809866359606 2.04492984819 -0.00771418690649 0
1359 10.8931260109 72.04312 29.748383 -0.089661546 70.8204814237 31.2002577625 -0.0811688793653 1.89810047526 0.486593954977 0
1362 10.8349819183 74.192216 29.503442 -0.097083695 72.9040901842 30.7995835751 -0.102913000793 1.82736178687 -0.333994619407 0
1365 10.8688018322 76.337484 29.313327 -0.092202589 75.0693317945 30.5195903415 -0.107985264849 1.75022320448 -0.904280715589 0
1368 10.79874897 78.469083 29.072242 -0.088851811 77.479386693 30.410592373 -0.103095709234 1.66453612183 -0.816115252607 0
1371 10.8046770096 80.508884 28.860474 -0.08148585 78.8460809045 30.2196121111 -0.087133507631 2.14759645635 -0.323586946391 0
1374 10.802355051 82.648681 28.706332 -0.092016755 81.1890082554 30.5853504549 -0.0774009947005 2.3793601819 0.837421379535 0
1377 10.8118741512 84.803463 28.469695 -0.089914919 83.393491553 30.3437793379 -0.060358828781 2.34525298996 1.69343922845 0
1380 10.7536511421 86.909059 28.274418 -0.095059786 85.0015440358 30.3187524554 -0.0700493292784 2.79605377342 1.43299361384 0
1383 10.623196125 88.999768 28.069648 -0.093100738 86.9795173513 30.4234993926 -0.064040702456 3.10193956455 1.66501738917 0
1386 10.8702301979 91.148907 27.8824 -0.087682683 89.6008980348 30.1462327813 -0.0428974670827 2.74249350368 2.56600385665 0
1389 10.758975029 93.191686 27.680334 -0.085944106 91.0263924844 30.1328296675 -0.0630739848125 3.27157928347 1.310361421 0
1392 10.6603770256 94.597595 27.536443 -0.026113958 93.2934694925 29.85306252 -0.0601298402633 2.65847124112 -1.9489664901 0
1395 11.034318924 66.734672 23.138609 0.64678418 94.8363735008 30.659494037 -0.0453266845621 29.0907088085 -39.6550314946 0
1398 11.4418261051 41.954155 8.6979942 1.5862633 98.1428151029 31.1699488214 0.0113136444215 60.5157357112 -90.2379682102 0
1401 11.1231360435 40.498777 7.6026468 1.6671323 99.7936903902 31.5683117989 0.00349528490071 63.9549830177 -95.3193796069 0
1404 10.9753489494 40.36551 9.5759073 1.6613912 102.612832708 30.9978339806 -0.00998646543837 65.8302979407 -95.762886202 0
1407 10.9036169052 40.15753 11.693798 1.6450717 102.987072492 30.484119204 -0.0139559347018 65.5791703265 -95.055281564 0
1410 10.9115171432 40.017928 13.779826 1.6578436 103.216796418 30.668272893 -0.0298392751135 65.4164857487 -96.6971059005 0
1413 11.0536999702 39.937066 15.922073 1.6651068 106.969401054 30.7904885404 0.0268936686525 68.6615155923 -93.8626983691 0
1416 11.1547548771 39.75755 17.953862 1.6630734 107.004866357 29.9318551005 -0.0105892820928 68.3057382358 -95.8938080125 0
1419 11.1504380703 39.645384 20.177858 1.663423 108.87815504 29.0726834263 -0.0288025910542 69.8018230793 -96.9573843514 0
1422 10.7439689636 39.526919 22.292671 1.6684735 110.931188641 31.9325241683 0.0538197679855 72.0520401657 -92.5128442195 0
1425 10.8499670029 39.303781 24.413998 1.6572417 118.191724694 29.2324444534 -0.0658728988937 79.0349611658 -98.727194134 0
1428 10.7867100239 39.21094 26.55624 1.6661167 119.474289894 28.5439951506 -0.0395409827727 80.2879599114 -97.7269865169 0
1431 10.7659759521 39.049874 28.673026 1.6660737 121.116634616 29.7461040379 -0.0207709268033 82.0737759245 -96.6490778102 0
1434 10.7940790653 38.816051 30.701859 1.6598041 120.134115016 34.5762034111 0.103630463413 81.4103069637 -89.1621815659 0
1437 10.8151919842 38.695572 32.853799 1.6647394 123.032047008 34.4405734714 0.118835442961 84.3514011146 -88.5737722709 0
1440 10.8178560734 38.58982 35.008607 1.6723781 124.178998252 35.2692482984 0.101539205781 85.5895751115 -90.0024389338 0
1443 10.8345279694 38.393816 37.160762 1.6689022 126.237395664 35.6017333543 0.114701171981 87.8574132241 -89.0491594204 0
1446 10.8327660561 38.314928 39.264936 1.6781402 128.924276999 37.0036475423 0.145337157962 90.6375614822 -87.8231451336 0
1449 10.8436009884 38.042909 41.445131 1.6601298 130.229486604 37.1383846192 0.159863010031 92.2871234498 -85.9589552088 0
1452 10.8528940678 37.893052 43.482766 1.6655679 135.678292279 27.4065439973 -0.10185353285 99.0979219275 -101.265788723 0
1455 10.7909591198 37.737395 45.529248 1.6663309 137.954714127 27.7580002924 -0.0636102941061 101.780785506 -99.1183292281 0
1458 10.8376121521 37.667375 47.706088 1.6735516 140.560132565 26.5228947074 -0.071031426378 105.050688895 -99.9572444216 0
1461 10.8697018623 37.411337 49.793915 1.6717816 142.214682473 25.827954083 -0.0953565843283 107.508643861 -101.249559778 0
1464 10.8993711472 37.208006 51.943854 1.66906 27.5552092752 115.050329458 1.69704032716 63.8404552724 1.60315465544 0
1467 10.9223709106 37.03196 53.963531 1.6741645 26.9922078286 117.176244685 1.62244720597 64.0050294512 -2.96318267577 0
1470 10.9239051342 36.983983 56.143126 1.6856298 28.0082584833 119.122210309 1.62318119824 63.6154752479 -3.57804131762 0
1473 10.9543230534 36.720012 58.206076 1.6746777 33.7888039548 57.9462750826 1.6936342989 2.94269895178 1.08613311107 0
1476 10.9544558525 36.536888 60.398002 1.6787317 34.0497831056 59.9760835216 1.71570143563 2.52263868953 2.11820982119 0
1479 10.9071810246 36.401835 62.417273 1.6766351 32.76230561 61.9092759119 1.66059491362 3.67481090968 -0.919034982089 0
1482 10.8603341579 36.239068 64.615141 1.6886647 33.4327757039 63.6173250565 1.67869087155 2.97840781432 -0.571458275637 0
1485 10.7362890244 35.99676 66.655908 1.678851 33.9679761124 65.7488614941 1.68431400849 2.22231802997 0.313007330135 0
1488 10.8763699532 35.830181 68.859683 1.6854848 33.3794200871 68.3320567407 1.67309043237 2.50691414332 -0.710144954979 0
1491 10.8164258003 35.575227 70.898859 1.683738 32.8844698455 70.9846237734 1.67355622096 2.69212363405 -0.5833729669 0
1494 10.8399038315 35.463169 73.006353 1.6935188 32.6653904876 73.0309372971 1.66831537507 2.79788652241 -1.4440498775 0
1497 10.9028289318 35.205801 75.07321 1.6913976 31.7294785044 74.6526523379 1.69582239283 3.50166915068 0.25352195414 0
1500 10.8327958584 34.978045 77.287591 1.6912075 32.1150864159 76.0648281441 1.7000969274 3.11314645592 0.509326672503 0
1503 10.8521609306 34.814043 79.320098 1.7000185 30.6682997057 78.486530385 1.70993091035 4.22871403983 0.567939277905 0
1506 10.8714368343 34.580736 81.372215 1.6970036 30.9366753677 80.8394562129 1.69867207975 3.68279918232 0.0955968478287 0
1509 10.7827808857 34.345965 83.441951 1.6955247 30.7481913678 83.2921355609 1.7014509237 3.60089152496 0.339547606577 0
1512 10.8355908394 34.142398 85.698773 1.7034669 29.8076199631 84.8096491317 1.70501965937 4.42502450637 0.0889665585031 0
1515 10.8446550369 33.910208 87.748137 1.7016389 30.3859248827 87.1117682603 1.68052924837 3.58127584297 -1.20949394564 0
1518 10.8134968281 33.670818 89.737713 1.6967853 30.2477035812 89.8169596317 1.68810403679 3.42403159339 -0.497399742581 0
1521 10.8691740036 33.472926 91.900649 1.7056804 29.7464634541 91.9524039856 1.68485214324 3.72682192824 -1.19337120687 0
1524 10.7837300301 33.217902 94.036516 1.7078464 29.7380128613 93.5138844973 1.69238380599 3.5189163254 -0.885941377026 0
1527 10.8598458767 33.034075 96.178482 1.7177188 28.5557582751 96.1119826053 1.70895093725 4.47881042887 -0.502361530759 0
1530 10.8660509586 32.713254 98.174723 1.7080491 28.3942731873 97.31149181 1.71584045628 4.40440272315 0.446411831286 0
1533 10.9130568504 32.45653 100.24821 1.7068362 27.971273189 99.4471877367 1.70039547075 4.55622270379 -0.369026603171 0
1536 10.739128828 32.217075 102.39435 1.7082962 27.8407771257 101.855432208 1.70071532954 4.4093554485 -0.434351882349 0
1539 10.7708759308 31.955228 104.48204 1.7110577 27.8653134391 103.528344036 1.69234708687 4.19963535401 -1.07203916469 0
1542 10.7569019794 31.741377 106.6002 1.7198575 27.8154617895 105.506058809 1.69098692339 4.07553127646 -1.6541621917 0
1545 10.8185169697 31.439656 108.68741 1.7105287 27.2285000029 108.025956533 1.68728407862 4.26278729483 -1.33181870159 0
1548 10.7176179886 31.216018 110.75498 1.7177022 27.1924093524 110.398607292 1.69361663019 4.03935985721 -1.3800014972 0
1551 10.8289070129 30.916985 112.90957 1.719675 27.3316503224 112.423949857 1.69471665221 3.61807292275 -1.43000799191 0
1554 10.7130570412 30.668641 114.94646 1.716506 27.1233514458 114.468919917 1.68130262794 3.57730660604 -2.01700464384 0
1557 10.8621900082 30.419865 117.12266 1.716223 27.082898946 115.721339696 1.70541850164 3.61925973647 -0.619052155567 0
1560 10.7891998291 30.132888 119.21343 1.725557 25.9450716257 117.930714387 1.69666453427 4.37985905348 -1.65541634603 0
1563 10.8820099831 29.88258 121.34383 1.72867 25.8530910707 120.009984935 1.69113005657 4.24451689706 -2.15088032159 0
1566 10.8855340481 29.981486 120.5055 1.7055843 25.9323966808 119.642745674 1.71036593507 4.13998422004 0.27396750887 0
1569 10.8686628342 30.170653 118.4575 1.6900862 26.7388091914 117.9225966 1.69343014705 3.47327994457 0.191594052991 0
1572 10.8130049706 30.502618 115.6086 1.6745202 27.0108629851 114.476867173 1.6868792655 3.67058200779 0.708122291989 0
1575 10.7477879524 30.699806 113.48782 1.6738205 27.3337372913 112.598666659 1.68476039649 3.48152440964 0.626809896958 0
1578 10.8361549377 30.8492 111.36091 1.6697397 27.8150928169 111.156078322 1.7001825373 3.0410133862 1.74424609374 0
1581 10.770663023 30.973164 109.37107 1.6787837 28.5244982658 109.1258897 1.71320860268 2.46090984342 1.97240163355 0
1584 10.8576438427 31.204408 107.09871 1.665475 27.9714487816 107.307928298 1.69689552435 3.23972184055 1.80026343512 0
1587 10.8231160641 31.322843 104.96751 1.6587885 27.6270137666 105.017921333 1.67192771707 3.69617302417 0.752821684481 0
1590 10.8312211037 31.457099 102.91722 1.6541397 28.2894688815 102.592420572 1.69150427852 3.18423856457 2.14083265253 0
1593 10.8368151188 31.546684 101.34427 1.631357 28.2837674158 101.824141247 1.6673520949 3.29801471324 2.06236702068 0
1596 10.8515889645 31.536552 101.09899 1.5279681 28.7152516607 101.794898727 1.5847607992 2.90586038225 3.2539819711 0
1599 10.7616329193 31.522716 100.84711 1.3818466 28.7864559803 101.564839963 1.46811792561 2.82882576264 4.94298285043 0
1602 10.7784059048 31.33472 100.81397 1.2437751 28.6147656588 102.08837576 1.33054386418 3.0037079851 4.97148398113 0
1605 10.8146920204 31.335612 100.76499 1.1262837 27.9148684132 101.943509187 1.19322117834 3.61806497455 3.83523500002 0
1608 10.8059318066 30.238332 99.003137 0.9296569 28.2968719053 100.243486471 1.0348193598 2.3038520154 6.02536510964 0
1611 10.796544075 28.772289 97.32743 0.78863198 26.2452495797 98.775941146 0.853651787182 2.91275003593 3.72536053627 0
1614 10.7651610374 27.005154 95.945316 0.6582802 23.9797288671 97.710369812 0.68517507508 3.50265787564 1.54096283259 0
1617 10.8716220856 26.209553 95.323497 0.64585939 24.1405781988 95.5928862814 0.709476551038 2.08643890703 3.64499483209 0
1620 10.8244400024 26.225548 95.299359 0.74214735 24.2126236603 95.0944926994 0.824216145711 2.02332266295 4.70219562396 0
1623 10.8214218616 26.287241 95.304851 0.87876564 23.5352865511 94.6480725507 0.954893058747 2.8292421636 4.36177979944 0
1626 10.8095560074 26.503119 95.525486 1.0159202 24.4688503958 94.3946085114 1.10084668515 2.32747344735 4.86592916776 0
1629 10.8241138458 26.584147 95.637624 1.1414331 23.8061945733 94.9215430777 1.22149266624 2.86876133069 4.58707525514 0
1632 10.8722519875 26.62792 95.717086 1.2595284 25.1231297336 95.9045811169 1.32065314699 1.51642611582 3.50219002661 0
1635 10.9345650673 26.756174 95.797181 1.3910555 24.2076849162 95.9720567195 1.46225223548 2.55448196851 4.0792724579 0
1638 10.9617769718 26.381693 93.77201 1.3952992 23.8997046289 93.9999058377 1.52697583274 2.49242909368 7.54451531668 0
1641 10.9820489883 26.011804 91.856332 1.39866 23.1139058736 92.1725684909 1.46432616365 2.91510189688 3.76239403386 0
1644 11.0112490654 25.609249 89.727224 1.3968171 22.8462185193 90.100385568 1.46191618985 2.78811531198 3.72990309844 0
1647 10.9808068275 25.2462 87.568251 1.3940659 23.3317802243 87.7657561467 1.50583971868 1.92458082724 6.40416807039 0
1650 10.9410181046 24.820481 85.505592 1.4017015 22.9177603657 85.6870517157 1.49600312142 1.91135382398 5.40308490848 0
1653 11.0313038826 24.493958 83.448062 1.398475 21.2147475722 83.8092303757 1.46064221087 3.2990398035 3.56191880709 0
1656 10.9706828594 24.080092 81.345956 1.3962744 20.9841380554 81.7583110291 1.4509644847 3.12329433408 3.13351103439 0
1659 11.0211131573 23.622432 79.208855 1.3888608 20.1535214297 79.4660107847 1.42732780485 3.47842919182 2.20399702849 0
1662 10.8730669022 23.236261 77.182266 1.3737053 20.1490550908 77.5285078596 1.43956221266 3.10656140313 3.77332314744 0
1665 10.8857369423 22.741503 75.111069 1.3685019 19.3359989149 75.3459801971 1.40609094536 3.41359654094 2.15369365517 0
1668 10.9286429882 22.23837 73.007777 1.3690406 19.2948210082 72.9079816199 1.42698299162 2.94524019141 3.31985449492 0
1671 10.909487009 21.796618 70.8705 1.3677106 18.8406957322 71.2593696279 1.43121635162 2.98139162826 3.63861154249 0
1674 10.9008479118 21.306705 68.900927 1.3588762 19.5021340123 69.3076501452 1.46347373924 1.84983787577 5.99299754607 0
1677 10.9001069069 20.800373 66.796896 1.3509317 19.9126583286 66.7428627383 1.46498909733 0.889357594619 6.53500748913 0
1680 10.8410270214 20.180988 64.758154 1.3339286 19.3315023855 66.1100833877 1.43842026153 1.59666492364 5.98693120021 0
1683 10.8946530819 19.716632 62.635567 1.3210663 18.6385767646 63.3775975577 1.45136148386 1.3087446042 7.46536412624 0
1686 10.9383380413 19.127208 60.642471 1.320188 17.2127272774 60.9409530558 1.40203803066 1.93760882917 4.68966130965 0
1689 10.8957819939 18.573484 58.538556 1.3117791 16.6822985413 58.4522508779 1.39890551054 1.8931537215 4.99197560779 0
1692 10.9076890945 18.03732 56.562177 1.3046299 17.0049634183 56.719673206 1.4287851892 1.04430128159 7.11357407558 0
1695 10.9559099674 17.470308 54.449011 1.30616 16.4224546868 54.6816288162 1.42870418442 1.07336275988 7.02126457135 0
1698 10.8720200062 16.865167 52.414515 1.2995721 15.2467588512 52.3532942965 1.39633187659 1.61956565492 5.54392682518 0
1701 10.9252781868 16.322269 50.452679 1.2871313 15.161181103 50.6966726996 1.38817222297 1.18644765162 5.78921844413 0
1704 10.9074878693 15.679585 48.421133 1.2791916 15.0150788424 48.5410451319 1.41181687939 0.675238737665 7.59886876581 0
1707 10.9302499294 15.049517 46.343459 1.2810584 13.9545030537 46.2659922022 1.37642033355 1.09775072183 5.46383631883 0
1710 10.9266149998 14.370513 44.264129 1.2685694 13.6312849918 44.7292150954 1.39049948551 0.873363111287 6.98607929516 0
1713 10.9083490372 13.728985 42.398373 1.2622613 13.3785853585 42.356813734 1.38089510288 0.35285560976 6.79721621256 0
1716 10.8650288582 13.116178 40.310007 1.2578142 12.9187823794 40.2803294105 1.39033909329 0.199614103545 7.59311706585 0
1719 10.9295301437 12.482531 38.460523 1.239848 12.7508455359 38.9333486594 1.36983827237 0.543651353724 7.44789398454 0
1722 10.8158838749 12.331027 38.238303 1.1567887 11.0449519122 38.0886831366 1.25173220459 1.29474910114 5.43986210531 0
1725 10.851444006 12.263795 38.100898 1.043782 11.4528350047 37.6671724081 1.13237197597 0.919659721342 5.07583173034 0
1728 10.8944938183 12.231882 38.075858 0.90529637 11.4297652036 37.5206899312 1.04098754298 0.97550137861 7.77453152904 0
1731 10.9440639019 12.170047 37.918491 0.7605547 11.4192603328 37.8453571691 0.895109457078 0.754340226235 7.70941969398 0
1734 10.9485030174 11.9457 37.868652 0.60051086 11.3835875114 37.3255603042 0.760544629642 0.781613101121 9.16925958003 0
1737 10.9509398937 11.861848 37.85602 0.47073445 12.0629552441 37.8958191101 0.639648882434 0.205007543274 9.67808407734 0
1740 10.8822751045 11.68598 37.868337 0.32347919 11.8229024216 37.4417054118 0.493956712128 0.448065019337 9.76764251979 0
1743 10.9573731422 11.634663 37.834152 0.18688423 12.3487393147 37.6915523885 0.158930617447 0.728175550511 -1.60162402144 0
1746 10.9154989719 11.546787 37.799316 0.059161186 10.8505429598 37.5262744526 0.0659051030562 0.747868604859 0.386397984705 0
1749 11.0135540962 11.461332 37.784444 -0.088384018 12.6737713374 38.0380960312 -0.0782090392889 1.23868821735 0.582983336784 0
1752 10.8657178879 11.353119 37.809133 -0.22428348 11.40799404 37.4090149982 -0.115724032452 0.403863448918 6.21999817074 0
1755 10.9847888947 11.259101 37.929753 -0.36642208 11.6253688407 37.8874226797 -0.262363768431 0.368705827382 5.96210207615 0
1758 10.9555969238 11.22919 38.083377 -0.50941267 11.4979809735 37.8524200997 -0.301186357527 0.354386338932 11.9304888883 0
1761 10.9368879795 11.185129 38.110347 -0.64618684 13.3444680419 38.1404227742 -0.500719095152 2.15954848291 8.33468783505 0
1764 10.8837299347 11.588805 37.741111 -0.76036767 11.4261550668 37.0153656639 -0.630185094803 0.743748138558 7.45891212492 0
1767 10.9011240005 13.063467 36.224873 -0.77289998 13.4372352429 36.1968930216 -0.728622029156 0.374814058647 2.53693970888 0
1770 10.8576929569 14.493375 34.807156 -0.77803694 14.0722988281 35.1354253682 -0.72679425528 0.533915649351 2.9359895654 0
1773 10.8613479137 15.892318 33.28564 -0.77023756 15.5893939057 33.7137087063 -0.710652261595 0.52440997722 3.41398611964 0
1776 10.9454519749 17.405154 31.857105 -0.77891679 17.1478538994 32.0178466246 -0.72113735501 0.303382945534 3.31051776758 0
1779 10.9168519974 19.008966 30.381332 -0.78385491 18.7075290628 30.6581114482 -0.762750756115 0.409232317931 1.20917894783 0
1782 10.9570949078 20.517371 28.856906 -0.78454873 20.1234956509 29.2845082525 -0.723026304676 0.581361743672 3.52497531649 0
1785 10.9000859261 22.037399 27.308602 -0.78653789 21.8850718117 27.6242352813 -0.787310698203 0.350468173441 -0.0442786483917 0
1788 10.874382019 23.470866 25.802264 -0.78746834 23.6620550393 25.9539961873 -0.767150959941 0.244081759646 1.16410012815 0
1791 10.9311609268 25.030138 24.239515 -0.79252133 25.2569287638 24.6732167192 -0.784746071569 0.489419280191 0.445489492726 0
1794 10.8585238457 26.508975 22.80392 -0.79210599 26.4604397435 22.867465955 -0.762028003688 0.0799609874365 1.72334167192 0
1797 11.0255231857 27.961008 21.312251 -0.79564812 28.1331312612 21.8040103211 -0.789611978461 0.521012137021 0.345845434742 0
1800 10.845441103 29.36401 19.750057 -0.78815021 29.4292589059 20.0516063064 -0.803643756555 0.308527800852 -0.887714827275 0
1803 10.7765090466 31.016391 18.179875 -0.79578372 30.7828221654 18.8879894204 -0.77829945265 0.745640954428 1.00177472703 0
1806 10.8008561134 32.405165 16.663972 -0.79079715 32.4456352917 17.4495812544 -0.779192641393 0.786650967778 0.664889366502 0
1809 10.917028904 33.875627 15.226881 -0.79213801 33.9500373822 15.5871496201 -0.80331095213 0.367872781843 -0.640162428788 0
1812 10.8899469376 34.400964 14.714584 -0.72873329 33.9295090072 14.7211341161 -0.75572550516 0.471500492311 -1.54654000839 0
1815 10.8691749573 34.541831 14.529671 -0.59347242 33.7172899133 14.7118332536 -0.654122525935 0.84442352544 -3.47499509711 0
1818 10.8817720413 34.648846 14.435796 -0.47955783 34.1120092073 15.122365825 -0.509857427317 0.871534202749 -1.73603904722 0
1821 10.8744540215 34.668797 14.324629 -0.34405458 33.6970427424 14.8779898929 -0.368953459267 1.11826410785 -1.42660069659 0
1824 10.9145488739 34.864126 14.20779 -0.22615765 33.9142844139 15.1345002949 -0.227215819254 1.32702336427 -0.0606286322856 0
1827 10.833594799 35.017605 14.088235 -0.094353638 34.9052714267 14.9749776559 -0.109764382482 0.893829608716 -0.882970617996 0
1830 10.9055769444 36.599142 14.0692 -0.022879679 36.4270949001 14.605447563 -0.0400893790071 0.563171069374 -0.986043177095 0
1833 10.9510400295 38.63985 14.009333 -0.014813302 38.5775306264 15.0270183435 -0.0350204988119 1.01959166471 -1.15778709311 0
1836 10.8862979412 40.768535 13.925491 -0.0089087199 40.2254946109 14.1817713797 -0.0372369525121 0.60047689147 -1.62308816974 0
1839 10.8698699474 42.905865 13.952369 -0.011506708 42.1861040594 15.1405285994 -0.0249844667894 1.38916487336 -0.772218695926 0
1842 10.8874459267 45.04117 13.838962 -0.010052037 44.9150441232 14.9114023248 -0.0164888021032 1.07983146237 -0.368799474131 0
1845 10.8565750122 47.095509 13.764363 -0.008210261 46.2470763875 14.9938100233 -0.0112820810263 1.49377972971 -0.176002322933 0
1848 10.8553950787 49.256947 13.750747 -0.012245698 48.5598261603 15.0683523326 -0.0116011529806 1.49065800162 0.0369297093187 0
1851 10.7507817745 51.347189 13.680192 -0.017629817 50.6219432418 15.1612444105 -0.0193797561687 1.64908994672 -0.100264128768 0
1854 10.7340919971 53.510554 13.649042 -0.0075411209 52.523989455 15.036458897 0.0127548697878 1.70242040858 1.16287460745 0
1857 10.8158521652 55.608657 13.581194 -0.0077936973 54.6022940549 14.9937989874 0.0104134227074 1.73442187136 1.04319113351 0
1860 10.8488588333 57.666716 13.591636 -0.01411162 56.6854373311 14.8157258679 0.0109573025684 1.5688543051 1.43634346011 0
1863 10.8417298794 59.905766 13.533857 -0.012519778 59.1415272039 14.9116945699 -0.00510774508434 1.57559427088 0.424678203679 0
1866 10.9023771286 62.027534 13.447994 -0.021676244 60.9223072749 15.2043027934 2.60701325942e-06 2.075125705 1.24210666775 0
1869 10.9262611866 64.181261 13.371995 -0.025327169 63.0905722461 15.0655221302 -0.00612799754037 2.01435749026 1.10003149479 0
1872 10.8733000755 66.241252 13.310079 -0.024907545 65.4146017164 14.9371159717 -0.00302326771758 1.82499315032 1.25387672598 0
1875 10.8419151306 68.444119 13.24669 -0.026304862 66.7189949628 14.9806005713 0.00851125075709 2.44591471912 1.99481632003 0
1878 10.8691029549 70.49734 13.123327 -0.017605166 69.3057979761 14.9566214425 -0.00339819019146 2.18649054594 0.813999753474 0
1881 10.8458259106 72.634932 13.039101 -0.019360635 71.8407157267 15.0480560424 -0.00468322301873 2.16024995106 0.840953760702 0
1884 10.7944760323 74.720419 12.994859 -0.019347658 73.8327165544 15.0449986893 -0.00575883929088 2.23407438941 0.778581960601 0
1887 10.7344050407 76.914825 12.90632 -0.036038761 75.9517463306 15.0337509344 0.0142556480662 2.33526934297 2.8816573726 0
1890 10.8048529625 79.004774 12.78569 -0.032634565 78.0632612726 15.1110944735 -0.0113661829288 2.50877503603 1.21858852975 0
1893 10.8541049957 81.177999 12.691712 -0.029848436 80.7652196665 15.2535823552 0.0040140671732 2.59491165459 1.94017851557 0
1896 10.7603750229 83.222919 12.597068 -0.02122413 82.1535961199 14.9914920515 0.00668812060013 2.62234970212 1.5992541561 0
1899 10.8275389671 85.390174 12.538762 -0.021700441 84.4422741011 14.5199922251 -0.00424024674072 2.1963122326 1.00039544054 0
1902 10.8622219563 87.449986 12.512039 -0.030894579 86.8155707343 14.934339196 0.011663324153 2.50400099217 2.43838823559 0
1905 10.8187439442 89.572355 12.414566 -0.034322832 88.3016983174 15.1750250022 0.00276272830679 3.03886529937 2.12484608646 0
1908 10.8870978355 91.713838 12.339838 -0.030338307 90.4002924847 15.0511178773 0.00547807665199 3.01271312836 2.05212762068 0
1911 10.8266251087 93.866625 12.234111 -0.027880568 92.8451913006 14.9917373155 -0.00238017420589 2.94071924842 1.46106494032 0
1914 10.8418149948 96.027017 12.118277 -0.016096141 95.1452724123 14.9467149045 -0.00958552366823 2.96269041543 0.373030895135 0
1917 10.8308331966 98.003729 12.063433 -0.023465033 97.2010249442 14.8788651483 0.00622488424692 2.9276256562 1.70110695234 0
1920 10.8660209179 100.1865 11.996018 -0.023536261 99.1669024416 14.9364107137 -0.00041363399239 3.11215174626 1.32482893879 0
1923 10.824518919 102.26857 11.921444 -0.023061579 101.812195932 14.7681693895 0.0190607755211 2.88307522151 2.41343313721 0
1926 10.8484251499 104.50291 11.810699 -0.022632517 104.150879379 14.9006896675 0.00286600905297 3.10997875931 1.46095792664 0
1929 10.8299400806 106.528 11.779433 -0.025937223 105.765905541 15.4266238414 0.00528637310154 3.72596148637 1.78898027784 0
1932 10.86302495 108.61821 11.737233 -0.017267816 107.936739055 15.0909362489 -0.0021273755218 3.42224022113 0.86748333937 0
1935 10.8355100155 110.65428 11.638117 -0.015586443 109.461747367 14.980050747 0.00206125323018 3.5483313333 1.01113851212 0
1938 10.8721148968 112.94226 11.558687 -0.011710616 111.455794192 14.9813627278 0.00676490862348 3.73152646211 1.05856958522 0
1941 10.8682591915 114.89636 11.528856 -0.01668203 113.862604851 15.0303559264 0.00265109087892 3.6509110428 1.10770623118 0
1944 10.8093550205 117.03777 11.494892 -0.018548407 116.320251115 14.9618532296 0.00429836060801 3.54043126159 1.30902335946 0
1947 10.84958601 119.07747 11.406331 -0.016261061 118.149375623 15.2486075235 0.0026477959867 3.95277725846 1.08339770075 0
1950 10.849583149 121.291 11.334615 -0.012126455 120.321610425 14.8928561258 0.00535878280603 3.687925712 1.00183033007 0
1953 10.8431608677 123.43737 11.229443 0.0013807468 122.823144043 15.1083686533 0.00115675843124 3.92725575317 -0.01283358819 0
1956 10.8974690437 125.58554 11.258252 -0.0049853053 124.372307416 14.8859722916 0.0150311552087 3.82521735558 1.14685870794 0
1959 10.8847808838 127.50849 11.183265 -0.012828209 126.417153054 14.9020806764 0.00597291760721 3.87564270333 1.07722520468 0
1962 10.9108891487 130.28779 11.390648 -0.01314096 128.836424259 14.9378973404 -0.00768228087954 3.83268057587 0.312759275319 0
1965 10.8910720348 132.78769 11.256475 0.0084755214 131.163224305 14.8937306296 0.00310430562266 3.98353075899 -0.307747994896 0
1968 10.8618721962 125.9239 10.596074 0.27888777 132.609944197 15.0032440403 -0.00091936270805 8.00789203029 -16.0317677818 0
1971 10.8012399673 93.936275 13.265891 0.84250578 133.271717394 14.8284327336 0.00804239411994 39.3664649801 -47.8112301691 0
1974 10.9032378197 59.212281 6.4432491 1.3602712 138.038463569 13.5551371537 -0.0368303238423 79.1463581608 -80.0480208675 0
1977 10.9509828091 41.747696 3.5851691 1.5088422 138.216854657 12.6438079045 -0.0273726683321 96.8935369826 -88.0186283807 0
1980 10.9839382172 40.889782 2.6549702 1.6071612 79.6296458952 134.483466326 2.65309440488 137.402799992 59.927558292 0
1983 10.955258131 40.408125 3.8011614 1.6070032 36.7192271997 92.1222327466 -1.85243496639 88.3980747007 161.788793579 0
1986 10.8059411049 40.388712 5.5337894 1.5172855 35.0156282767 93.9632957733 2.65913728769 88.5925935173 65.4232882642 0
1989 10.8981070518 40.44034 7.6724587 1.5542124 115.705367114 61.8897238159 1.04506888294 92.7595609258 -29.1717746937 0
1992 10.8501079082 40.554207 9.7439313 1.5604739 35.4655944514 96.7608539631 3.0684489074 87.1655827 86.4006035354 0
1995 10.8721840382 40.580821 11.876658 1.5652859 34.4156613919 86.8301357115 -1.94317388666 75.2066021972 158.980061633 0
1998 10.9307060242 40.665042 14.024391 1.567666 34.7207175013 82.5291492067 -1.70542013826 68.7621763086 172.465978295 0
2001 10.8753931522 40.771617 16.174621 1.5548315 136.635535096 136.645518702 -0.0727310870727 153.958202074 -93.2524671327 0
2004 10.9179461002 40.847233 18.25792 1.5551713 57.865126072 80.4321564612 -0.323191925471 64.4611849421 -107.622285212 0
2007 10.8704581261 40.88758 20.352438 1.5597309 60.5196170219 79.6142042381 -0.345308350335 62.4289501376 -109.150708851 0
2010 10.8382208347 40.971014 22.508388 1.5678505 62.4058392805 77.1813221164 -0.395328128337 58.7246239639 -112.481849834 0
2013 10.8661880493 41.044823 24.54743 1.5705547 62.0105492812 76.7180985047 -0.385196649898 56.2257977331 -112.056298126 0
2016 10.8964788914 41.105608 26.696222 1.5717508 63.4360118056 75.7986549713 -0.364866593057 53.9415967303 -110.960003154 0
2019 10.9078109264 41.160404 28.869777 1.5672714 122.689230576 55.9926740248 -0.881865984763 85.9220641384 -140.325235595 0
2022 10.9224760532 41.204205 31.003136 1.5608691 126.613160938 53.9152129255 -0.60451267739 88.4288020013 -124.067236879 0
2025 10.9292747974 41.244227 33.116661 1.5660557 60.5907040327 128.947879005 2.16370009191 97.7645565525 34.2425013059 0
2028 10.8460938931 41.277887 35.228156 1.5643441 38.7710134595 35.4810326235 1.66056629235 2.5195955101 5.51312551697 0
2031 10.975705862 41.31792 37.33529 1.5797774 52.6149431875 19.9390642656 -0.442529694505 20.742502325 -115.869661394 0
2034 10.9906449318 41.419072 39.474789 1.5713492 39.1732382567 39.507326386 1.67757521409 2.24606942994 6.08630228189 0
2037 10.848195076 41.429937 41.518923 1.5745722 38.9038169302 41.5303495173 1.62247994881 2.52614591268 2.74491181283 0
2040 10.8316280842 41.494048 43.684079 1.5737379 39.5568704299 43.8343475727 1.65117977977 1.94299706181 4.43709286814 0
2043 10.7989029884 41.508319 45.798644 1.5762653 38.8988229999 45.6649590188 1.65756690531 2.61291810982 4.65823885181 0
2046 10.8302190304 41.512588 47.943477 1.5772604 39.0710295424 47.8461654924 1.63441903587 2.44349692681 3.27494859789 0
2049 10.9050588608 41.583607 50.107906 1.5744728 39.0329635514 50.1606099291 1.60959552256 2.55118790098 2.01238376797 0
2052 10.8926239014 41.632502 52.265699 1.5728612 39.3454596605 51.7846703478 1.62658141049 2.33708177582 3.07794133584 0
2055 10.8663890362 41.660201 54.305408 1.5732479 39.0013285295 53.9389091084 1.62684758355 2.68401271456 3.07103565079 0
2058 10.8536639214 41.689009 56.508616 1.5685378 39.2113524647 56.5636129335 1.61329719377 2.47826684797 2.56452435649 0
2061 10.9388329983 41.794127 58.57462 1.5657057 39.4162808035 58.1493770593 1.63158759995 2.41557117321 3.77475481358 0
2064 10.9756240845 41.856016 60.76704 1.5641567 39.115149109 60.7753645594 1.61626326253 2.7408795326 2.98548611774 0
2067 10.8988378048 41.858156 62.785084 1.5639758 39.2955925479 62.7933632707 1.61046114899 2.56257682659 2.66341430645 0
2070 10.880188942 41.958088 65.023529 1.5767642 39.104583731 64.6333426209 1.61328283529 2.88005764239 2.09236367591 0
2073 10.8754110336 41.99726 67.044355 1.5737097 39.4269965493 66.5198141069 1.61108878898 2.62324176442 2.14166404064 0
2076 10.7398598194 42.044947 69.102812 1.5759217 39.0237516811 68.9006467601 1.61700004508 3.02795177296 2.35361580227 0
2079 10.7025060654 42.097902 71.261122 1.5727544 39.004499637 71.443736242 1.6173445459 3.09878785027 2.55482716786 0
2082 10.7155799866 42.114798 73.459441 1.5684742 38.3562727069 72.7825805011 1.61236509574 3.81898579651 2.51476308496 0
2085 10.7770280838 42.172982 75.545483 1.5804547 39.1414721813 75.2213195883 1.59682149647 3.04879217046 0.937748361849 0
2088 10.8619861603 42.213453 77.648417 1.5799022 38.9433199477 77.6163494642 1.59889761848 3.27029027863 1.08835730907 0
2091 10.7694270611 42.308345 79.80823 1.5843424 38.7226003984 80.0549692239 1.60073095784 3.59422378167 0.938995196651 0
2094 10.930316925 42.259747 81.948131 1.5870316 38.5141509919 82.3686561299 1.60459124362 3.76912865798 1.0060934689 0
2097 10.8669359684 42.325886 84.065588 1.5841531 38.6032817398 84.2834633388 1.60805261334 3.72897467697 1.36934124689 0
2100 10.903908968 42.338042 86.100283 1.5789413 38.2276562775 86.4132258529 1.61709984758 4.12228140923 2.18632372868 0
