3 2.93802309036 72.513547 45.80148 1.6808269 135.439184743 66.8123733553 -1.77951439859 66.3407380494 161.737047916 0
6 2.86038303375 72.505015 45.806851 1.6805552 19.8540899843 10.495176167 -2.53004868448 63.3958538433 118.750168218 0
9 2.89764285088 72.51553 45.801787 1.6811119 43.9332768942 78.6781332338 1.42672201821 43.5637387547 -14.5754665777 0
12 2.87592601776 72.511327 45.798497 1.6805172 97.6048777555 118.433124718 1.08770655301 76.8470912479 -33.9655481229 0
15 3.05185604095 72.518426 45.80176 1.6806948 22.9290072572 98.2737125987 -0.672278978342 72.1970654582 -134.815466804 0
18 3.03549003601 72.509508 45.806599 1.6825332 106.876244212 135.087739756 -1.98901799757 95.6671032933 149.635612113 0
21 2.90631985664 72.510969 45.800989 1.6811293 132.367219783 55.4766447511 2.08884474427 60.6332340552 23.3603741992 0
24 2.88976716995 72.522343 45.818169 1.6838228 44.1640155799 91.7937558755 -1.90843802198 54.018046268 154.17861599 0
27 2.88227987289 72.508499 45.799812 1.6808804 32.8853116991 3.77578505536 2.28260712817 57.7582531983 34.4764019445 0
30 2.91530609131 72.523901 45.815543 1.6832165 82.8469673306 126.94291388 1.3906115508 81.7815138298 -16.7650286539 0
33 2.86966705322 72.511009 45.802779 1.6808191 61.5986184881 95.5753266114 1.48446601586 50.9547521082 -11.2502030157 0
36 3.02720808983 72.527172 45.853315 1.6851825 83.7326367315 8.56646846635 -2.70357729075 38.9341927394 108.542586693 0
39 2.86606383324 72.188088 49.017093 1.6798669 106.571259053 53.0099976242 -1.9181879244 34.614241852 153.846644105 0
42 3.01930999756 71.804616 53.279503 1.6643548 61.9918812274 101.67341666 0.241429933212 49.378746876 -81.5275894312 0
45 2.89615416527 71.568933 57.324136 1.642571 87.0577550561 84.1810247444 0.449413383642 31.003162447 -68.3628957112 0
48 3.01859998703 71.37336 61.652431 1.6431927 45.3857505907 91.8743486565 -0.187398397013 39.8587524848 -104.885143873 0
51 2.85251998901 71.165072 65.844712 1.6344026 69.4580424563 120.212813741 2.30102709905 54.3948934806 38.1947703157 0
54 2.89708614349 70.960331 70.343426 1.6128178 62.3887329298 124.956479912 -2.79521736018 55.2816239905 107.438189376 0
57 2.86158514023 70.885213 74.631613 1.6236159 66.47771514 126.949226217 1.40422208228 52.5029398234 -12.5703398068 0
60 3.04066610336 70.832043 79.069602 1.6124517 39.6513855803 28.2494036365 0.332362144036 59.6231998372 -73.3437289555 0
63 2.85374617577 70.841819 83.283634 1.5826474 72.4768811616 65.5356354396 2.51785803039 17.823155758 53.5836220771 0
66 2.88263392448 70.897044 87.066595 1.5142468 59.4811739468 68.0026559753 -1.50728849892 22.2206179079 -173.121220278 0
69 3.09750318527 70.898205 87.488163 1.2381173 45.9382080909 130.913547177 2.51829285696 50.0875776674 73.3486564498 0
72 2.90884113312 70.648486 87.373684 0.94938085 46.9981454043 130.578584784 2.13602740946 49.2544623565 67.9898396306 0
75 2.90562701225 70.490448 87.162959 0.64684814 51.1376341511 72.0195985525 -2.06856198994 24.5734159106 -155.581540093 0
78 2.89196491241 73.090524 88.460194 0.4660111 96.5552550214 94.2940766988 2.77593692398 24.1790775103 132.349000702 0
81 3.10809183121 76.750616 90.291223 0.4640309 76.2223401629 66.8591731268 2.90907611164 23.4380041091 140.090771346 0
84 3.0498688221 80.704264 92.172539 0.45240664 68.6752097565 101.807507892 2.63456281033 15.4120333356 125.028338799 0
87 3.07521796227 84.637734 93.972859 0.42386385 31.4489217594 78.8987325 2.43272124056 55.2836235906 115.099050123 0
90 2.87969207764 88.678811 95.730817 0.41656148 30.4268327476 71.7128795467 -2.61923774409 63.0091603644 -173.938482989 0
93 3.08833098412 92.647535 97.41769 0.40779386 12.2957857449 42.4888978704 2.56871041609 97.3322958383 123.811398544 0
96 3.05964684486 96.759828 99.128022 0.39320766 18.3649246735 72.5113980141 -2.94852463235 82.790129484 168.532843386 0
99 3.01485300064 100.07577 100.58602 0.32958371 37.41749446 52.6996396341 -3.02312661127 78.8616821923 167.903848661 0
102 2.90558409691 100.12714 100.52966 0.1390585 83.4112043031 142.553972156 1.93636648263 45.2268207857 102.97816189 0
105 2.87439203262 100.08551 100.52401 -0.14356162 70.3119255261 126.148629255 0.76550008186 39.2821517278 52.0853988336 0
108 2.85665106773 99.772178 100.71077 -0.40700642 92.9229157004 69.189282328 -2.47809126161 32.2570392179 -118.664420438 0
111 2.90818500519 99.760338 100.7618 -0.66729138 98.4433694184 108.249023556 -2.03701504591 7.60216566659 -78.479385156 0
114 2.83699393272 99.638101 100.95548 -0.8821311 105.438064916 23.1612883985 2.98107773063 78.0101008098 -138.654438627 0
117 2.8466489315 99.549051 101.11221 -1.1251977 129.231589446 65.0488590397 -2.83336718392 46.7077977543 -97.8709021217 0
120 2.84455895424 100.80276 98.46873 -1.1938854 22.8173563466 36.9738260459 -1.42128357243 99.3143816137 -13.0289555492 0
123 2.86228489876 102.35582 94.496879 -1.1822805 86.2291545753 42.0516076602 2.90051867723 54.8687144339 -126.072838546 0
126 2.86428785324 103.84912 90.431736 -1.1842505 117.645297219 65.2297095611 0.109203227108 28.7311093153 74.1094395587 0
129 2.85724020004 105.46668 86.336829 -1.1831903 39.8538915002 92.5879588618 2.05176218411 65.9098978855 -174.650875735 0
132 2.88004302979 106.96067 82.891423 -1.1821311 106.393252244 85.4123205739 -1.13857840559 2.58396739287 2.49538557611 0
135 2.84258818626 108.13488 79.987125 -1.1809983 107.169602286 83.1098073672 -1.05852284743 3.26847154354 7.01732652632 0
138 2.87233495712 109.11096 77.465416 -1.174964 107.625575279 79.8594727706 -1.11922045381 2.81742357315 3.19386993196 0
141 2.83820080757 110.00241 75.115832 -1.1797573 109.195792176 77.3123118238 -1.0547574001 2.33990511136 7.16196670397 0
144 2.82979083061 110.9669 72.896666 -1.1819268 110.869435552 74.5127559524 -1.15623517359 1.61902626691 1.47202176199 0
147 2.84827589989 111.79529 70.750926 -1.1680053 108.679232884 73.6953789455 -1.09194041007 4.28714533182 4.35819716215 0
150 2.85395407677 112.62755 68.634671 -1.166408 110.502728054 71.0821952835 -1.15194591736 3.24117932532 0.828616298263 0
153 2.84539413452 113.50263 66.493746 -1.1746568 110.738548621 68.8075069749 -1.15444302429 3.60466860076 1.15816403648 0
156 2.84947109222 114.39844 64.423702 -1.1690506 113.063367696 67.8751056216 -1.12958037867 3.70062224716 2.26147709877 0
159 2.87958216667 114.9392 62.935672 -1.1627449 113.518805444 65.5590766902 -1.12342900083 2.98324870944 2.25263509048 0
162 2.874532938 115.58582 61.52951 -1.1720902 114.495841087 62.5097374766 -1.18501321869 1.46591266376 -0.740434429258 0
165 2.88399195671 116.16312 60.165609 -1.1710096 115.212132407 63.4876043696 -1.14428330037 3.45543494197 1.53130417062 0
168 2.8833360672 116.71267 58.758483 -1.1690165 113.938633273 61.5858670121 -1.16029885284 3.96098221564 0.499484389738 0
171 2.8950741291 117.29804 57.404001 -1.1730259 113.813141755 61.195475761 -1.12850431523 5.14973753135 2.55089890442 0
174 2.86492085457 117.3062 57.346669 -1.1782941 115.082682826 59.9354918985 -1.18067167293 3.41262840365 -0.13622489417 0
177 2.84913301468 117.30973 57.394113 -1.1925087 114.627778758 59.7415578881 -1.26630292572 3.56417731951 -4.22809768596 0
180 2.88898921013 117.3509 57.478875 -1.2542253 114.265550735 61.2612450911 -1.25497127911 4.88115801752 -0.0427414547831 0
183 2.8711309433 117.31554 57.561663 -1.3141336 114.708691542 61.1501246791 -1.38456472922 4.43539356801 -4.0354064509 0
186 2.89240288734 117.31761 57.625945 -1.389572 115.916471604 62.358701398 -1.43913880157 4.93580509417 -2.83996853379 0
189 2.89230895042 117.34247 57.653648 -1.4539696 114.104978118 59.3668986219 -1.37286003623 3.66286518715 4.64723568195 0
192 2.88794398308 117.36058 57.739095 -1.5147103 115.443049262 63.0315898293 -1.45363823227 5.62915852066 3.4991717271 0
195 2.94396090508 117.34118 57.80351 -1.5718326 116.437250916 61.3324944151 -1.55314387412 3.64291350312 1.07078511713 0
198 2.89106702805 117.32521 57.826191 -1.6475747 115.142914849 60.3273287729 -1.56201375953 3.3193526907 4.90228077999 0
201 2.94241404533 117.28663 57.948056 -1.7072698 117.247122973 59.4255728905 -1.67559504028 1.47804498133 1.81483004915 0
204 2.89669919014 117.37131 58.006137 -1.7818651 117.206957138 60.3283293311 -1.7166769316 2.32800109232 3.7350069235 0
207 2.93456101418 117.40314 57.989067 -1.8555926 118.895719263 63.0739144997 -1.42915286636 5.29938363895 24.4331969542 0
210 2.90488600731 117.02719 57.008887 -1.8977403 116.201470834 61.2570758771 -1.67635591238 4.32769232705 12.6843910608 0
213 2.94946718216 116.38504 55.250118 -1.9095407 116.787994854 57.1172391929 -1.82542812058 1.91010841665 4.81929580464 0
216 2.89077711105 115.67443 53.450651 -1.9075572 116.744737719 55.636391206 -1.83585774299 2.43372530516 4.10807628024 0
219 2.89723706245 115.02136 51.574537 -1.9165104 113.893497868 53.574741836 -1.87137875074 2.29627793941 2.58585302512 0
222 2.91088700294 114.35753 49.684701 -1.9233127 115.237725249 50.8052253341 -1.90151802437 1.42489243785 1.24874292927 0
225 2.92151284218 113.59486 47.870819 -1.9110101 113.15194273 49.8944113034 -1.83540446386 2.07149740973 4.33188385801 0
228 2.91635012627 112.87829 45.986656 -1.9118326 114.940160745 46.4779875104 -1.79002681013 2.11960317556 6.97895767979 0
231 2.90249085426 112.17059 44.128463 -1.9122248 114.476774086 42.5742863184 -1.81567983524 2.78099805716 5.5316190138 0
234 2.8804769516 111.43202 42.277019 -1.9027456 112.149192664 41.4350872034 -1.81466488317 1.1059772963 5.04665333088 0
237 2.91688489914 110.82393 40.37458 -1.9174412 113.346694264 39.6981689807 -1.80755940042 2.611871245 6.29576336142 0
240 2.87102389336 110.14399 38.567468 -1.912432 111.361531646 38.0570497486 -1.75367813367 1.32020242768 9.09592652201 0
243 2.88826012611 109.42625 36.696167 -1.9074722 109.877588325 37.7767237844 -1.92385452162 1.1710291407 -0.938637887408 0
246 2.86204099655 108.96452 35.308972 -1.917648 109.158701234 36.7030019771 -1.9148816801 1.40748922856 0.158498455295 0
249 2.92880105972 108.91335 35.330429 -1.9171391 108.752627256 37.7544788462 -1.89515703469 2.42937223525 1.25947956702 0
252 2.85720396042 108.9585 35.348205 -1.9450374 107.683568156 37.6324033082 -1.93415717389 2.61591535001 0.623391036137 0
255 2.88318300247 108.97674 35.368834 -2.0165302 109.154980243 37.2231964997 -2.02288039967 1.86290897913 -0.363839640158 0
258 2.91054987907 108.99865 35.397074 -2.0803106 109.018123501 37.0601617335 -2.13856979272 1.66320173961 -3.33800586043 0
261 2.94054484367 109.05048 35.474836 -2.159245 109.732430639 37.7062548113 -2.14348390778 2.33329950623 0.903044064496 0
264 2.85385608673 109.09365 35.518169 -2.2238592 110.923972624 36.7264894115 -2.19038089364 2.19319837762 1.91816565947 0
267 2.9349360466 109.14301 35.568827 -2.2920109 109.638038696 37.3671200369 -2.2709397177 1.86518397375 1.20728981512 0
270 2.88936805725 109.24021 35.586114 -2.3597618 108.955415774 38.1555484353 -2.27519517053 2.58516944673 4.84531095653 0
273 3.0075199604 109.32691 35.57971 -2.4292889 110.694091242 37.1252583624 -2.40088606973 2.06346899385 1.62736230044 0
276 2.90870404243 109.34422 35.612178 -2.4970016 108.057210629 38.3624293395 -2.36614365517 3.03649066384 7.49760795454 0
279 2.93011188507 109.45255 35.562283 -2.5751384 109.965391744 37.5992690379 -2.50024964209 2.10055201625 4.2908097613 0
282 2.91364407539 109.51035 35.610832 -2.6455993 109.398666115 36.5174098757 -2.51331361165 0.913431297339 7.57941163235 0
285 2.89066386223 109.52669 35.619453 -2.7060079 108.891720773 37.4757266375 -2.52517793967 1.96187097847 10.3607935366 0
288 2.88984799385 109.56751 35.667144 -2.7779359 109.14062184 37.3603308053 -2.53361136043 1.74617154324 13.9987649487 0
291 2.9748301506 109.58407 35.725569 -2.8421247 110.871312969 35.3034204916 -2.68474405078 1.35469694901 9.01724697757 0
294 2.88896894455 109.62066 35.728072 -2.9074408 108.629708019 36.2614700484 -2.78557866702 1.12538851323 6.98218590209 0
297 2.85965704918 108.40689 35.538158 -2.9474042 107.42599139 37.742482387 -2.82360135196 2.41271798753 7.09338068433 0
300 2.99401211739 106.63579 35.154474 -2.9731605 106.932902331 36.6434138121 -2.82351489228 1.51829427361 8.57406174483 0
303 2.97629714012 104.74277 34.838538 -2.9724974 106.507183848 36.3260207085 -2.82282318577 2.30776104366 8.57570077757 0
306 3.02055215836 102.71686 34.507066 -2.970186 101.261985213 36.1410159324 -2.82383934017 2.18779638653 8.38504595422 0
309 2.88738799095 100.87602 34.149296 -2.9774562 102.225609847 34.7493611837 -2.94076054213 1.47698035863 2.10250632248 0
312 2.92764520645 98.917573 33.856952 -2.9648121 98.3559176713 34.8718178991 -2.8679666944 1.15991788566 5.54883300616 0
315 2.95597314835 96.872255 33.519705 -2.9713846 96.5773336155 34.3823606254 -2.90023210672 0.911676121785 4.07673756691 0
318 2.95355296135 94.700759 33.157106 -2.9752463 95.7061979328 33.7855140848 -2.84520365088 1.18566612865 7.45089495148 0
321 2.87170791626 92.656194 32.878926 -2.9695623 92.9284658928 34.5000034616 -2.92038973713 1.64378347725 2.81738032011 0
324 3.03967809677 90.628889 32.525228 -2.9736018 92.4063094362 32.0370591182 -2.86769041011 1.84323961116 6.06827564333 0
327 2.95419621468 88.510396 32.191288 -2.9695852 86.9852115642 33.9630463051 -2.94732646283 2.33780132927 1.27533169742 0
330 2.95237898827 87.334812 32.006658 -2.9896435 86.5172521943 33.3373488191 -3.03466042957 1.5617753014 -2.57928007076 0
333 2.90499281883 87.328365 31.983283 -3.0015998 86.4120993305 34.2127647519 -3.02880163441 2.41042146917 -1.55855030649 0
336 3.0348508358 87.328448 32.00285 -3.0442403 86.4038109741 34.7268672875 -3.10189730024 2.87666887425 -3.30350277324 0
339 2.99666500092 87.480424 31.977098 -3.121648 85.9069742182 34.7503073152 -3.11924569192 3.18848461213 0.137642114103 0
342 2.94124603271 87.509332 32.088761 3.0972389 87.1140081638 33.4750098994 3.14121413539 1.44151550342 2.5195953907 0
345 2.92325901985 87.537767 32.004513 3.0032565 85.823563279 33.0943690332 2.94091943777 2.03132483133 -3.57165057276 0
348 2.99203491211 87.588829 31.971963 2.902116 87.3780259275 34.8832659113 3.12352131431 2.91892490083 12.6855900717 0
351 2.99829697609 87.696053 31.883789 2.7788249 86.832857766 35.0338483331 3.1034646675 3.26618735135 18.6004885398 0
354 2.88924503326 87.777704 31.698119 2.6376296 84.8458811472 32.3345400948 2.65447605078 3.00010283994 0.965230529615 0
357 2.91489505768 87.896098 31.65995 2.4917922 46.9494282604 73.4382525616 -2.12174764497 58.4983446578 95.6636382681 0
360 2.97042012215 87.958395 31.594625 2.366513 85.3296062268 35.0674763188 2.68071538847 4.35559716876 18.0024707722 0
363 3.04908490181 87.964094 31.460561 2.2184109 86.4185783954 32.7269276892 2.51574614405 1.99807484232 17.0360545846 0
366 2.89894199371 87.708527 31.831987 2.1125682 84.6452616317 32.0635168264 2.1020613268 3.0720027307 -0.601999490335 0
369 3.04678702354 86.721318 33.612273 2.0920166 86.2859580973 31.5177131697 2.05594983076 2.13932679311 -2.06647365801 0
372 2.98106789589 85.724716 35.405361 2.0873093 84.1387417927 34.7287965486 2.4254391799 1.72425451806 19.3734150454 0
375 3.063560009 84.755772 37.248267 2.0862059 83.2354379323 36.4405466868 2.06370520631 1.72157712046 -1.28919478462 0
378 2.89231514931 83.690185 39.149374 2.0868314 83.515885148 39.9094942998 2.3350587531 0.779848259971 14.2223796923 0
381 2.94832086563 82.666747 40.97523 2.090975 79.8647679377 42.0220092203 2.16086781238 2.99112577494 4.00456316779 0
384 2.97335791588 81.635815 42.877142 2.0910396 80.147423742 43.4598165936 2.11529045699 1.59837987319 1.38947175532 0
387 3.05908703804 80.624097 44.699122 2.0805048 78.0550612747 43.8703675602 2.06517758787 2.69940335617 -0.878184566988 0
390 2.88736891747 79.602515 46.546403 2.0762437 77.0172508807 47.0331455539 2.10577833038 2.6306860095 1.69220967019 0
393 3.07158589363 78.599692 48.40129 2.0808805 75.6136694968 49.6478423202 2.16659012555 3.23577240805 4.91079980769 0
396 2.9616420269 77.532669 50.298142 2.0919608 75.774569096 51.7106395045 2.19819215055 2.25523046995 6.08660803854 0
399 3.05830478668 76.53881 52.074716 2.0854653 76.8714397945 53.0486105091 2.08913259021 1.02913220487 0.210120251335 0
402 2.87852120399 75.533974 53.92833 2.0838411 75.9960100867 54.2636133481 2.07475413465 0.570869747768 -0.520644762925 0
405 3.0731010437 74.451304 55.860797 2.0823704 72.7492439219 55.944462187 2.07424895153 1.70411512905 -0.465324720627 0
408 2.99232602119 73.464188 57.689364 2.0801622 72.9588288537 56.2503632316 2.07564507187 1.52515936156 -0.258812377285 0
411 3.02325701714 72.461178 59.521835 2.0808323 69.7961971095 59.2910461209 2.13815409364 2.67495544889 3.28429684949 0
414 2.89211797714 71.469371 61.42577 2.0898858 74.4299738795 62.0375318153 1.98572898498 3.02314768553 -5.96774590838 0
417 3.03192687035 70.386885 63.322712 2.0827703 67.9572545445 64.093010351 2.15339143787 2.54881613697 4.04629314431 0
420 2.98195409775 69.38246 65.186025 2.0922796 66.728382054 65.0660035843 2.14374931169 2.65679033486 2.94899725245 0
423 2.92903804779 68.400253 67.014087 2.0893798 65.825313147 67.5747518896 2.1155675776 2.6352723512 1.5004491311 0
426 2.88338017464 67.30799 68.901204 2.089526 64.7985656088 68.8034171869 2.16313892971 2.51132893825 4.21771019007 0
429 3.07114386559 66.315197 70.741557 2.0869248 63.6994587958 70.1400999827 2.11823862078 2.68399644121 1.79414977099 0
432 2.96705293655 65.281228 72.464006 2.0745737 62.8807773107 72.7066623244 2.10133811016 2.41268431488 1.53348774349 0
435 3.08821582794 64.283593 74.421326 2.0918621 61.1539509842 74.3902964878 2.12259809614 3.12979583641 1.76104285779 0
438 2.90329790115 63.28447 76.191493 2.091939 61.4603845466 75.8694984687 2.1403403745 1.85228729399 2.77319448165 0
441 2.94248795509 62.204887 78.125252 2.0893553 58.8977424447 77.8611542798 2.13097515702 3.31767278609 2.38464215102 0
444 3.00325202942 61.273659 79.948227 2.0960183 57.8068850857 79.7612987519 2.11227818346 3.47180983682 0.931622697913 0
447 3.04361701012 60.19879 81.787566 2.089809 57.415686026 81.9375593592 2.10900085045 2.78714293459 1.09961203197 0
450 2.90202307701 59.161438 83.629466 2.0974137 55.9652756755 83.8371345493 2.0658076331 3.20290178285 -1.81089424024 0
453 2.93246102333 58.11891 85.485673 2.0964985 54.7675487289 86.3773808742 2.07114971287 3.46796270199 -1.45237851813 0
456 2.88334393501 57.036783 87.336936 2.0992423 55.4189481312 87.5291944623 2.06152993043 1.62921851787 -2.16075961165 0
459 2.91700601578 56.357629 88.602308 2.124456 54.4444499229 88.7603178561 2.08265302434 1.91969302116 -2.3951340762 0
462 2.88655018806 56.200217 88.720884 2.2094598 54.9527115199 87.9534634961 2.22162406852 1.46465154651 0.696961247147 0
465 3.03623390198 56.199637 89.07416 2.3631742 52.9521203571 87.9111565855 2.31242685443 3.44948420613 -2.9076087228 0
468 3.02118587494 56.109511 89.161307 2.4869631 52.7860319491 89.0656345224 2.45029428468 3.32485582014 -2.10096835738 0
471 2.88747191429 56.023191 89.233423 2.608836 51.8599367555 87.9439623002 2.52789474987 4.35837065899 -4.63759202113 0
474 2.85571599007 54.873312 89.789936 2.6823278 52.1834653986 88.865264074 2.64663165582 2.84434402097 -2.04523840626 0
477 2.85320901871 52.997249 90.667048 2.6986067 49.0723878747 89.9877851766 2.68119223916 3.98320635119 -0.997775108748 0
480 2.89667201042 51.122563 91.609157 2.7018871 47.5322104416 90.9071609584 2.75312819764 3.65833704519 2.93589863242 0
483 2.82392287254 49.137432 92.566213 2.7007601 46.8333240602 91.2697105535 2.67050173014 2.64382903984 -1.733676888 0
486 2.84400010109 47.308569 93.452781 2.7003868 44.9615658137 92.0912722477 2.68622840117 2.71332453626 -0.811216497461 0
489 2.80805397034 45.360782 94.336008 2.7008969 42.0620648602 93.1495763308 2.6653384233 3.50558909085 -2.03735064101 0
492 2.81775403023 43.468079 95.251019 2.7064338 40.7882573654 93.7249956726 2.72360522428 3.08385978752 0.983850139414 0
495 2.82565879822 41.590918 96.131677 2.7064065 38.2190037013 95.1751429997 2.72638895621 3.50496267187 1.14491040541 0
498 2.87078595161 39.606214 97.06058 2.704478 36.1988263204 95.809966606 2.70857068694 3.62964525271 0.234493688722 0
501 2.88587403297 37.718719 97.944153 2.696243 34.4376807655 97.3045061375 2.73076324711 3.34280720424 1.9778644671 0
504 2.83451700211 35.769603 98.891663 2.7044976 32.8928743472 96.9570387764 2.75070795166 3.4667475576 2.64765812005 0
507 2.82272291183 33.862509 99.822852 2.7013631 31.4724659371 98.9711308287 2.72444841227 2.53726916116 1.32269096182 0
510 2.89708995819 31.979521 100.73965 2.7066945 28.5592547602 99.1764823093 2.75724249924 3.76054708524 2.89618701917 0
513 2.82762503624 30.015598 101.64307 2.7044148 27.7565575221 99.5881295599 2.74669646109 3.05385724834 2.4225607314 0
516 2.8273730278 28.083667 102.5122 2.7038251 25.3419791132 101.528272227 2.69097027556 2.9128965536 -0.736527186948 0
519 2.82338309288 26.231599 103.44351 2.6987262 23.4076944449 102.785265783 2.70033723863 2.89960728132 0.0923057139659 0
522 3.15676021576 24.326425 104.3449 2.7056645 21.2183751177 104.41020728 2.68575553091 3.10873593475 -1.14069990336 0
525 2.82362389565 23.072168 104.95788 2.6888385 19.4934881675 103.897656687 2.6929629569 3.73242854141 0.236313972947 0
528 2.84671401978 23.059574 104.94595 2.6093304 19.4784372531 103.871270218 2.56962081465 3.73891388429 -2.27519164705 0
531 2.85561704636 23.148655 105.02795 2.4881616 18.3905863792 104.363562397 2.46587802524 4.80423020762 -1.27675478619 0
534 2.82894802094 23.15609 104.97342 2.3614352 17.6640344922 104.760687721 2.34202468733 5.49617400774 -1.11214045432 0
537 2.82358503342 23.189116 104.80794 2.2179164 19.3914251999 102.971828835 2.2354801992 4.21826500142 1.00633156652 0
540 2.83931088448 23.170444 104.45908 2.0515088 19.1880186278 104.629052747 2.06523777123 3.98605100062 0.786612108441 0
543 3.27763390541 23.203193 104.36781 1.9241471 18.9749029954 103.71088098 1.91746199283 4.27901765602 -0.383028426686 0
546 2.82614707947 23.268475 104.40083 1.8086424 20.1638866701 103.622981952 1.83487197355 3.20054937221 1.50284386274 0
549 3.02248311043 23.269141 104.3114 1.6661585 18.7331094036 103.568654844 1.63002634376 4.59643916631 -2.07022005732 0
552 3.01543092728 23.273746 104.22596 1.531085 19.757677042 105.188757658 1.60081210396 3.64550685746 3.99506877476 0
555 3.27266216278 23.201513 103.9692 1.3630267 19.2887766363 105.848564412 1.41380903452 4.34068156452 2.90961344165 0
558 2.83733201027 23.573375 105.47089 1.3112874 19.7420004655 104.780514456 1.37197974134 3.89307708833 3.47741500737 0
561 2.81192398071 24.091257 107.45193 1.3021436 19.1044079773 107.013672809 1.33953878115 5.00606957014 2.14258605417 0
564 2.88656520844 24.69734 109.54228 1.2971878 20.1982340883 108.250995276 1.22393545717 4.68074462476 -4.19705008367 0
567 3.0093691349 25.24514 111.62222 1.291934 20.679015275 111.627875124 1.28365267523 4.56612822697 -0.474484958363 0
570 2.84574198723 25.838263 113.71051 1.2925571 22.2529690458 114.17305012 1.28636053133 3.61500706788 -0.355037232396 0
573 2.9996380806 26.485855 115.66064 1.2984976 21.962617197 115.067871809 1.30807326552 4.56191345279 0.548645220395 0
576 3.01906609535 26.666562 116.70228 1.2516028 22.5845206207 116.386659958 1.31873567934 4.09422493684 3.84643065293 0
579 3.02220201492 26.671044 116.66524 1.1445574 22.1840018572 116.362851263 1.09651844548 4.49721982333 -2.75242934624 0
582 3.08327388763 26.68282 116.71548 1.0360889 23.3517526573 114.944392573 1.00699837251 3.77263307447 -1.66676444875 0
585 3.03563904762 26.598988 116.54426 0.86252405 23.5145974427 116.099531399 0.89256752754 3.11628763728 1.72136446494 0
588 3.02259707451 26.490987 116.49462 0.72378221 22.1810452376 115.831811896 0.711160387149 4.36060919804 -0.723177179097 0
591 3.01506996155 26.414554 116.44154 0.58967497 21.7061579164 116.493142152 0.588218862733 4.7086788447 -0.0834288009301 0
594 2.83258891106 26.30131 116.37003 0.43724496 21.1219126016 115.866208552 0.509419869311 5.20384410425 4.13531769025 0
597 2.86098599434 26.176025 116.35464 0.31453037 21.0637707517 116.863672211 0.338781618039 5.13753416452 1.38949416054 0
600 3.0067589283 26.088883 116.46581 0.14702743 22.41284715 116.370938875 0.223315502515 3.67725986314 4.3709845823 0
603 3.28331112862 25.977812 116.45377 0.019989929 20.3441158524 115.841981295 0.0683053244007 5.66681724635 2.76826824197 0
606 2.83574509621 25.890585 116.45549 -0.11586106 22.6823667755 116.587805989 0.0203574950959 3.21094560795 7.80474829837 0
609 3.04386115074 27.617035 116.21759 -0.13548047 24.9802560001 115.940429239 -0.0438858745293 2.65130563728 5.24798374668 0
612 3.02043199539 29.732468 115.90829 -0.14344069 25.5470439447 116.000157398 -0.139558439491 4.18643214938 0.2224365692 0
615 2.89527988434 31.744289 115.6014 -0.14068963 28.0049188201 115.664178174 -0.188990599716 3.73989711645 -2.76744171112 0
618 2.83096194267 33.87565 115.27561 -0.13567301 29.8295139416 114.698314229 -0.128936318602 4.08711235597 0.385983984983 0
621 3.02849507332 35.936054 114.9269 -0.14240112 32.7413710428 114.639272115 -0.0815207046818 3.2076048693 3.48819085274 0
624 2.88776612282 38.113735 114.67885 -0.14674677 34.8173355716 114.552268818 -0.115823219142 3.29882888117 1.77178895171 0
627 2.85467791557 40.163768 114.30534 -0.14012204 36.0009197605 114.386463567 -0.0727651292863 4.16363861284 3.85926670494 0
630 2.80926203728 42.346763 113.98058 -0.16006212 39.7825788994 114.21693999 -0.0718824344577 2.57505459102 5.05232382037 0
633 3.00755596161 44.341947 113.67079 -0.15507802 40.4231154577 114.435621117 -0.0434812464306 3.99276937651 6.3940241328 0
636 2.99652099609 46.544067 113.30502 -0.15009707 42.7309553809 114.020553229 -0.0618717392462 3.87966596775 5.05493909834 0
639 2.79586100578 48.557097 112.97025 -0.14631805 45.8231154707 113.292249336 -0.0571471466061 2.75287823465 5.10911641984 0
642 3.35648202896 50.586062 112.64729 -0.14866611 48.1793314275 113.620827392 -0.0640154368565 2.59617547614 4.85012630407 0
645 3.02734184265 52.747394 112.3225 -0.14488479 49.8239493476 114.098638231 -0.0355180850693 3.42070104667 6.26625061178 0
648 3.00018501282 54.919709 111.95097 -0.14565598 50.7484172455 114.216106896 -0.0695868007334 4.74663249661 4.358442923 0
651 2.82272291183 56.9199 111.70562 -0.14317608 54.2938093762 113.549088757 -0.0881248642969 3.2085400142 3.15420231685 0
654 2.82329010963 58.963864 111.32719 -0.14485493 56.2374854893 113.490026161 -0.0710447556384 3.48008621182 4.22901147605 0
657 2.93373203278 61.070196 111.0267 -0.15209978 58.1052576729 112.533706534 -0.132445184195 3.32594768113 1.12612538764 0
660 3.03668689728 63.25691 110.67843 -0.1447313 59.8254837338 112.143823021 -0.147298451192 3.73122807224 -0.14708692867 0
663 2.85205197334 65.338645 110.4192 -0.14848438 61.196808434 112.126154748 -0.144931275415 4.47978846042 0.203577896872 0
666 3.01838088036 67.412523 110.08404 -0.1445869 63.225802128 112.007531885 -0.144654490961 4.60743450218 -0.00387267681463 0
669 3.0064868927 69.507235 109.73429 -0.15139682 66.4027320884 111.695325248 -0.102742613126 3.67200184829 2.78768070945 0
672 2.99941110611 71.647859 109.39116 -0.14906575 68.7563787871 111.253591114 -0.100784217648 3.43937603004 2.76632803217 0
675 2.81553578377 73.702975 109.06139 -0.1559357 69.6282979536 110.67898748 -0.0760699031488 4.38401809312 4.57597308702 0
678 2.99840903282 75.754203 108.72815 -0.15045699 72.2811476898 110.192106224 -0.134724392956 3.76898938907 0.901411411402 0
681 3.00244402885 77.860742 108.43703 -0.15243836 74.3178988684 109.115516627 -0.170754546275 3.60722629696 -1.04944017032 0
684 2.89103221893 79.97813 108.08555 -0.15170568 75.5983504228 108.476346714 -0.180357274765 4.39717991638 -1.64161545634 0
687 2.80206203461 82.120618 107.73965 -0.14888428 78.2182075717 108.272655432 -0.1458163131 3.93864214439 0.17578155503 0
690 3.01041889191 84.192494 107.42985 -0.14593359 81.0985040569 108.092258865 -0.144901457482 3.16410481372 0.0591368371843 0
693 2.84222102165 86.28045 107.15458 -0.15823172 81.6826667036 108.520570411 -0.150751959778 4.7964091822 0.428558692501 0
696 2.82845306396 88.385341 106.75858 -0.15035877 84.0026969706 108.580666837 -0.106021966124 4.74632164215 2.54031173922 0
699 2.80804300308 90.512184 106.42958 -0.15443508 87.4033365524 108.818552894 -0.126814093868 3.92073002682 1.58256593133 0
702 3.00294303894 92.541412 106.11165 -0.15857271 88.9160617329 108.720897284 -0.096788558528 4.46669183487 3.53997112014 0
705 2.8877799511 94.624435 105.7799 -0.14991569 91.2489450071 108.074576618 -0.072230055963 4.08160182687 4.45105895912 0
708 2.81431722641 96.812614 105.41142 -0.16008539 93.2441563978 106.638591114 -0.122130730763 3.77357106767 2.17464178712 0
711 3.00807213783 98.833392 105.05687 -0.15857643 94.1948788437 107.181272494 -0.161780056102 5.10185165002 -0.183554254756 0
714 2.80293393135 100.9283 104.72764 -0.15390186 95.2741482395 106.19537727 -0.150006451534 5.84154815301 0.223190464577 0
717 2.82091498375 103.02648 104.38009 -0.15580909 98.1555028846 106.133355165 -0.143223655191 5.17690610295 0.721092297887 0
720 2.81685590744 103.56436 104.3046 -0.21764658 99.0880853003 105.654489496 -0.202552138387 4.67538627694 0.86484779852 0
723 3.00586891174 103.46604 104.39779 -0.32798619 99.291911646 107.086255115 -0.294196541212 4.96499669597 1.93600426678 0
726 2.81726002693 103.43166 104.43448 -0.46455789 99.0438641487 106.227968401 -0.437460267489 4.74018492015 1.55257940472 0
729 2.84412407875 103.35806 104.51276 -0.60050128 98.7516857316 106.538303442 -0.618588268109 5.03204830412 -1.03630808278 0
732 2.83164906502 103.30537 104.5712 -0.75278089 101.664022981 106.633123685 -0.693624194031 2.63544101012 3.38942900896 0
735 2.83142399788 103.24477 104.73622 -0.88717849 97.7584601003 104.513184146 -0.838829152349 5.49084158462 2.77021298964 0
738 2.82821011543 103.11543 104.83266 -1.0218313 99.4834824885 105.9104456 -0.93648107368 3.78849106185 4.8902077486 0
741 2.84423112869 103.3336 104.43355 -1.1359167 99.1944812277 105.663739835 -1.14249921756 4.31806336695 -0.377150474692 0
744 3.01854610443 104.18264 102.5184 -1.1499809 101.815717566 104.196700772 -1.07264357582 2.90155394378 4.43110227407 0
747 2.90352511406 105.02068 100.61649 -1.1544373 103.045000693 103.107353619 -1.03898448902 3.17926253904 6.61495880203 0
750 2.83050918579 105.97315 98.645528 -1.1675657 104.715785771 102.053622063 -1.03594627529 3.63263952881 7.54123753781 0
753 3.00675988197 106.66644 96.709247 -1.154133 105.140135628 99.3651894259 -1.0922356919 3.06327197712 3.54645451725 0
756 2.83748888969 107.65453 94.805864 -1.1707179 104.888894149 97.5666457664 -1.10819264645 3.90776888039 3.5824331414 0
759 2.9322988987 108.36584 92.821603 -1.1639211 106.320843828 96.2727447644 -1.08003465992 4.01153197946 4.80633897483 0
762 2.82656311989 109.18739 90.932737 -1.1605274 107.074517903 92.2917330181 -1.11443416601 2.51219001541 2.64094777199 0
765 2.82924795151 110.00551 88.971931 -1.1631703 108.912467764 90.7911694438 -1.14365457934 2.12235007586 1.11816842798 0
768 2.84848093987 110.83946 87.051439 -1.1600004 109.191814076 89.4079415399 -1.14544255261 2.8753854194 0.834103214414 0
771 2.83061885834 111.68317 85.129972 -1.1502451 110.390914465 86.6496999069 -1.09114870239 1.99486773456 3.3859741672 0
774 3.01858496666 112.49307 83.177328 -1.1488654 111.068046356 86.600260365 -1.07767607588 3.7077160571 4.07884781854 0
777 2.81521892548 113.40329 81.226755 -1.149046 112.308385371 83.90587393 -1.13622948801 2.89421740493 0.734332045388 0
780 2.80552887917 114.20236 79.347389 -1.1522317 112.587517283 81.6116964142 -1.13482690918 2.78115175178 0.997221057158 0
783 2.79595804214 115.10134 77.33273 -1.146946 114.019597704 80.0361036525 -1.13290914484 2.91176844912 0.804252558253 0
786 3.02858996391 115.87569 75.433999 -1.1405871 113.706888712 78.597417678 -1.0781772194 3.83548129414 3.57582275831 0
789 2.81844902039 116.74641 73.521868 -1.1514597 114.415810562 76.3305848227 -1.13471591901 3.64973751526 0.959347983825 0
792 2.83137178421 117.66191 71.592443 -1.1472421 115.637472019 74.620432425 -1.13345931503 3.64239881074 0.789695408809 0
795 2.8331758976 118.47567 69.543126 -1.1411103 116.85536541 71.5388480253 -1.12231327541 2.57066010358 1.0769901762 0
798 2.83589887619 119.32773 67.660396 -1.1493947 116.732782582 70.5921254503 -1.11629744183 3.91519982549 1.89633320649 0
801 2.80060195923 120.23613 65.736718 -1.1477983 118.924393175 68.7739706628 -1.06345891386 3.30840705389 4.83229087259 0
804 2.83687615395 121.05504 63.851108 -1.1435448 119.435863134 66.4325922984 -1.08059017615 3.04726022976 3.6070342472 0
807 2.83065915108 121.9387 61.889647 -1.1416966 119.963304995 64.191519859 -1.11888903045 3.0332827244 1.3067774762 0
810 2.84400701523 122.75206 59.947854 -1.134592 121.819572951 62.6050230085 -1.11915882326 2.81603963668 0.88425589142 0
813 2.79630494118 123.61313 58.017737 -1.1345099 122.926037987 61.2285146595 -1.11573635793 3.28347203633 1.07564472713 0
816 2.80883908272 124.50226 56.14403 -1.1250591 123.102425376 59.3794453119 -1.14163722791 3.5252587446 -0.94985676129 0
819 2.81577682495 125.37031 54.195354 -1.1346431 124.061707204 57.1258963094 -1.10703844308 3.20944224191 1.58163033664 0
822 2.81868290901 126.19009 52.293812 -1.120627 124.708690768 55.6913770319 -1.103742281 3.70647970842 0.967423136895 0
825 2.80881905556 127.09539 50.434417 -1.1252352 125.555534298 54.3326393212 -1.10639462149 4.19133544929 1.07948563248 0
828 2.81266713142 127.94916 48.435924 -1.125081 127.199015948 50.93967208 -1.100751645 2.61370819843 1.39396935972 0
831 2.81835889816 128.83417 46.49897 -1.1135569 126.870923327 49.4865646161 -1.1238196797 3.57492085086 -0.588013962716 0
834 2.83382606506 129.69028 44.561049 -1.1141866 127.894425738 47.4009282535 -1.13612625657 3.36006052083 -1.25704972531 0
837 2.8060798645 130.6504 42.689185 -1.1179531 129.110525837 44.5968917339 -1.09807753771 2.45164381974 1.13878583475 0
840 2.81829595566 131.56218 40.752166 -1.1133477 130.341132894 43.3346503928 -1.12333331526 2.85660317071 -0.572133610309 0
843 2.81332588196 131.80181 39.159633 -1.0655485 131.004857872 42.4086879891 -1.05903183826 3.34536859192 0.373377214295 0
846 2.80384492874 89.526265 39.287264 -0.26055386 132.924140184 40.7656631504 -1.0472490383 43.4230495762 -45.0743134799 0
849 2.80795097351 49.129117 22.860079 0.57174269 134.457289449 40.269765497 -1.08066455773 87.0861309134 -94.6759613315 0
852 2.82725000381 45.693587 19.436118 1.0035584 133.924967072 40.0310516681 -1.05162063257 90.6031330706 -117.75308471 0
855 2.82513689995 46.841947 21.209275 1.0214136 132.936259108 38.7164450807 -1.04330457177 87.8563121326 -118.299637126 0
858 2.81272816658 48.00008 22.972907 1.0079248 34.3944351833 85.5990722065 -0.0920297206419 64.0870512611 -63.0227516891 0
861 2.83769083023 49.170996 24.731115 1.014741 38.4986402281 88.8345065172 -2.56812717231 64.985721368 154.716775175 0
864 2.81938099861 50.349541 26.532036 1.0144485 68.207470887 103.251465475 0.151467581011 78.7704038259 -49.4451644584 0
867 2.81893801689 51.518278 28.351001 1.0069992 36.6953999402 94.9174818395 1.71162932824 68.1968773869 40.372332466 0
870 2.85590410233 52.642563 30.101924 1.0170679 57.8870429746 102.999645523 -2.69193577661 73.0861298294 147.489743132 0
873 2.81743502617 53.80357 31.912095 1.0183648 57.5548340083 102.036531916 -2.63590413951 70.2247010281 150.625812561 0
876 2.81945300102 54.946688 33.671099 1.0064723 36.7646063428 102.141741748 1.67169767249 70.8436095338 38.1146062684 0
879 2.85353803635 56.161659 35.476636 1.0152563 35.8789016889 105.277044869 1.64326438476 72.6876008846 35.9822127567 0
882 2.82697606087 57.333476 37.252395 1.017552 86.1608014718 106.569141614 1.09647295114 75.0721390069 4.52183741566 0
885 2.86191701889 58.434052 39.044555 1.0099164 37.0937548379 107.924987148 1.64401340903 72.1104861713 36.3310824194 0
888 2.84877490997 59.558673 40.733157 1.0155176 69.0667883558 123.279557498 1.19035938567 83.0921927305 10.0176964015 0
891 2.84801506996 60.829575 42.673596 1.0256616 35.8160708651 111.481268682 1.59633858143 73.2131901303 32.697382501 0
894 2.83885002136 61.938983 44.298725 1.0235902 111.170533355 36.1860374894 0.730509184999 49.8955032946 -16.792305215 0
897 2.81393694878 63.08776 46.123861 1.0214801 75.1385068736 48.4417378231 2.91788664015 12.2716361247 108.656090992 0
900 2.84029817581 64.233274 47.872937 1.026201 124.20099395 84.996690264 -1.67755601624 70.528721046 -154.91386586 0
903 2.83950901031 65.367062 49.701179 1.0288308 15.9376065053 25.865345417 2.56394292043 54.8763886667 87.95544558 0
906 2.8460290432 66.47055 51.411163 1.0247772 29.0901152082 39.2905210193 -3.0649851245 39.296397637 125.673879594 0
909 2.84229397774 67.601685 53.206336 1.0345375 112.637625287 55.1283793787 0.416081388672 45.0769361016 -35.4349249932 0
912 2.85217905045 68.713633 54.989386 1.0321621 66.6670924887 56.6453985979 0.843575313661 2.63262336632 -10.8052269292 0
915 2.82902693748 69.889939 56.860516 1.0335194 71.2382315481 63.2926915809 -1.2722308264 6.57196892104 -132.109756584 0
918 2.81797289848 70.97178 58.665246 1.0279054 56.3355007557 54.9107754773 1.58140462887 15.1101528458 31.713169778 0
921 2.81842279434 72.083269 60.388926 1.0348295 70.4354400915 74.263523602 2.02950482542 13.9721078842 56.9906981323 0
924 2.83272695541 73.21006 62.180545 1.0389104 137.850786041 89.4629033428 0.0676645996642 70.1623156677 -55.648285229 0
927 2.82848000526 74.211219 63.966291 1.0279221 36.3517567697 122.88301675 2.91372504796 70.0322743705 108.048549911 0
930 2.83739185333 75.394113 65.876292 1.0355825 74.0418036931 69.1209202365 1.12729005412 3.51516043083 5.25445580076 0
933 2.8207681179 76.475569 67.55587 1.0353462 73.7740338004 69.3521439972 1.26904588204 3.24420910355 13.3900054543 0
936 2.82967090607 77.652303 69.425792 1.0395167 75.5508558972 69.4753162934 1.17411418916 2.10203058531 7.71186806204 0
939 2.81889295578 78.72098 71.209083 1.0347632 77.0214434675 73.3499816778 1.357676249 2.73347243884 18.5015548576 0
942 2.8357219696 79.923618 73.070281 1.0406815 78.1875025746 75.3737913854 1.11211147829 2.88448554618 4.09263628655 0
945 2.84210515022 80.886825 74.813727 1.0240856 76.9332793135 74.3362853674 1.01954924132 3.98226995665 -0.259914206726 0
948 2.82354307175 82.003807 76.66259 1.0354781 79.7402766021 78.9350396387 1.02325442835 3.20742844388 -0.700364795682 0
951 2.8203151226 83.149971 78.458347 1.0359732 80.2188012638 79.1539731359 0.939498352973 3.01258223845 -5.5276015638 0
954 2.81461405754 84.209192 80.07724 1.046865 82.0754036035 82.2307922346 1.08090568394 3.0316398447 1.95038752149 0
957 2.83240795135 84.421821 80.346791 1.1291589 82.6351326754 80.6703869541 1.09614205385 1.81575590622 -1.89172593701 0
960 2.84569311142 84.549549 80.462185 1.2384433 81.5236158554 80.6963391941 1.17038995912 3.03497933798 -3.89916921426 0
963 2.83720612526 84.477315 80.645515 1.377415 83.476925535 78.8013285252 1.32956083055 2.09804738633 -2.74184194132 0
966 2.83091592789 84.491575 80.745704 1.5042297 81.2531487496 79.98650549 1.45531894708 3.32622713545 -2.80237971487 0
969 2.84386706352 84.58151 81.604236 1.6242617 81.5591557415 81.4257326917 1.60883690758 3.0276209629 -0.883775505755 0
972 2.82334589958 84.52138 83.606555 1.6450761 81.2026247766 82.5994635869 1.67626912376 3.46819396044 1.7872286118 0
975 2.85370397568 84.450105 85.633891 1.6510189 79.9784933296 84.6091673201 1.48056321979 4.58752324797 -9.76639107015 0
978 2.8488008976 84.288283 87.799076 1.6553182 81.3164509665 88.3161871012 1.60308478502 3.01648628808 -2.99275422769 0
981 2.8337020874 84.219899 89.940013 1.6574582 81.9586732995 90.5326622154 1.64100048025 2.3376002141 -0.942957881821 0
984 2.8346889019 84.085061 91.960688 1.6559816 81.3434255257 92.91052085 1.6377004788 2.90150780064 -1.04743108948 0
987 2.82934188843 83.972707 94.061302 1.6546883 79.8053589366 94.3760198968 1.64838868501 4.17921490664 -0.360941351467 0
990 2.83658695221 83.850194 96.236204 1.650278 79.9334970081 95.9236256088 1.70565422517 3.9291501087 3.17282398746 0
993 2.81722688675 83.742141 98.372522 1.653672 79.8261702376 99.4210490671 1.66899017343 4.05391613416 0.877666687198 0
996 2.82465910912 83.558608 100.37046 1.6603574 79.8020658216 100.429375508 1.64944964784 3.75700414892 -0.624968162734 0
999 2.81370902061 83.448658 102.54165 1.6520527 79.1996527965 102.647680424 1.64288643389 4.25032794851 -0.525188362032 0
1002 2.83655309677 83.308795 104.69204 1.6576029 78.8374720703 104.781452936 1.66138813727 4.47221683452 0.216878120007 0
1005 2.82083296776 83.194681 106.76107 1.661421 78.0265574882 107.996355588 1.64147368409 5.31370220433 -1.14289701432 0
1008 2.83247184753 83.066158 108.84686 1.6653468 77.779919358 109.618845428 1.65756144433 5.34231040663 -0.44606802203 0
1011 2.82598781586 82.920912 111.09751 1.6564676 78.6882575548 111.979774453 1.67525512122 4.32362743752 1.07644567338 0
1014 2.83157801628 82.798446 113.12029 1.6519674 78.0612263042 112.981843481 1.64782653497 4.73924233237 -0.237254089995 0
1017 2.82105207443 82.725101 115.25424 1.6521864 77.8649837013 116.491457224 1.63216201044 5.01512179478 -1.14731300937 0
1020 2.83894991875 82.605874 115.888 1.7134215 78.7806893428 117.422499717 1.70734692602 4.12149572894 -0.348047451201 0
1023 2.83497881889 82.650086 115.98425 1.8265292 78.7981767799 117.584745529 1.84205921061 4.17118575216 0.889804063518 0
1026 2.83040308952 82.697137 116.16336 1.9516157 78.0160751512 117.693686458 1.97099723828 4.9248592975 1.11048034414 0
1029 2.83674812317 82.611261 116.28116 2.0730733 78.1611601592 116.327405679 2.05847313846 4.45034112803 -0.836527636499 0
1032 2.8265209198 82.517518 116.45008 2.1971216 78.5137017894 117.211733885 2.22560007789 4.07561785364 1.63169659013 0
1035 2.81321001053 82.418538 116.4581 2.3123831 78.4411462281 116.229846 2.36607533583 3.98393589259 3.07633850576 0
1038 2.82347393036 82.414024 116.83182 2.4679277 78.0110257832 115.397685105 2.48957969696 4.63067340612 1.24056804383 0
1041 2.82728886604 82.282962 116.94587 2.5874118 79.6650518268 114.818941367 2.61928613555 3.37302224813 1.82626490193 0
1044 2.83856582642 82.208722 116.96752 2.707272 78.7160351234 116.703526382 2.84759971006 3.50264960395 8.04018553526 0
1047 2.84476590157 82.043289 117.20312 2.8493508 78.044752142 118.327947687 2.97289278702 4.15373739306 7.0784344491 0
1050 3.24535703659 81.832352 117.28824 2.9891727 76.4598427104 113.74988538 3.0341572314 6.43302490926 2.57742379268 0
1053 2.86731696129 81.142386 117.29523 3.0875315 76.4564589723 114.817757333 3.12716762769 5.30054553096 2.27098283283 0
1056 2.8881521225 79.131234 117.37152 3.1037602 76.0932687899 116.194926552 3.13844362984 3.25785278373 1.98721414884 0
1059 3.01955103874 77.094643 117.50841 3.1079346 74.0786481227 116.416651744 -3.04775584978 3.20751635859 7.3049172387 0
1062 2.86075615883 74.899205 117.59033 3.115912 72.2946164663 116.823433453 -3.12843768048 2.7151448844 2.22511750475 0
1065 2.86856913567 72.824078 117.69503 3.116944 68.8309508215 116.170908494 3.1322240852 4.27410938438 0.875484392327 0
1068 2.85413694382 70.711208 117.83017 3.1174699 68.6871087505 117.197318196 -3.09587242357 2.12072609687 4.00170818918 0
1071 3.27219200134 68.550781 117.88294 3.1169773 65.4985451741 116.910508033 3.1264930809 3.20339936119 0.545214084233 0
1074 2.81714296341 66.454241 117.99143 3.11617 64.3539497752 117.509869874 -3.12914654272 2.15479079815 2.16972037873 0
1077 2.83456492424 64.352032 118.06903 3.1139299 60.4207733755 117.538213352 3.11639646631 3.96693341082 0.141323839547 0
1080 2.9676618576 62.204954 118.16997 3.1178991 60.324590326 117.545624771 3.0651426458 1.98130626385 -3.02272216754 0
1083 3.24788498878 60.134729 118.2293 3.1166836 56.5347594437 117.447796615 3.12353442897 3.68381980377 0.392523586393 0
1086 2.83228588104 58.034017 118.36643 3.1239361 54.6346046702 117.333407179 3.11450714077 3.5529059003 -0.540239568838 0
1089 3.13139200211 55.858025 118.47896 3.1251128 52.1497193297 117.301223308 -3.13175522054 3.89083469979 1.50786945283 0
1092 3.19518399239 53.766425 118.55 3.1243401 50.8739322799 116.637516956 -3.1052687809 3.4675792032 3.06970310697 0
1095 3.01056408882 51.628528 118.603 3.1187628 48.2417236318 117.349775055 -3.13653237334 3.61123477376 1.59798695922 0
1098 3.27560687065 49.494235 118.64783 3.1200968 47.1742327738 117.191833047 3.11410425195 2.73903951358 -0.343347711721 0
1101 2.92140221596 47.379245 118.80828 3.1260538 45.6182731113 117.544919381 3.12657847692 2.16727987253 0.0300617733815 0
1104 3.0244641304 45.313934 118.87713 3.1250737 43.2438551485 118.002503337 3.12663940339 2.24726461545 0.0897081961381 0
1107 3.32344603539 43.229975 118.9845 3.131291 42.9690096718 117.334497223 3.108699598 1.67051251626 -1.29439198817 0
1110 3.26699304581 41.038059 119.03542 3.1300111 39.4066662894 116.89855206 -3.12863164084 2.68842830873 1.40618546947 0
1113 2.83811092377 38.877743 119.09254 3.1262084 36.2873052117 117.642768034 3.10010053875 2.96853611892 -1.49587026179 0
1116 3.12189292908 36.866989 119.17866 3.1252668 33.8764489735 118.8846098 3.06678397424 3.0049617586 -3.35081909008 0
1119 3.3626229763 34.67231 119.25843 3.1314701 32.8631021692 119.356663476 3.06427953814 1.81187273029 -3.84973561752 0
1122 3.32315206528 32.567479 119.34722 3.1353596 31.2246498029 119.415271561 3.03943397462 1.34455244135 -5.49613348116 0
1125 3.13567590714 30.502201 119.36971 3.1349527 27.8033509123 117.487580419 3.09969130649 3.29031967396 -2.02032902767 0
1128 2.89951300621 29.15421 119.31018 -3.13185 27.0799615518 117.889333618 -3.10115268411 2.51422176165 1.75882664307 0
1131 2.8455388546 28.938717 119.39146 -3.028318 25.8792944075 118.132140121 -2.98666873553 3.30846688921 2.38632707422 0
1134 3.02572607994 28.80706 119.32785 -2.9089456 26.7164184123 117.671497252 -2.91194485201 2.66726201852 -0.171844482028 0
1137 3.27471899986 28.607415 119.34948 -2.7753086 26.3902976044 118.953259879 -2.80862136355 2.25224331052 -1.90868075514 0
1140 2.85890078545 28.309413 119.3977 -2.6319404 26.8002628804 116.745047885 -2.65468862834 3.05190060893 -1.30337747511 0
1143 3.04505896568 28.176965 119.31562 -2.5155106 27.1090162643 118.430492265 -2.58759769198 1.38707087377 -4.130286128 0
1146 2.87126111984 28.13257 119.1422 -2.3876282 26.0238006166 117.012748265 -2.4414137452 2.99691057657 -3.08168473868 0
1149 3.27077484131 28.071656 119.10664 -2.2643471 25.557081048 118.403044687 -2.28250992441 2.61115559738 -1.0406531825 0
1152 2.86574292183 27.847582 119.05477 -2.1225081 25.7917938838 117.187508487 -2.18047138203 2.77721629279 -3.32105142723 0
1155 2.87695384026 27.651134 118.95518 -2.0012288 23.805379382 119.30063306 -2.01651294453 3.86123897193 -0.87571697514 0
1158 2.86424803734 27.585975 118.8068 -1.8653126 24.2087288916 118.750955317 -1.87424061958 3.37770778859 -0.511537841062 0
1161 2.85802388191 27.545652 118.66047 -1.7395281 24.3761919813 119.29640737 -1.76907937533 3.232629448 -1.69316335582 0
1164 2.89029693604 27.426878 118.54472 -1.6078392 25.514053804 116.624417675 -1.63399883448 2.71043491407 -1.49883664951 0
1167 2.86322689056 27.408113 118.27266 -1.4907581 54.0462723415 85.9932093094 2.45834662758 41.8515766727 -133.732966255 0
1170 2.85771799088 27.619078 117.43976 -1.368489 41.5071020535 139.761793533 -1.99125759191 26.2897393129 -35.6820119298 0
1173 2.8627409935 28.00462 115.50954 -1.3464267 35.2709136729 136.668228403 1.55199523168 22.3716141279 166.067343933 0
1176 2.86255097389 28.352772 113.43776 -1.3439724 55.2421743992 88.4790188693 -1.70466432092 36.6875826435 -20.6661247732 0
1179 2.86018800735 28.777386 111.37552 -1.3470791 28.1682638596 111.291962456 -1.35427776241 0.614826516313 -0.412452974223 0
1182 2.86535191536 29.292879 109.18718 -1.3487141 19.4891475774 76.8404501282 1.91329311364 33.7997645436 -173.100753917 0
1185 2.84052491188 29.664866 107.14961 -1.3582731 28.5301907936 107.068032321 -1.5254259764 1.13760394761 -9.57715435139 0
1188 2.86886191368 30.155372 105.1583 -1.3627181 26.6237761243 105.40982033 -1.43504334413 3.54054118823 -4.14393124093 0
1191 2.84125709534 30.584999 103.08809 -1.3538609 27.6956900794 103.28702583 -1.51171570388 2.89614942686 -9.04441403793 0
1194 2.84091496468 30.932942 101.04272 -1.3388863 29.1499043963 101.483979223 -1.37196263347 1.83682682852 -1.89513430962 0
1197 2.84099197388 31.46397 98.886394 -1.3633561 28.9287951879 98.7574519146 -1.35540027714 2.53845177012 0.455835072362 0
1200 2.83608388901 31.761459 96.890841 -1.3338862 30.05624819 96.8648559839 -1.36134081231 1.70540878605 -1.57303341359 0
1203 2.84693193436 32.148779 94.808879 -1.340085 31.0683953855 95.3769455941 -1.41352293585 1.22062623671 -4.20768378029 0
1206 2.83138799667 32.63242 92.742465 -1.3409888 31.6374311968 92.4771526032 -1.28351197928 1.02975404175 3.29317924703 0
1209 2.84579396248 33.223163 90.635151 -1.3443959 30.8234449699 92.2204099701 -1.29053038855 2.8760550458 3.08626646716 0
1212 2.87471413612 33.480467 88.544154 -1.3400822 32.2435781433 89.6261477624 -1.37841109527 1.64335161964 -2.1960839321 0
1215 2.85673713684 33.996344 86.523674 -1.3537744 31.9811779014 85.6561306389 -1.36377803867 2.19397490603 -0.573166275806 0
1218 2.87864398956 34.391099 84.502242 -1.3500462 33.4185121672 84.0511515578 -1.30689061446 1.07210434864 2.47263291412 0
1221 2.89197587967 34.871654 82.311763 -1.3462417 33.8714411302 83.1550206832 -1.32433187417 1.30824665305 1.25534054992 0
1224 2.87893390656 35.319079 80.358924 -1.358939 34.966775853 80.8830435268 -1.28295564035 0.631521009707 4.35352582098 0
1227 2.826130867 35.776446 78.250756 -1.3606991 35.1310502781 77.4121860816 -1.3294262077 1.05817538525 1.79180474195 0
1230 2.84613895416 36.167733 76.160289 -1.3496683 35.3477772396 76.7325138597 -1.36534960034 0.999884362881 -0.898472327027 0
1233 2.86217188835 36.593873 74.026216 -1.3452321 34.8777897612 74.9604198107 -1.36951003801 1.95388803216 -1.3910233832 0
1236 2.81561803818 37.096668 72.068535 -1.358637 35.988383683 72.2439924472 -1.3936804874 1.12208709247 -2.00784392768 0
1239 2.86050081253 37.456761 70.030489 -1.3570922 35.5590357792 69.9788093037 -1.38467950175 1.89842877263 -1.5806359584 0
1242 2.82828903198 37.942935 67.912468 -1.3598503 35.6603835326 67.9380769257 -1.39064285146 2.28269512169 -1.76428323919 0
1245 2.84572386742 38.381728 65.750541 -1.3597279 36.9598641575 65.3761372607 -1.33342109756 1.47033157714 1.50726875254 0
1248 2.85303711891 38.78715 63.709446 -1.3638712 37.2946844483 63.3980846241 -1.36200482655 1.52459808781 0.106935321727 0
1251 2.86783003807 39.284372 61.704874 -1.358189 37.6658464219 62.5080833394 -1.37320298055 1.80686753522 -0.860237719156 0
1254 2.91198801994 39.616785 59.610797 -1.3616912 37.9260786755 59.8182064238 -1.35197160766 1.70338091596 0.556891619795 0
1257 2.87991786003 40.0981 57.483375 -1.3627524 38.6322320048 57.6471364536 -1.34979692142 1.47498704848 0.742294244413 0
1260 2.83018803596 40.478176 55.366289 -1.371191 39.468590333 56.30171396 -1.319943642 1.37632956618 2.93625732466 0
1263 2.89801096916 40.927924 53.368372 -1.3697355 40.6750287123 53.9227253067 -1.34969165915 0.609314052987 1.14842748615 0
1266 2.93849396706 41.311773 51.24524 -1.3687118 40.572742926 51.6935999212 -1.34100810105 0.864402723964 1.58730502673 0
1269 2.85909509659 41.752813 49.127024 -1.3690442 41.3044355794 51.0837639726 -1.34677745794 2.00745451543 1.27579034355 0
1272 2.86170220375 42.124468 46.999249 -1.3746445 41.7752440122 47.5890013746 -1.35963252087 0.685394234719 0.860123046315 0
1275 2.92031908035 42.489069 45.000812 -1.3756167 41.8902590798 46.3251164954 -1.38122045485 1.45339454967 -0.321071502297 0
1278 2.86195707321 42.919623 42.847052 -1.3693623 41.1715995125 44.0005901889 -1.38490357574 2.09433437306 -0.890449508414 0
1281 2.8667550087 43.26925 40.76156 -1.3849404 42.9822152317 42.0501516613 -1.35724076807 1.32017325677 1.58707200379 0
1284 2.90343308449 43.723057 38.666685 -1.382086 44.1899841905 38.8335980023 -1.34988794463 0.49586384374 1.84481268141 0
1287 2.81349897385 44.069109 36.638541 -1.3748634 44.3570037109 37.4082933895 -1.34847952319 0.82182851357 1.51168478854 0
1290 2.84167909622 44.48264 34.512889 -1.372972 43.5463678605 35.6822951107 -1.37460916034 1.49803743976 -0.0938023781349 0
1293 2.84617686272 44.660959 33.544964 -1.3339999 44.5469514573 34.4234642103 -1.34314386375 0.885866998681 -0.523910530877 0
1296 2.85163187981 44.654294 33.324157 -1.2074321 44.5580188341 33.5027485724 -1.22160869803 0.202888780651 -0.812259234903 0
1299 2.83239507675 44.699557 33.107025 -1.0711259 44.5160035182 33.433855013 -1.08008837017 0.374846285943 -0.513511714948 0
1302 2.8486430645 44.829945 32.953901 -0.95914547 44.3901577683 33.5047862792 -0.945196535493 0.704902404569 0.799215075976 0
1305 2.85705018044 44.914184 32.826307 -0.82117543 44.2931148827 33.5518040527 -0.842412634836 0.955025037357 -1.21680220575 0
1308 2.85743713379 44.932468 32.690373 -0.70238554 41.7109132278 32.8255593682 -0.760244107059 3.22438994295 -3.31505170117 0
1311 2.84680294991 45.019913 32.619075 -0.56167342 43.8105734134 32.4783545747 -0.653235957774 1.21749927052 -5.24614697597 0
1314 2.83546710014 45.164806 32.47066 -0.44585332 42.5486462592 33.1012569386 -0.600303371678 2.69108607969 -8.84933610675 0
1317 2.80721998215 45.307079 32.373178 -0.30795343 43.9990984556 33.2253208558 -0.557127133452 1.56107672819 -14.2766015734 0
1320 2.85625290871 45.468859 32.25314 -0.19105128 44.125897308 33.5884597876 -0.387305883795 1.89383870518 -11.2445605074 0
1323 2.83918523788 46.833289 32.057508 -0.10389315 45.6111871064 32.8652370838 -0.255782478642 1.46490931843 -8.70261748424 0
1326 2.85163497925 48.863767 31.868312 -0.084237935 46.9633422092 32.1282108772 -0.226680425338 1.91811412899 -8.16135351968 0
1329 2.84831905365 51.033972 31.691587 -0.08198003 48.0951246949 34.3658014841 0.0336442485749 3.97344266219 6.62478317159 0
1332 2.87174010277 53.111195 31.42619 -0.084122232 51.1691854807 33.0850322782 -0.0460202047443 2.55404750875 2.18308535265 0
1335 2.83858394623 55.206155 31.249451 -0.082409142 53.6655753779 33.7492197619 -0.0515002551123 2.93636330087 1.77094876812 0
1338 2.84977197647 57.287235 31.07162 -0.080297126 56.147122787 32.4701988027 -0.0204500239373 1.80440531078 3.42898636428 0
1341 2.84704113007 59.516372 30.847745 -0.092608556 58.9423442726 33.383285726 -0.049253840999 2.59970663829 2.48404219155 0
1344 2.85409498215 61.567611 30.670937 -0.091677002 61.0343443599 33.2812402845 0.00311684383583 2.66421781136 5.43128729021 0
1347 2.83125805855 63.68279 30.502969 -0.089332225 63.6367610124 31.8034659492 -0.059307590072 1.30131125511 1.72028486279 0
1350 2.86376905441 65.773678 30.270465 -0.081918863 66.1272113815 31.9354260874 -0.0912542470193 1.70208145353 -0.534878104438 0
1353 2.85132408142 67.870787 30.052005 -0.080757136 68.2629514937 32.4616508005 -0.0995019912807 2.4413491913 -1.07400109517 0
1356 2.8488509655 69.978421 29.855203 -0.080851998 69.7037029136 32.2438826198 -0.0699916411991 2.40442516065 0.622252608698 0
1359 2.84270715714 72.04312 29.748383 -0.089661546 70.7747339491 31.3303823481 -0.111975799123 2.02768959942 -1.27851252695 0
1362 2.84061908722 74.192216 29.503442 -0.097083695 72.2711571677 30.6096337986 -0.095925478112 2.21678310452 0.0663609394456 0
1365 2.82467293739 76.337484 29.313327 -0.092202589 75.8417618182 30.3431983471 -0.0682114806494 1.14296783553 1.37458925433 0
1368 2.84303712845 78.469083 29.072242 -0.088851811 77.6678584199 30.8146272388 -0.0855652817392 1.91777661579 0.188304255892 0
1371 2.83316683769 80.508884 28.860474 -0.08148585 78.8621863958 29.3978302725 -0.0883128661478 1.73215610249 -0.391159211936 0
1374 2.83785510063 82.648681 28.706332 -0.092016755 81.5310072114 30.3360424706 -0.0704406501686 1.97614546927 1.23621974517 0
1377 2.8448009491 84.803463 28.469695 -0.089914919 83.8925648469 30.7384386077 -0.0886177593236 2.44477667745 0.0743217748124 0
1380 2.83224797249 86.909059 28.274418 -0.095059786 84.8916540638 30.4984010743 -0.0772631787284 3.00266937763 1.01967048632 0
1383 2.84925103188 88.999768 28.069648 -0.093100738 87.582683091 30.1027138058 -0.0428240067048 2.47820221333 2.88064451093 0
1386 2.8385989666 91.148907 27.8824 -0.087682683 89.6679960211 30.3543531034 -0.0608876220498 2.88160536383 1.53524390424 0
1389 2.82204318047 93.191686 27.680334 -0.085944106 90.8502581259 30.2137656251 -0.0441365821482 3.44971887094 2.3953946686 0
1392 2.83534502983 94.597595 27.536443 -0.026113958 93.191378748 30.1572075538 -0.0508855440618 2.97419753777 -1.41930733319 0
1395 2.81620383263 66.734672 23.138609 0.64678418 95.4599399582 31.2115911074 -0.0083750958707 29.8381309632 -37.5378614162 0
1398 2.84637713432 41.954155 8.6979942 1.5862633 98.8297899755 31.5150598238 0.0124411385987 61.2817781852 -90.1733675525 0
1401 2.82679104805 40.498777 7.6026468 1.6671323 96.4470896345 30.7665655181 -0.000688657664847 60.5539496402 -95.5591018577 0
1404 2.8608288765 40.36551 9.5759073 1.6613912 99.8391861719 31.1150724653 -0.0234366705002 63.2538836233 -96.5335261857 0
1407 2.84989500046 40.15753 11.693798 1.6450717 102.130669857 30.6088465174 -0.0177359215299 64.7954406123 -95.2718588559 0
1410 2.85317587852 40.017928 13.779826 1.6578436 102.771113356 29.8758773924 -0.00852858600387 64.7846057541 -95.476093356 0
1413 2.84356713295 39.937066 15.922073 1.6651068 104.155357266 33.257333572 0.037137096009 66.5169165866 -93.2757932138 0
1416 2.85126113892 39.75755 17.953862 1.6630734 105.432619413 30.5862558453 0.0402561045916 66.8789362704 -92.9805819477 0
1419 2.8464319706 39.645384 20.177858 1.663423 107.947783401 30.1084763246 -0.0204235890064 69.0205400173 -96.4773028976 0
1422 2.84229183197 39.526919 22.292671 1.6684735 110.922602898 32.8739180527 0.042177494557 72.1755254115 -93.1798973509 0
1425 2.85771203041 39.303781 24.413998 1.6572417 111.284852367 32.0945600882 0.0931104521093 72.3896792995 -89.6181191087 0
1428 2.8245871067 39.21094 26.55624 1.6661167 116.078122824 34.4496766348 0.105095518753 77.2714056897 -89.439925416 0
1431 2.8546500206 39.049874 28.673026 1.6660737 116.892581979 34.9053253288 0.128157856042 78.0917968833 -88.1160871051 0
1434 3.3101670742 38.816051 30.701859 1.6598041 119.278274045 34.6371930574 0.0963540855714 80.5584023642 -89.5790873064 0
1437 2.91389608383 38.695572 32.853799 1.6647394 123.010801535 34.6064361508 0.143542766345 84.333443357 -87.1581469179 0
1440 2.84449481964 38.58982 35.008607 1.6723781 124.248746776 36.0030478026 0.101991241936 85.6646989664 -89.9765391699 0
1443 2.84201788902 38.393816 37.160762 1.6689022 126.240580902 34.8699902945 0.129772297442 87.876627944 -88.185647539 0
1446 2.83473205566 38.314928 39.264936 1.6781402 129.363729857 37.1970298016 0.144028065185 91.0722820384 -87.8981506247 0
1449 2.84392619133 38.042909 41.445131 1.6601298 130.379522409 37.6585581637 0.189613807292 92.4142213611 -84.2543600887 0
1452 2.84158301353 37.893052 43.482766 1.6655679 134.918509293 27.7788431946 -0.0974265652673 98.2881099337 -101.012142165 0
1455 2.8512570858 37.737395 45.529248 1.6663309 138.390291302 26.7774641483 -0.10452836989 102.38473974 -101.462762276 0
1458 2.8467669487 37.667375 47.706088 1.6735516 141.009817351 26.576018989 -0.110374563073 105.480520512 -102.211440107 0
1461 2.84286022186 37.411337 49.793915 1.6717816 141.140956815 24.7906230506 -0.0780182861054 106.700509068 -100.256148466 0
1464 2.84437298775 37.208006 51.943854 1.66906 141.742023913 24.4332039911 -0.139683309898 108.0934631 -103.63335788 0
1467 2.84806799889 37.03196 53.963531 1.6741645 23.3096968993 73.046258992 0.362974913674 23.5042764666 -75.125629438 0
1470 3.17903900146 36.983983 56.143126 1.6856298 140.539972593 40.093536096 0.989112560974 104.792329474 -39.9074981543 0
1473 2.85996890068 36.720012 58.206076 1.6746777 33.2591162694 56.0215623759 2.05834597387 4.09266405071 21.9825728256 0
1476 2.81633806229 36.536888 60.398002 1.6787317 31.8859505919 60.7293176168 1.4648166443 4.66272332568 -12.2564298658 0
1479 2.8286960125 36.401835 62.417273 1.6766351 65.1678342555 55.3557681494 -2.69534648177 29.6200534085 109.503907255 0
1482 2.84080600739 36.239068 64.615141 1.6886647 33.4740761272 63.9667821062 1.66795465923 2.83999107602 -1.18659792953 0
1485 2.83053088188 35.99676 66.655908 1.678851 32.2838566659 66.1553457777 1.55391019199 3.74649352151 -7.15858098817 0
1488 2.8477640152 35.830181 68.859683 1.6854848 34.2244519419 68.1547857955 1.68091891597 1.75363789788 -0.2616058844 0
1491 2.84254288673 35.575227 70.898859 1.683738 31.095507614 71.5571952171 1.6906685818 4.52783528324 0.397093086978 0
1494 2.85973787308 35.463169 73.006353 1.6935188 32.6003701948 72.0306055634 1.65525175128 3.02451650003 -2.19254038626 0
1497 2.84661102295 35.205801 75.07321 1.6913976 31.1675204572 74.8459941286 1.71783061282 4.04466769888 1.51450007452 0
1500 2.84545207024 34.978045 77.287591 1.6912075 30.823866023 75.8336694269 1.63781523855 4.4012601507 -3.0591512395 0
1503 2.86441922188 34.814043 79.320098 1.7000185 31.0441258794 79.1321998476 1.74965489915 3.7745967747 2.84395618143 0
1506 2.83945608139 34.580736 81.372215 1.6970036 30.3794706399 80.6730796694 1.65402104984 4.25903989608 -2.46271871666 0
1509 2.88402795792 34.345965 83.441951 1.6955247 30.7669761035 83.0113637015 1.67927239955 3.60479776726 -0.931188222993 0
1512 2.87426710129 34.142398 85.698773 1.7034669 29.6099778261 84.7688810499 1.72518416704 4.62682738726 1.24430774385 0
1515 2.83009696007 33.910208 87.748137 1.7016389 30.1742633783 86.6299941062 1.65397709316 3.89968277519 -2.73082037591 0
1518 2.86241602898 33.670818 89.737713 1.6967853 30.3218277511 88.7733743297 1.6682079627 3.48506596185 -1.63736081699 0
1521 2.85087013245 33.472926 91.900649 1.7056804 29.5713258889 91.665327058 1.68003470921 3.90869029773 -1.46938984508 0
1524 2.85146188736 33.217902 94.036516 1.7078464 30.1927195793 93.2824178398 1.66211739822 3.11775443448 -2.62007880363 0
1527 2.87047290802 33.034075 96.178482 1.7177188 28.8540615733 96.5077025758 1.737471548 4.1929581962 1.13174909392 0
1530 2.86030197144 32.713254 98.174723 1.7080491 27.7941492311 97.2536446124 1.70419174391 5.00459560038 -0.221010224109 0
1533 2.85727596283 32.45653 100.24821 1.7068362 27.4126656764 99.536176566 1.72385933069 5.09387464764 0.975353542438 0
1536 2.87035489082 32.217075 102.39435 1.7082962 27.4762054999 101.869417941 1.69559839139 4.76984248003 -0.727530842439 0
1539 2.85446596146 31.955228 104.48204 1.7110577 27.90156272 103.595197977 1.67040812286 4.14954105599 -2.32904920905 0
1542 2.85727500916 31.741377 106.6002 1.7198575 27.4548948821 105.59518811 1.6650303066 4.40272391216 -3.14136678435 0
1545 2.84297800064 31.439656 108.68741 1.7105287 27.7331989097 107.852624849 1.66513714654 3.79930130564 -2.60074443883 0
1548 2.83054113388 31.216018 110.75498 1.7177022 27.294265352 110.362744715 1.68876397513 3.94131860558 -1.65803815177 0
1551 2.85139203072 30.916985 112.90957 1.719675 26.6093064545 112.441385628 1.69408231142 4.33304639457 -1.4663530419 0
1554 2.85123705864 30.668641 114.94646 1.716506 27.6505885971 114.716916136 1.67599696781 3.02676901864 -2.32099657679 0
1557 2.84365391731 30.419865 117.12266 1.716223 26.5452278341 115.456415253 1.63919923923 4.21772269413 -4.41313641454 0
1560 2.85744595528 30.132888 119.21343 1.725557 26.3695882898 116.362218533 1.68549763312 4.721422618 -2.29523265227 0
1563 2.84154677391 29.88258 121.34383 1.72867 26.7135033973 119.870230361 1.7159256223 3.49493095928 -0.730199054982 0
1566 2.86425018311 29.981486 120.5055 1.7055843 26.6584071825 120.304961227 1.66608569307 3.32912430331 -2.26310347375 0
1569 2.84232902527 30.170653 118.4575 1.6900862 27.1227215427 118.574261059 1.70457916133 3.05016709596 0.830385516604 0
1572 2.89073681831 30.502618 115.6086 1.6745202 26.9426536001 114.279048606 1.65934348345 3.80013860762 -0.8695618053 0
1575 2.86708807945 30.699806 113.48782 1.6738205 27.6129078138 112.408872443 1.67464088587 3.27002572523 0.0470046476406 0
1578 2.85910201073 30.8492 111.36091 1.6697397 27.8367550158 111.054743827 1.70283134639 3.02796342587 1.89601167537 0
1581 2.8521270752 30.973164 109.37107 1.6787837 28.1255638581 108.675279255 1.69353600255 2.931373625 0.845244674287 0
1584 2.8709051609 31.204408 107.09871 1.665475 28.2344926942 107.405318118 1.69926228969 2.98570016274 1.93586910064 0
1587 2.86456108093 31.322843 104.96751 1.6587885 28.0471502684 105.688185678 1.68733634503 3.35403284184 1.63567103459 0
1590 2.84962892532 31.457099 102.91722 1.6541397 28.5703268376 103.429024334 1.71437182256 2.93179078272 3.45104641392 0
1593 2.83093595505 31.546684 101.34427 1.631357 29.8553550451 102.293754213 1.71714932734 1.93961694799 4.91553827092 0
1596 2.86222219467 31.536552 101.09899 1.5279681 28.4724930822 102.414743687 1.56387102253 3.33461614246 2.0570859332 0
1599 2.82984614372 31.522716 100.84711 1.3818466 28.9284399621 102.383230155 1.47538617721 3.01495162357 5.3594229915 0
1602 2.84152317047 31.33472 100.81397 1.2437751 29.4218498736 102.237294883 1.34805534261 2.38430825226 5.97481778825 0
1605 2.84114193916 31.335612 100.76499 1.1262837 26.6725680015 102.871838302 1.12057066766 5.11691206687 -0.327332641083 0
1608 2.84754896164 30.238332 99.003137 0.9296569 28.1844995161 101.084757354 1.06486170859 2.9242727595 7.74666490219 0
1611 2.85123109818 28.772289 97.32743 0.78863198 26.0068926503 99.5640818039 0.79103472162 3.55668782195 0.137666954067 0
1614 2.83710002899 27.005154 95.945316 0.6582802 23.8828663071 97.3071711726 0.655448454508 3.40636609138 -0.162247065328 0
1617 2.83683300018 26.209553 95.323497 0.64585939 23.8691067459 95.0546085726 0.713689995796 2.35584160218 3.88640743393 0
1620 2.87249183655 26.225548 95.299359 0.74214735 21.8360628006 95.7773758777 0.704664423747 4.41543660932 -2.1476134781 0
1623 2.88461303711 26.287241 95.304851 0.87876564 23.4103760462 94.827739522 0.889157517847 2.91615968786 0.595410741864 0
1626 2.86364006996 26.503119 95.525486 1.0159202 25.3273556027 92.2065241599 1.14439557022 3.52106905107 7.3610964849 0
1629 2.8674519062 26.584147 95.637624 1.1414331 24.3446244381 94.6564794466 1.20225859286 2.44501655207 3.48504402787 0
1632 2.85342288017 26.62792 95.717086 1.2595284 25.0196289328 95.2769864876 1.32902452167 1.66741948458 3.98183446438 0
1635 2.83452820778 26.756174 95.797181 1.3910555 24.575655167 96.7854684449 1.41039884967 2.39402891692 1.10829229764 0
1638 2.8408510685 26.381693 93.77201 1.3952992 22.4608377349 94.2188043084 1.40806160202 3.94622999381 0.731231772399 0
1641 2.83404803276 26.011804 91.856332 1.39866 23.1284029443 91.2234134574 1.50298654904 2.95204802294 5.97747095142 0
1644 2.85036993027 25.609249 89.727224 1.3968171 23.0881198127 90.4632418938 1.43344517135 2.62636911323 2.09863389985 0
1647 2.84423995018 25.2462 87.568251 1.3940659 22.7524538591 87.3585732699 1.46867224264 2.50254561715 4.2746285583 0
1650 2.84261894226 24.820481 85.505592 1.4017015 21.7702969276 84.5544931912 1.38621863879 3.19502923609 -0.887102602016 0
1653 2.8580019474 24.493958 83.448062 1.398475 18.4531102465 84.5024582004 1.32842270136 6.13217685066 -4.01370105715 0
1656 2.83652997017 24.080092 81.345956 1.3962744 19.4691638918 81.709188852 1.4019068704 4.62521308951 0.322716782061 0
1659 2.85617089272 23.622432 79.208855 1.3888608 20.066953862 78.9537169373 1.41238633725 3.56462062785 1.34791399535 0
1662 2.85985708237 23.236261 77.182266 1.3737053 20.1578291184 77.6448920538 1.45269699376 3.11299947243 4.52589066906 0
1665 2.82297706604 22.741503 75.111069 1.3685019 19.9516997068 75.5859213342 1.46381512951 2.82992705809 5.46104578276 0
1668 2.85702204704 22.23837 73.007777 1.3690406 18.3750580581 73.3771870961 1.38706514689 3.88093326146 1.03273046452 0
1671 2.86024808884 21.796618 70.8705 1.3677106 18.8023595687 72.097886012 1.42943988157 3.236056238 3.53682730636 0
1674 2.84965586662 21.306705 68.900927 1.3588762 19.1637164268 69.6453475599 1.46277692906 2.26860353409 5.95307326366 0
1677 2.85549688339 20.800373 66.796896 1.3509317 19.9973221768 66.5180171757 1.46868840872 0.850096478801 6.74696241907 0
1680 2.83380007744 20.180988 64.758154 1.3339286 21.0361479328 65.4981648661 1.51315125412 1.13089106131 10.2687016745 0
1683 2.85178995132 19.716632 62.635567 1.3210663 18.1252924061 62.8241666801 1.41249179509 1.60247669019 5.23829500829 0
1686 2.85302305222 19.127208 60.642471 1.320188 16.9580649118 60.5962710853 1.41153275841 2.16963503131 5.23366913776 0
1689 2.87016296387 18.573484 58.538556 1.3117791 17.2555290113 57.7867659323 1.42365168223 1.51729814414 6.40982680475 0
1692 2.83400392532 18.03732 56.562177 1.3046299 16.983615116 56.9237673277 1.41214020293 1.11402044312 6.15988661223 0
1695 2.81803703308 17.470308 54.449011 1.30616 16.7391246982 54.109154604 1.43068709424 0.806307255772 7.13487693526 0
1698 2.82813715935 16.865167 52.414515 1.2995721 12.8590661549 51.8499596005 1.29755859071 4.04568495811 -0.115365584123 0
1701 2.8294608593 16.322269 50.452679 1.2871313 15.6517348809 51.6162150655 1.40557518023 1.34291927553 6.78633444654 0
1704 2.84415388107 15.679585 48.421133 1.2791916 15.024391269 48.364689491 1.4060853749 0.657620479317 7.27047774835 0
1707 2.83758401871 15.049517 46.343459 1.2810584 13.9814734212 45.8984518122 1.41559432783 1.15704299113 7.70834085744 0
1710 2.84299707413 14.370513 44.264129 1.2685694 14.1910910838 45.4086304726 1.41758059926 1.15847997169 8.53771281793 0
1713 2.85490393639 13.728985 42.398373 1.2622613 13.7238663028 42.2159854289 1.40340921582 0.182459384949 8.08717986369 0
1716 2.84910702705 13.116178 40.310007 1.2578142 12.9716137116 40.472087192 1.39136194021 0.217183844045 7.65172187746 0
1719 2.86116099358 12.482531 38.460523 1.239848 13.9274197345 38.6270454792 1.4292639039 1.45445288375 10.852731866 0
1722 2.84531617165 12.331027 38.238303 1.1567887 12.3089376959 39.0701760065 1.26813596786 0.832166231175 6.37972850884 0
1725 2.8402929306 12.263795 38.100898 1.043782 11.8631689725 37.3913128877 1.10451067063 0.814869465354 3.47949652281 0
1728 2.84721899033 12.231882 38.075858 0.90529637 11.4280023387 37.2539464019 1.01111717678 1.14967873124 6.06308561302 0
1731 2.81595396996 12.170047 37.918491 0.7605547 11.1734804769 37.5690825451 1.01704981773 1.056045029 14.6960877118 0
1734 2.83819293976 11.9457 37.868652 0.60051086 12.7387640643 38.1304425905 0.815881830961 0.835155628247 12.3398476657 0
1737 2.84108805656 11.861848 37.85602 0.47073445 11.66165007 38.6530282984 0.626190411223 0.821767265634 8.90697047822 0
1740 2.83444094658 11.68598 37.868337 0.32347919 12.7066422868 37.5579829942 0.512801433336 1.06680415848 10.8473655111 0
1743 2.85968613625 11.634663 37.834152 0.18688423 13.7496152754 38.4188288593 0.360744428828 2.19428123933 9.96145561812 0
1746 2.86862611771 11.546787 37.799316 0.059161186 13.0353166209 38.4161905759 -0.0989489957771 1.61128975505 -9.05904611387 0
1749 2.87282681465 11.461332 37.784444 -0.088384018 12.5123622999 36.6027375784 0.0346046709883 1.58148498509 7.04673280688 0
1752 2.86746501923 11.353119 37.809133 -0.22428348 13.6901630794 36.4059062688 -0.00990213373258 2.72595309724 12.2831463475 0
1755 2.87190318108 11.259101 37.929753 -0.36642208 12.6446144244 38.4025049482 -0.370019973631 1.46394735345 -0.206144120181 0
1758 2.87554311752 11.22919 38.083377 -0.50941267 13.927772149 37.7977860678 -0.30377144902 2.71365211391 11.7823740561 0
1761 2.8532140255 11.185129 38.110347 -0.64618684 13.3222119176 39.1012825951 -0.597957743481 2.35564784092 2.76332368024 0
1764 2.85153603554 11.588805 37.741111 -0.76036767 13.4332262836 38.2979152839 -0.847784330165 1.92663460005 -5.00860568656 0
1767 2.85464406013 13.063467 36.224873 -0.77289998 11.9765858965 38.1234624666 -0.826225206106 2.18768199148 -3.05531039745 0
1770 2.85680913925 14.493375 34.807156 -0.77803694 13.9439441571 36.6165560359 -0.761526627796 1.89097930743 0.945971207742 0
1773 2.85582089424 15.892318 33.28564 -0.77023756 15.6743741963 33.7566235261 -0.70824778808 0.518965300784 3.55175230397 0
1776 2.85339903831 17.405154 31.857105 -0.77891679 17.688828284 31.8873267395 -0.729306243255 0.285279604862 2.84247494782 0
1779 2.84347391129 19.008966 30.381332 -0.78385491 18.9548299075 30.3697959912 -0.805457863779 0.0553515673964 -1.23775807657 0
1782 2.8401529789 20.517371 28.856906 -0.78454873 20.297844371 29.323980817 -0.718949450686 0.516091877025 3.75856184378 0
1785 2.85167193413 22.037399 27.308602 -0.78653789 21.8424474382 27.4406648372 -0.789470603503 0.235471239044 -0.168032106216 0
1788 2.8570599556 23.470866 25.802264 -0.78746834 23.8889633312 26.1002687466 -0.727156198794 0.513431794245 3.4556311445 0
1791 2.833081007 25.030138 24.239515 -0.79252133 24.9627958441 25.7651880615 -0.828283523519 1.52715855645 -2.04902275478 0
1794 2.85536408424 26.508975 22.80392 -0.79210599 26.3158858743 23.2508740895 -0.779296699357 0.486879213586 0.733918292408 0
1797 2.847178936 27.961008 21.312251 -0.79564812 28.5142356653 22.6020613807 -0.825513400664 1.40344991642 -1.71115453601 0
1800 2.86573886871 29.36401 19.750057 -0.78815021 28.7047936102 19.2821468908 -0.809935390321 0.808397253119 -1.24819888835 0
1803 2.85138106346 31.016391 18.179875 -0.79578372 30.9603876946 19.5060658361 -0.820940775982 1.32737278264 -1.44139313273 0
1806 2.86196613312 32.405165 16.663972 -0.79079715 32.1820365675 17.3063048413 -0.790902041543 0.679983658942 -0.00600984270918 0
1809 2.8747189045 33.875627 15.226881 -0.79213801 33.2352751684 14.768133273 -0.832989660907 0.787718189006 -2.34062718312 0
1812 2.86362910271 34.400964 14.714584 -0.72873329 32.9616947997 14.8620008914 -0.77912105999 1.44679907756 -2.8870065595 0
1815 2.8670759201 34.541831 14.529671 -0.59347242 33.6250259343 14.8822913213 -0.710891091286 0.982279298072 -6.72759430075 0
1818 2.86462593079 34.648846 14.435796 -0.47955783 33.9028356869 15.7562772824 -0.56117518565 1.51664175215 -4.67633001376 0
1821 2.84614515305 34.668797 14.324629 -0.34405458 34.2719626674 15.0843350907 -0.389847682201 0.857106079702 -2.62375148692 0
1824 2.86514496803 34.864126 14.20779 -0.22615765 34.9237977756 15.5532792026 -0.299100583217 1.34681175938 -4.17932221867 0
1827 2.85279989243 35.017605 14.088235 -0.094353638 35.2788137657 16.1765857756 -0.172539000294 2.10462323974 -4.47969127915 0
1830 2.86642193794 36.599142 14.0692 -0.022879679 37.5512786769 14.8590712422 -0.089000488934 1.23711795339 -3.7884433472 0
1833 2.86728286743 38.63985 14.009333 -0.014813302 38.8710487956 14.0565336128 -0.069839358492 0.23596775399 -3.15276080024 0
1836 2.87861394882 40.768535 13.925491 -0.0089087199 40.0676370783 14.1015680455 -0.0797254313907 0.722676291734 -4.05749868741 0
1839 2.85935997963 42.905865 13.952369 -0.011506708 42.861067709 15.097413303 -0.0586895695616 1.14592026468 -2.70337883283 0
1842 2.85095119476 45.04117 13.838962 -0.010052037 45.2248061364 14.7471528156 0.00291683408667 0.926570444218 0.743061578315 0
1845 2.86515784264 47.095509 13.764363 -0.008210261 45.9309949596 15.5420769741 0.00570418080717 2.12517291625 0.797238789831 0
1848 2.85091996193 49.256947 13.750747 -0.012245698 48.1563582669 14.9339736731 -0.00370894441835 1.61595820466 0.489119950972 0
1851 2.82580208778 51.347189 13.680192 -0.017629817 51.0124158746 14.8418935421 -0.00340713330924 1.20897622738 0.81489974883 0
1854 2.84667801857 53.510554 13.649042 -0.0075411209 52.5192591166 15.3032650849 -0.0323873458327 1.92850189538 -1.42358382548 0
1857 2.84731507301 55.608657 13.581194 -0.0077936973 55.1800321457 14.9042631868 0.0103617888079 1.39076645731 1.04023272899 0
1860 2.84644508362 57.666716 13.591636 -0.01411162 57.104632527 15.661991149 -0.00228109761594 2.14529911048 0.677839002042 0
1863 2.85662198067 59.905766 13.533857 -0.012519778 58.9273234862 16.2268216998 -0.0136586293794 2.86520655928 -0.0652513775304 0
1866 3.18450188637 62.027534 13.447994 -0.021676244 60.6899401939 15.1546425821 0.00752416403016 2.16836495377 1.67306014019 0
1869 3.0956761837 64.181261 13.371995 -0.025327169 62.9524108161 15.1781348038 -0.0169896500747 2.18453971472 0.477704646028 0
1872 2.86401700974 66.241252 13.310079 -0.024907545 65.0936434123 15.0731763611 -0.00816335050698 2.10369146391 0.959371675796 0
1875 2.86392307281 68.444119 13.24669 -0.026304862 66.6613240326 15.3340873477 -0.0331527898502 2.74510210791 -0.392357364228 0
1878 2.83076405525 70.49734 13.123327 -0.017605166 69.2569176098 15.0880424989 -0.00378789751754 2.32352204593 0.791671168444 0
1881 2.82519221306 72.634932 13.039101 -0.019360635 72.0112681821 14.7806812833 0.024248236621 1.84988065585 2.49860429321 0
1884 2.80982494354 74.720419 12.994859 -0.019347658 74.2616176521 15.4771496931 0.00464506745264 2.52433471666 1.37468190745 0
1887 2.82520914078 76.914825 12.90632 -0.036038761 76.3220714244 15.1727120467 -0.0304857823921 2.34262453475 0.318162237957 0
1890 2.84554505348 79.004774 12.78569 -0.032634565 78.1034024516 14.9685077646 -0.00282336139883 2.36160201172 1.70805614855 0
1893 2.82452106476 81.177999 12.691712 -0.029848436 80.9022872737 14.8753732107 0.00540055502691 2.20099823696 2.01961841794 0
1896 2.8499751091 83.222919 12.597068 -0.02122413 81.8563575318 14.8060118979 -0.0351637761252 2.59748405011 -0.798682890882 0
1899 2.84345388412 85.390174 12.538762 -0.021700441 84.1187322428 14.7051768705 0.00108144082396 2.51195492256 1.30530567788 0
1902 2.81142401695 87.449986 12.512039 -0.030894579 86.814426517 14.9102587114 0.000385739413685 2.48100657807 1.79223022693 0
1905 2.83429408073 89.572355 12.414566 -0.034322832 88.3455575167 14.6092954607 0.0207199573113 2.51433280825 3.15371952016 0
1908 2.84311103821 91.713838 12.339838 -0.030338307 90.4115760976 14.8408674708 0.0154952347577 2.8197578755 2.62606850285 0
1911 2.85060501099 93.866625 12.234111 -0.027880568 92.4615062713 15.2713649101 0.0181775192397 3.34653103324 2.63893401128 0
1914 2.84655404091 96.027017 12.118277 -0.016096141 94.4822275472 14.8146989239 -0.000288412732774 3.1075819611 0.905716113402 0
1917 2.83423399925 98.003729 12.063433 -0.023465033 97.6402269661 14.8467678557 0.00833858737163 2.80697108069 1.82221322053 0
1920 2.85167193413 100.1865 11.996018 -0.023536261 99.3259440878 15.3550634865 -0.0102761620997 3.46752693691 0.759747702915 0
1923 2.847853899 102.26857 11.921444 -0.023061579 102.534377086 15.2380154297 0.0051744974126 3.32720595317 1.61780800845 0
1926 2.83428311348 104.50291 11.810699 -0.022632517 104.085624236 15.7614443302 0.0160965547231 3.97272149456 2.21901235419 0
1929 2.8199698925 106.528 11.779433 -0.025937223 105.01054377 14.9278651288 0.0435163161541 3.49503909557 3.97939466578 0
1932 2.8055999279 108.61821 11.737233 -0.017267816 108.613320609 15.5962530936 0.0249720078431 3.85902319104 2.42016363358 0
1935 2.82071685791 110.65428 11.638117 -0.015586443 109.500893502 15.3858358736 0.0116386309675 3.92118568416 1.55988183527 0
1938 2.81953811646 112.94226 11.558687 -0.011710616 111.98622837 14.6243163948 0.0108161325657 3.21124276 1.29068761897 0
1941 2.83651804924 114.89636 11.528856 -0.01668203 113.713876882 15.5436881987 0.00313741823242 4.18534872011 1.135570736 0
1944 2.81002783775 117.03777 11.494892 -0.018548407 116.736516024 15.5277958503 -0.00202330880598 4.04413988673 0.946818382556 0
1947 2.82377004623 119.07747 11.406331 -0.016261061 118.058579212 15.5438858468 -0.000196462137905 4.26116164303 0.920433714369 0
1950 2.82557201385 121.291 11.334615 -0.012126455 120.262246577 15.5485466591 -0.0170287251964 4.33768989594 -0.280879392289 0
1953 2.82817816734 123.43737 11.229443 0.0013807468 122.570425668 15.0588036138 0.03527574287 3.92626988179 1.94204022142 0
1956 2.84116101265 125.58554 11.258252 -0.0049853053 124.273417071 14.8523185613 0.00550980916364 3.82609213546 0.601325764273 0
1959 2.83734989166 127.50849 11.183265 -0.012828209 126.13657483 15.175779532 -0.0090728616394 4.2216493839 0.215165554368 0
1962 2.84934711456 130.28779 11.390648 -0.01314096 129.110977917 14.9782704761 -0.00363851446438 3.77570148581 0.544450024244 0
1965 2.83821201324 132.78769 11.256475 0.0084755214 131.211386331 14.6019485289 -0.0210643356585 3.69823287378 -1.69250913687 0
1968 2.84206700325 125.9239 10.596074 0.27888777 132.694737333 15.1186992243 -0.019416353076 8.14238153795 -17.0915672636 0
1971 2.82180190086 93.936275 13.265891 0.84250578 132.914210564 15.4962594139 -0.00822645039201 39.0416957121 -48.7433662972 0
1974 2.83605289459 59.212281 6.4432491 1.3602712 133.084368846 13.408018331 -0.0523041851678 74.1996858023 -80.9346078142 0
1977 2.81347203255 41.747696 3.5851691 1.5088422 138.191527059 13.6161066145 -0.070151029399 96.9640771463 -90.4696479243 0
1980 2.8432469368 40.889782 2.6549702 1.6071612 136.260275661 8.12766864025 -0.215007234336 95.5273860697 -104.402560849 0
1983 2.84307599068 40.408125 3.8011614 1.6070032 37.9827817844 90.9715143218 2.03349386723 87.2040865913 24.4361152339 0
1986 2.82846999168 40.388712 5.5337894 1.5172855 76.2289602403 133.804047792 2.56719028566 133.183266899 60.1551131087 0
1989 2.85012102127 40.44034 7.6724587 1.5542124 75.5121459983 132.469656135 -3.105642262 129.631678473 93.0099947229 0
1992 2.83605384827 40.554207 9.7439313 1.5604739 109.524001277 71.5010649205 -0.85441717674 92.5784860304 -138.363066681 0
1995 2.83382105827 40.580821 11.876658 1.5652859 37.1436337237 92.8330798839 1.60290353528 81.0293557954 2.15533173684 0
1998 2.82820105553 40.665042 14.024391 1.567666 112.504605262 70.9166034241 -1.52698185016 91.6386746095 -177.310260894 0
2001 2.85128307343 40.771617 16.174621 1.5548315 29.9679191458 83.3814780704 -2.14475841573 68.0696813905 148.029111899 0
2004 2.81581091881 40.847233 18.25792 1.5551713 30.3635228446 83.8739875919 -2.2645718986 66.448299488 141.144835896 0
2007 2.82410883904 40.88758 20.352438 1.5597309 24.2981911435 97.398917933 2.67980607917 78.8122318723 64.1755805037 0
2010 2.84242391586 40.971014 22.508388 1.5678505 118.934103194 59.9216164775 -0.63948496832 86.4753892257 -126.471006304 0
2013 2.81017899513 41.044823 24.54743 1.5705547 37.3323241532 22.8519369863 0.727003290261 4.08134098636 -48.3319355804 0
2016 2.83482289314 41.105608 26.696222 1.5717508 40.0871264912 46.970046538 0.497943054367 20.2993907786 -61.5246518333 0
2019 2.82588195801 41.160404 28.869777 1.5672714 122.934458949 52.7873686181 -1.44787691796 85.2000425559 -172.755273225 0
2022 2.82882714272 41.204205 31.003136 1.5608691 128.377121415 56.4948493663 1.41118024372 90.8237017887 -8.57653970524 0
2025 2.7951002121 41.244227 33.116661 1.5660557 9.16533617004 97.026878613 -2.55318415351 71.5092382299 123.984941592 0
2028 2.81927204132 41.277887 35.228156 1.5643441 56.2880339783 120.003769678 2.76630233517 86.0941878806 68.8671340264 0
2031 2.81424093246 41.31792 37.33529 1.5797774 16.6891429072 100.017533362 -0.625702729289 67.3471624794 -126.364703208 0
2034 2.84142804146 41.419072 39.474789 1.5713492 39.9154085774 38.216011989 1.62796590076 1.96100057419 3.24389800346 0
2037 2.83861088753 41.429937 41.518923 1.5745722 39.0950582886 41.3454828127 1.67541608481 2.34131161867 5.7779289892 0
2040 2.84035301208 41.494048 43.684079 1.5737379 135.543967485 42.5850344759 -0.63337469061 94.05634085 -126.458236352 0
2043 2.84518003464 41.508319 45.798644 1.5762653 39.7872472014 45.6338308138 1.66992281835 1.72894520508 5.36618052085 0
2046 2.83274793625 41.512588 47.943477 1.5772604 39.6098597264 49.2715338672 1.70369531284 2.32036848919 7.24418688904 0
2049 2.81569099426 41.583607 50.107906 1.5744728 39.3926792011 50.6039498768 1.69061185518 2.24638023219 6.65427769846 0
2052 2.82059884071 41.632502 52.265699 1.5728612 39.1870159833 51.4260160835 1.60477901629 2.58562743992 1.82875616485 0
2055 2.83117008209 41.660201 54.305408 1.5732479 38.224250449 54.8713796229 1.65312547374 3.48225215445 4.57664785301 0
2058 2.83979487419 41.689009 56.508616 1.5685378 40.480637223 57.4437875019 1.70417082552 1.52797516 7.7711999249 0
2061 3.14140105247 41.794127 58.57462 1.5657057 39.2663636123 58.2985080569 1.6600563107 2.54279876309 5.40589178786 0
2064 3.09261608124 41.856016 60.76704 1.5641567 39.613274293 60.7002749476 1.64824151548 2.2437352644 4.81770504788 0
2067 2.83294796944 41.858156 62.785084 1.5639758 39.0869288494 63.1593044382 1.63931060956 2.79637995566 4.31636663829 0
2070 2.85466384888 41.958088 65.023529 1.5767642 39.616742251 64.1583367783 1.64129259766 2.49608843926 3.69720484482 0
2073 2.8381280899 41.99726 67.044355 1.5737097 38.9995640063 65.769708511 1.6308278992 3.257438402 3.27263174767 0
2076 2.81939792633 42.044947 69.102812 1.5759217 39.1003934423 69.3533508417 1.65874099008 2.95519294892 4.74519578395 0
2079 2.80764198303 42.097902 71.261122 1.5727544 38.5853799719 71.116039816 1.67025526508 3.51551700861 5.58638806799 0
2082 2.80633592606 42.114798 73.459441 1.5684742 38.9547802743 72.8147235571 1.67084559721 3.22511590613 5.86544900291 0
2085 2.81046509743 42.172982 75.545483 1.5804547 39.2003717045 75.4020236642 1.62688951155 2.97606998403 2.66051872404 0
2088 2.83649396896 42.213453 77.648417 1.5799022 39.3012616692 78.0756519563 1.6096679008 2.94336339165 1.7054490299 0
2091 2.83085203171 42.308345 79.80823 1.5843424 38.8971224519 80.1579568819 1.61985860736 3.42910311372 2.03492878598 0
2094 2.84040188789 42.259747 81.948131 1.5870316 38.4382784035 82.2894167234 1.63232291943 3.83667801349 2.59500145184 0
2097 2.82754993439 42.325886 84.065588 1.5841531 39.0724419957 83.6916878999 1.64169624733 3.27485864943 3.29697948173 0
2100 2.83164906502 42.338042 86.100283 1.5789413 38.0069909876 85.7280285421 1.62142457535 4.34701923778 2.4341123777 0
