3 1.38761401176 72.513547 45.80148 1.6808269 58.7716559451 105.163791227 0.432312088376 60.9321225957 -71.5346293656 0
6 1.4068069458 72.505015 45.806851 1.6805552 146.892184384 133.28204878 2.02034879422 114.82752804 19.4687388543 0
9 1.39910197258 72.51553 45.801787 1.6811119 26.943936948 41.8431431178 -0.157336433271 45.7432066506 -105.335330349 0
12 1.40786409378 72.511327 45.798497 1.6805172 80.0966272505 103.995170076 -1.87175657612 58.6889217567 156.469704953 0
15 1.39620089531 72.518426 45.80176 1.6806948 40.2431029791 78.5617230171 0.873770169202 45.9881686196 -46.2333757299 0
18 1.54679679871 72.509508 45.806599 1.6825332 112.852114286 70.0714656796 -1.4405679925 47.0776978722 -178.940517322 0
21 1.4089179039 72.510969 45.800989 1.6811293 116.598404919 64.8580683868 -0.52031534947 48.029931092 -126.133487246 0
24 1.40022516251 72.522343 45.818169 1.6838228 116.338930382 78.5334318121 -1.91382653191 54.6825543537 153.869877114 0
27 1.40586996078 72.508499 45.799812 1.6808804 32.0159798533 88.406461391 0.242307707177 58.7789986234 -82.4241438215 0
30 1.40882086754 72.523901 45.815543 1.6832165 27.2750409953 86.6274140286 0.20298315275 60.9349501401 -84.8111234919 0
33 1.41040086746 72.511009 45.802779 1.6808191 123.646524651 66.1956543893 -1.06883871342 55.0518875928 -157.543787814 0
36 1.41223597527 72.527172 45.853315 1.6851825 31.5411535641 92.445570981 3.00293160427 62.0539444728 75.5014621317 0
39 1.40351700783 72.188088 49.017093 1.6798669 42.3540811416 91.7254198563 -2.70994503863 52.0967287658 108.48230306 0
42 1.40532398224 71.804616 53.279503 1.6643548 62.8820846197 103.864921148 -1.87162957255 51.3662933786 157.403019029 0
45 1.39795398712 71.568933 57.324136 1.642571 55.0716038196 104.339257051 -2.84907007671 49.8255303786 102.647923217 0
48 1.38596200943 71.37336 61.652431 1.6431927 44.7412654687 89.5097929917 0.0348403676924 38.5396039973 -92.1518006112 0
51 1.38761091232 71.165072 65.844712 1.6344026 51.1522779019 96.008957521 -2.38418315558 36.1993596002 129.751996594 0
54 1.39254593849 70.960331 70.343426 1.6128178 71.6740352236 114.783577349 -1.58068286254 44.445881987 177.025890164 0
57 1.40158200264 70.885213 74.631613 1.6236159 39.7988828305 63.8202962054 -2.04270813271 32.9126798399 149.935106598 0
60 1.39598202705 70.832043 79.069602 1.6124517 97.8689855102 104.757571028 0.337738951405 37.2943429103 -73.035660586 0
63 1.44814014435 70.841819 83.283634 1.5826474 21.0712070986 63.3778762957 -2.35223147521 53.6036659084 134.548047555 0
66 1.40888810158 70.897044 87.066595 1.5142468 48.4295600955 72.7744609337 -1.39900407608 26.6280477911 -166.916979862 0
69 1.41102695465 70.898205 87.488163 1.2381173 52.2797650446 73.4544129117 -2.04692937204 23.3150691166 171.780690188 0
72 1.41004896164 70.648486 87.373684 0.94938085 48.0734835727 72.914236694 -2.2710221589 26.8086991663 175.484499259 0
75 1.4053299427 70.490448 87.162959 0.64684814 104.069053689 106.081443334 2.01339385642 38.5413000502 78.2973020626 0
78 1.40316390991 73.090524 88.460194 0.4660111 47.980394448 107.695312746 0.207436456441 31.6308140791 -14.815235765 0
81 1.39865398407 76.750616 90.291223 0.4640309 10.6438522754 108.627969206 1.94045134625 68.6027730602 84.5926603572 0
84 1.40270996094 80.704264 92.172539 0.45240664 64.0451486167 106.585834133 -3.00239359462 22.0288266129 162.054527496 0
87 1.40369582176 84.637734 93.972859 0.42386385 57.7760425507 104.988582212 2.94902223209 29.0326820221 144.680917896 0
90 1.40661001205 88.678811 95.730817 0.41656148 102.158462391 46.1374389524 -1.31415767729 51.392646826 -99.1629032352 0
93 1.39409613609 92.647535 97.41769 0.40779386 23.8465120115 71.2071234368 -3.09399636539 73.6245513659 159.362199345 0
96 1.39971184731 96.759828 99.128022 0.39320766 88.4295023994 136.611515313 2.3327919845 38.3980024948 111.129995804 0
99 1.4048140049 100.07577 100.58602 0.32958371 139.387287665 118.087127894 0.529380197708 43.0312002928 11.4474955072 0
102 1.40974998474 100.12714 100.52966 0.1390585 83.7772066949 138.339494724 1.83032617019 41.1934936725 96.9024995288 0
105 1.41282010078 100.08551 100.52401 -0.14356162 103.268297568 60.5426284621 -2.10730536258 40.1078671383 -112.514228495 0
108 1.40705704689 99.772178 100.71077 -0.40700642 29.8632353963 56.6355212276 2.67538252769 82.6431352885 176.607877521 0
111 1.40762710571 99.760338 100.7618 -0.66729138 132.966130344 78.4914475924 1.42473751871 39.9824116526 119.864426515 0
114 1.40881800652 99.638101 100.95548 -0.8821311 69.2825567915 77.9013566558 0.291350459058 38.1176031167 67.2355406704 0
117 1.40982198715 99.549051 101.11221 -1.1251977 16.4598869229 66.364177657 1.64670983462 90.062394698 158.818602934 0
120 1.40932011604 100.80276 98.46873 -1.1938854 40.0651840236 103.086734052 -0.365302636133 60.9128812068 47.4742953468 0
123 1.40886092186 102.35582 94.496879 -1.1822805 83.8174843271 73.4602521622 -0.453429633824 28.039428636 41.7600785264 0
126 1.40551996231 103.84912 90.431736 -1.1842505 128.602788938 19.2584014607 -2.82658097186 75.3550773031 -94.0986046031 0
129 1.54741287231 105.46668 86.336829 -1.1831903 120.429509898 36.7123278558 0.335674366407 51.831239541 87.0245350367 0
132 1.39554786682 106.96067 82.891423 -1.1821311 86.6779163676 122.824672836 -0.396387521977 44.7890001829 45.0197908002 0
135 1.4092040062 108.13488 79.987125 -1.1809983 36.2668889623 78.1627719208 1.59286902986 71.8911427086 158.93089093 0
138 1.40252399445 109.11096 77.465416 -1.174964 79.5189329566 114.584567935 -2.9422707831 47.4712492451 -101.259219776 0
141 1.39924192429 110.00241 75.115832 -1.1797573 78.466070521 134.72153303 1.87053030171 67.4342665341 174.768605879 0
144 1.44131708145 110.9669 72.896666 -1.1819268 84.6711529787 81.5333807363 3.02038743372 27.6777736251 -119.22513022 0
147 1.44596099854 111.79529 70.750926 -1.1680053 76.363898937 137.257024819 1.95506153396 75.3554553616 178.938548723 0
150 1.43283104897 112.62755 68.634671 -1.166408 85.8516164939 81.3380657542 -1.11655127532 29.6365796509 2.85657990433 0
153 1.44373011589 113.50263 66.493746 -1.1746568 76.7018513636 143.311492795 2.16958579899 85.1778347395 -168.38901341 0
156 1.43080592155 114.39844 64.423702 -1.1690506 28.3491770181 102.864180293 2.66452273552 94.2451379706 -140.352427421 0
159 1.45142006874 114.9392 62.935672 -1.1627449 40.0344273962 85.3126103986 2.07475730211 78.1757784158 -174.504787655 0
162 1.43701195717 115.58582 61.52951 -1.1720902 35.7730035216 84.7155545241 -1.41339906445 83.1124439232 -13.8259794922 0
165 1.45315384865 116.16312 60.165609 -1.1710096 112.453804704 63.8337337437 -0.982756901759 5.21671918969 10.7860850912 0
168 1.44803500175 116.71267 58.758483 -1.1690165 57.4137992797 109.94516117 -1.01243986415 78.3353821129 8.97118040471 0
171 1.43989396095 117.29804 57.404001 -1.1730259 113.660664882 59.9841067537 -0.903436606818 4.45953399436 15.4463287012 0
174 1.51242780685 117.3062 57.346669 -1.1782941 59.0861662905 110.391231956 -1.28782055756 78.7610181776 -6.27540376348 0
177 1.46261501312 117.30973 57.394113 -1.1925087 32.3622428117 95.5733485725 3.05990474723 93.1328599824 -116.354656729 0
180 1.45076704025 117.3509 57.478875 -1.2542253 74.7469222156 130.822501934 1.30720022955 84.8197296324 146.75887238 0
183 1.45358586311 117.31554 57.561663 -1.3141336 113.943434567 56.6158339302 1.04712945489 3.50224038027 135.290407365 0
186 1.43548202515 117.31761 57.625945 -1.389572 115.309295862 59.6338706939 -1.43665159322 2.83991043315 -2.69746199272 0
189 1.41866588593 117.34247 57.653648 -1.4539696 62.0848390684 107.882222499 -1.71021429291 74.67473115 -14.6817394263 0
192 1.43907904625 117.36058 57.739095 -1.5147103 63.0190232842 106.709299856 -1.39239329124 73.1511158488 7.0082483645 0
195 1.43362998962 117.34118 57.80351 -1.5718326 69.746746973 100.929519187 2.99734185205 64.2268068921 -98.2055880385 0
198 1.42137002945 117.32521 57.826191 -1.6475747 65.6528301995 106.022665484 -2.51372000527 70.6607032723 -49.6264704372 0
201 1.43977999687 117.28663 57.948056 -1.7072698 60.8371151569 109.650877115 -1.77612664153 76.5488696017 -3.94520641046 0
204 1.44160580635 117.37131 58.006137 -1.7818651 74.4089227798 132.195007362 1.1036624757 85.7307132905 165.328551756 0
207 1.44128990173 117.40314 57.989067 -1.8555926 78.7993550278 129.049350364 1.78847462939 80.8691293755 -151.210327494 0
210 1.42020583153 117.02719 57.008887 -1.8977403 65.0364193678 107.776877905 -2.6110163032 72.6665613023 -40.8677046114 0
213 1.41139507294 116.38504 55.250118 -1.9095407 59.6899326613 108.861734785 -2.75792250232 78.0291013046 -48.6086966888 0
216 1.42983794212 115.67443 53.450651 -1.9075572 59.4327962907 106.200307188 -2.88376871879 77.1080254596 -55.9327999387 0
219 1.42452502251 115.02136 51.574537 -1.9165104 54.2244756146 104.733361514 -3.03828902068 80.7596543745 -64.2731805131 0
222 1.4279460907 114.35753 49.684701 -1.9233127 115.396911689 49.6177027678 -1.82161944949 1.04153879328 5.82659405912 0
225 1.4402718544 113.59486 47.870819 -1.9110101 77.7913174523 140.387972275 1.98741641608 99.2034137978 -136.636613887 0
228 1.43031001091 112.87829 45.986656 -1.9118326 62.5910611101 98.5532002112 -0.732340080062 72.7464566816 67.5799433597 0
231 1.42605686188 112.17059 44.128463 -1.9122248 113.529097903 70.9789320508 2.00098947362 26.8848141517 -135.789337791 0
234 1.42959594727 111.43202 42.277019 -1.9027456 26.3543665636 32.1412043416 2.18411637472 85.6792965251 -125.840057396 0
237 1.44425487518 110.82393 40.37458 -1.9174412 34.0262265171 77.624899057 -1.15607490948 85.3549853851 43.6230751102 0
240 1.43120288849 110.14399 38.567468 -1.912432 48.6217254484 120.513111148 2.52808733028 102.469885657 -105.576983529 0
243 1.42658495903 109.42625 36.696167 -1.9074722 113.632609086 31.747557438 -1.66725293257 6.49478200975 13.7635501812 0
246 1.46073698997 108.96452 35.308972 -1.917648 80.7628992072 34.0929567231 -2.55387003253 28.2278250755 -36.4528372972 0
249 1.44672989845 108.91335 35.330429 -1.9171391 36.7129793452 103.535024745 0.0390227138238 99.3215002072 112.079815977 0
252 1.44637084007 108.9585 35.348205 -1.9450374 73.1323446875 46.7029935392 1.03999840444 37.5825042705 171.02995329 0
255 1.43549799919 108.97674 35.368834 -2.0165302 107.926994364 37.2506490632 -2.01132701497 2.15480714526 0.298120542303 0
258 1.43224906921 108.99865 35.397074 -2.0803106 81.3648630049 74.4231911452 1.94284066533 47.8190757242 -129.490412154 0
261 1.4334859848 109.05048 35.474836 -2.159245 105.142568538 37.992248888 -1.70991853015 4.64856318046 25.7445103461 0
264 1.42863917351 109.09365 35.518169 -2.2238592 63.3662527479 109.581238518 -1.07797021468 87.0421341992 65.6546026493 0
267 1.42391681671 109.14301 35.568827 -2.2920109 36.230517964 85.2144822231 -1.85083915799 88.2095379051 25.2772788579 0
270 1.56500887871 109.24021 35.586114 -2.3597618 82.1184904177 32.9774250608 -3.08358199543 27.246888466 -41.4718423244 0
273 1.43135905266 109.32691 35.57971 -2.4292889 62.0943697514 111.56781354 -2.4561256405 89.4712509023 -1.53763196641 0
276 1.44633316994 109.34422 35.612178 -2.4970016 111.051458611 37.6634498491 -2.41844830805 2.66877872337 4.50077209546 0
279 1.45604515076 109.45255 35.562283 -2.5751384 84.8828797094 76.552132479 1.54707171699 47.7895015511 -123.814758031 0
282 1.44129991531 109.51035 35.610832 -2.6455993 85.3948573327 75.1504756275 1.71419025133 46.3135013228 -110.202459143 0
285 1.43303990364 109.52669 35.619453 -2.7060079 81.9435320579 74.7711846854 1.47569261987 47.8924701391 -120.406209024 0
288 1.44123291969 109.56751 35.667144 -2.7779359 56.9054178196 105.397580723 -0.0382851591827 87.3820906047 156.970424789 0
291 1.43111300468 109.58407 35.725569 -2.8421247 84.9058735922 77.393193834 1.57028896877 48.4273098288 -107.187319314 0
294 1.43642497063 109.62066 35.728072 -2.9074408 64.1291634539 113.396494377 -1.62502258006 90.0103332545 73.4771515731 0
297 1.43043684959 108.40689 35.538158 -2.9474042 53.778284874 101.721097112 -0.361956638646 85.8164665293 148.135233418 0
300 1.43441295624 106.63579 35.154474 -2.9731605 38.7094985 102.195793514 -2.28659093969 95.4385645276 39.3375381478 0
303 1.44867014885 104.74277 34.838538 -2.9724974 68.3709427269 104.309753978 -2.76282102854 78.4165777671 12.0135711485 0
306 1.43088889122 102.71686 34.507066 -2.970186 64.9003847966 101.910589243 1.83649814572 77.2872611912 -84.5972849976 0
309 1.44215703011 100.87602 34.149296 -2.9774562 63.2624737997 105.798035287 -2.87396669652 80.9216948611 5.92951177351 0
312 1.44183492661 98.917573 33.856952 -2.9648121 60.5774408357 106.026939676 -2.31686026071 81.7219239591 37.124905719 0
315 1.4343328476 96.872255 33.519705 -2.9713846 79.8343329059 132.978836374 0.930736416759 100.907926364 -136.42493459 0
318 1.44855690002 94.700759 33.157106 -2.9752463 62.3026671146 102.614553529 -2.68247406074 76.6418513286 16.7746136682 0
321 1.44014883041 92.656194 32.878926 -2.9695623 55.7369390161 103.285324196 -2.4184476782 79.4990081417 31.5765418572 0
324 1.43387293816 90.628889 32.525228 -2.9736018 70.6340933322 113.991636288 1.67104748116 83.884250805 -93.8811988711 0
327 1.4419438839 88.510396 32.191288 -2.9695852 62.056878865 136.987008148 2.83795959954 108.082984462 -27.2521936531 0
330 1.45553183556 87.334812 32.006658 -2.9896435 88.3433458695 56.5259247934 3.08553013993 24.5399996873 -11.918190623 0
333 1.44801020622 87.328365 31.983283 -3.0015998 46.2288402517 91.4558632211 0.362599690455 72.2921761513 -167.245567757 0
336 1.43937587738 87.328448 32.00285 -3.0442403 24.6039427979 78.5968842199 -2.17184288198 78.1368515986 49.9846901106 0
339 1.42669510841 87.480424 31.977098 -3.121648 97.8761088396 42.8207154056 -1.72725713547 15.0217942245 79.8927115291 0
342 1.43046402931 87.509332 32.088761 3.0972389 90.3056030906 105.637066687 -1.10684838456 73.60144293 119.12354189 0
345 1.44306492805 87.537767 32.004513 3.0032565 47.0321426237 95.0107255031 0.369124522292 74.9031936575 -150.924645003 0
348 1.43746805191 87.588829 31.971963 2.902116 29.6126540893 75.0661141993 -2.15279688416 72.2380974615 70.3748259316 0
351 1.44870901108 87.696053 31.883789 2.7788249 46.8935982622 71.3734908869 -1.36689540649 56.7827162766 122.467723396 0
354 1.4438328743 87.777704 31.698119 2.6376296 46.1065906804 95.8979352138 -0.367403694557 76.5382132479 -172.175725074 0
357 1.44460892677 87.896098 31.65995 2.4917922 58.2668872286 95.8294918771 -2.14910510004 70.679701723 94.0961715539 0
360 1.43975496292 87.958395 31.594625 2.366513 46.7934260538 87.1124723785 -0.120888900051 69.1142969717 -142.517630826 0
363 1.43950009346 87.964094 31.460561 2.2184109 49.2507156085 95.6485304545 -0.434812256739 74.9587959427 -152.018488987 0
366 1.44901299477 87.708527 31.831987 2.1125682 101.50306065 42.4642314549 2.07742525528 17.4164801485 -2.01354241213 0
369 1.44359493256 86.721318 33.612273 2.0920166 39.8698981506 69.5053561706 -2.19570562406 59.0200725296 114.331612837 0
372 1.45307803154 85.724716 35.405361 2.0873093 47.8903749285 37.5383261789 1.59171608709 37.8944178577 -28.3953994551 0
375 1.43933296204 84.755772 37.248267 2.0862059 97.6395939713 86.5494795766 0.40092430369 50.9568683311 -96.5595227596 0
378 1.42396903038 83.690185 39.149374 2.0868314 45.9374905914 84.2790938956 -1.11616943719 58.8384020259 176.481570252 0
381 1.4334089756 82.666747 40.97523 2.090975 115.387826548 139.065339258 1.223424914 103.40376483 -49.7069584442 0
384 1.43690490723 81.635815 42.877142 2.0910396 86.5757707356 108.587180045 2.64358781037 65.8954646581 31.6586804317 0
387 1.42594194412 80.624097 44.699122 2.0805048 107.924763644 27.1953329544 -0.704709584416 32.430063678 -159.581029266 0
390 1.43157291412 79.602515 46.546403 2.0762437 35.5867516033 81.9696677581 1.25651551953 56.4995142768 -46.9669650891 0
393 1.43557715416 78.599692 48.40129 2.0808805 80.7518766022 75.8494329869 1.69200254757 27.5323891443 -22.2810654198 0
396 1.4448890686 77.532669 50.298142 2.0919608 39.8285357328 98.7597198732 0.566323328782 61.4013533678 -87.4125881678 0
399 1.44048094749 76.53881 52.074716 2.0854653 44.8657504224 86.4076010087 -0.00672253618971 46.7111303227 -119.873532962 0
402 1.44395017624 75.533974 53.92833 2.0838411 47.1261196761 73.1606975047 -1.64640646849 34.3058325526 146.272557787 0
405 1.42898106575 74.451304 55.860797 2.0823704 110.029296907 132.029849874 2.06245205572 84.0685327278 -1.14123706193 0
408 1.45081496239 73.464188 57.689364 2.0801622 105.687064464 37.3142822905 2.02627894551 38.1242406124 -3.08728306853 0
411 1.42964696884 72.461178 59.521835 2.0808323 54.520124699 97.3510357973 -2.02695135359 41.868004807 124.641333496 0
414 1.43799901009 71.469371 61.42577 2.0898858 56.1726275976 94.4674370828 -2.60754726105 36.4107418536 90.8569110568 0
417 1.44138097763 70.386885 63.322712 2.0827703 95.2265498038 89.654389462 -1.16501176574 36.1989804487 173.915794855 0
420 1.43830418587 69.38246 65.186025 2.0922796 55.367405776 97.9061663223 0.221724694523 35.5953563411 -107.174901431 0
423 1.44352602959 68.400253 67.014087 2.0893798 57.8112070773 101.273644227 0.323355434746 35.858683118 -101.185742646 0
426 1.43657398224 67.30799 68.901204 2.089526 43.9097630138 52.1849399523 0.989360851631 28.7560517076 -63.0348197689 0
429 1.44016504288 66.315197 70.741557 2.0869248 94.7652418093 108.10106088 1.46055619146 46.9588924467 -35.8882776889 0
432 1.44327712059 65.281228 72.464006 2.0745737 23.9529873047 58.0470023219 -1.86595024773 43.7706919527 134.224608725 0
435 1.43781805038 64.283593 74.421326 2.0918621 103.637882407 59.4928360122 0.623465306274 42.090615439 -84.132938931 0
438 1.44056200981 63.28447 76.191493 2.091939 80.5054150251 50.6023651664 2.76588749085 30.8441957399 38.6144041352 0
441 1.44434809685 62.204887 78.125252 2.0893553 24.2897084581 31.540509277 -2.89094160443 60.0641242209 74.650006654 0
444 1.43398308754 61.273659 79.948227 2.0960183 105.930497204 107.188093667 2.4558071538 52.3091152135 20.6143828386 0
447 1.44833517075 60.19879 81.787566 2.089809 75.5362837513 56.0567722214 2.42447714038 29.9551742283 19.1750719811 0
450 1.44217991829 59.161438 83.629466 2.0974137 110.805467086 79.566036014 1.38789529526 51.8036408319 -40.6524100786 0
453 1.43811297417 58.11891 85.485673 2.0964985 55.8404518178 86.8144170687 2.04596709291 2.63759975889 -2.89523635887 0
456 1.4457359314 57.036783 87.336936 2.0992423 56.5386149876 89.2364665142 2.53955568473 1.96376870911 25.228098608 0
459 1.43947601318 56.357629 88.602308 2.124456 56.3308616867 90.6685799463 2.05177084815 2.06644531626 -4.16455243428 0
462 1.4367120266 56.200217 88.720884 2.2094598 53.774905822 92.3016717863 -1.99665385337 4.32483242222 119.007439509 0
465 1.43485498428 56.199637 89.07416 2.3631742 53.5490469289 90.7232577857 2.97498144238 3.12172247838 35.0539728638 0
468 1.44644904137 56.109511 89.161307 2.4869631 96.0534186764 92.6350401586 -2.27825337242 40.0946702508 86.9732076642 0
471 1.4326338768 56.023191 89.233423 2.608836 97.4187076786 40.6809560859 0.425697040048 63.803846628 -125.084648496 0
474 1.43396186829 54.873312 89.789936 2.6823278 53.1544100071 89.2761008996 2.82865200985 1.79405980159 8.38375966512 0
477 1.44346785545 52.997249 90.667048 2.6986067 48.1860001871 92.2586957164 2.79154451483 5.06768759821 5.32494454721 0
480 1.44222307205 51.122563 91.609157 2.7018871 46.5950788646 73.0726661849 1.25661530005 19.0813941926 -82.8079743863 0
483 1.4400639534 49.137432 92.566213 2.7007601 102.13327181 32.4369807535 -2.19206678954 80.1503812073 79.6616693411 0
486 1.44150710106 47.308569 93.452781 2.7003868 60.3202783594 120.597192924 2.2682561547 30.1018882985 -24.759262174 0
489 1.43211293221 45.360782 94.336008 2.7008969 50.0791372674 76.4573262564 1.50268740813 18.4908122406 -68.6523468568 0
492 1.43299388885 43.468079 95.251019 2.7064338 38.7001144825 93.9935405682 2.64365532188 4.93099763201 -3.59694184065 0
495 1.4383559227 41.590918 96.131677 2.7064065 54.3810193671 74.18838132 2.86154966421 25.3987188315 8.88904852959 0
498 1.4597890377 39.606214 97.06058 2.704478 36.0934181808 94.5546067996 2.73688594606 4.31504764151 1.85683853164 0
501 1.44736003876 37.718719 97.944153 2.696243 34.2172472521 95.8917425203 3.13204644782 4.0586565731 24.9696982573 0
504 1.44796013832 35.769603 98.891663 2.7044976 33.6449948454 97.6795264291 -3.08333086878 2.44606518246 28.3818561933 0
507 1.43387007713 33.862509 99.822852 2.7013631 77.880607683 134.154402076 2.13870420255 55.82336735 -32.2379801296 0
510 1.43285489082 31.979521 100.73965 2.7066945 28.9114335311 99.8199357883 2.69893916272 3.20297282973 -0.44434809475 0
513 1.44086313248 30.015598 101.64307 2.7044148 26.0767607898 95.1213190133 2.90155266505 7.61890244731 11.2951676495 0
516 1.44288301468 28.083667 102.5122 2.7038251 25.7601550214 103.196185136 2.67856297423 2.42209487442 -1.4474131879 0
519 1.58436989784 26.231599 103.44351 2.6987262 23.3032291798 104.332628696 2.57226330628 3.06037283005 -7.24579007541 0
522 1.45401310921 24.326425 104.3449 2.7056645 20.8625463394 104.225715465 2.51801827724 3.46592849444 -10.7513366058 0
525 1.4430809021 23.072168 104.95788 2.6888385 18.6123196847 106.049783125 2.79880145357 4.59156829748 6.30041314262 0
528 1.51040315628 23.059574 104.94595 2.6093304 17.3986845212 104.912050383 2.65318650479 5.66099098001 2.51276971018 0
531 1.43621492386 23.148655 105.02795 2.4881616 17.9382603727 102.446191229 2.45474298774 5.81495404289 -1.9147454399 0
534 1.43416213989 23.15609 104.97342 2.3614352 17.7251287617 102.362296189 2.43734377032 6.0260523999 4.34924070842 0
537 1.42644286156 23.189116 104.80794 2.2179164 18.7495407122 104.32203279 2.18101808144 4.4660871636 -2.11411792486 0
540 1.44311499596 23.170444 104.45908 2.0515088 17.7660415041 106.879634839 2.02798555134 5.9217102315 -1.34778286879 0
543 1.43028712273 23.203193 104.36781 1.9241471 19.7798464339 101.944665513 2.24830229138 4.19415437421 18.5727243733 0
546 1.44648694992 23.268475 104.40083 1.8086424 19.6519545782 102.119710554 1.77880382992 4.2758304325 -1.70962413248 0
549 1.44430398941 23.269141 104.3114 1.6661585 18.0985154693 104.089783185 1.71204303752 5.17537268146 2.62899034495 0
552 1.46851301193 23.273746 104.22596 1.531085 18.4176460641 104.690027157 1.47188187422 4.87822354071 -3.39208924138 0
555 1.45647788048 23.201513 103.9692 1.3630267 20.0875505238 104.947987129 1.49856721945 3.26416705261 7.76589971732 0
558 1.44531202316 23.573375 105.47089 1.3112874 20.8865820195 105.359447052 1.4894115979 2.68910320571 10.2057647686 0
561 1.44146108627 24.091257 107.45193 1.3021436 19.4828363807 107.370170771 1.20545223227 4.60914581849 -5.54000728642 0
564 1.42527794838 24.69734 109.54228 1.2971878 19.9891311046 110.745162209 1.04197672701 4.8594399482 -14.6225173676 0
567 1.45265889168 25.24514 111.62222 1.291934 22.967591837 112.833670413 1.20434679998 2.57969721841 -5.01837690058 0
570 1.54760599136 25.838263 113.71051 1.2925571 23.1992682662 114.936053744 1.31001716486 2.90968222893 1.00038802677 0
573 1.45819211006 26.485855 115.66064 1.2984976 21.7232037984 115.291486311 1.3823882293 4.77693635235 4.80657899946 0
576 1.44587111473 26.666562 116.70228 1.2516028 22.037084773 117.565409456 1.35379798149 4.70925172968 5.85535258567 0
579 1.44759583473 26.671044 116.66524 1.1445574 23.5498384888 116.565457952 1.22792386394 3.12280007371 4.77654653663 0
582 1.46570801735 26.68282 116.71548 1.0360889 21.4396261508 114.467717839 0.927965048966 5.70469249585 -6.19504032896 0
585 1.5902929306 26.598988 116.54426 0.86252405 21.1763870172 115.537919522 0.901229537215 5.51519016681 2.2176610614 0
588 1.44366908073 26.490987 116.49462 0.72378221 21.0717122532 116.851966891 0.88773694877 5.43104369177 9.39391456269 0
591 1.43546819687 26.414554 116.44154 0.58967497 19.7611587693 118.663423615 0.328599716083 7.01458729338 -14.9585101847 0
594 1.45311999321 26.30131 116.37003 0.43724496 22.1600175001 116.039436886 0.513921528955 4.15446691851 4.39324378867 0
597 1.44564700127 26.176025 116.35464 0.31453037 21.0635314074 116.545711001 0.294974914206 5.11606282816 -1.12044508345 0
600 1.45090413094 26.088883 116.46581 0.14702743 20.3951919677 116.350914926 0.161211476531 5.69485016916 0.812686002624 0
603 1.44035196304 25.977812 116.45377 0.019989929 18.6531498333 118.702151991 -0.250455129291 7.66197738406 -15.4953604302 0
606 1.4548330307 25.890585 116.45549 -0.11586106 26.1771383227 117.95466298 0.28594454945 1.52631334611 23.0217656062 0
609 1.45073509216 27.617035 116.21759 -0.13548047 20.309349691 115.94418882 -0.258004043705 7.3127978764 -7.02008366416 0
612 1.43989896774 29.732468 115.90829 -0.14344069 17.6624885541 33.3207866635 1.17657918739 83.4648435642 75.6315678479 0
615 1.45958185196 31.744289 115.6014 -0.14068963 26.9120278806 114.841955394 -0.230080840836 4.89157476022 -5.12173910648 0
618 1.42933106422 33.87565 115.27561 -0.13567301 30.9157487634 115.461981641 -0.0459235218322 2.96576292357 5.14226688547 0
621 1.42500400543 35.936054 114.9269 -0.14240112 32.1493369452 115.746847845 -0.144970966023 3.87447293458 -0.147241331097 0
624 1.43682098389 38.113735 114.67885 -0.14674677 36.5722734679 115.973829242 -0.276867013142 2.01322499808 -7.45534076126 0
627 1.43583798409 40.163768 114.30534 -0.14012204 37.0904918967 113.728035532 -0.0741917767021 3.12702837461 3.77752582916 0
630 1.45181012154 42.346763 113.98058 -0.16006212 39.1979343199 113.745739047 -0.116391978785 3.15757380436 2.50211478235 0
633 2.54532194138 44.341947 113.67079 -0.15507802 41.6871941243 114.734024327 -0.0135461890316 2.85975174888 8.10917658125 0
636 2.80796313286 46.544067 113.30502 -0.15009707 42.5267663929 113.827288752 0.0284276804542 4.05110711009 10.2287147397 0
639 2.81993794441 48.557097 112.97025 -0.14631805 45.9621610669 115.439527646 -0.149582673335 3.5820419579 -0.187049138775 0
642 2.81159615517 50.586062 112.64729 -0.14866611 47.9581664533 114.140832152 -0.152397010686 3.02266491106 -0.213764863113 0
645 2.81911802292 52.747394 112.3225 -0.14488479 52.1991620918 113.553987427 0.0112244612023 1.34800575208 8.94440123684 0
648 2.83376812935 54.919709 111.95097 -0.14565598 50.5304220989 114.502932634 -0.0320502734347 5.07723869697 6.50912751479 0
651 2.81107902527 56.9199 111.70562 -0.14317608 53.0817767843 113.117207268 -0.13928963504 4.0894704343 0.222676893501 0
654 2.81688809395 58.963864 111.32719 -0.14485493 54.943370403 114.957719474 -0.216881915201 5.41711297879 -4.12684226309 0
657 2.83957600594 61.070196 111.0267 -0.15209978 58.3701504902 112.89363822 -0.146425984891 3.28263675626 0.325084513576 0
660 2.83089804649 63.25691 110.67843 -0.1447313 60.3381682837 111.387095355 -0.0533038801068 3.00354120863 5.23840529165 0
663 2.83501505852 65.338645 110.4192 -0.14848438 62.9324060527 111.109435707 -0.129323653717 2.50328008866 1.09782874843 0
666 2.83236289024 67.412523 110.08404 -0.1445869 63.5619713088 113.074331415 -0.13243328724 4.87530420342 0.696350716959 0
669 2.82976007462 69.507235 109.73429 -0.15139682 66.3816104298 110.922291529 -0.0517282358904 3.34378177904 5.71058921953 0
672 2.83386993408 71.647859 109.39116 -0.14906575 67.8894571264 110.34927018 -0.144042989367 3.87860281044 0.287782985768 0
675 2.82839608192 73.702975 109.06139 -0.1559357 68.3163965029 112.039978833 -0.115230879293 6.15525948615 2.33221443235 0
678 2.84405112267 75.754203 108.72815 -0.15045699 73.3490525781 109.582855995 -0.103096604959 2.55250286776 2.71355017894 0
681 2.83308410645 77.860742 108.43703 -0.15243836 73.7203023116 110.216157577 -0.196858628778 4.50649927862 -2.54509392579 0
684 2.81614589691 79.97813 108.08555 -0.15170568 76.3768190665 108.879026699 -0.210882725282 3.68768839676 -3.39059493874 0
687 2.81851196289 82.120618 107.73965 -0.14888428 78.2518668022 109.440841478 -0.202080397738 4.2262617377 -3.04791303288 0
690 2.81230306625 84.192494 107.42985 -0.14593359 80.6747310285 108.348230547 -0.12758687795 3.63566763502 1.0511891684 0
693 2.81840515137 86.28045 107.15458 -0.15823172 83.3363498907 108.215068412 -0.12953969778 3.12927485604 1.64393177891 0
696 2.82837295532 88.385341 106.75858 -0.15035877 84.5382173792 109.358280634 -0.138783463884 4.64314586656 0.663216187039 0
699 2.83281302452 90.512184 106.42958 -0.15443508 87.0040074399 108.237644526 -0.0684965489252 3.94669483308 4.92391512814 0
702 2.82551193237 92.541412 106.11165 -0.15857271 89.4392801727 107.373623506 -0.075838402398 3.34899970188 4.74032664653 0
705 2.84550309181 94.624435 105.7799 -0.14991569 91.5196672739 109.172372759 -0.0803789708717 4.5987448342 3.98416052724 0
708 2.82740402222 96.812614 105.41142 -0.16008539 93.8893016189 107.112121818 -0.149586621534 3.382032222 0.601535123169 0
711 2.83106613159 98.833392 105.05687 -0.15857643 94.8682958525 106.351965778 -0.127561253979 4.1712420853 1.77703868684 0
714 2.82467293739 100.9283 104.72764 -0.15390186 95.28402932 107.241088874 -0.151002189431 6.17860961296 0.166138885561 0
717 2.84700798988 103.02648 104.38009 -0.15580909 97.5841387055 104.668978931 -0.170989788216 5.45000326429 -0.869789937851 0
720 2.83520197868 103.56436 104.3046 -0.21764658 98.8916810782 105.393101207 -0.274064516321 4.79778732172 -3.23250964001 0
723 2.84957098961 103.46604 104.39779 -0.32798619 98.5749620643 105.054359 -0.359393996156 4.93494946522 -1.79953473653 0
726 2.86551523209 103.43166 104.43448 -0.46455789 99.5248742479 108.323547122 -0.44299111425 5.51251467032 1.2356852282 0
729 2.84362483025 103.35806 104.51276 -0.60050128 100.292140288 106.928726373 -0.590485466076 3.90342890208 0.573863866207 0
732 2.84156107903 103.30537 104.5712 -0.75278089 99.4671475067 106.226010374 -0.728702151127 4.17975469163 1.37961011341 0
735 2.85608482361 103.24477 104.73622 -0.88717849 100.189718925 107.488840248 -0.785117784407 4.11220808146 5.84764768459 0
738 2.82257890701 103.11543 104.83266 -1.0218313 98.7713932531 109.240513508 -1.02810931905 6.18868546686 -0.359703995239 0
741 2.83947205544 103.3336 104.43355 -1.1359167 100.181951645 105.790729193 -1.17700882498 3.43144615458 -2.35440533247 0
744 2.84027290344 104.18264 102.5184 -1.1499809 102.01301405 104.345522217 -1.03902335972 2.83648591745 6.35739876339 0
747 2.81833195686 105.02068 100.61649 -1.1544373 102.053977852 103.242793476 -0.984470069111 3.9621700596 9.73840498545 0
750 2.8532640934 105.97315 98.645528 -1.1675657 105.614468722 99.0516619922 -0.977040993139 0.541845992137 10.9162615961 0
753 2.83231186867 106.66644 96.709247 -1.154133 105.291353712 97.3536749462 -1.01831863981 1.51860122397 7.78158963592 0
756 2.84106898308 107.65453 94.805864 -1.1707179 106.12586967 96.3926448245 -1.04898129295 2.20333288202 6.97499379648 0
759 2.85082292557 108.36584 92.821603 -1.1639211 106.233923605 95.9896527503 -1.0551525776 3.8185870076 6.23197727729 0
762 2.84802508354 109.18739 90.932737 -1.1605274 107.284094451 94.1923144639 -1.05544543969 3.7745700668 6.02075282877 0
765 2.84344911575 110.00551 88.971931 -1.1631703 108.439503232 91.8886409048 -1.10415292847 3.31052471184 3.3814463066 0
768 2.83070397377 110.83946 87.051439 -1.1600004 108.375646001 90.2164768651 -1.09542141249 4.0109654831 3.70010342974 0
771 2.83341908455 111.68317 85.129972 -1.1502451 111.455340868 86.7423620623 -1.1188313628 1.62840652987 1.79987456003 0
774 2.83891582489 112.49307 83.177328 -1.1488654 111.058988024 87.7272141102 -1.10435930782 4.77054029762 2.5500112446 0
777 2.83303499222 113.40329 81.226755 -1.149046 112.863899499 83.5749696522 -1.16314294736 2.40936800131 -0.807695587528 0
780 2.85063886642 114.20236 79.347389 -1.1522317 111.107562714 80.9366105077 -1.15774163089 3.47899342336 -0.315695785182 0
783 2.83662104607 115.10134 77.33273 -1.146946 114.440395505 81.0987239012 -1.17159304582 3.82355301896 -1.41217170278 0
786 2.83218812943 115.87569 75.433999 -1.1405871 118.523647208 77.281710471 -0.942478777547 3.22888758766 11.350770763 0
789 2.81799888611 116.74641 73.521868 -1.1514597 114.719217672 77.0663469149 -1.14177293296 4.08323885103 0.555010868245 0
792 2.82419204712 117.66191 71.592443 -1.1472421 124.538829025 76.2277236931 -0.830930729601 8.29324076501 18.1233065359 0
795 2.81587409973 118.47567 69.543126 -1.1411103 116.516685861 70.7452092527 -1.11631008817 2.29839574581 1.42094746895 0
798 2.42102718353 119.32773 67.660396 -1.1493947 119.569571443 72.6381628445 -1.02115634285 4.98363823339 7.34751663652 0
801 1.41662096977 120.23613 65.736718 -1.1477983 118.904410226 66.5774236665 -1.12211026913 1.57488525746 1.47181575257 0
804 1.40857791901 121.05504 63.851108 -1.1435448 120.215594904 65.8419261678 -1.10005638434 2.16056128036 2.49170267509 0
807 1.41314411163 121.9387 61.889647 -1.1416966 121.373341725 64.0399001592 -1.21497197532 2.22333502366 -4.19836974828 0
810 1.4155330658 122.75206 59.947854 -1.134592 122.950921789 64.3043868646 -1.11786057877 4.36106920508 0.958639821982 0
813 1.4036090374 123.61313 58.017737 -1.1345099 120.962240395 61.6348110306 -1.06849849448 4.48446655055 3.78217493612 0
816 1.41019916534 124.50226 56.14403 -1.1250591 124.030549313 58.9427450787 -1.17476388598 2.83818904658 -2.84787445799 0
819 1.37520909309 125.37031 54.195354 -1.1346431 122.459968417 57.163663507 -1.11835594964 4.15703613858 0.933184976201 0
822 1.39526510239 126.19009 52.293812 -1.120627 124.958774423 56.0352894971 -1.08867969452 3.93888206364 1.83044577073 0
825 1.37967205048 127.09539 50.434417 -1.1252352 127.37789393 54.3597196566 -1.17800130253 3.93545542682 -3.02327497627 0
828 1.46358704567 127.94916 48.435924 -1.125081 126.391436293 51.8367960965 -1.04835299403 3.74064622274 4.39619091228 0
831 1.50432395935 128.83417 46.49897 -1.1135569 127.620348593 51.1632255737 -1.12997747431 4.81961019854 -0.9408296052 0
834 1.50780701637 129.69028 44.561049 -1.1141866 127.707635019 46.7465568247 -1.15254648082 2.95081778059 -2.19785927363 0
837 1.500467062 130.6504 42.689185 -1.1179531 128.717495171 45.7755223301 -1.17009780937 3.64164786807 -2.98767177095 0
840 1.51060605049 131.56218 40.752166 -1.1133477 128.748589524 42.9969716899 -1.00117251145 3.59936716022 6.42716487022 0
843 1.49994301796 131.80181 39.159633 -1.0655485 131.392044222 44.2971362825 -1.05685420212 5.15381877553 0.498146574247 0
846 1.52087187767 89.526265 39.287264 -0.26055386 132.915389651 40.2065452043 -1.05699153446 43.3988619197 -45.6325173916 0
849 1.52037191391 49.129117 22.860079 0.57174269 134.138052204 40.2376580116 -0.990120150665 86.7669252467 -89.4881489484 0
852 1.51053094864 45.693587 19.436118 1.0035584 35.3139907504 96.2569868346 -0.221657701276 77.51891322 -70.1997115946 0
855 1.51853919029 46.841947 21.209275 1.0214136 36.2647237164 97.2200424969 0.521376235472 76.7431718647 -28.6500305863 0
858 1.52728509903 48.00008 22.972907 1.0079248 39.4909460791 85.9981355218 -2.91108238628 63.5970501699 135.457428345 0
861 1.53177499771 49.170996 24.731115 1.014741 39.4438899183 85.4871038776 -1.12708472863 61.5297227137 -122.717574703 0
864 1.54713201523 50.349541 26.532036 1.0144485 39.6292140037 102.821851585 -2.54740672729 77.0393495097 155.92072824 0
867 1.5323779583 51.518278 28.351001 1.0069992 42.2151140852 100.245125214 0.761543819972 72.4935442318 -14.0635573344 0
870 1.51892089844 52.642563 30.101924 1.0170679 57.6889381978 105.020324769 -2.93315270363 75.0881660216 133.669031267 0
873 1.49898719788 53.80357 31.912095 1.0183648 45.4528595278 104.867006672 0.643144414056 73.4312842219 -21.4985445019 0
876 1.51360201836 54.946688 33.671099 1.0064723 105.154591262 102.510445551 1.69022913008 85.2038096774 39.176380577 0
879 1.50035381317 56.161659 35.476636 1.0152563 39.6139125475 45.5855841453 -2.34253699484 19.3912027801 167.612615728 0
882 1.50363397598 57.333476 37.252395 1.017552 83.1722598887 130.396390873 2.84140008873 96.661505885 104.498797957 0
885 1.50519704819 58.434052 39.044555 1.0099164 14.2044722128 74.1265382276 -2.67661993582 56.4535320005 148.777026936 0
888 1.50536608696 59.558673 40.733157 1.0155176 127.072969116 14.7144912499 -1.38490226886 72.3543443575 -137.533927545 0
891 1.50220489502 60.829575 42.673596 1.0256616 125.69040919 37.2523111837 -1.02038570815 65.0870043929 -117.229875441 0
894 1.51812791824 61.938983 44.298725 1.0235902 33.9102921106 71.1780295835 0.959197488181 38.8343215193 -3.68943061862 0
897 1.51770496368 63.08776 46.123861 1.0214801 130.415439825 41.5917541779 -0.552321480251 67.4800449236 -90.1721883394 0
900 1.51910090446 64.233274 47.872937 1.026201 119.44606234 22.3766447418 1.46460296301 60.8154003131 25.1185822105 0
903 1.51120185852 65.367062 49.701179 1.0288308 83.6920422265 33.0945179044 -1.67569572141 24.7302667403 -154.957955258 0
906 1.50961399078 66.47055 51.411163 1.0247772 32.1079775773 83.150830009 2.4159762202 46.7781235766 79.7098323201 0
909 1.50955510139 67.601685 53.206336 1.0345375 34.2759207073 75.2829288009 -1.74682553421 39.9747734877 -159.360363154 0
912 1.52097296715 68.713633 54.989386 1.0321621 85.4709982779 46.7165916691 0.800675804625 18.6881892408 -13.2631877401 0
915 1.50205302238 69.889939 56.860516 1.0335194 134.346998116 108.767505086 0.87939836652 82.758975259 -8.83048475258 0
918 1.50139498711 70.97178 58.665246 1.0279054 27.9451100108 118.039224856 -1.17059757573 73.3250550328 -125.964941756 0
921 1.51969504356 72.083269 60.388926 1.0348295 130.543007906 56.3081080185 0.883306337814 58.6019978184 -8.68163769173 0
924 1.50559782982 73.21006 62.180545 1.0389104 43.0295275782 126.056449905 -2.50998893464 70.6469798693 156.663046208 0
927 1.51988601685 74.211219 63.966291 1.0279221 53.5900409072 108.825536902 -2.28444709109 49.3719042454 170.215225161 0
930 1.50958395004 75.394113 65.876292 1.0355825 124.157475335 112.089232556 -0.586944395843 67.1825973083 -92.9639432783 0
933 1.52093505859 76.475569 67.55587 1.0353462 54.2771915157 112.489321565 1.90597232098 50.1176918109 49.8832022662 0
936 1.519094944 77.652303 69.425792 1.0395167 72.3483964642 70.8026324583 2.65603347609 5.47970019147 92.6195887823 0
939 1.51735806465 78.72098 71.209083 1.0347632 46.3344768663 94.2794608865 -1.43022315221 39.7633992644 -141.233314539 0
942 1.52019286156 79.923618 73.070281 1.0406815 93.24691005 142.047297585 2.2054190524 70.2519674313 66.734545993 0
945 1.52752184868 80.886825 74.813727 1.0240856 73.6357594115 48.126515259 -2.12344378117 27.6547504541 179.659850565 0
948 1.52095389366 82.003807 76.66259 1.0354781 79.9605405279 79.9571568345 1.35260910762 3.87673941645 18.1702682892 0
951 1.51965594292 83.149971 78.458347 1.0359732 65.8558175975 109.289633753 -1.54019189888 35.3504736144 -147.603387494 0
954 1.53660202026 84.209192 80.07724 1.046865 32.8455244246 93.9649226244 -1.90307330132 53.2080264196 -169.01901449 0
957 1.53260493279 84.421821 80.346791 1.1291589 37.1014693681 94.1397798126 -0.73892421393 49.2895751549 -107.033278208 0
960 1.51901197433 84.549549 80.462185 1.2384433 77.9257522594 83.2353177126 0.872582006224 7.18087378403 -20.9623080206 0
963 1.51954388618 84.477315 80.645515 1.377415 81.741325552 76.8585869142 1.20656396596 4.67187998416 -9.78904317587 0
966 1.51433086395 84.491575 80.745704 1.5042297 63.4470418527 107.220213149 -1.31502373429 33.8196985508 -161.531323163 0
969 1.50761890411 84.58151 81.604236 1.6242617 33.7346711242 96.3631889485 -0.333622022115 52.9455164844 -112.178474055 0
972 1.5056681633 84.52138 83.606555 1.6450761 79.2751766547 83.4898063189 1.43428513584 5.24750224339 -12.0774326056 0
975 1.50569105148 84.450105 85.633891 1.6510189 78.6683010424 87.4945189832 1.44138283083 6.07381210573 -12.0112619973 0
978 1.51661586761 84.288283 87.799076 1.6553182 35.4947721794 84.7409538506 2.00280177475 48.8892504471 19.909342283 0
981 1.51116991043 84.219899 89.940013 1.6574582 79.7213423641 90.3623564304 1.58275213867 4.51833882963 -4.28034201837 0
984 1.5288939476 84.085061 91.960688 1.6559816 69.2535052192 107.115457131 -0.774986610556 21.2047653672 -139.284218595 0
987 1.52159404755 83.972707 94.061302 1.6546883 81.9696394959 91.5918859233 1.45146577105 3.17966903717 -11.643793211 0
990 1.52014899254 83.850194 96.236204 1.650278 35.7995435296 91.913833935 1.67805019307 48.2446669965 1.5912294509 0
993 1.53565096855 83.742141 98.372522 1.653672 38.3131300376 80.0572684284 -1.43179938384 48.9820737659 -176.784488103 0
996 1.5055038929 83.558608 100.37046 1.6603574 74.0945371492 107.289882207 0.129040163828 11.7237809921 -87.7380147283 0
999 1.50662112236 83.448658 102.54165 1.6520527 136.583904331 125.673834134 1.24582213779 57.9521556586 -23.275296724 0
1002 1.50430107117 83.308795 104.69204 1.6576029 79.5639821894 105.048575373 2.02978106758 3.76174699563 21.3242382292 0
1005 1.50673699379 83.194681 106.76107 1.661421 45.5666352935 117.404092117 1.49605429429 39.1042675866 -9.47481430928 0
1008 1.51558899879 83.066158 108.84686 1.6653468 69.3152072008 79.2992593853 -1.32146266028 32.5906328562 -171.131576284 0
1011 1.50570583344 82.920912 111.09751 1.6564676 80.6227663495 113.727431776 1.63826547733 3.49255808562 -1.04290480724 0
1014 1.64817810059 82.798446 113.12029 1.6519674 79.5741671957 114.126716902 1.77102627127 3.37770172128 6.82157083756 0
1017 1.52732896805 82.725101 115.25424 1.6521864 29.7857574694 96.8467882112 -1.96531778565 56.0482682588 152.732277791 0
1020 1.50938296318 82.605874 115.888 1.7134215 79.3472602767 115.072330757 1.83171760849 3.35914865885 6.77786774942 0
1023 1.51007604599 82.650086 115.98425 1.8265292 78.4673532563 116.560718837 1.91553254847 4.22227065992 5.09951623005 0
1026 1.51112699509 82.697137 116.16336 1.9516157 76.8470486288 28.0785019879 2.56558418565 88.2789088343 35.1778029815 0
1029 1.53300380707 82.611261 116.28116 2.0730733 33.9909048787 95.1895653421 -1.94977580343 52.9980602907 129.507724755 0
1032 1.51235723495 82.517518 116.45008 2.1971216 79.3344921692 115.423089164 2.09503801945 3.3446021613 -5.84895832326 0
1035 1.52280306816 82.418538 116.4581 2.3123831 78.013342128 75.024320243 2.21244183229 41.667299596 -5.72621283885 0
1038 1.50869011879 82.414024 116.83182 2.4679277 74.9806844307 114.789559692 2.86224962781 7.70878487946 22.5929822332 0
1041 1.50481104851 82.282962 116.94587 2.5874118 55.8379189873 118.026766566 -2.91638999856 26.4671237072 44.6553856659 0
1044 1.50614213943 82.208722 116.96752 2.707272 75.8904060183 111.24455928 -2.42431359991 8.52486928022 65.981802915 0
1047 1.50239086151 82.043289 117.20312 2.8493508 122.008997384 84.2542138273 2.63422887367 51.7966047596 -12.3255784595 0
1050 1.50849699974 81.832352 117.28824 2.9891727 82.225157597 120.12771117 -2.7057953938 2.86651229967 33.7023637633 0
1053 1.52855682373 81.142386 117.29523 3.0875315 78.7709331705 117.014279961 2.94725947305 2.3880371536 -8.03699512808 0
1056 1.5154042244 79.131234 117.37152 3.1037602 97.3841539321 44.8787980615 -1.97711248064 74.7553598085 68.8874391558 0
1059 1.51358318329 77.094643 117.50841 3.1079346 73.3979645906 114.007046735 -3.04528474877 5.09165748815 7.44650089719 0
1062 1.51374197006 74.899205 117.59033 3.115912 53.5228340626 97.0008069582 1.34365352942 29.6795837832 -101.542930571 0
1065 1.51896905899 72.824078 117.69503 3.116944 67.6179656675 113.777403922 -2.99674723464 6.51547386639 9.71129500886 0
1068 1.51917600632 70.711208 117.83017 3.1174699 58.340189217 98.1890519411 0.810190008993 23.2124023818 -132.19739991 0
1071 1.50753903389 68.550781 117.88294 3.1169773 21.9224731208 79.0840759074 0.624359642452 60.659302259 -142.816471717 0
1074 1.4864051342 66.454241 117.99143 3.11617 61.1142003752 100.603235035 0.855983893126 18.1897047262 -129.499124838 0
1077 1.52218079567 64.352032 118.06903 3.1139299 59.9341625429 103.913104991 0.582713103839 14.8292880271 -145.028039453 0
1080 1.50591778755 62.204954 118.16997 3.1178991 62.5785996141 103.024333991 0.821148817566 15.1502442604 -131.594097779 0
1083 1.50200605392 60.134729 118.2293 3.1166836 56.6437777159 118.335941448 3.10091581531 3.4925797437 -0.903427514846 0
1086 1.51063704491 58.034017 118.36643 3.1239361 55.6718942027 116.765625341 -3.13557896427 2.85345398891 1.35620501902 0
1089 1.51009392738 55.858025 118.47896 3.1251128 54.3798147452 116.222967882 -3.10010632701 2.69714775147 3.32121747806 0
1092 1.61084794998 53.766425 118.55 3.1243401 50.7251098064 116.680014153 3.05459006517 3.5702164045 -3.99638261637 0
1095 1.50911188126 51.628528 118.603 3.1187628 47.2452198145 116.594555814 -3.11336511833 4.82153903821 2.92537289404 0
1098 1.50606203079 49.494235 118.64783 3.1200968 48.2867413774 117.35306516 -3.0944730702 1.77043973059 3.93137494831 0
1101 1.53552103043 47.379245 118.80828 3.1260538 43.2616275623 117.775781889 3.07907901043 4.24509431141 -2.69145718579 0
1104 1.51284098625 45.313934 118.87713 3.1250737 43.9178589412 118.6675926 -3.05404979022 1.41171225534 5.96230292051 0
1107 1.51561307907 43.229975 118.9845 3.131291 44.5050715542 116.7665997 3.10677160858 2.55831056778 -1.40485764484 0
1110 1.52141904831 41.038059 119.03542 3.1300111 39.79671636 116.679381823 -3.09940900114 2.66305227912 3.08051939058 0
1113 1.52263402939 38.877743 119.09254 3.1262084 36.6872615202 119.541733129 3.11235459179 2.23606430593 -0.793764740714 0
1116 1.50408792496 36.866989 119.17866 3.1252668 33.4969271322 118.105315631 3.10543535402 3.53686091445 -1.13625815622 0
1119 1.51824307442 34.67231 119.25843 3.1314701 31.8342048471 118.523033886 3.06029371126 2.93183360779 -4.07810667577 0
1122 1.50940084457 32.567479 119.34722 3.1353596 32.9898297654 120.975744781 3.06594568238 1.68240100178 -3.97712451914 0
1125 1.50849699974 30.502201 119.36971 3.1349527 30.9041944519 118.092943371 3.05042843295 1.33855584924 -4.84288376863 0
1128 1.50935411453 29.15421 119.31018 -3.13185 40.0661888376 138.600847328 2.2657982919 22.1630577341 -50.7375335781 0
1131 1.51414394379 28.938717 119.39146 -3.028318 18.8357571041 79.2987635221 1.9566730617 41.3460289451 -74.3810512543 0
1134 1.5153939724 28.80706 119.32785 -2.9089456 34.0094100152 122.043630844 -2.89427397793 5.868552741 0.840622023379 0
1137 1.51793694496 28.607415 119.34948 -2.7753086 50.0381968571 74.7170443887 -1.46227487184 49.5109353538 75.231290982 0
1140 1.52394294739 28.309413 119.3977 -2.6319404 58.3780445123 93.8193573962 -2.42752592459 39.4762486994 11.7120867126 0
1143 1.52584195137 28.176965 119.31562 -2.5155106 54.2447559584 99.6164359642 2.98265075927 32.6739587 -44.9785590318 0
1146 1.50921797752 28.13257 119.1422 -2.3876282 38.8670490827 137.984739445 2.46542780578 21.6857172796 -81.9403731281 0
1149 1.51008200645 28.071656 119.10664 -2.2643471 43.5594663163 141.420320743 -2.21653338855 27.1619700445 2.73952386876 0
1152 1.51121115685 27.847582 119.05477 -2.1225081 105.157918148 108.894330817 2.68158522739 77.9751409086 -84.7457279535 0
1155 1.50241804123 27.651134 118.95518 -2.0012288 51.1687377088 93.4821297046 1.59407497614 34.6692078876 -154.00426756 0
1158 1.50809788704 27.585975 118.8068 -1.8653126 41.91384844 144.131990082 -1.81520874244 29.0973058887 2.87073957567 0
1161 1.50722312927 27.545652 118.66047 -1.7395281 37.566660355 134.88928298 -3.08545822549 19.0734102664 -77.1161157102 0
1164 1.5182800293 27.426878 118.54472 -1.6078392 55.2012418706 95.7003714268 -0.968163200288 35.9621961252 36.6507350393 0
1167 1.51718997955 27.408113 118.27266 -1.4907581 41.1222509759 141.633912964 -1.84452801313 27.0892177897 -20.2695229412 0
1170 1.50977706909 27.619078 117.43976 -1.368489 49.4094134844 94.6400403124 0.682697649612 31.5380078375 117.524338016 0
1173 1.52494001389 28.00462 115.50954 -1.3464267 35.9430076366 135.726759894 2.37823910508 21.7198982155 -146.592369272 0
1176 1.69110894203 28.352772 113.43776 -1.3439724 55.3905524564 89.2138022349 -1.64909178264 36.3020894965 -17.4820528731 0
1179 1.49939489365 28.777386 111.37552 -1.3470791 53.1514564897 86.7074345353 -1.85541362041 34.6786642293 -29.1254226 0
1182 1.52989888191 29.292879 109.18718 -1.3487141 99.2095866179 101.818755753 -2.19632778727 70.3039094219 -48.5646869381 0
1185 1.51309299469 29.664866 107.14961 -1.3582731 110.471001504 10.7557650962 -1.45353453046 125.783166085 -5.45807791563 0
1188 1.50772190094 30.155372 105.1583 -1.3627181 48.1254674697 79.7317671074 -1.77130376255 31.1357175303 -23.4102340335 0
1191 1.51155900955 30.584999 103.08809 -1.3538609 45.303870428 102.321822575 2.53693890386 14.7388039501 -137.073592308 0
1194 1.68271708488 30.932942 101.04272 -1.3388863 27.5858397355 130.154928626 -2.26015578646 29.3039892276 -52.7848533685 0
1197 1.50705885887 31.46397 98.886394 -1.3633561 28.4670253798 127.834529372 -2.40737909028 29.1028558487 -59.8181110577 0
1200 1.51616191864 31.761459 96.890841 -1.3338862 23.2239740098 126.115546613 -2.25273836147 30.4462159902 -52.6463508484 0
1203 1.50425410271 32.148779 94.808879 -1.340085 21.0096190851 127.465298176 -2.35345437027 34.5039504548 -58.0617880045 0
1206 1.51787996292 32.63242 92.742465 -1.3409888 80.1873982614 40.3790647006 -2.25298532681 70.7347273152 -52.253551917 0
1209 1.50732016563 33.223163 90.635151 -1.3443959 18.0199794952 123.388463917 -2.3848468708 36.1097811646 -59.6134494171 0
1212 1.51103711128 33.480467 88.544154 -1.3400822 62.2420342326 131.458533316 0.42253356366 51.6611236983 100.990444161 0
1215 1.69990897179 33.996344 86.523674 -1.3537744 16.0237018383 117.217273174 -2.53520061427 35.5684255559 -67.690735884 0
1218 1.51927089691 34.391099 84.502242 -1.3500462 14.1794125546 119.262194929 -2.42912292947 40.2090362556 -61.8265423695 0
1221 1.52438092232 34.871654 82.311763 -1.3462417 133.558680568 11.807761028 -0.895852629358 121.284555929 25.8053928866 0
1224 1.51562404633 35.319079 80.358924 -1.358939 32.812426823 78.7831142409 -2.34689532109 2.96082446854 -56.6057275415 0
1227 1.5202729702 35.776446 78.250756 -1.3606991 13.9601843902 72.5069482495 -2.79606556439 22.5597118356 -82.2404404643 0
1230 1.51885509491 36.167733 76.160289 -1.3496683 26.7989187192 88.6455670833 -1.42172912842 15.6095115184 -4.12878133689 0
1233 1.51800489426 36.593873 74.026216 -1.3452321 37.2520012893 74.1478183406 -1.27290755558 0.669268238046 4.1438911504 0
1236 1.51989793777 37.096668 72.068535 -1.358637 34.2734887712 70.926823814 -1.39523133939 3.0452989 -2.09670120087 0
1239 1.50012111664 37.456761 70.030489 -1.3570922 36.872271609 70.3077464376 -0.886827761119 0.646915400072 26.944167603 0
1242 1.506513834 37.942935 67.912468 -1.3598503 35.7631803886 67.9984273386 -1.23201757258 2.1814488703 7.32427576493 0
1245 1.49789595604 38.381728 65.750541 -1.3597279 37.3508713129 68.1824463974 -1.30365186939 2.64136884419 3.21291988594 0
1248 1.50970482826 38.78715 63.709446 -1.3638712 37.9222994516 62.388722376 -1.43489228078 1.57869482863 -4.06920818512 0
1251 1.50324702263 39.284372 61.704874 -1.358189 38.3067471853 62.0432646744 -1.31509714736 1.03453299937 2.46898128791 0
1254 1.51944303513 39.616785 59.610797 -1.3616912 37.6838821809 58.4277002915 -1.31482963579 2.26623721827 2.68496985082 0
1257 1.51007580757 40.0981 57.483375 -1.3627524 37.5827657124 56.4048399155 -1.25374367075 2.73681283736 6.24574011587 0
1260 1.52055001259 40.478176 55.366289 -1.371191 39.9594559227 54.1620859252 -1.22962888939 1.31117335386 8.11091147711 0
1263 1.52399587631 40.927924 53.368372 -1.3697355 38.2528248621 55.8994428927 -0.92745911839 3.68272660694 25.3405700445 0
1266 1.51779818535 41.311773 51.24524 -1.3687118 39.0189704753 50.2995808537 -1.22442272443 2.4801642361 8.26715506 0
1269 1.50678300858 41.752813 49.127024 -1.3690442 41.4957884145 50.9065592409 -1.32117855581 1.79800092075 2.74249939585 0
1272 1.50266194344 42.124468 46.999249 -1.3746445 41.4787718995 48.2016737602 -1.30976086497 1.3648255413 3.71755844672 0
1275 1.5058131218 42.489069 45.000812 -1.3756167 41.5022259426 46.2331025954 -1.41523962225 1.57873345806 -2.27022621704 0
1278 1.5205450058 42.919623 42.847052 -1.3693623 41.6390344501 43.7310936971 -1.42166156996 1.55609664108 -2.99652744009 0
1281 1.50218486786 43.26925 40.76156 -1.3849404 43.4408066204 44.1249223659 -1.38685001196 3.36773485865 -0.109412705895 0
1284 1.50958609581 43.723057 38.666685 -1.382086 44.866949462 40.5324563071 -1.3846480748 2.18851377305 -0.146796073112 0
1287 1.51603078842 44.069109 36.638541 -1.3748634 43.4188453749 37.1968883685 -1.28018782972 0.857084923456 5.42451060017 0
1290 1.51691699028 44.48264 34.512889 -1.372972 43.5824982682 34.8859284882 -1.36709790438 0.97437856968 0.336560887709 0
1293 1.51823306084 44.660959 33.544964 -1.3339999 44.9360859096 33.6888787343 -1.35192338602 0.310493586359 -1.02694010284 0
1296 1.52181696892 44.654294 33.324157 -1.2074321 44.0840723358 33.1006878615 -1.20818192308 0.612446897466 -0.0429616976197 0
1299 1.52428793907 44.699557 33.107025 -1.0711259 44.7082652461 34.4688108726 -1.11585021319 1.3618137157 -2.56251438744 0
1302 1.51316809654 44.829945 32.953901 -0.95914547 43.7885159441 33.3686846453 -0.865622218335 1.12099061138 5.35848760677 0
1305 1.50372004509 44.914184 32.826307 -0.82117543 46.0780294716 34.2513864634 -1.11768908208 1.83994232485 -16.9889808322 0
1308 1.52276396751 44.932468 32.690373 -0.70238554 42.3703213277 33.2955506963 -0.628494117391 2.63264802333 4.2336666577 0
1311 1.51446199417 45.019913 32.619075 -0.56167342 44.1105974702 34.5099777505 -0.646915766308 2.09818205701 -4.88402667924 0
1314 1.51066207886 45.164806 32.47066 -0.44585332 44.3477723286 34.9367441437 -0.804449230962 2.597905892 -20.5460322488 0
1317 1.50593495369 45.307079 32.373178 -0.30795343 45.1626601226 32.6797676556 -0.551452143294 0.338901208371 -13.9514485886 0
1320 1.51774597168 45.468859 32.25314 -0.19105128 43.9610684275 31.9141389598 -0.245732930663 1.54543007466 -3.13302779979 0
1323 1.50330710411 46.833289 32.057508 -0.10389315 43.0603553714 34.5591887288 0.0369688694594 4.52696748771 8.07079920871 0
1326 1.51131296158 48.863767 31.868312 -0.084237935 46.7818066388 29.0500718412 -0.355017513825 3.50386023379 -15.514527045 0
1329 1.54545497894 51.033972 31.691587 -0.08198003 49.8628075044 34.2373158716 -0.0964660477397 2.80220658831 -0.829987678436 0
1332 1.51217794418 53.111195 31.42619 -0.084122232 52.5637281272 34.7156848959 -0.128537754826 3.33474086649 -2.54482200278 0
1335 1.51027917862 55.206155 31.249451 -0.082409142 53.9096077875 33.1546911237 -0.0322392222227 2.30455518555 2.87452466175 0
1338 1.54666805267 57.287235 31.07162 -0.080297126 56.9298906308 33.2799353229 0.128857508999 2.23704080507 11.983677851 0
1341 1.55073690414 59.516372 30.847745 -0.092608556 57.4579030406 33.2034092346 0.00885543557765 3.12832997671 5.81345848995 0
1344 1.51714587212 61.567611 30.670937 -0.091677002 60.0640921181 31.9303864606 -0.0161622676598 1.96132148615 4.32667556875 0
1347 1.52244901657 63.68279 30.502969 -0.089332225 63.1937419041 31.4757226239 -0.104722472414 1.08876887032 -0.881796222491 0
1350 1.5101518631 65.773678 30.270465 -0.081918863 65.2951943097 31.010365556 -0.122953658401 0.881135332768 -2.35112058968 0
1353 1.56037402153 67.870787 30.052005 -0.080757136 67.4538965443 30.8825543142 -0.138087491047 0.929306093472 -3.28478738216 0
1356 1.52282691002 69.978421 29.855203 -0.080851998 68.7831201452 31.1933719554 -0.0959882883579 1.79427987973 -0.867245554993 0
1359 1.51839089394 72.04312 29.748383 -0.089661546 69.1068656902 30.9154037378 -0.0766166857966 3.15967194094 0.74741543399 0
1362 1.49874997139 74.192216 29.503442 -0.097083695 71.4793046394 30.636890325 -0.0320734719066 2.94016889923 3.72481140846 0
1365 1.52071499825 76.337484 29.313327 -0.092202589 75.8312096601 32.2501916404 -0.174232301842 2.98018248152 -4.69995634049 0
1368 1.49937820435 78.469083 29.072242 -0.088851811 78.3157664402 30.222522588 -0.0940653467568 1.16045310057 -0.298713595205 0
1371 1.50027084351 80.508884 28.860474 -0.08148585 78.2929276601 31.7181674528 -0.0825141064206 3.61619611892 -0.0589147531575 0
1374 1.51560997963 82.648681 28.706332 -0.092016755 80.9433965631 30.141731427 -0.0736275234896 2.22898329415 1.05362535403 0
1377 1.50665187836 84.803463 28.469695 -0.089914919 83.7789371269 30.3312010853 -0.0637412748812 2.12481956184 1.49963934249 0
1380 1.51035404205 86.909059 28.274418 -0.095059786 84.5612105756 30.6619513565 -0.0420064970206 3.34853815157 3.03972954781 0
1383 1.51601910591 88.999768 28.069648 -0.093100738 86.7933848691 30.8561094769 -0.0682354769397 3.55422200802 1.42467451525 0
1386 1.500893116 91.148907 27.8824 -0.087682683 89.489123822 30.7665187887 -0.0647878451619 3.32761496946 1.31177758076 0
1389 1.51418209076 93.191686 27.680334 -0.085944106 90.8712627712 30.3544348002 -0.0647110947862 3.54050547953 1.2165619289 0
1392 1.5156121254 94.597595 27.536443 -0.026113958 93.9951892017 30.4527549121 -0.0250148449897 2.9778797683 0.0629745366963 0
1395 1.52295899391 66.734672 23.138609 0.64678418 94.7411382437 32.1447428782 0.0373684483164 29.4189156648 -34.9169493943 0
1398 1.51427602768 41.954155 8.6979942 1.5862633 99.0138760163 32.3790142951 0.00948273145323 61.7786571172 -90.342871796 0
1401 1.51199698448 40.498777 7.6026468 1.6671323 99.9455807932 31.9190167723 0.0275566009249 64.2277847185 -93.9407677492 0
1404 1.50674295425 40.36551 9.5759073 1.6613912 99.6174853783 31.2808427272 0.00683464165299 63.1023043013 -94.799107759 0
1407 1.84061789513 40.15753 11.693798 1.6450717 101.072458035 29.8147766833 0.000245030476577 63.5531142114 -94.2416261943 0
1410 1.4971010685 40.017928 13.779826 1.6578436 102.180204689 30.137333046 0.0125425457955 64.278430907 -94.2688064343 0
1413 1.49320912361 39.937066 15.922073 1.6651068 107.045126678 33.0547589159 0.0708902531939 69.2605279697 -91.3418797619 0
1416 1.49415206909 39.75755 17.953862 1.6630734 105.940229884 30.5059151122 0.0204880289288 67.3624610144 -94.1132092523 0
1419 1.49254202843 39.645384 20.177858 1.663423 109.953617774 30.2750964442 0.132978014294 71.0295851077 -87.6880384579 0
1422 1.75607991219 39.526919 22.292671 1.6684735 110.231865769 33.2541451269 0.132710503904 71.5495870889 -87.9927380087 0
1425 1.50750899315 39.303781 24.413998 1.6572417 112.823648923 31.6352694472 0.20254017156 73.8736606693 -83.3482580308 0
1428 1.50407099724 39.21094 26.55624 1.6661167 116.752407679 34.6234015854 0.0768401751853 77.9599788731 -91.0588373511 0
1431 1.50928211212 39.049874 28.673026 1.6660737 116.623640411 35.6330519253 0.13140503546 77.8853721573 -87.9300374291 0
1434 1.59029698372 38.816051 30.701859 1.6598041 118.432377033 35.6602838429 0.106160327066 79.7705794633 -89.0172310559 0
1437 1.57203602791 38.695572 32.853799 1.6647394 122.572672913 35.6650069614 0.0814659968796 83.9241976297 -90.7148838141 0
1440 1.51258802414 38.58982 35.008607 1.6723781 123.613495739 35.8967325705 0.12493162838 85.0283141265 -88.6621518462 0
1443 1.51193499565 38.393816 37.160762 1.6689022 126.456119238 34.6003823869 0.0945576541802 88.0995164307 -90.2032979749 0
1446 1.92184591293 38.314928 39.264936 1.6781402 130.500703922 36.1144685052 0.255658674645 92.2395941434 -81.5021878382 0
1449 1.67446708679 38.042909 41.445131 1.6601298 129.954634358 38.6229140539 0.257037674602 91.9550442705 -80.3912570534 0
1452 1.50489497185 37.893052 43.482766 1.6655679 136.305533904 26.5984043259 0.0136691798811 99.8503793867 -94.6468248459 0
1455 1.48982000351 37.737395 45.529248 1.6663309 138.208862469 25.73760694 -0.10209253111 102.402269658 -101.323198995 0
1458 1.50213599205 37.667375 47.706088 1.6735516 141.748786844 25.5730579698 -0.129126763212 106.408699408 -103.285862032 0
1461 1.92585206032 37.411337 49.793915 1.6717816 142.962477006 24.2757896 -0.0441299255104 108.591978896 -98.3144884296 0
1464 1.64160895348 37.208006 51.943854 1.66906 137.459266221 36.1829041974 0.297453388451 101.482622723 -78.587269994 0
1467 1.83973097801 37.03196 53.963531 1.6741645 80.2656737941 13.3548136043 -1.92811572643 59.3146013807 153.604546402 0
1470 1.69687986374 36.983983 56.143126 1.6856298 80.5427361645 110.037079687 -1.59650864023 69.295910567 171.947319597 0
1473 1.56954193115 36.720012 58.206076 1.6746777 24.0798190932 63.5305768298 -2.56003453789 13.7158589161 117.368861317 0
1476 1.51333093643 36.536888 60.398002 1.6787317 44.123492051 62.1124443187 0.660881187008 7.77790932647 -58.3185385697 0
1479 1.70418214798 36.401835 62.417273 1.6766351 104.165730111 118.238220786 -3.05064014534 87.7947816916 89.1470798451 0
1482 1.64474010468 36.239068 64.615141 1.6886647 41.1061548015 114.89112929 1.13701333878 50.5110238706 -31.6072947608 0
1485 1.56981301308 35.99676 66.655908 1.678851 62.5280353841 133.289899777 -1.88436002641 71.7216664169 155.843046672 0
1488 1.50006985664 35.830181 68.859683 1.6854848 44.2255367363 83.6234418726 2.83048609078 16.9838327237 65.6037414986 0
1491 1.49187612534 35.575227 70.898859 1.683738 124.498720747 36.4414122501 -2.37988067973 95.3661542515 127.171800101 0
1494 1.50177383423 35.463169 73.006353 1.6935188 84.8959942661 132.986504277 2.54013498395 77.7253032221 48.507534208 0
1497 1.62234401703 35.205801 75.07321 1.6913976 103.315968828 10.6549202537 -1.37338646471 93.7481253965 -175.599192027 0
1500 1.50857686996 34.978045 77.287591 1.6912075 79.5164759644 2.84633658587 2.53435857143 86.7477503542 48.3089978851 0
1503 1.49933695793 34.814043 79.320098 1.7000185 38.6092143556 88.3086519949 0.93269397708 9.7569169586 -43.9644566802 0
1506 1.50749015808 34.580736 81.372215 1.6970036 25.079850752 97.0569930586 -1.94204801924 18.3379138193 151.497700787 0
1509 1.5110309124 34.345965 83.441951 1.6955247 127.942742673 139.712082796 -0.346165175901 109.209360968 -116.980212964 0
1512 1.55991101265 34.142398 85.698773 1.7034669 86.6861674318 79.1963810693 -2.41405078979 52.9445824134 124.083614305 0
1515 1.51158499718 33.910208 87.748137 1.7016389 113.520644204 107.466888839 0.890378088084 82.0161613749 -46.4818206071 0
1518 1.49721097946 33.670818 89.737713 1.6967853 88.349750762 75.2762383656 -1.19216750491 56.5589951872 -165.524802934 0
1521 1.50720691681 33.472926 91.900649 1.7056804 27.8753606302 91.505248111 1.64241082184 5.61151315886 -3.62507980035 0
1524 1.56900286674 33.217902 94.036516 1.7078464 29.4145588752 93.7127074932 1.88285959482 3.81710241859 10.0275174225 0
1527 1.52134203911 33.034075 96.178482 1.7177188 30.0853542939 97.8718263821 1.22163020951 3.40034836436 -28.4237824998 0
1530 1.52054715157 32.713254 98.174723 1.7080491 131.125303886 63.4269593437 -0.954787223499 104.366367389 -152.569282871 0
1533 1.51834583282 32.45653 100.24821 1.7068362 27.0960038856 99.6775465285 1.60170513585 5.39081598842 -6.02356627165 0
1536 1.49561905861 32.217075 102.39435 1.7082962 28.4880020461 103.034757568 1.7519696297 3.78366316533 2.50230319883 0
1539 1.50670099258 31.955228 104.48204 1.7110577 43.3744813555 108.595315883 1.41431915353 12.1374785554 -17.0018663316 0
1542 1.51343107224 31.741377 106.6002 1.7198575 27.5808175844 104.991794334 1.68417417082 4.46063038571 -2.04450416071 0
1545 1.49086594582 31.439656 108.68741 1.7105287 26.8543928575 107.581268318 1.65909298723 4.71679843827 -2.94704925796 0
1548 1.51226902008 31.216018 110.75498 1.7177022 27.3435005065 112.055745819 1.70108118894 4.08514179103 -0.952313784917 0
1551 1.51773691177 30.916985 112.90957 1.719675 28.7034810806 113.528529169 1.63767245407 2.29841468274 -4.69839979133 0
1554 1.5137321949 30.668641 114.94646 1.716506 29.3771459594 113.784172265 1.7467129071 1.73749020698 1.73072828886 0
1557 1.51584196091 30.419865 117.12266 1.716223 27.3622857848 114.854019599 1.71240404075 3.8072982452 -0.218810247164 0
1560 1.51385807991 30.132888 119.21343 1.725557 26.7855569057 116.989402307 1.7599473072 4.01882129908 1.97041945864 0
1563 1.53308701515 29.88258 121.34383 1.72867 27.8617476795 119.223175695 1.62903569287 2.92932380419 -5.70862529309 0
1566 1.50773286819 29.981486 120.5055 1.7055843 95.4249117634 92.4760981561 -0.680152678139 71.1933237275 -136.692659876 0
1569 1.53849101067 30.170653 118.4575 1.6900862 26.9864342757 116.104693819 1.67424947727 3.95915973554 -0.907377373468 0
1572 1.50206780434 30.502618 115.6086 1.6745202 28.0622122251 113.309215494 1.65884937009 3.35302094428 -0.897872415247 0
1575 1.49966406822 30.699806 113.48782 1.6738205 28.2350312852 112.738310235 1.62621165931 2.5762141374 -2.72778563919 0
1578 1.53159403801 30.8492 111.36091 1.6697397 26.6412791518 110.532683134 1.79667182908 4.28865452176 7.272675281 0
1581 1.50947189331 30.973164 109.37107 1.6787837 25.8157544214 108.927169608 1.413268325 5.17647767504 -15.2129103834 0
1584 1.51422214508 31.204408 107.09871 1.665475 25.5200373247 106.78988782 1.49890615657 5.69275338591 -9.54369172708 0
1587 1.51445007324 31.322843 104.96751 1.6587885 26.0572732693 106.709784849 1.56182407867 5.54632727471 -5.55565210527 0
1590 1.50933599472 31.457099 102.91722 1.6541397 25.0044232501 102.136935132 1.54528289351 6.49968220827 -6.23703558307 0
1593 1.50883793831 31.546684 101.34427 1.631357 25.3991852075 101.370880823 1.42396642287 6.14755638763 -11.8826047805 0
1596 1.50121307373 31.536552 101.09899 1.5279681 26.8593679838 104.076565436 1.50683180293 5.54454739341 -1.21102061665 0
1599 1.49517798424 31.522716 100.84711 1.3818466 32.3802233575 100.785002552 1.39191973734 0.859753571231 0.577148255893 0
1602 1.50328588486 31.33472 100.81397 1.2437751 42.2683079901 139.917257407 2.67057678166 40.6030840251 81.749714561 0
1605 1.50740718842 31.335612 100.76499 1.1262837 29.2969423362 100.458100566 1.16613243239 2.06163894096 2.28316418508 0
1608 1.51419401169 30.238332 99.003137 0.9296569 28.7566692362 99.0405137975 0.987217128662 1.48213412709 3.29795817013 0
1611 1.50782108307 28.772289 97.32743 0.78863198 104.168017189 115.632014321 2.63012659331 77.5859113264 105.509869339 0
1614 1.52591395378 27.005154 95.945316 0.6582802 23.4997733337 97.4738133127 0.607841930582 3.82413358169 -2.88989996357 0
1617 1.52484607697 26.209553 95.323497 0.64585939 20.8899980867 96.1684468849 0.552665664238 5.38624217642 -5.33960716326 0
1620 1.51594901085 26.225548 95.299359 0.74214735 24.8295358202 94.5750370036 0.868870205391 1.57273404 7.26068478173 0
1623 1.51106405258 26.287241 95.304851 0.87876564 25.9150676748 95.8557309255 0.837626463222 0.664817024664 -2.35710120204 0
1626 1.52778100967 26.503119 95.525486 1.0159202 22.6149009798 96.8138545219 1.03573633215 4.09611191503 1.13538073826 0
1629 1.52461099625 26.584147 95.637624 1.1414331 22.7077941543 95.2370921709 1.14521081518 3.89699077881 0.216447136016 0
1632 1.51554894447 26.62792 95.717086 1.2595284 23.7000970929 95.8378450587 1.30221979581 2.93031222321 2.44603680124 0
1635 1.52239584923 26.756174 95.797181 1.3910555 23.8422121232 10.058790001 0.530846529735 85.7878946292 -49.2863434955 0
1638 1.51075005531 26.381693 93.77201 1.3952992 21.796863437 95.1721919248 1.13100129365 4.79386811919 -15.143154568 0
1641 1.52193379402 26.011804 91.856332 1.39866 18.2888533447 90.5611893883 1.30800912255 7.83079569452 -5.19391268684 0
1644 1.50724220276 25.609249 89.727224 1.3968171 22.8104362205 90.1021950853 1.3191722576 2.82381945056 -4.44872177038 0
1647 1.49643707275 25.2462 87.568251 1.3940659 23.6840510559 87.8436041314 1.45410031214 1.5862309638 3.43971844121 0
1650 1.49480009079 24.820481 85.505592 1.4017015 21.1515725598 85.1049170956 1.41049647005 3.69072208676 0.503914664995 0
1653 1.50665807724 24.493958 83.448062 1.398475 123.50748472 46.1301907309 1.54312982746 105.812579543 8.2881110999 0
1656 1.49895119667 24.080092 81.345956 1.3962744 151.130244895 98.5744945498 3.02972072004 128.212963039 93.5895801993 0
1659 1.50238704681 23.622432 79.208855 1.3888608 19.3764073966 78.4400727449 1.28069120534 4.31506096002 -6.19766124556 0
1662 1.50994086266 23.236261 77.182266 1.3737053 21.1798770897 78.693740311 1.55333128876 2.55211076946 10.2918110471 0
1665 1.49990320206 22.741503 75.111069 1.3685019 19.6826523677 75.9651419838 1.33926193321 3.17584758016 -1.67532668992 0
1668 1.49823904037 22.23837 73.007777 1.3690406 16.0570000535 71.9980706632 1.31055961667 6.26329316747 -3.35071352643 0
1671 1.50241708755 21.796618 70.8705 1.3677106 17.6996929358 71.6340535442 1.47177211586 4.16747033537 5.96228566827 0
1674 1.50710391998 21.306705 68.900927 1.3588762 18.7886364312 69.1691809049 1.45135944616 2.53231701699 5.29889968041 0
1677 1.50151896477 20.800373 66.796896 1.3509317 18.6144273511 67.739053699 1.34176985605 2.38034020883 -0.524934991094 0
1680 1.49694299698 20.180988 64.758154 1.3339286 20.0753587125 65.5814450432 1.43423652975 0.830039570307 5.74722102654 0
1683 1.5053319931 19.716632 62.635567 1.3210663 20.4311487492 65.1867943938 1.56891751062 2.64939528948 14.2008283156 0
1686 1.50764703751 19.127208 60.642471 1.320188 19.010769192 59.2090742896 1.6006006189 1.43811825844 16.0664595853 0
1689 1.50290203094 18.573484 58.538556 1.3117791 17.9594186525 59.0254487894 1.47053414335 0.783671384839 9.09599396013 0
1692 1.50634717941 18.03732 56.562177 1.3046299 16.0224125198 54.7737119621 1.32775325816 2.69415280666 1.32487083071 0
1695 1.51501083374 17.470308 54.449011 1.30616 15.0616052985 52.9051784774 1.42786108338 2.8609906609 6.97295843974 0
1698 1.52498006821 16.865167 52.414515 1.2995721 18.9684156981 51.3921327089 1.47412670725 2.3385723498 10.0012422902 0
1701 1.53009986877 16.322269 50.452679 1.2871313 59.4931406429 53.5062290227 1.50676724424 43.2787283333 12.5842126344 0
1704 1.52115106583 15.679585 48.421133 1.2791916 13.4468896409 49.4157948051 1.39242214004 2.44423416902 6.48763205645 0
1707 1.49662685394 15.049517 46.343459 1.2810584 13.7021501517 45.0308099332 1.55736559456 1.8810754893 15.8312360977 0
1710 1.50880694389 14.370513 44.264129 1.2685694 13.6951144998 45.0208580762 1.36771942646 1.0142987868 5.68087805493 0
1713 1.50493597984 13.728985 42.398373 1.2622613 11.399072967 41.609935699 1.36576999012 2.45969987177 5.93061108683 0
1716 1.56008601189 13.116178 40.310007 1.2578142 13.6535173389 41.2897556277 1.33092377738 1.11742603273 4.18887022584 0
1719 1.52568912506 12.482531 38.460523 1.239848 13.9658401047 38.8221685963 1.37882134552 1.52675912879 7.96258616301 0
1722 1.50807404518 12.331027 38.238303 1.1567887 14.5149173877 39.1574257554 1.35813870133 2.36942268598 11.536505281 0
1725 1.509567976 12.263795 38.100898 1.043782 12.9925417434 39.1709216553 1.48591001299 1.29461285291 25.332069149 0
1728 1.53433799744 12.231882 38.075858 0.90529637 10.9064538608 38.1355357593 1.01458052642 1.32677096258 6.26152093024 0
1731 1.50949788094 12.170047 37.918491 0.7605547 8.40046287345 37.1658759838 0.803583348322 3.84398151007 2.46535994703 0
1734 1.50166797638 11.9457 37.868652 0.60051086 8.20780367922 33.6964491932 0.734953478179 5.60170912904 7.70299460835 0
1737 1.51060986519 11.861848 37.85602 0.47073445 19.6444304926 37.5498022418 0.881277988462 7.78860446869 23.5224120603 0
1740 1.51283502579 11.68598 37.868337 0.32347919 12.8827032827 38.898106145 0.655901503533 1.57878786017 19.0463955814 0
1743 1.51080799103 11.634663 37.834152 0.18688423 61.40493736 127.981028017 1.83595117821 102.973489139 94.484576267 0
1746 1.56529808044 11.546787 37.799316 0.059161186 16.5121313861 38.4403948889 0.036660233815 5.00655840015 -1.28920959523 0
1749 1.51992607117 11.461332 37.784444 -0.088384018 8.70859268239 33.1257488359 0.197228179821 5.41119343425 16.3643735126 0
1752 1.51601004601 11.353119 37.809133 -0.22428348 11.9582160289 37.1181826475 -0.0375115752701 0.918452396152 10.7012418726 0
1755 1.52095198631 11.259101 37.929753 -0.36642208 13.7947724378 38.8306702561 -0.406678904545 2.69096293965 -2.30654614305 0
1758 1.52676200867 11.22919 38.083377 -0.50941267 12.7901725482 35.3719416053 -0.168443653861 3.12866559663 19.5360855695 0
1761 1.50852012634 11.185129 38.110347 -0.64618684 11.6923755957 35.6504247373 -0.338402632016 2.51167606342 17.6347361183 0
1764 1.5227971077 11.588805 37.741111 -0.76036767 13.9967929203 33.2290520462 -0.311022110244 5.11439945905 25.745604117 0
1767 1.51676011086 13.063467 36.224873 -0.77289998 18.0792048037 33.3537320321 -0.3838202437 5.77936641627 22.2926267841 0
1770 1.5149140358 14.493375 34.807156 -0.77803694 17.9075231537 35.7137862945 -0.503764933262 3.53247591727 15.7146284247 0
1773 1.56747794151 15.892318 33.28564 -0.77023756 22.0327518771 31.292092578 -0.501949674272 6.45593986364 15.3717635467 0
1776 1.50229787827 17.405154 31.857105 -0.77891679 20.5748634919 30.1627988082 -0.546127871526 3.59412461315 13.337822546 0
1779 1.56312799454 19.008966 30.381332 -0.78385491 27.5642580814 26.9573252244 -0.598506583522 9.21503364055 10.619676847 0
1782 1.50370621681 20.517371 28.856906 -0.78454873 21.9358310998 31.2949977166 -0.795114535232 2.8206949983 -0.605376046954 0
1785 1.51177811623 22.037399 27.308602 -0.78653789 21.6329573027 26.977087624 -0.837519915135 0.522948246051 -2.92105487128 0
1788 1.51272678375 23.470866 25.802264 -0.78746834 31.3011725734 23.0863768924 -0.686706068355 8.2879275947 5.77325289941 0
1791 1.49202084541 25.030138 24.239515 -0.79252133 62.429013661 35.2109464621 -0.6901735782 38.9749690062 5.86409422078 0
1794 1.52635097504 26.508975 22.80392 -0.79210599 53.8279205017 33.8254809646 1.99623416392 29.4584383398 159.760122667 0
1797 1.51694202423 27.961008 21.312251 -0.79564812 26.8430410803 23.2897527772 -0.649389972016 2.27164330654 8.37997459889 0
1800 1.51679801941 29.36401 19.750057 -0.78815021 29.7840443929 20.0710144929 -0.818250957922 0.52862330965 -1.72464581611 0
1803 1.49534010887 31.016391 18.179875 -0.79578372 94.0163471396 59.4421551586 -2.06213223294 75.3098282928 -72.5564251841 0
1806 1.62484192848 32.405165 16.663972 -0.79079715 31.2099592334 17.3992007485 -0.840129890925 1.40323844631 -2.82655784683 0
1809 1.5234348774 33.875627 15.226881 -0.79213801 33.764501421 17.3686911549 -0.863229149274 2.14469103462 -4.07322224115 0
1812 1.50174188614 34.400964 14.714584 -0.72873329 32.8260583715 13.1639128027 -0.772272438355 2.21018300163 -2.49460944433 0
1815 1.51906895638 34.541831 14.529671 -0.59347242 32.7365905825 14.2520765937 -0.726405286164 1.82645876476 -7.61649218979 0
1818 1.49866104126 34.648846 14.435796 -0.47955783 33.7207083963 16.465198413 -0.517021340537 2.23157199417 -2.14650103952 0
1821 1.50873184204 34.668797 14.324629 -0.34405458 33.3661591365 14.9715902994 -0.329394048599 1.45444983626 0.839986574679 0
1824 1.5218641758 34.864126 14.20779 -0.22615765 33.7789367238 15.8128313737 -0.478631975045 1.9374709227 -14.4657132605 0
1827 1.52230286598 35.017605 14.088235 -0.094353638 33.4650789096 10.1368380827 -0.384501258282 4.24545343387 -16.6242340779 0
1830 1.50553202629 36.599142 14.0692 -0.022879679 39.767870593 13.4917644796 0.023088983235 3.22091177718 2.63381033593 0
1833 1.50826787949 38.63985 14.009333 -0.014813302 40.1299193588 13.7907453335 0.0482212750018 1.50601701914 3.6116152256 0
1836 1.51911902428 40.768535 13.925491 -0.0089087199 41.4948507765 13.582108051 -0.0899063790667 0.803396823988 -4.64082402069 0
1839 1.51299905777 42.905865 13.952369 -0.011506708 43.6314816296 14.1670570123 -0.0434369645298 0.756710272073 -1.82946893793 0
1842 1.51197195053 45.04117 13.838962 -0.010052037 45.5787905104 14.0074845653 0.0623038299428 0.563414295405 4.14568579883 0
1845 1.59780097008 47.095509 13.764363 -0.008210261 44.0336070742 12.3885624327 -0.11656720536 3.35679469199 -6.20839559279 0
1848 1.50376796722 49.256947 13.750747 -0.012245698 49.9112423313 17.4065592681 0.101366641915 3.71390168421 6.50950757772 0
1851 1.51186084747 51.347189 13.680192 -0.017629817 53.0140877793 16.8092727051 -0.0553337905968 3.54537693332 -2.16027855797 0
1854 1.51057600975 53.510554 13.649042 -0.0075411209 52.2595309 14.8689549474 -0.0698794645984 1.74735411291 -3.57172399575 0
1857 1.5177359581 55.608657 13.581194 -0.0077936973 55.2812207321 14.7369690738 0.00657953568639 1.20126205746 0.823525588078 0
1860 1.52205586433 57.666716 13.591636 -0.01411162 57.2323968598 15.7008133818 0.0224771409397 2.15343036653 2.09638157946 0
1863 1.52770090103 59.905766 13.533857 -0.012519778 58.4318405883 15.9512780703 -0.0429908234137 2.83132137886 -1.74586229956 0
1866 1.52658700943 62.027534 13.447994 -0.021676244 60.2328645503 14.9650767772 0.0109549410376 2.34997416717 1.86962918317 0
1869 1.53749299049 64.181261 13.371995 -0.025327169 63.3639870558 16.6178255478 -0.0729326944612 3.34714096577 -2.72759569043 0
1872 1.60739207268 66.241252 13.310079 -0.024907545 64.931450132 14.3076776748 0.033449350041 1.64644588414 3.34360379134 0
1875 1.49880886078 68.444119 13.24669 -0.026304862 67.4350614182 15.0244670245 0.0159997681697 2.04418403097 2.42387676259 0
1878 1.50378203392 70.49734 13.123327 -0.017605166 69.2919970693 15.3770379087 0.0166867209744 2.55579037492 1.96478039517 0
1881 1.51073813438 72.634932 13.039101 -0.019360635 72.6492808515 14.7136190604 0.0593064856786 1.67457953651 4.50729400133 0
1884 1.50950598717 74.720419 12.994859 -0.019347658 74.2309924355 15.4994550875 0.00630011109013 2.55196785312 1.46950892279 0
1887 1.5150911808 76.914825 12.90632 -0.036038761 76.3343293621 14.7909079779 0.0077713713644 1.97196527154 2.51013568439 0
1890 1.51320004463 79.004774 12.78569 -0.032634565 77.9397879518 15.2944659521 0.0356421164521 2.72546364142 3.91196568636 0
1893 1.51888608932 81.177999 12.691712 -0.029848436 80.8524178091 14.740864859 -0.00335342947488 2.0748567544 1.51805205206 0
1896 1.51657295227 83.222919 12.597068 -0.02122413 81.2518224931 14.0108778204 -0.0377795452765 2.42571219391 -0.948555423427 0
1899 1.63144612312 85.390174 12.538762 -0.021700441 84.4800770004 15.019708149 0.00697721088261 2.64260673251 1.64310841922 0
1902 1.52005910873 87.449986 12.512039 -0.030894579 87.0109237945 14.9748516105 0.0481856976049 2.50164377454 4.53096609219 0
1905 1.50753903389 89.572355 12.414566 -0.034322832 87.5118218423 15.5963099926 -0.0030320718494 3.79068486269 1.79282849439 0
1908 1.65114498138 91.713838 12.339838 -0.030338307 90.6218978256 14.5096060578 0.00690923958094 2.42903823954 2.1341272163 0
1911 1.51502609253 93.866625 12.234111 -0.027880568 93.1427701905 14.1008857294 -0.00816032718878 2.00220220644 1.12988656946 0
1914 1.50756502151 96.027017 12.118277 -0.016096141 94.2000639624 15.464928519 -0.0447299321123 3.81285113682 -1.6405953822 0
1917 1.50112295151 98.003729 12.063433 -0.023465033 97.0878852763 15.8718804598 -0.0206478086565 3.91701950217 0.161415064823 0
1920 1.50624203682 100.1865 11.996018 -0.023536261 99.6019643613 16.0153591268 -0.0377060125806 4.06162344472 -0.811866962314 0
1923 1.51954102516 102.26857 11.921444 -0.023061579 102.681495597 15.5303537628 -0.00349780798018 3.63245608707 1.1209215108 0
1926 1.52048707008 104.50291 11.810699 -0.022632517 104.883899238 14.8969243509 -0.0166899683995 3.10965266809 0.340482954363 0
1929 1.52801990509 106.528 11.779433 -0.025937223 105.474806608 15.3519327697 0.0879266932402 3.7245094879 6.52392183939 0
1932 1.51885509491 108.61821 11.737233 -0.017267816 109.267467436 14.6549009685 0.0303438136226 2.98903355502 2.72794543311 0
1935 1.52440810204 110.65428 11.638117 -0.015586443 109.931944109 14.8685414498 0.0605407321872 3.31019807038 4.36176584448 0
1938 1.57175993919 112.94226 11.558687 -0.011710616 112.055070144 15.1197445511 0.0170089811493 3.66990963424 1.64551170597 0
1941 1.51589798927 114.89636 11.528856 -0.01668203 114.814896173 15.2371830429 -0.00308032436546 3.70922172593 0.779320327038 0
1944 1.50773501396 117.03777 11.494892 -0.018548407 116.66391836 14.8283785351 -0.0160078701255 3.35438482115 0.145562040607 0
1947 1.49737977982 119.07747 11.406331 -0.016261061 118.603016564 15.6613319186 0.0189761277501 4.28137114482 2.01894219729 0
1950 1.51070189476 121.291 11.334615 -0.012126455 119.732418435 15.4687975223 -0.0441237354778 4.41821701835 -1.83330912727 0
1953 1.51721310616 123.43737 11.229443 0.0013807468 123.287023196 15.2462828645 -0.0209493899896 4.01965255441 -1.27942259399 0
1956 1.52010011673 125.58554 11.258252 -0.0049853053 124.309637403 15.5358875235 0.00438988060961 4.4638652655 0.537158584771 0
1959 1.51160097122 127.50849 11.183265 -0.012828209 126.497399879 14.9599290446 -0.0080152083233 3.90966680665 0.275764625568 0
1962 1.51293992996 130.28779 11.390648 -0.01314096 129.370049158 15.5244474626 -0.0163636580342 4.23444757325 -0.184646996005 0
1965 1.50514793396 132.78769 11.256475 0.0084755214 130.457912727 15.9792633126 -0.0216887888215 5.26617428364 -1.72828766761 0
1968 1.52056908607 125.9239 10.596074 0.27888777 131.87282082 14.320314838 -0.0796376000273 7.01852040946 -20.5419905509 0
1971 1.51155376434 93.936275 13.265891 0.84250578 132.798035884 16.560622311 -0.076674136384 39.001175795 -52.665129822 0
1974 1.52123808861 59.212281 6.4432491 1.3602712 132.99848158 12.6610406539 0.0286285172926 74.0477165603 -76.2975055386 0
1977 1.49987506866 41.747696 3.5851691 1.5088422 134.985430745 10.1437955891 -0.159486169387 93.4681269832 -95.5881744078 0
1980 1.50970602036 40.889782 2.6549702 1.6071612 135.319701575 8.15585695487 -0.256100602014 94.5900072212 -106.757037383 0
1983 1.50996613503 40.408125 3.8011614 1.6070032 136.437813386 7.74737184177 -0.308205195396 96.1107362803 -109.733357944 0
1986 1.51626515388 40.388712 5.5337894 1.5172855 139.604788851 9.4991759773 -0.25024779742 99.2952878867 -101.272198091 0
1989 1.51556921005 40.44034 7.6724587 1.5542124 139.181932084 10.2356230668 -0.0334569986665 98.7748541828 -90.9667558057 0
1992 1.50821399689 40.554207 9.7439313 1.5604739 66.653237934 107.787055511 -2.94473933287 101.45744734 101.87029595 0
1995 1.52256393433 40.580821 11.876658 1.5652859 33.7005825234 94.152996251 2.9632644907 82.5635120225 80.0982730969 0
1998 1.51809406281 40.665042 14.024391 1.567666 105.834299032 63.5531166344 3.05414726583 81.8543018114 85.1691028573 0
2001 1.52560901642 40.771617 16.174621 1.5548315 126.528468709 64.3087545221 1.99810652722 98.3419159105 25.3977882231 0
2004 1.52214694023 40.847233 18.25792 1.5551713 115.157307359 39.3296953879 -0.491975405233 77.2399305362 -117.292866254 0
2007 1.52208900452 40.88758 20.352438 1.5597309 130.536530672 60.2490616649 -0.0958756313801 98.1258117749 -94.8592667824 0
2010 1.5209338665 40.971014 22.508388 1.5678505 66.8331444403 128.949172937 -2.65435096407 109.53762134 118.085675855 0
2013 1.50014901161 41.044823 24.54743 1.5705547 82.7293735637 33.7505992824 -1.3975006736 42.6884068634 -170.057046268 0
2016 1.50206112862 41.105608 26.696222 1.5717508 36.0495637296 44.9361411647 2.84311769056 18.9277107649 72.8439570419 0
2019 1.50029015541 41.160404 28.869777 1.5672714 120.867000978 57.4746810644 -0.919408098294 84.6840134753 -142.476240254 0
2022 1.5243999958 41.204205 31.003136 1.5608691 68.7499584562 49.1302388769 0.726586827954 32.9751480995 -47.8008531108 0
2025 1.49761295319 41.244227 33.116661 1.5660557 96.5976390798 100.292669404 0.0806116466429 87.0437610285 -85.1096749602 0
2028 1.53555989265 41.277887 35.228156 1.5643441 69.5732986799 107.566927448 -2.14877037644 77.6757888713 147.254211651 0
2031 1.67020797729 41.31792 37.33529 1.5797774 26.7481418104 48.1791934239 2.39304278794 18.1622872447 46.5966743533 0
2034 1.53881692886 41.419072 39.474789 1.5713492 102.056234337 21.8324772545 -0.485937092834 63.1515369572 -117.87382183 0
2037 1.51570796967 41.429937 41.518923 1.5745722 43.7701036817 44.1924538299 2.30343990045 3.55304759274 41.7610430592 0
2040 1.53081297874 41.494048 43.684079 1.5737379 6.86738735415 135.476066555 -1.37938682389 98.1059356352 -169.201583055 0
2043 1.55415010452 41.508319 45.798644 1.5762653 60.2925668546 21.2090686392 -1.17182899684 30.9434190723 -157.454204913 0
2046 1.51183485985 41.512588 47.943477 1.5772604 24.3476148971 50.73438359 2.54114938912 17.3903841595 55.2267709955 0
2049 1.50728487968 41.583607 50.107906 1.5744728 125.2280013 52.6201885544 1.01035715925 83.6821143459 -32.3214453723 0
2052 1.51511287689 41.632502 52.265699 1.5728612 20.1966667785 138.531616135 3.1346378748 88.8892765791 89.4832120081 0
2055 1.51700997353 41.660201 54.305408 1.5732479 75.2459027511 102.940519965 2.0511197147 59.1047669651 27.3800381303 0
2058 1.5205488205 41.689009 56.508616 1.5685378 65.8383176691 26.6848840646 -0.228632467233 38.3750452215 -102.970271379 0
2061 1.51742911339 41.794127 58.57462 1.5657057 134.169423535 72.8864971666 1.35377487466 93.4774049594 -12.1427418409 0
2064 1.52258300781 41.856016 60.76704 1.5641567 20.0024851371 127.102070986 -1.35090791036 69.8420585826 -167.020899181 0
2067 1.51842403412 41.858156 62.785084 1.5639758 141.312100218 77.3409578926 0.653129062169 100.513484097 -52.187673861 0
2070 1.52928900719 41.958088 65.023529 1.5767642 62.8546295731 53.0268586745 2.70868793497 24.0953428822 64.8544527444 0
2073 1.52140402794 41.99726 67.044355 1.5737097 39.3646025245 65.1973725001 1.53010827545 3.21593372726 -2.49817760737 0
2076 1.52838087082 42.044947 69.102812 1.5759217 38.4444500241 71.220246937 1.77420121014 4.17697368752 11.3605790951 0
2079 1.51622009277 42.097902 71.261122 1.5727544 37.7018240132 71.5179561751 1.69230419234 4.40357416876 6.84969854263 0
2082 1.52117800713 42.114798 73.459441 1.5684742 39.9195796678 72.5677422697 1.61947806244 2.36941135126 2.92230605655 0
2085 1.517578125 42.172982 75.545483 1.5804547 38.5724992287 75.3986936995 1.53644451504 3.60347378026 -2.52159785404 0
2088 1.49890494347 42.213453 77.648417 1.5799022 38.1129850831 78.6649880204 1.64667699653 4.22460101988 3.82591401915 0
2091 1.50245785713 42.308345 79.80823 1.5843424 40.4692258918 77.9802274558 1.55464995675 2.59305850218 -1.70125168157 0
2094 1.5010201931 42.259747 81.948131 1.5870316 38.0362392632 81.2750162197 1.71719919868 4.27680968835 7.45805403366 0
2097 1.50437712669 42.325886 84.065588 1.5841531 39.5493400893 86.1064183114 1.70898506007 3.44589546479 7.15234446061 0
2100 1.70030117035 42.338042 86.100283 1.5789413 39.2116052299 86.9969549125 1.60890891518 3.25248019147 1.71701787213 0
