3 10.740983963 72.513547 45.80148 1.6808269 119.840858774 8.70340245907 -2.32476847178 60.1343645266 130.49629076 0
6 10.8979408741 72.505015 45.806851 1.6805552 68.3928966126 34.2752110963 -1.05774558095 12.242885138 -156.893077786 0
9 10.8586418629 72.51553 45.801787 1.6811119 66.7641162706 111.971262662 -0.238869314163 66.4189601636 -110.006820316 0
12 10.7721571922 72.511327 45.798497 1.6805172 30.2957010936 93.4019098164 1.09052245424 63.625812234 -33.8042088669 0
15 10.8407409191 72.518426 45.80176 1.6806948 26.6597005167 81.5761003154 0.937193008176 58.1620677757 -42.5995147319 0
18 10.8335249424 72.509508 45.806599 1.6825332 78.5865419482 129.881098173 1.46218042391 84.2938417251 -12.6252840742 0
21 10.8854780197 72.510969 45.800989 1.6811293 76.3869764643 119.711505979 -1.35028868407 74.0120797842 -173.687456427 0
24 10.8935809135 72.522343 45.818169 1.6838228 122.785588224 44.4829443346 -2.66227850982 50.2809769734 110.986737611 0
27 10.8547358513 72.508499 45.799812 1.6808804 112.44069914 57.1911223281 2.45058781677 41.5252039007 44.1009864408 0
30 10.8232359886 72.523901 45.815543 1.6832165 96.2301904741 65.5804542132 -2.70482528323 30.8648647477 108.583725494 0
33 10.9143781662 72.511009 45.802779 1.6808191 124.382453962 58.9509122922 -3.07820312226 53.5118698192 87.3281120555 0
36 10.9077749252 72.527172 45.853315 1.6851825 43.290992525 84.711023852 2.47659786553 48.6279315571 45.3447602865 0
39 10.869314909 72.188088 49.017093 1.6798669 30.937077322 93.7156847771 2.90113817541 60.8244193463 69.9736897213 0
42 10.863615036 71.804616 53.279503 1.6643548 75.7752347975 134.084596708 1.5643861304 80.9025894692 -5.72778285145 0
45 10.8285720348 71.568933 57.324136 1.642571 61.172000374 98.3418816382 -1.31659389231 42.3149106731 -169.547659213 0
48 10.8165669441 71.37336 61.652431 1.6431927 113.176211114 81.8642162611 1.09913908887 46.4326891823 -31.1719757464 0
51 10.8360190392 71.165072 65.844712 1.6344026 60.8723492418 38.060833265 -2.3896397043 29.6291083116 129.439359381 0
54 10.9090650082 70.960331 70.343426 1.6128178 56.6378854861 36.6202670297 2.91078101084 36.6385575103 74.3678139443 0
57 10.8820099831 70.885213 74.631613 1.6236159 28.3784596682 61.6992953634 -1.8888222701 44.4304953637 158.752117053 0
60 10.8935220242 70.832043 79.069602 1.6124517 93.5490910069 78.1727003002 2.56267707568 22.7347465965 54.4439036125 0
63 10.8845889568 70.841819 83.283634 1.5826474 57.0037150033 112.211010957 -2.17081359175 32.0669028729 144.942526606 0
66 10.852741003 70.897044 87.066595 1.5142468 46.1083528796 131.368043097 2.91834528037 50.7651210076 80.4489169461 0
69 10.9249269962 70.898205 87.488163 1.2381173 46.7536489101 130.245817801 2.41226155848 49.1037333905 67.2735105506 0
72 10.8537859917 70.648486 87.373684 0.94938085 44.9492617802 130.582365391 2.17783290212 50.273653866 70.3851179209 0
75 10.7619769573 70.490448 87.162959 0.64684814 25.4096193648 62.1890453291 0.675456646308 51.5361763665 1.63914666963 0
78 10.8182489872 73.090524 88.460194 0.4660111 103.362169591 35.5738635273 0.0229012884438 60.9371518668 -25.388322063 0
81 10.9012241364 76.750616 90.291223 0.4640309 47.5163675179 107.369054157 3.00240088893 33.8569579458 145.437887208 0
84 10.8874969482 80.704264 92.172539 0.45240664 42.4002610219 109.584067854 2.98347760824 42.0756221722 145.019684128 0
87 10.9333148003 84.637734 93.972859 0.42386385 56.8744483461 106.900159079 1.77134179383 30.625399877 77.2047991684 0
90 10.8914320469 88.678811 95.730817 0.41656148 92.3734916012 127.996217769 2.16859792985 32.4762490375 100.384294129 0
93 10.8469810486 92.647535 97.41769 0.40779386 68.9444954422 114.718907698 1.51692830075 29.3456337147 63.5487223674 0
96 10.8222670555 96.759828 99.128022 0.39320766 86.0284182823 135.879381449 2.31642154875 38.286101602 110.192038926 0
99 10.8084900379 100.07577 100.58602 0.32958371 84.597168473 139.27629226 2.04137688858 41.6716243116 98.0785245321 0
102 10.8972079754 100.12714 100.52966 0.1390585 21.805722206 112.12406738 2.75693046879 79.1749630108 149.993015117 0
105 10.8993799686 100.08551 100.52401 -0.14356162 21.5206866462 110.297037636 2.38145010308 79.1703450655 144.672514953 0
108 10.9416570663 99.772178 100.71077 -0.40700642 97.108112641 104.610408692 -0.371012005999 4.7227562044 2.06232800828 0
111 10.8953158855 99.760338 100.7618 -0.66729138 98.0933673546 103.004591004 -0.584619699613 2.79444137895 4.73673837146 0
114 10.8378059864 99.638101 100.95548 -0.8821311 96.858912591 102.941385694 -0.893960304733 3.41580292752 -0.677763506203 0
117 10.8362410069 99.549051 101.11221 -1.1251977 96.5621541755 102.926376863 -1.08942283833 3.49467509908 2.04974858652 0
120 10.7841000557 100.80276 98.46873 -1.1938854 98.7514961158 100.238181544 -1.14624296395 2.70899285506 2.72971051161 0
123 10.7764229774 102.35582 94.496879 -1.1822805 100.627141987 95.918976637 -1.13392778731 2.23845691517 2.77040636509 0
126 10.8012909889 103.84912 90.431736 -1.1842505 101.910927524 92.1436757326 -1.15907784061 2.58598679816 1.4422871421 0
129 10.8502290249 105.46668 86.336829 -1.1831903 103.64275092 87.7329829371 -1.18684935784 2.29694647417 -0.209648571152 0
132 10.9197130203 106.96067 82.891423 -1.1821311 105.375004148 84.1404372421 -1.17889249283 2.0185075606 0.185558522102 0
135 10.9205269814 108.13488 79.987125 -1.1809983 106.292420762 81.7519557618 -1.18074450327 2.55132978326 0.0145414813556 0
138 10.8518059254 109.11096 77.465416 -1.174964 107.924985732 77.8887436382 -1.14744831273 1.25926218632 1.57653275075 0
141 10.7649710178 110.00241 75.115832 -1.1797573 108.366248343 77.2472004656 -1.18106217057 2.68696045847 -0.0747635765452 0
144 10.8691251278 110.9669 72.896666 -1.1819268 110.326687574 74.9360710354 -1.13981111979 2.13753242063 2.41305072716 0
147 10.8222949505 111.79529 70.750926 -1.1680053 109.141386177 73.9339116186 -1.16894057746 4.14422525341 -0.0535874511768 0
150 10.7362720966 112.62755 68.634671 -1.166408 110.663987545 71.5021174362 -1.16636614848 3.47531675928 0.00239791548803 0
153 10.7450790405 113.50263 66.493746 -1.1746568 111.732846307 69.1635784692 -1.16867253248 3.2031452875 0.342873272401 0
156 10.7434108257 114.39844 64.423702 -1.1690506 112.56065895 67.697009857 -1.17121816861 3.75392907692 -0.124192533072 0
159 10.7942659855 114.9392 62.935672 -1.1627449 113.960303796 66.0253618869 -1.13452486443 3.24105251057 1.61688893595 0
162 10.774420023 115.58582 61.52951 -1.1720902 114.320818103 64.4324834288 -1.150583914 3.16662036363 1.23221942067 0
165 10.8029248714 116.16312 60.165609 -1.1710096 115.110163392 62.8891365978 -1.16443689777 2.91998633474 0.376588097648 0
168 10.7980310917 116.71267 58.758483 -1.1690165 114.618601809 62.0254595819 -1.16153424335 3.88049707849 0.428701727352 0
171 10.8443989754 117.29804 57.404001 -1.1730259 115.289879443 60.4345297308 -1.17581400705 3.63549353044 -0.159746766583 0
174 10.8216359615 117.3062 57.346669 -1.1782941 115.094414599 60.5883346223 -1.1972810923 3.92433314948 -1.08787452465 0
177 10.9160459042 117.30973 57.394113 -1.1925087 115.061133612 60.7593632483 -1.2595464576 4.04735653851 -3.84098057841 0
180 10.8820168972 117.3509 57.478875 -1.2542253 114.917470815 59.9867257852 -1.29817572409 3.49440884258 -2.51817380837 0
183 10.8025169373 117.31554 57.561663 -1.3141336 115.167722417 60.4609122779 -1.38609528453 3.60815281641 -4.12310081006 0
186 10.8002910614 117.31761 57.625945 -1.389572 115.629369886 60.2415650081 -1.44158445376 3.11313711687 -2.9800940823 0
189 10.7632188797 117.34247 57.653648 -1.4539696 114.906215805 59.9451455717 -1.48449392573 3.34459199627 -1.74891503696 0
192 10.8071718216 117.36058 57.739095 -1.5147103 115.874008507 60.246676289 -1.54765565524 2.91510869858 -1.88762980986 0
195 10.7782709599 117.34118 57.80351 -1.5718326 114.871125772 60.1551112883 -1.60864368409 3.41045400291 -2.10911975776 0
198 10.8667449951 117.32521 57.826191 -1.6475747 114.892469984 59.8489983781 -1.65148658583 3.16385424352 -0.22413454794 0
201 10.8173291683 117.28663 57.948056 -1.7072698 115.49950458 59.9883096929 -1.72292767948 2.7122780825 -0.897130410164 0
204 10.8176128864 117.37131 58.006137 -1.7818651 115.745591387 59.526740247 -1.76404855884 2.22602678443 1.02081261406 0
207 10.948415041 117.40314 57.989067 -1.8555926 116.52975276 60.0044974017 -1.79777530149 2.19653476523 3.31268718734 0
210 10.7629199028 117.02719 57.008887 -1.8977403 116.201854167 59.3177204934 -1.87478906338 2.45191585043 1.31500899289 0
213 10.7798089981 116.38504 55.250118 -1.9095407 115.457050822 57.0989420701 -1.87158717587 2.06865037086 2.17457675024 0
216 10.8205139637 115.67443 53.450651 -1.9075572 115.600649274 55.3798876622 -1.8407460924 1.93064696266 3.82799449 0
219 10.7454349995 115.02136 51.574537 -1.9165104 114.48880068 53.6162831335 -1.89755031942 2.11005845969 1.08633259618 0
222 10.7880530357 114.35753 49.684701 -1.9233127 113.742960788 51.850929206 -1.87846689793 2.25171933343 2.56947518759 0
225 10.8149731159 113.59486 47.870819 -1.9110101 113.062746543 50.3155926211 -1.88081401156 2.50201174846 1.73010842565 0
228 10.6750371456 112.87829 45.986656 -1.9118326 111.91901181 48.0653220438 -1.89990087402 2.28933771358 0.683637540809 0
231 10.6898450851 112.17059 44.128463 -1.9122248 111.291432332 45.6856886636 -1.89732189366 1.78825892211 0.853873635933 0
234 10.7113239765 111.43202 42.277019 -1.9027456 110.448102925 44.8159756774 -1.9232415223 2.72293845336 -1.17432984479 0
237 10.7208180428 110.82393 40.37458 -1.9174412 109.785741371 43.0050255475 -1.93323263699 2.82791078512 -0.904782691782 0
240 10.7513008118 110.14399 38.567468 -1.912432 109.84117385 40.7936523116 -1.90490907975 2.24668516032 0.431031579981 0
243 10.8141930103 109.42625 36.696167 -1.9074722 109.131965518 38.4326983828 -1.89725970887 1.76129060634 0.585132640066 0
246 10.6981940269 108.96452 35.308972 -1.917648 108.983464217 37.7524728237 -1.91636724848 2.44357425886 0.0733816564939 0
249 10.6680910587 108.91335 35.330429 -1.9171391 108.950039914 36.7703435257 -1.94016717203 1.44038189073 -1.31941133792 0
252 10.708728075 108.9585 35.348205 -1.9450374 108.683053901 37.1900245035 -1.96556242195 1.86230224107 -1.17599713234 0
255 10.7125399113 108.97674 35.368834 -2.0165302 108.536322462 37.6623274843 -2.04547906571 2.33539717618 -1.65864782701 0
258 10.7114439011 108.99865 35.397074 -2.0803106 109.000793506 36.911990528 -2.10415328003 1.51491804445 -1.36608493828 0
261 10.7109827995 109.05048 35.474836 -2.159245 108.326831573 38.1781156752 -2.18230549794 2.79846172897 -1.32126920549 0
264 10.7322928905 109.09365 35.518169 -2.2238592 109.193152595 37.1324999462 -2.2313519911 1.61739456232 -0.429305306687 0
267 10.7270569801 109.14301 35.568827 -2.2920109 108.545501794 38.4225993042 -2.3013394919 2.91565300064 -0.534488944673 0
270 10.7766540051 109.24021 35.586114 -2.3597618 109.293140706 37.4359574276 -2.35974952596 1.85060054211 0.000703250636544 0
273 10.8411960602 109.32691 35.57971 -2.4292889 108.903435888 37.5386368343 -2.38849989575 2.00417680487 2.33703779435 0
276 10.7288880348 109.34422 35.612178 -2.4970016 109.653996602 36.8913121103 -2.49732764022 1.31611003164 -0.0186807282824 0
279 10.6785800457 109.45255 35.562283 -2.5751384 108.20446976 37.5819398676 -2.51994293061 2.37417736228 3.16246744452 0
282 10.711001873 109.51035 35.610832 -2.6455993 108.262228287 37.164832089 -2.58589615499 1.99316935733 3.42073823286 0
285 10.6276240349 109.52669 35.619453 -2.7060079 110.234468317 36.3536841766 -2.63783912721 1.01982624349 3.90578297567 0
288 10.6967830658 109.56751 35.667144 -2.7779359 109.151252131 37.0309822323 -2.69491145379 1.42594717206 4.75695036419 0
291 10.7261209488 109.58407 35.725569 -2.8421247 109.110176605 36.5512009986 -2.7249270456 0.951968038775 6.71493096619 0
294 10.6357839108 109.62066 35.728072 -2.9074408 110.10414495 37.0187405662 -2.80204161285 1.37825362127 6.03892858788 0
297 10.7149071693 108.40689 35.538158 -2.9474042 107.401312981 37.9533435794 -2.82605791394 2.61616255678 6.95263005104 0
300 10.7657649517 106.63579 35.154474 -2.9731605 105.677276004 36.8785742852 -2.88654998676 1.97263044534 4.96241687024 0
303 10.7246809006 104.74277 34.838538 -2.9724974 105.621769255 36.1900517499 -2.88724672047 1.61221248795 4.88450413796 0
306 10.778015852 102.71686 34.507066 -2.970186 101.292363806 35.7738385899 -2.88948167797 1.90627967541 4.62401704103 0
309 10.7540099621 100.87602 34.149296 -2.9774562 100.457537812 35.7995593433 -2.86015856379 1.70249712014 6.72065950162 0
312 10.683357954 98.917573 33.856952 -2.9648121 98.2832704565 34.5785200398 -2.91297066334 0.960728969449 2.97029552429 0
315 10.7375569344 96.872255 33.519705 -2.9713846 95.8032993821 34.5522907444 -2.88655121283 1.48623666776 4.86059504679 0
318 10.6335849762 94.700759 33.157106 -2.9752463 93.7839610585 34.1808177767 -2.89153053992 1.37422860813 4.79655973133 0
321 10.7552990913 92.656194 32.878926 -2.9695623 92.250776672 34.0649952696 -2.93156965569 1.25344466258 2.17681817171 0
324 10.7586061954 90.628889 32.525228 -2.9736018 89.9265766002 33.9945439431 -2.92835616591 1.62853678111 2.5923838745 0
327 10.7515199184 88.510396 32.191288 -2.9695852 87.3625407073 33.1072253591 -2.94578297039 1.46850707143 1.3637672995 0
330 10.7264750004 87.334812 32.006658 -2.9896435 85.9703530396 33.3696108939 -2.99142295067 1.92857171134 -0.101955013091 0
333 10.8051159382 87.328365 31.983283 -3.0015998 86.2369937973 33.4762509691 -3.02049837171 1.84933622116 -1.08280839808 0
336 10.8018639088 87.328448 32.00285 -3.0442403 86.3387574562 33.6919531887 -3.07481849366 1.95769174151 -1.75200144197 0
339 10.767261982 87.480424 31.977098 -3.121648 86.4661973979 33.350120587 3.13445554717 1.70699930426 -1.55167055034 0
342 10.7684540749 87.509332 32.088761 3.0972389 86.3155201442 33.1152428611 3.06334378136 1.57443696546 -1.94204724414 0
345 10.7840678692 87.537767 32.004513 3.0032565 86.1268155697 34.0794620873 3.00705831342 2.50922251976 0.217827863684 0
348 10.8220999241 87.588829 31.971963 2.902116 86.2129342711 33.7584539971 2.95958054788 2.25491383152 3.29247606503 0
351 10.8023910522 87.696053 31.883789 2.7788249 86.124975315 34.0799778336 2.94295763106 2.7002834083 9.40411276972 0
354 10.7959899902 87.777704 31.698119 2.6376296 86.0857782756 33.0937688985 2.76443840203 2.19327410425 7.26560916133 0
357 10.7940430641 87.896098 31.65995 2.4917922 85.8401221279 33.1722748394 2.69178503471 2.55228587872 11.4587453617 0
360 10.7566230297 87.958395 31.594625 2.366513 86.0559573348 34.1307584446 2.54698544737 3.1703693663 10.3403095525 0
363 10.7723870277 87.964094 31.460561 2.2184109 86.1472190829 33.7667457411 2.42533928249 2.93590233567 11.8561229783 0
366 10.7675950527 87.708527 31.831987 2.1125682 86.2495546763 34.9086038931 2.32200819227 3.40502154884 12.0000276181 0
369 10.7888791561 86.721318 33.612273 2.0920166 84.4592206142 35.973896682 2.28706471412 3.27022185763 11.1754337412 0
372 10.8245301247 85.724716 35.405361 2.0873093 84.1723185805 36.25611489 2.10725247464 1.77023160332 1.14265973709 0
375 10.7252891064 84.755772 37.248267 2.0862059 83.2754185424 38.6736183097 2.06114355106 2.05501160954 -1.43596681884 0
378 10.716657877 83.690185 39.149374 2.0868314 82.1187810561 40.6066587072 2.13481375446 2.14312600486 2.74918640186 0
381 10.8282401562 82.666747 40.97523 2.090975 81.0953936572 41.8623954506 2.15091400849 1.80449823071 3.43425221486 0
384 10.789577961 81.635815 42.877142 2.0910396 80.4027361523 43.6587469685 2.131521788 1.45992800212 2.31945851814 0
387 10.7751169205 80.624097 44.699122 2.0805048 79.0471584406 45.1553367331 2.12214156896 1.64160503861 2.38561113391 0
390 10.8380949497 79.602515 46.546403 2.0762437 77.9589636891 47.1075844769 2.13199902035 1.73671689164 3.19454454127 0
393 10.6641378403 78.599692 48.40129 2.0808805 77.3806661046 48.9050861397 2.10497518824 1.31902793143 1.38052394511 0
396 10.6581048965 77.532669 50.298142 2.0919608 76.268468124 50.9177401189 2.1162258036 1.40787275128 1.39028229593 0
399 10.7170369625 76.53881 52.074716 2.0854653 75.1895972489 52.7112162643 2.09850973076 1.49181353867 0.747390828882 0
402 10.7346098423 75.533974 53.92833 2.0838411 74.7655215747 54.8849861656 2.08234305038 1.22707381562 -0.0858319209402 0
405 10.6907351017 74.451304 55.860797 2.0823704 72.6657665618 56.0577230154 2.12885375313 1.79636404959 2.66329995202 0
408 10.716217041 73.464188 57.689364 2.0801622 71.2246578275 57.9471315076 2.12794318777 2.25431574576 2.73764894018 0
411 10.7775609493 72.461178 59.521835 2.0808323 69.9332032898 59.9867839792 2.13063025905 2.57037617653 2.85321288169 0
414 10.6813631058 71.469371 61.42577 2.0898858 69.2639711881 62.0437165196 2.10086426511 2.29033758023 0.629019716256 0
417 10.7279000282 70.386885 63.322712 2.0827703 68.169287694 64.0079783825 2.12141429549 2.32106178865 2.21413784489 0
420 10.7420928478 69.38246 65.186025 2.0922796 67.0707874059 64.9920306846 2.12321655663 2.31979826212 1.77255704562 0
423 10.7596561909 68.400253 67.014087 2.0893798 65.2822153775 67.7198700495 2.1281496085 3.1969185677 2.22134639981 0
426 10.7245399952 67.30799 68.901204 2.089526 64.4435898241 68.8930736098 2.1255462252 2.86441171459 2.06380688123 0
429 10.657294035 66.315197 70.741557 2.0869248 63.5895406903 70.3795014931 2.10837048212 2.74959751762 1.22874707409 0
432 10.6856491566 65.281228 72.464006 2.0745737 62.6242027922 72.4163103964 2.11138248774 2.65745325933 2.1089881864 0
435 10.6554858685 64.283593 74.421326 2.0918621 61.3870146468 74.6234193662 2.12762178834 2.90361978998 2.04887921863 0
438 10.622398138 63.28447 76.191493 2.091939 60.2652210306 75.9142873761 2.11647401192 3.03194777282 1.4057526332 0
441 10.7081551552 62.204887 78.125252 2.0893553 59.2733879027 77.9631217318 2.12668591934 2.93597908397 2.13888693475 0
444 10.7140271664 61.273659 79.948227 2.0960183 58.0394664263 80.0917669574 2.12476272286 3.23737630235 1.6469341146 0
447 10.6966130733 60.19879 81.787566 2.089809 57.3242500015 81.6655831682 2.12064905219 2.87712704171 1.76700483067 0
450 10.5796809196 59.161438 83.629466 2.0974137 56.694249354 84.0869051348 2.09095043966 2.50923701088 -0.370317539121 0
453 10.6175739765 58.11891 85.485673 2.0964985 55.9865411861 85.7492001245 2.07933875305 2.14859100427 -0.983181077938 0
456 10.5413739681 57.036783 87.336936 2.0992423 54.8456864667 87.3762145035 2.08667650432 2.1914485664 -0.719967058624 0
459 10.6159508228 56.357629 88.602308 2.124456 54.3342964847 88.5945165542 2.1002910299 2.02334751686 -1.38455079898 0
462 10.6828448772 56.200217 88.720884 2.2094598 54.1362501668 88.8185900545 2.21280285374 2.06627819079 0.191542870148 0
465 10.6680588722 56.199637 89.07416 2.3631742 53.490992149 88.5856606802 2.36248739798 2.75234236863 -0.0393508573404 0
468 10.7856571674 56.109511 89.161307 2.4869631 53.2987610067 87.8828882081 2.46473608455 3.08782611753 -1.2735141763 0
471 10.7458751202 56.023191 89.233423 2.608836 52.7327900827 88.4663801402 2.59941756022 3.37862293629 -0.539636848772 0
474 10.7854440212 54.873312 89.789936 2.6823278 51.956686392 89.303518945 2.70945498188 2.95690826519 1.55427303164 0
477 10.8214521408 52.997249 90.667048 2.6986067 49.987345145 90.016850733 2.72052830939 3.07933072313 1.25601569821 0
480 10.8151462078 51.122563 91.609157 2.7018871 47.7174999516 90.7713004485 2.71249811325 3.5066305714 0.607966275857 0
483 10.788629055 49.137432 92.566213 2.7007601 46.426003804 91.5431512456 2.70540593224 2.89801625515 0.266186579554 0
486 10.7651360035 47.308569 93.452781 2.7003868 44.5254845526 92.4418238038 2.70901405615 2.96101224145 0.494305366456 0
489 10.8019239902 45.360782 94.336008 2.7008969 42.6162809131 93.4937451993 2.72306779829 2.8708348684 1.27029890022 0
492 10.8134460449 43.468079 95.251019 2.7064338 40.9898950089 94.2284561463 2.72567519492 2.6808637943 1.10245072096 0
495 10.6793498993 41.590918 96.131677 2.7064065 38.1396967596 95.0005173376 2.71384214074 3.63186594358 0.426030832259 0
498 10.7060029507 39.606214 97.06058 2.704478 36.3731697206 96.0252575585 2.72276629919 3.39477066537 1.04784235797 0
501 10.7923488617 37.718719 97.944153 2.696243 33.8790129334 96.8630773296 2.73580018927 3.98899326684 2.2664599948 0
504 10.6835768223 35.769603 98.891663 2.7044976 32.124268952 97.0848862208 2.74332650019 4.0685258573 2.22473210375 0
507 10.7843959332 33.862509 99.822852 2.7013631 31.1707678221 98.5370029018 2.73645485986 2.9830988036 2.01060973585 0
510 10.7347209454 31.979521 100.73965 2.7066945 29.1004759751 99.5561792813 2.74306934477 3.11279668428 2.08412508602 0
513 10.8230340481 30.015598 101.64307 2.7044148 27.7402223571 100.305684037 2.71216983206 2.63930588057 0.44433060695 0
516 10.827600956 28.083667 102.5122 2.7038251 25.7470598484 101.367270661 2.70256409865 2.60203692748 -0.0722500555859 0
519 10.8147611618 26.231599 103.44351 2.6987262 23.4625953835 102.565894446 2.72027935438 2.90475301694 1.23490478113 0
522 10.7930591106 24.326425 104.3449 2.7056645 21.5963623505 103.302823557 2.70194130939 2.9221850357 -0.213323108446 0
525 10.7665131092 23.072168 104.95788 2.6888385 19.9768837384 104.258623084 2.66916016104 3.1732861351 -1.12748577013 0
528 10.5963830948 23.059574 104.94595 2.6093304 19.7465683051 103.283971686 2.61313393953 3.7065049102 0.217926762346 0
531 10.5870420933 23.148655 105.02795 2.4881616 18.9647612761 104.261798123 2.47079085464 4.25346392857 -0.99527039597 0
534 10.6284940243 23.15609 104.97342 2.3614352 18.7182086581 104.227925865 2.34212463354 4.50006136747 -1.1064139581 0
537 10.6301269531 23.189116 104.80794 2.2179164 19.1237372428 103.823835804 2.21452161718 4.18279398361 -0.194506728081 0
540 10.5616600513 23.170444 104.45908 2.0515088 19.1421844484 104.016642046 2.08390121543 4.05248397389 1.85594869244 0
543 10.5896651745 23.203193 104.36781 1.9241471 19.1538249426 103.619917286 1.95353285285 4.11785443837 1.68367961596 0
546 10.7362921238 23.268475 104.40083 1.8086424 19.2365172726 104.756782321 1.79192881857 4.04763945663 -0.957617676541 0
549 10.6806609631 23.269141 104.3114 1.6661585 19.508672193 104.144976743 1.70812917992 3.7641496183 2.40474282279 0
552 10.7218132019 23.273746 104.22596 1.531085 19.5015389293 104.904495481 1.52328075748 3.8327479154 -0.447150158725 0
555 10.6395990849 23.201513 103.9692 1.3630267 19.495936924 104.524569272 1.39311716798 3.74696264768 1.724056819 0
558 10.7288041115 23.573375 105.47089 1.3112874 19.9740592205 105.770672134 1.36250965923 3.61177842738 2.93481927072 0
561 10.7852330208 24.091257 107.45193 1.3021436 19.5571982068 106.746177088 1.33092391435 4.58865735405 1.64899054518 0
564 10.750617981 24.69734 109.54228 1.2971878 20.5780361269 108.932486484 1.2720572444 4.16419410345 -1.43987477298 0
567 10.7459011078 25.24514 111.62222 1.291934 21.2215451123 111.197909744 1.32123325526 4.04590595702 1.67872366936 0
570 10.7287089825 25.838263 113.71051 1.2925571 22.105646647 113.57265978 1.29933914936 3.7351609767 0.388582804556 0
573 10.7384080887 26.485855 115.66064 1.2984976 22.6031948177 115.677089658 1.33516623491 3.88269502827 2.10095802111 0
576 10.5970780849 26.666562 116.70228 1.2516028 22.4590660318 116.6418246 1.28230718102 4.20793027249 1.75923144484 0
579 10.7236258984 26.671044 116.66524 1.1445574 22.9082981844 115.952201538 1.17292023798 3.82971016156 1.62507091103 0
582 10.7003600597 26.68282 116.71548 1.0360889 22.6539973744 116.410175052 1.01874122135 4.04037409902 -0.993948771008 0
585 10.7639110088 26.598988 116.54426 0.86252405 22.6132170849 116.052049351 0.887351198661 4.01604794678 1.4224908356 0
588 10.7855160236 26.490987 116.49462 0.72378221 22.4711765424 116.040025972 0.746984850393 4.04543345578 1.32941336809 0
591 10.7438471317 26.414554 116.44154 0.58967497 22.4815537492 116.089655077 0.638235698409 3.94871041877 2.78232478792 0
594 10.6725649834 26.30131 116.37003 0.43724496 21.9650861897 116.015934776 0.536454775124 4.3506574631 5.68430369287 0
597 10.6870129108 26.176025 116.35464 0.31453037 22.2531282727 115.657321744 0.371096302496 3.98439098018 3.24098919623 0
600 10.6405198574 26.088883 116.46581 0.14702743 21.8015144021 115.798484312 0.225382442881 4.33899217195 4.48941154178 0
603 10.687308073 25.977812 116.45377 0.019989929 22.0860524545 115.503951264 0.111295256254 4.00598901533 5.2314098987 0
606 10.7755661011 25.890585 116.45549 -0.11586106 23.0031316995 116.043583704 -0.0108123069056 2.91668533779 6.01885019542 0
609 10.6940970421 27.617035 116.21759 -0.13548047 24.5277595663 116.207182034 -0.0651515350848 3.08929296622 4.02955114829 0
612 10.7998969555 29.732468 115.90829 -0.14344069 25.6662395888 115.526584468 -0.0914016414183 4.08410487191 2.98161785361 0
615 10.7229361534 31.744289 115.6014 -0.14068963 28.0836280116 115.042264163 -0.0912795415682 3.70311649244 2.83098953251 0
618 10.7936489582 33.87565 115.27561 -0.13567301 30.6299715843 114.801926238 -0.100480430051 3.28006168923 2.01638630124 0
621 10.7546241283 35.936054 114.9269 -0.14240112 32.7396052894 114.899575866 -0.102275005412 3.1965654956 2.29905701413 0
624 10.7108399868 38.113735 114.67885 -0.14674677 34.5848592009 114.480736715 -0.111669230209 3.53443252576 2.00979498571 0
627 10.6984269619 40.163768 114.30534 -0.14012204 36.5987444231 114.359695416 -0.0883419014881 3.56543792753 2.96678339933 0
630 10.6906318665 42.346763 113.98058 -0.16006212 39.3151835391 114.41089557 -0.0880160271453 3.06196758926 4.12793705098 0
633 10.7075109482 44.341947 113.67079 -0.15507802 41.2140908561 114.138306345 -0.0890138089727 3.1626026608 3.78520046873 0
636 10.7131397724 46.544067 113.30502 -0.15009707 42.9849143053 114.110805455 -0.0775958343404 3.64922705567 4.15401481278 0
639 10.6860218048 48.557097 112.97025 -0.14631805 45.1398101046 113.880805375 -0.0732923562408 3.53651817708 4.18406404842 0
642 10.7528319359 50.586062 112.64729 -0.14866611 47.7231021964 114.056302453 -0.0722872023391 3.19090189895 4.37618905279 0
645 10.819601059 52.747394 112.3225 -0.14488479 49.637509523 114.043732964 -0.0573073444151 3.55443727974 5.01781801255 0
648 10.8101930618 54.919709 111.95097 -0.14565598 51.5917200078 114.300777506 -0.0674157082786 4.0739545955 4.48283735759 0
651 10.5919148922 56.9199 111.70562 -0.14317608 53.931296702 113.324858553 -0.0776763671092 3.39907092661 3.75285710796 0
654 10.5783150196 58.963864 111.32719 -0.14485493 56.1190350464 113.751050862 -0.0531994941669 3.73739926306 5.25146964267 0
657 10.7656018734 61.070196 111.0267 -0.15209978 57.7793124218 112.000888881 -0.110614487823 3.43204876143 2.3769321536 0
660 10.5790109634 63.25691 110.67843 -0.1447313 59.8960517047 112.052920285 -0.136608715606 3.63105935302 0.465389804532 0
663 10.6583809853 65.338645 110.4192 -0.14848438 61.4840661541 111.65156356 -0.119528093845 4.04678860602 1.65907298705 0
666 10.7608840466 67.412523 110.08404 -0.1445869 63.3782494091 111.193585822 -0.107238210368 4.18407162198 2.13992228624 0
669 10.6940500736 69.507235 109.73429 -0.15139682 65.9384601626 110.979489421 -0.121871506825 3.77977187641 1.69167583374 0
672 10.7896361351 71.647859 109.39116 -0.14906575 68.1240044657 111.109016495 -0.105355514198 3.92027827012 2.50441203295 0
675 10.8023757935 73.702975 109.06139 -0.1559357 69.8954295534 111.498138345 -0.0960948866161 4.52052483947 3.42862604953 0
678 10.7032308578 75.754203 108.72815 -0.15045699 72.2232114331 110.373114499 -0.126623741126 3.89535744824 1.36554457258 0
681 10.6726510525 77.860742 108.43703 -0.15243836 74.4045165366 109.604386314 -0.136727868942 3.64804265552 0.90014483171 0
684 10.6357560158 79.97813 108.08555 -0.15170568 75.9342244706 109.034712145 -0.145766117746 4.15380316184 0.34031184929 0
687 10.6272189617 82.120618 107.73965 -0.14888428 78.1611283855 109.004831164 -0.14801887241 4.15671040426 0.0495842024822 0
690 10.599793911 84.192494 107.42985 -0.14593359 81.0022795035 108.659406254 -0.126085223605 3.41895848394 1.13722762468 0
693 10.7024290562 86.28045 107.15458 -0.15823172 82.235174842 108.671404758 -0.128590225808 4.3203018933 1.69833251567 0
696 10.6513700485 88.385341 106.75858 -0.15035877 84.4445582092 108.799437234 -0.123198976128 4.43788995527 1.55614156134 0
699 10.6659290791 90.512184 106.42958 -0.15443508 87.0914350689 108.603505588 -0.106315038535 4.05308224846 2.75707528592 0
702 10.6530511379 92.541412 106.11165 -0.15857271 89.3841489417 108.37515068 -0.114857135994 3.88480956372 2.50471788956 0
705 10.6472051144 94.624435 105.7799 -0.14991569 90.8749024281 108.231367075 -0.0876214592802 4.47980862607 3.56919650826 0
708 10.7066299915 96.812614 105.41142 -0.16008539 93.4204255671 107.295112438 -0.126880853044 3.88010818976 1.90247982824 0
711 10.7074158192 98.833392 105.05687 -0.15857643 95.1160023359 107.19151264 -0.126716502466 4.28668696272 1.82543938327 0
714 10.6725590229 100.9283 104.72764 -0.15390186 96.4007562467 106.763988228 -0.127256857415 4.96440998964 1.52664619325 0
717 10.7664580345 103.02648 104.38009 -0.15580909 98.8957197146 106.660867154 -0.133672360153 4.71859353643 1.26834119246 0
720 10.668407917 103.56436 104.3046 -0.21764658 99.7435510908 106.626089596 -0.192412428652 4.47078233257 1.44581037185 0
723 10.6432909966 103.46604 104.39779 -0.32798619 99.7327532415 106.793959251 -0.299553557264 4.43610832853 1.62906985621 0
726 10.6760549545 103.43166 104.43448 -0.46455789 99.2164385881 107.440964179 -0.419316281886 5.17755141631 2.59215320334 0
729 10.6655480862 103.35806 104.51276 -0.60050128 99.5728795017 106.766471296 -0.550350297891 4.40531565371 2.87343961328 0
732 10.6873822212 103.30537 104.5712 -0.75278089 100.804463755 106.695769558 -0.668063999079 3.28151304369 4.85392030327 0
735 10.7626829147 103.24477 104.73622 -0.88717849 99.6982756194 106.821597206 -0.768718039525 4.11417312282 6.78728385144 0
738 10.7020587921 103.11543 104.83266 -1.0218313 100.531501355 106.453282514 -0.916948517698 3.05009910936 6.00934076948 0
741 10.7198328972 103.3336 104.43355 -1.1359167 100.160262176 106.654324908 -1.07100842507 3.87323045284 3.71897020872 0
744 10.7157981396 104.18264 102.5184 -1.1499809 101.49252338 104.643194105 -1.1069775699 3.42804279716 2.46390931964 0
747 10.811275959 105.02068 100.61649 -1.1544373 102.920996545 103.345762644 -1.08576796522 3.44348657298 3.93446306479 0
750 10.7633979321 105.97315 98.645528 -1.1675657 103.955434946 101.491831606 -1.06299360033 3.48892795205 5.99153996605 0
753 10.7145309448 106.66644 96.709247 -1.154133 104.835548968 99.1783924545 -1.08920880296 3.07389675301 3.71988247858 0
756 10.6778972149 107.65453 94.805864 -1.1707179 105.217097329 97.0751207778 -1.10522670792 3.33025589814 3.75236890147 0
759 10.7216930389 108.36584 92.821603 -1.1639211 105.982654308 95.0752034964 -1.11619659884 3.27998311587 2.73441249563 0
762 10.7174749374 109.18739 90.932737 -1.1605274 106.886615424 92.7778394803 -1.13012643934 2.94923156273 1.74184673892 0
765 10.6770141125 110.00551 88.971931 -1.1631703 107.854698089 90.4416379879 -1.12147765478 2.60500105674 2.38881260765 0
768 10.6942138672 110.83946 87.051439 -1.1600004 109.253346755 88.8438959308 -1.12913121048 2.39346131704 1.76867427643 0
771 10.7383990288 111.68317 85.129972 -1.1502451 110.375083516 87.0081518013 -1.11424203636 2.28880965069 2.06282359585 0
774 10.7267928123 112.49307 83.177328 -1.1488654 110.783932456 86.0670167267 -1.09273854033 3.35729833075 3.21583217631 0
777 10.7520890236 113.40329 81.226755 -1.149046 111.457616599 83.6795213779 -1.11224320024 3.13076793888 2.10864510034 0
780 10.7979569435 114.20236 79.347389 -1.1522317 112.081636873 82.0760727801 -1.13665291331 3.45589087683 0.892598727217 0
783 10.7420339584 115.10134 77.33273 -1.146946 113.165037432 80.2815693643 -1.12119625407 3.52773599257 1.47535176547 0
786 10.8348171711 115.87569 75.433999 -1.1405871 113.866343247 78.4372998055 -1.11180993868 3.61348724971 1.64880989001 0
789 10.7254829407 116.74641 73.521868 -1.1514597 114.726774304 76.1759148305 -1.14806908744 3.33510013703 0.194267789374 0
792 10.6353797913 117.66191 71.592443 -1.1472421 115.602177093 74.7056074573 -1.13773591727 3.73286653769 0.54466414965 0
795 10.6273729801 118.47567 69.543126 -1.1411103 116.370394574 72.0289070597 -1.12077251042 3.25749782728 1.16526950729 0
798 10.7066860199 119.32773 67.660396 -1.1493947 117.163126462 69.8970884841 -1.1281096516 3.11260369206 1.21954344002 0
801 10.615295887 120.23613 65.736718 -1.1477983 118.735889228 68.2867852068 -1.10999348529 2.9586424477 2.16605632835 0
804 10.6761550903 121.05504 63.851108 -1.1435448 119.766961058 66.2215853432 -1.11458627702 2.69783435277 1.65920114782 0
807 10.7010951042 121.9387 61.889647 -1.1416966 120.13146023 64.1070501344 -1.13738228558 2.86059298845 0.247192007644 0
810 10.6859130859 122.75206 59.947854 -1.134592 121.359324998 62.2000445742 -1.12332108143 2.64803194228 0.645776065062 0
813 10.6394400597 123.61313 58.017737 -1.1345099 122.272853031 61.393737913 -1.10001988317 3.63231668751 1.97613239948 0
816 10.774091959 124.50226 56.14403 -1.1250591 122.929473607 59.2774730959 -1.11371562711 3.50601236073 0.649933121786 0
819 10.6841740608 125.37031 54.195354 -1.1346431 123.89165228 57.3905247526 -1.10889618469 3.52073071846 1.47518958277 0
822 10.7620928288 126.19009 52.293812 -1.120627 124.651389845 55.7887408356 -1.10756711819 3.81865496393 0.74827610879 0
825 10.6985061169 127.09539 50.434417 -1.1252352 125.732847921 53.5667219925 -1.10555251537 3.41582427579 1.12773475881 0
828 10.6671481133 127.94916 48.435924 -1.125081 126.921587313 51.4087169472 -1.10928082344 3.14537812267 0.90528343226 0
831 10.7539989948 128.83417 46.49897 -1.1135569 127.698040741 50.0996125572 -1.13344415825 3.77563458474 -1.13945596373 0
834 10.6142311096 129.69028 44.561049 -1.1141866 128.305976851 47.2002369701 -1.13478463907 2.98020273656 -1.18018070508 0
837 10.7550210953 130.6504 42.689185 -1.1179531 129.064482129 45.1755598726 -1.12893938874 2.94910079535 -0.629467977542 0
840 10.6489059925 131.56218 40.752166 -1.1133477 130.48352806 43.3364328828 -1.1362026751 2.80034378755 -1.30949361411 0
843 10.7723278999 131.80181 39.159633 -1.0655485 131.396927335 42.3709307364 -1.10510647094 3.23672104525 -2.26650478125 0
846 10.7414469719 89.526265 39.287264 -0.26055386 132.626607528 40.9182757344 -1.09765893048 43.1311920225 -47.9625875476 0
849 10.7634489536 49.129117 22.860079 0.57174269 133.137346278 40.0481204257 -1.08010445174 85.7485355823 -94.6438696226 0
852 10.782761097 45.693587 19.436118 1.0035584 135.786046115 39.9064792084 -1.03327332457 92.3887811225 -116.701861396 0
855 10.6887128353 46.841947 21.209275 1.0214136 37.5274420916 94.6082017942 0.0348944645266 73.9875831219 -56.5233828715 0
858 10.6282470226 48.00008 22.972907 1.0079248 37.2018365763 88.1078282619 0.334092349385 66.0239352722 -38.6077555192 0
861 10.6797759533 49.170996 24.731115 1.014741 66.7445167864 104.758165849 -1.53669644381 81.9338605241 -146.186597222 0
864 10.7390639782 50.349541 26.532036 1.0144485 40.5149507754 100.171412553 0.761993781855 74.2931823516 -14.4645898679 0
867 10.717564106 51.518278 28.351001 1.0069992 40.9015483835 101.260039312 0.734542739321 73.6779669599 -15.610605298 0
870 10.6411459446 52.642563 30.101924 1.0170679 100.430050315 98.9346963008 1.76238798073 83.7949550183 42.7036950121 0
873 10.6665019989 53.80357 31.912095 1.0183648 45.4362727103 103.114906922 0.782281116293 71.6927617649 -13.5265986883 0
876 10.8022360802 54.946688 33.671099 1.0064723 35.4867152872 102.361414061 1.57343372898 71.3936266141 32.4844970274 0
879 10.7936739922 56.161659 35.476636 1.0152563 35.269874831 104.429434785 1.69108314507 72.048283158 38.7220259041 0
882 10.6828689575 57.333476 37.252395 1.017552 20.6596583341 72.8093781948 -2.74531287449 51.0809940791 144.403723814 0
885 10.8248229027 58.434052 39.044555 1.0099164 90.4001683963 65.7278407747 2.23138719192 41.6392883848 69.9851211757 0
888 10.7465350628 59.558673 40.733157 1.0155176 88.9115392454 66.863607617 2.29049999716 39.2987430622 73.0511103108 0
891 10.763406992 60.829575 42.673596 1.0256616 88.0588242781 69.2588787781 2.2068934165 38.0553449156 67.679597712 0
894 10.8501491547 61.938983 44.298725 1.0235902 88.126298859 72.4818576986 2.13579588209 38.471606161 63.7246915345 0
897 10.7487728596 63.08776 46.123861 1.0214801 80.9262930537 93.5202345393 3.07590175409 50.6421710256 117.70969012 0
900 10.8361508846 64.233274 47.872937 1.026201 83.1700611435 73.7234058431 2.33966695336 32.0444791926 75.2560556618 0
903 10.8745989799 65.367062 49.701179 1.0288308 80.4068505295 74.6761325839 2.2574892741 29.153791272 70.3969450292 0
906 10.9022910595 66.47055 51.411163 1.0247772 15.7736450687 66.7431087613 1.68686078649 52.9645610804 37.9345951905 0
909 10.7539207935 67.601685 53.206336 1.0345375 63.7742766806 55.029605541 1.10426659245 4.2395007091 3.99518270681 0
912 10.9498431683 68.713633 54.989386 1.0321621 65.7942817358 56.0241281246 1.08824476999 3.09730577568 3.21330029413 0
915 10.8019330502 69.889939 56.860516 1.0335194 67.3858004662 58.4166736978 1.03862580969 2.94827688266 0.292575723778 0
918 10.8512899876 70.97178 58.665246 1.0279054 68.043871556 59.7806911401 1.02919732167 3.13318778837 0.074021659251 0
921 10.8163359165 72.083269 60.388926 1.0348295 68.9557893693 62.1612520093 1.06385283979 3.59475566953 1.66291487757 0
924 10.8692879677 73.21006 62.180545 1.0389104 70.4420792032 63.1907085249 1.05168323568 2.94654849589 0.731829576896 0
927 10.5918967724 74.211219 63.966291 1.0279221 70.9911194451 65.340338065 1.03424822238 3.50100649535 0.362460113208 0
930 10.6058111191 75.394113 65.876292 1.0355825 72.5885694067 67.0510143535 1.03258594171 3.04155346189 -0.171690142916 0
933 10.6879901886 76.475569 67.55587 1.0353462 73.7140422558 68.6768396134 1.03400396299 2.98036957992 -0.0769045157928 0
936 10.7216489315 77.652303 69.425792 1.0395167 75.0236243005 70.46905856 1.03666126974 2.82813663394 -0.163604102457 0
939 10.9048559666 78.72098 71.209083 1.0347632 76.0512012157 72.171711161 1.02323280202 2.8380225041 -0.660643140236 0
942 10.7471091747 79.923618 73.070281 1.0406815 77.0752910476 74.1580368923 1.0277910437 3.04896364508 -0.738568741807 0
945 10.7657899857 80.886825 74.813727 1.0240856 78.5233878762 75.8052730978 1.01767248045 2.56300579437 -0.367444684002 0
948 10.641931057 82.003807 76.66259 1.0354781 80.0353226399 78.0740905937 1.01393367194 2.42224371239 -1.23440480014 0
951 10.6211829185 83.149971 78.458347 1.0359732 81.2187630725 80.0663045484 1.00817934999 2.51298458748 -1.59247030183 0
954 10.6386950016 84.209192 80.07724 1.046865 81.3941000924 81.3890747888 1.03862159073 3.10574515398 -0.472312559901 0
957 10.6900441647 84.421821 80.346791 1.1291589 81.1816140365 80.9767639801 1.12062241596 3.30087974968 -0.489104507412 0
960 10.7588431835 84.549549 80.462185 1.2384433 81.9089627748 80.8830193146 1.21849366092 2.67391045718 -1.14303012229 0
963 10.7131268978 84.477315 80.645515 1.377415 82.1127444731 80.7022900875 1.33555316611 2.36525203463 -2.39850640454 0
966 10.6796820164 84.491575 80.745704 1.5042297 81.8898554532 80.5258615423 1.48436934736 2.61099124976 -1.13791438611 0
969 10.6815390587 84.58151 81.604236 1.6242617 81.4454243742 82.351929596 1.61132006642 3.22398492019 -0.741500983964 0
972 10.6989400387 84.52138 83.606555 1.6450761 81.1022418013 83.806503129 1.62147166047 3.42497960233 -1.35243476278 0
975 10.6109030247 84.450105 85.633891 1.6510189 81.4759896188 86.6505492709 1.6265116242 3.14308070855 -1.4041634709 0
978 10.7637910843 84.288283 87.799076 1.6553182 81.3297177093 88.2375459069 1.64196939533 2.99088021133 -0.764830169122 0
981 10.7085859776 84.219899 89.940013 1.6574582 81.0131977312 90.3677777467 1.61867129406 3.23510675342 -2.22232601047 0
984 10.73458004 84.085061 91.960688 1.6559816 81.1225401952 92.6710277634 1.62687635921 3.04649176891 -1.66760745892 0
987 10.6356189251 83.972707 94.061302 1.6546883 80.3269405527 94.9210256948 1.6575938478 3.74576264858 0.166475625885 0
990 10.8240039349 83.850194 96.236204 1.650278 80.0797308793 96.5222646087 1.66327927948 3.78129909107 0.744918442716 0
993 10.7875080109 83.742141 98.372522 1.653672 79.7750566008 99.0877759756 1.65931474797 4.03104786373 0.323305643606 0
996 10.5453789234 83.558608 100.37046 1.6603574 80.2133775035 101.019885532 1.65090324915 3.40768551899 -0.54168294235 0
999 10.638253212 83.448658 102.54165 1.6520527 79.8954050589 102.87381346 1.66350920738 3.5687447412 0.656409520597 0
1002 10.6963510513 83.308795 104.69204 1.6576029 79.4327517269 105.063278175 1.63359750895 3.89378084104 -1.37540759268 0
1005 10.6778209209 83.194681 106.76107 1.661421 78.8793824827 107.87312802 1.66696734323 4.45628481272 0.317782058635 0
1008 10.6399900913 83.066158 108.84686 1.6653468 78.762369036 109.567572436 1.67556448328 4.36371697776 0.585430128566 0
1011 10.6235189438 82.920912 111.09751 1.6564676 78.4813579275 111.413751917 1.6717621941 4.45080322107 0.876315691071 0
1014 10.6841711998 82.798446 113.12029 1.6519674 78.4161118166 113.587899306 1.66165891774 4.40721129039 0.555283063426 0
1017 10.6207778454 82.725101 115.25424 1.6521864 78.4431952563 116.412758314 1.66675339645 4.43586310443 0.834627416822 0
1020 10.6779150963 82.605874 115.888 1.7134215 78.6071599946 117.17517009 1.69724250192 4.20077618283 -0.926988306757 0
1023 10.6060531139 82.650086 115.98425 1.8265292 78.6219150936 117.130388813 1.83836419402 4.1880538474 0.67809520764 0
1026 10.55133605 82.697137 116.16336 1.9516157 78.5880481949 117.104670656 1.95569580905 4.21552802853 0.233773028444 0
1029 10.6757471561 82.611261 116.28116 2.0730733 78.2941098122 116.952352874 2.0845945235 4.36901524975 0.660117481505 0
1032 10.7667191029 82.517518 116.45008 2.1971216 78.6046029435 116.533945792 2.20340778625 3.91381370408 0.360171941592 0
1035 10.7005269527 82.418538 116.4581 2.3123831 78.3490771271 117.072717189 2.35029797265 4.11561247998 2.17236218343 0
1038 10.8055830002 82.414024 116.83182 2.4679277 78.6675318064 116.537423483 2.49443839327 3.75804112083 1.5189508366 0
1041 10.6567029953 82.282962 116.94587 2.5874118 78.8149116432 117.261839224 2.64471627183 3.4824143676 3.28330438326 0
1044 10.7629020214 82.208722 116.96752 2.707272 79.1493353192 116.983959661 2.76343341337 3.05943084986 3.21781195755 0
1047 10.6658859253 82.043289 117.20312 2.8493508 78.2570327425 117.7491594 2.86741625124 3.82542748906 1.03507411129 0
1050 10.6407608986 81.832352 117.28824 2.9891727 78.0426788176 117.5809307 3.00774959012 3.80095917833 1.06437740046 0
1053 10.7423779964 81.142386 117.29523 3.0875315 77.9856243475 116.853905692 3.119708917 3.1874615724 1.84363018952 0
1056 10.7428860664 79.131234 117.37152 3.1037602 75.3384805298 116.930447637 3.13047973003 3.81831425035 1.53091630126 0
1059 10.7088308334 77.094643 117.50841 3.1079346 74.2475880167 116.258567256 -3.0954043591 3.10931326207 4.57485875474 0
1062 10.7273240089 74.899205 117.59033 3.115912 71.9317836648 116.862760183 -3.1251418066 3.05531458606 2.41395716762 0
1065 10.8009150028 72.824078 117.69503 3.116944 69.9175965623 117.307679812 -3.11709760844 2.93217914122 2.81572652757 0
1068 10.7701570988 70.711208 117.83017 3.1174699 68.1098663975 117.076235246 -3.13022129259 2.70839357303 2.03366296337 0
1071 10.7269971371 68.550781 117.88294 3.1169773 65.8588020529 116.819513892 3.14142310672 2.89441284854 1.40064155202 0
1074 10.6283240318 66.454241 117.99143 3.11617 63.261853461 117.565779983 -3.11710496251 3.22063908806 2.85965210346 0
1077 10.6691679955 64.352032 118.06903 3.1139299 60.9308573082 117.064014419 -3.1399597507 3.56573871588 1.67851747422 0
1080 10.7175199986 62.204954 118.16997 3.1178991 59.2472005572 117.798197716 3.13965218056 2.9810266787 1.24635970766 0
1083 10.6656310558 60.134729 118.2293 3.1166836 57.1516060433 117.054320769 3.14127905861 3.20618133745 1.40921597361 0
1086 10.6771910191 58.034017 118.36643 3.1239361 54.780919523 117.316458672 -3.1405120888 3.4183450652 1.07355780354 0
1089 10.8352549076 55.858025 118.47896 3.1251128 52.5212446832 117.067148545 -3.13484357256 3.62316359921 1.33091991654 0
1092 10.6867101192 53.766425 118.55 3.1243401 50.2856630667 117.11228355 -3.13986971215 3.76599684386 1.08721577909 0
1095 10.734637022 51.628528 118.603 3.1187628 48.1780221959 117.061261337 -3.12724870127 3.77927882106 2.12990218701 0
1098 10.8046169281 49.494235 118.64783 3.1200968 46.6529036967 117.473652787 3.12896211314 3.07438704517 0.507945026871 0
1101 10.6025910378 47.379245 118.80828 3.1260538 44.3148078747 117.330239745 3.11520991157 3.40226070279 -0.62130904059 0
1104 10.6249001026 45.313934 118.87713 3.1250737 42.1326241396 117.63244641 3.13856244441 3.41613373072 0.772848125763 0
1107 10.5799529552 43.229975 118.9845 3.131291 41.1105383982 117.476837464 3.13836388424 2.60097247819 0.40524641615 0
1110 10.6942749023 41.038059 119.03542 3.1300111 38.364207918 117.396379312 3.12628053812 3.13622926208 -0.21374545112 0
1113 10.706592083 38.877743 119.09254 3.1262084 36.2036682046 118.209769306 3.13203382329 2.81601848528 0.333772168421 0
1116 10.7339639664 36.866989 119.17866 3.1252668 34.0215175217 118.772386333 3.09045652345 2.87432883051 -1.99448193014 0
1119 10.8185911179 34.67231 119.25843 3.1314701 32.1210141191 118.63519629 3.0818040339 2.62631508563 -2.84565597235 0
1122 10.7826550007 32.567479 119.34722 3.1353596 30.6627547567 118.666226931 3.12029586776 2.02280152341 -0.863088281227 0
1125 10.7608671188 30.502201 119.36971 3.1349527 27.1376458788 117.6019777 3.12982381912 3.80067213105 -0.29386322783 0
1128 10.7570261955 29.15421 119.31018 -3.13185 26.3918340778 117.964437302 -3.11792490456 3.0727421214 0.797849198273 0
1131 10.613850832 28.938717 119.39146 -3.028318 26.2447019235 118.085393716 -3.00170235237 2.99391489046 1.52496427798 0
1134 10.7304279804 28.80706 119.32785 -2.9089456 26.7446697146 117.894777804 -2.90215866736 2.51140391202 0.388862595863 0
1137 10.7277951241 28.607415 119.34948 -2.7753086 26.4328708266 117.570639238 -2.77273303312 2.80943354038 0.147569112257 0
1140 10.7283420563 28.309413 119.3977 -2.6319404 26.4834986055 117.724183532 -2.62726124746 2.47681665544 0.26809569212 0
1143 10.6585671902 28.176965 119.31562 -2.5155106 26.2013538591 117.863015353 -2.48715501968 2.45216223796 1.62465507776 0
1146 10.839163065 28.13257 119.1422 -2.3876282 26.3819716051 117.484489973 -2.39944473287 2.41093286389 -0.677037462015 0
1149 10.8310639858 28.071656 119.10664 -2.2643471 25.6775589941 117.826260553 -2.25335710422 2.71497182336 0.629680375164 0
1152 10.6737918854 27.847582 119.05477 -2.1225081 25.6866220882 118.490648461 -2.13022177888 2.23337879694 -0.441961244531 0
1155 10.7331588268 27.651134 118.95518 -2.0012288 25.5024702929 118.61316736 -2.01203120912 2.17571330184 -0.618932451087 0
1158 10.7342400551 27.585975 118.8068 -1.8653126 25.3780773216 118.48563788 -1.88633041551 2.23113362788 -1.20423212345 0
1161 10.811424017 27.545652 118.66047 -1.7395281 24.9627159996 118.701095224 -1.76222101789 2.58325546373 -1.30020841974 0
1164 10.8266088963 27.426878 118.54472 -1.6078392 26.2606472754 118.083522497 -1.60854612336 1.25411213218 -0.0405037250821 0
1167 10.7227740288 27.408113 118.27266 -1.4907581 26.3887331877 117.166711519 -1.49678430101 1.50408019883 -0.345275884156 0
1170 10.8034751415 27.619078 117.43976 -1.368489 26.0126899409 117.067036209 -1.35155952251 1.6490620428 0.969987609429 0
1173 10.8212969303 28.00462 115.50954 -1.3464267 27.0169234191 115.98881266 -1.30280113212 1.09783733686 2.49956091854 0
1176 10.7447731495 28.352772 113.43776 -1.3439724 26.6071735028 113.858869387 -1.37530776956 1.79567458893 -1.79538442526 0
1179 10.6440458298 28.777386 111.37552 -1.3470791 26.2382537704 111.247386184 -1.36252854786 2.54236322231 -0.885188157956 0
1182 10.7531499863 29.292879 109.18718 -1.3487141 26.7562612692 109.773084086 -1.40525288222 2.60340413888 -3.23943359993 0
1185 10.6539440155 29.664866 107.14961 -1.3582731 27.1512170001 107.505954405 -1.37962936054 2.53878172151 -1.22362359489 0
1188 10.7690589428 30.155372 105.1583 -1.3627181 27.072667253 105.447783998 -1.40303009396 3.09626703341 -2.30970711785 0
1191 10.8290588856 30.584999 103.08809 -1.3538609 27.7038650536 103.466741215 -1.41551767204 2.90590942035 -3.53267281656 0
1194 10.7056980133 30.932942 101.04272 -1.3388863 28.2358865738 101.636686303 -1.37880237456 2.76168498218 -2.28702260728 0
1197 10.7831699848 31.46397 98.886394 -1.3633561 29.014823575 98.755941111 -1.3901743445 2.45261822694 -1.53657222387 0
1200 10.7638850212 31.761459 96.890841 -1.3338862 30.0217888603 96.8300130459 -1.33855580335 1.74073324637 -0.267548564204 0
1203 10.7436079979 32.148779 94.808879 -1.340085 30.4697252937 94.687544416 -1.33940334375 1.68343203895 0.0390560259994 0
1206 10.7727088928 32.63242 92.742465 -1.3409888 31.1621510215 92.4958659697 -1.33884557945 1.49080580588 0.122797492288 0
1209 10.7544131279 33.223163 90.635151 -1.3443959 31.3516821708 90.606733528 -1.317620034 1.87169656911 1.53414411464 0
1212 10.6962039471 33.480467 88.544154 -1.3400822 31.600028862 88.7639860523 -1.33934302698 1.89324423198 0.0423514944924 0
1215 10.7656061649 33.996344 86.523674 -1.3537744 32.1936598219 86.5037868789 -1.33998194743 1.80279387158 0.790249321662 0
1218 10.8007109165 34.391099 84.502242 -1.3500462 32.8910804076 84.3194858183 -1.3444212047 1.51111071715 0.322288490562 0
1221 10.8431921005 34.871654 82.311763 -1.3462417 32.7249149957 82.728362309 -1.35906668287 2.18678836121 -0.734817390712 0
1224 10.7354290485 35.319079 80.358924 -1.358939 33.9717477889 80.6010475483 -1.34492274132 1.36891387786 0.803072466809 0
1227 10.7405879498 35.776446 78.250756 -1.3606991 34.5860085427 78.1796334531 -1.35009199692 1.19256016886 0.607742239251 0
1230 10.7623150349 36.167733 76.160289 -1.3496683 34.6473327613 76.6786785498 -1.3433872706 1.60634510957 0.359876475562 0
1233 10.8426067829 36.593873 74.026216 -1.3452321 35.4530664447 74.6272127794 -1.34315675565 1.28943271457 0.118908472069 0
1236 10.8673050404 37.096668 72.068535 -1.358637 35.7269825296 72.223833804 -1.3724392238 1.37846146346 -0.790809171889 0
1239 10.806843996 37.456761 70.030489 -1.3570922 35.2390700339 69.7951884502 -1.3799401729 2.23013891265 -1.30909241752 0
1242 10.6077020168 37.942935 67.912468 -1.3598503 36.0232561576 67.7984363948 -1.36128340511 1.92306267837 -0.0821108744362 0
1245 10.6672680378 38.381728 65.750541 -1.3597279 37.044464124 65.3232236579 -1.344927563 1.40387847939 0.847996845701 0
1248 10.7350718975 38.78715 63.709446 -1.3638712 37.322164816 63.3133821488 -1.34523765818 1.51757970579 1.0676233034 0
1251 10.6757979393 39.284372 61.704874 -1.358189 38.0143278093 61.6672737784 -1.35789753796 1.27060065445 0.0166995450357 0
1254 10.7012798786 39.616785 59.610797 -1.3616912 38.1626997816 59.3091444376 -1.34367322645 1.48504481106 1.03235383979 0
1257 10.7446939945 40.0981 57.483375 -1.3627524 38.7596622712 57.6350100056 -1.34003600699 1.34699989937 1.30155344532 0
1260 10.72615695 40.478176 55.366289 -1.371191 39.8765898364 56.2329010458 -1.34220708805 1.05495134968 1.66065582828 0
1263 10.7785918713 40.927924 53.368372 -1.3697355 40.4330467534 53.9481862749 -1.33790904246 0.76229133707 1.82352169417 0
1266 10.7009809017 41.311773 51.24524 -1.3687118 40.8326439336 51.7499644408 -1.34234946631 0.695924869142 1.5104504588 0
1269 10.7446899414 41.752813 49.127024 -1.3690442 40.5664556619 50.0743356947 -1.33960437305 1.51817099845 1.68677783411 0
1272 10.702162981 42.124468 46.999249 -1.3746445 41.4299168324 47.851935744 -1.34448638521 1.09976179596 1.72793269536 0
1275 10.7478280067 42.489069 45.000812 -1.3756167 41.2253401767 45.6631674661 -1.36429453947 1.42678845741 0.648712013322 0
1278 10.7700328827 42.919623 42.847052 -1.3693623 41.8555030245 43.6162203949 -1.3730100297 1.31300089184 -0.208999516468 0
1281 10.7686450481 43.26925 40.76156 -1.3849404 42.9807644929 41.954711352 -1.33597508185 1.22753168455 2.80550607279 0
1284 10.8526260853 43.723057 38.666685 -1.382086 43.5266432516 38.7371151154 -1.34395866715 0.208659439573 2.18453525639 0
1287 10.8205509186 44.069109 36.638541 -1.3748634 43.9326256397 37.0699823357 -1.33973853786 0.452514456986 2.01250635671 0
1290 10.832146883 44.48264 34.512889 -1.372972 43.7005411369 35.4386323391 -1.35322644725 1.21189082081 1.13133683675 0
1293 10.8775689602 44.660959 33.544964 -1.3339999 44.3343003818 33.8118143107 -1.30650328129 0.421799645735 1.57544020318 0
1296 10.8682010174 44.654294 33.324157 -1.2074321 43.9947978061 33.7300209646 -1.19948740611 0.774377677606 0.455197429662 0
1299 10.6584630013 44.699557 33.107025 -1.0711259 44.044691009 33.1696964104 -1.09725454852 0.657858017988 -1.49706128477 0
1302 10.6785440445 44.829945 32.953901 -0.95914547 44.0473774252 33.2832262065 -0.939209202151 0.849038927708 1.142264007 0
1305 10.7573540211 44.914184 32.826307 -0.82117543 44.4149019112 33.4013846454 -0.796283455361 0.761575276922 1.42620509058 0
1308 10.8196651936 44.932468 32.690373 -0.70238554 43.2415828277 33.1845095973 -0.797597675495 1.76160825465 -5.45525352226 0
1311 10.8203349113 45.019913 32.619075 -0.56167342 43.9094255746 33.1038409058 -0.66977326448 1.21168490347 -6.19366485471 0
1314 10.7580049038 45.164806 32.47066 -0.44585332 44.0341101141 33.0173532067 -0.675870632649 1.25592461899 -13.1790212297 0
1317 10.7893769741 45.307079 32.373178 -0.30795343 44.07325415 33.1564525219 -0.573657339397 1.46145226987 -15.2237126086 0
1320 10.8218510151 45.468859 32.25314 -0.19105128 43.5632619238 32.2952803085 -0.364150541989 1.9060629639 -9.91785714879 0
1323 10.8078260422 46.833289 32.057508 -0.10389315 44.9127266782 32.8624127432 -0.318716136745 2.08240996869 -12.3084504829 0
1326 10.7645499706 48.863767 31.868312 -0.084237935 47.3573477763 31.7423160953 -0.322001866734 1.51167914769 -13.6228698088 0
1329 10.593724966 51.033972 31.691587 -0.08198003 48.3371561196 29.2560659148 -0.612251014686 3.63381051363 -30.3822894208 0
1332 10.703209877 53.111195 31.42619 -0.084122232 51.5286157513 33.4882741349 -0.0480660293947 2.59937455128 2.06586823455 0
1335 10.5805740356 55.206155 31.249451 -0.082409142 53.5344352542 33.1712764217 -0.0136435955335 2.54716702632 3.93997558844 0
1338 10.6861658096 57.287235 31.07162 -0.080297126 56.1352235296 33.0703583171 -0.0343363635025 2.30696451817 2.63335771431 0
1341 10.6103219986 59.516372 30.847745 -0.092608556 58.2990174312 33.0098635549 -0.0116694157667 2.48127160777 4.63747113278 0
1344 10.7441940308 61.567611 30.670937 -0.091677002 60.650010915 33.1292764269 -0.0227559003181 2.62400888984 3.94888824576 0
1347 10.716878891 63.68279 30.502969 -0.089332225 63.1199296158 32.0690317523 -0.0683123880485 1.6641407261 1.20434794337 0
1350 10.7424030304 65.773678 30.270465 -0.081918863 65.3684804207 32.0652052752 -0.0805170980252 1.83991242553 0.0803152169256 0
1353 10.656796217 67.870787 30.052005 -0.080757136 67.7457362355 31.8028267253 -0.0654471826511 1.75528185988 0.877195711434 0
1356 10.6502878666 69.978421 29.855203 -0.080851998 69.3255421109 31.8550050228 -0.078846473085 2.10367748821 0.114908113338 0
1359 10.7167980671 72.04312 29.748383 -0.089661546 70.6075509622 30.9183054159 -0.100714559098 1.85191169379 -0.633291001432 0
1362 10.5904419422 74.192216 29.503442 -0.097083695 72.3859048642 30.7954996468 -0.0845452994307 2.22084958557 0.718397147987 0
1365 10.6789960861 76.337484 29.313327 -0.092202589 74.9813331297 30.508122307 -0.0966713351214 1.80739619583 -0.256040292471 0
1368 10.663216114 78.469083 29.072242 -0.088851811 77.5512309926 30.5803639242 -0.101074964849 1.76546992211 -0.700335127866 0
1371 10.6526939869 80.508884 28.860474 -0.08148585 78.9565279136 30.0534825909 -0.0988550884438 1.95782504758 -0.995184056186 0
1374 10.6659960747 82.648681 28.706332 -0.092016755 81.0651820514 30.2221762108 -0.0792944734917 2.19208863687 0.728933036204 0
1377 10.6760480404 84.803463 28.469695 -0.089914919 83.7389907275 30.3120896274 -0.0621654397047 2.12779679061 1.5899280473 0
1380 10.7075212002 86.909059 28.274418 -0.095059786 85.0036241618 30.2608664701 -0.0654982042606 2.75257324103 1.6937538694 0
1383 10.6212060452 88.999768 28.069648 -0.093100738 87.2407240349 30.361591303 -0.0467094697114 2.88915900831 2.6580238792 0
1386 10.6788799763 91.148907 27.8824 -0.087682683 89.4905908355 30.3678449163 -0.0570759593065 2.98788368806 1.75363609236 0
1389 10.598981142 93.191686 27.680334 -0.085944106 91.2719004788 29.8819102191 -0.0538714305838 2.92104678088 1.83762893904 0
1392 10.6098201275 94.597595 27.536443 -0.026113958 93.5975753225 30.1912200178 -0.0581338902614 2.83687863148 -1.83460697887 0
1395 10.55783391 66.734672 23.138609 0.64678418 94.9561917305 30.7988953385 -0.0300382864653 29.2426770779 -38.7790708081 0
1398 10.7097501755 41.954155 8.6979942 1.5862633 97.9704940679 31.3073678994 0.0120040657264 60.407069302 -90.1984099834 0
1401 10.5047807693 40.498777 7.6026468 1.6671323 99.7232625249 31.2356922607 0.00881998649695 63.7656688464 -95.0142966783 0
1404 10.6858949661 40.36551 9.5759073 1.6613912 101.834842637 30.8272157165 -0.000691538217155 65.0391955998 -95.2303261014 0
1407 10.6865367889 40.15753 11.693798 1.6450717 102.862213849 30.6127216763 -0.030117893443 65.4965880768 -95.9812935885 0
1410 10.6924180984 40.017928 13.779826 1.6578436 103.019347062 30.0165021005 -0.036095871805 65.0600373083 -97.055582485 0
1413 10.7445271015 39.937066 15.922073 1.6651068 105.841284918 31.6148820851 0.0456221997453 67.7468104647 -92.789632581 0
1416 10.6740529537 39.75755 17.953862 1.6630734 107.180445985 31.1417546352 0.0132853980933 68.7005634268 -94.5258896006 0
1419 10.882294178 39.645384 20.177858 1.663423 108.494134265 32.1517748219 0.0611456704919 69.8822230405 -91.8037285903 0
1422 10.828717947 39.526919 22.292671 1.6684735 111.292057644 32.3437168734 0.087305934163 72.4655687052 -90.5942282254 0
1425 10.8979609013 39.303781 24.413998 1.6572417 111.677467543 32.4947219623 0.0600815925464 72.8234069761 -91.5105333637 0
1428 10.6654930115 39.21094 26.55624 1.6661167 118.481670045 29.0423160265 -0.0690330381689 79.3097044246 -99.4167568203 0
1431 10.6829648018 39.049874 28.673026 1.6660737 117.746488989 34.28110135 0.127614556824 78.8961831772 -88.1472158573 0
1434 10.6979730129 38.816051 30.701859 1.6598041 120.232918813 34.8594849017 0.136169814173 81.522955158 -87.2978140993 0
1437 10.7165210247 38.695572 32.853799 1.6647394 123.119459894 34.8110750544 0.106897007718 84.4465735043 -89.2577942243 0
1440 10.7382779121 38.58982 35.008607 1.6723781 124.490886169 35.3742589371 0.11391513578 85.9018443938 -89.2933503772 0
1443 10.7499170303 38.393816 37.160762 1.6689022 126.697953362 35.5031412697 0.114467072514 88.3196941891 -89.0625723318 0
1446 10.7556238174 38.314928 39.264936 1.6781402 128.804979145 37.0699797715 0.137387688261 90.5166680177 -88.2786161969 0
1449 10.7233200073 38.042909 41.445131 1.6601298 130.279231026 37.3761741487 0.171869346007 92.3260283495 -85.27104283 0
1452 10.6828999519 37.893052 43.482766 1.6655679 135.732371319 27.6616680373 -0.0842747497821 99.1102393581 -100.258598645 0
1455 10.731760025 37.737395 45.529248 1.6663309 138.167513958 26.791891439 -0.064975319526 102.163091793 -99.1965394236 0
1458 10.647963047 37.667375 47.706088 1.6735516 140.959642719 26.0609271446 -0.0916084519992 105.535802262 -101.136221145 0
1461 10.7409498692 37.411337 49.793915 1.6717816 142.386814755 25.580208774 -0.108267938498 107.731863899 -101.98932588 0
1464 10.7763450146 37.208006 51.943854 1.66906 27.5061499728 114.653061474 1.7270599606 63.455265443 3.32315295443 0
1467 10.7783741951 37.03196 53.963531 1.6741645 26.8562527469 117.357902662 1.61893407867 64.2058515754 -3.16447004284 0
1470 10.8489220142 36.983983 56.143126 1.6856298 27.3404466905 119.373968154 1.69824747057 63.9619980308 0.72293927104 0
1473 10.8365631104 36.720012 58.206076 1.6746777 33.9712555819 58.389038842 1.65805899844 2.75483887873 -0.952181460188 0
1476 10.8468852043 36.536888 60.398002 1.6787317 33.7879588996 60.3133288627 1.71240827934 2.75023285185 1.92952586455 0
1479 10.6866850853 36.401835 62.417273 1.6766351 33.2078925018 61.9908082994 1.70029514275 3.22228813462 1.3556205928 0
1482 10.702475071 36.239068 64.615141 1.6886647 33.1660792687 63.4494453468 1.68806666625 3.28665576208 -0.0342648100922 0
1485 10.7230889797 35.99676 66.655908 1.678851 33.1803049314 66.5234021606 1.66264541888 2.81957034867 -0.928511402622 0
1488 10.7581520081 35.830181 68.859683 1.6854848 33.3030263513 68.5780067695 1.68169923724 2.54280398724 -0.216896769083 0
1491 10.7723350525 35.575227 70.898859 1.683738 33.1913303691 70.74953753 1.66919454801 2.3885686191 -0.833278418757 0
1494 10.7806079388 35.463169 73.006353 1.6935188 33.0219205046 72.8401993373 1.67439020778 2.44689624955 -1.09598760213 0
1497 10.8346040249 35.205801 75.07321 1.6913976 31.9931548052 74.8617750788 1.70989313014 3.21959629441 1.05971581704 0
1500 10.692761898 34.978045 77.287591 1.6912075 31.7015370924 75.5998117297 1.73104752816 3.68566180403 2.28266546908 0
1503 10.67704916 34.814043 79.320098 1.7000185 31.072251019 78.3447275128 1.72618175237 3.86682748725 1.49904393917 0
1506 10.7267670631 34.580736 81.372215 1.6970036 31.0238599377 80.8368506103 1.71061862025 3.59694069342 0.780083198496 0
1509 10.636081934 34.345965 83.441951 1.6955247 30.6519032158 83.1451924082 1.69854638855 3.70596251021 0.173130001023 0
1512 10.7559452057 34.142398 85.698773 1.7034669 30.1364163049 85.0681410174 1.70599521504 4.05531577545 0.144861780979 0
1515 10.6994459629 33.910208 87.748137 1.7016389 30.5122856827 87.1730198522 1.68633103883 3.44624952785 -0.8770758382 0
1518 10.7095489502 33.670818 89.737713 1.6967853 30.2794691621 89.5298265098 1.6782474619 3.39771448673 -1.06213988462 0
1521 10.6824040413 33.472926 91.900649 1.7056804 29.6278083046 91.8170193005 1.6908333312 3.84602704337 -0.850674380331 0
1524 10.5807898045 33.217902 94.036516 1.7078464 29.8436477348 93.6650416995 1.68568512297 3.39464062934 -1.26974764219 0
1527 10.7646448612 33.034075 96.178482 1.7177188 28.4809486629 95.9928042131 1.71136263771 4.55691076087 -0.364181273402 0
1530 10.7486040592 32.713254 98.174723 1.7080491 28.1919535164 97.3060757276 1.72030647767 4.60398806977 0.702296008326 0
1533 10.7260100842 32.45653 100.24821 1.7068362 27.9267891913 99.4668208629 1.71028131775 4.59664233737 0.197390707241 0
1536 10.7605259418 32.217075 102.39435 1.7082962 27.5372286539 101.95428783 1.70519108683 4.70049109518 -0.177909879348 0
1539 10.7615249157 31.955228 104.48204 1.7110577 28.0562061008 103.425045418 1.6835050085 4.03975362073 -1.57865293693 0
1542 10.761026144 31.741377 106.6002 1.7198575 27.7792067701 105.687314516 1.67946921285 4.06597501675 -2.31407839523 0
1545 10.7450459003 31.439656 108.68741 1.7105287 27.377434724 107.776033916 1.68524637744 4.16320166005 -1.44857037884 0
1548 10.684265852 31.216018 110.75498 1.7177022 27.2921413575 110.235883431 1.7078153812 3.95806381374 -0.56647298996 0
1551 10.7885191441 30.916985 112.90957 1.719675 27.1885022698 112.389920133 1.68654017115 3.76452114529 -1.89848584809 0
1554 10.6775159836 30.668641 114.94646 1.716506 26.9694475522 114.395027553 1.67368664245 3.74006816883 -2.4533684692 0
1557 10.7530679703 30.419865 117.12266 1.716223 26.8077564612 115.502550279 1.68930125251 3.95879825242 -1.54250250816 0
1560 10.6524670124 30.132888 119.21343 1.725557 26.3465232228 117.491894259 1.70494147022 4.15935614406 -1.18118284895 0
1563 10.7647080421 29.88258 121.34383 1.72867 26.0786844777 119.947480586 1.72116360745 4.05208746586 -0.430084612507 0
1566 10.7315449715 29.981486 120.5055 1.7055843 25.8430305315 119.624597141 1.69341910044 4.23117046596 -0.697014591607 0
1569 10.8162350655 30.170653 118.4575 1.6900862 26.5622705651 117.769329581 1.66598510607 3.67341834284 -1.38089096387 0
1572 10.7809779644 30.502618 115.6086 1.6745202 27.5266491278 114.759479964 1.69017964751 3.09473675206 0.897220252051 0
1575 10.693187952 30.699806 113.48782 1.6738205 27.2114331995 112.694672146 1.6704569153 3.57740524877 -0.192719207406 0
1578 10.5847759247 30.8492 111.36091 1.6697397 27.519014344 110.741435286 1.67364248466 3.38731241913 0.223613089352 0
1581 10.7150609493 30.973164 109.37107 1.6787837 27.477692823 108.724727642 1.67088867236 3.55472603623 -0.452351762687 0
1584 10.5404720306 31.204408 107.09871 1.665475 28.2002001363 107.341812531 1.7104275409 3.01402782489 2.57559087174 0
1587 10.7273039818 31.322843 104.96751 1.6587885 27.6922238335 105.110607603 1.67911379645 3.63343810412 1.16455370389 0
1590 10.6707541943 31.457099 102.91722 1.6541397 27.8770000086 102.94293967 1.67477196128 3.58019137617 1.18214149325 0
1593 10.6775839329 31.546684 101.34427 1.631357 28.0688546013 101.69690552 1.65470713839 3.49566147338 1.33786438081 0
1596 10.7844398022 31.536552 101.09899 1.5279681 28.6163156241 101.920319526 1.59437150914 3.03353962925 3.80463508887 0
1599 10.7316689491 31.522716 100.84711 1.3818466 28.5611578748 102.153582462 1.45233355761 3.23692706468 4.03860518165 0
1602 10.7691910267 31.33472 100.81397 1.2437751 28.12221745 101.93347792 1.304601231 3.40198039618 3.48508059014 0
1605 10.6602940559 31.335612 100.76499 1.1262837 28.5474992168 101.86576799 1.18718360697 2.99754650942 3.48930764189 0
1608 10.7803571224 30.238332 99.003137 0.9296569 28.6179607393 100.005422124 1.03645538629 1.90530272995 6.11910252255 0
1611 10.6255290508 28.772289 97.32743 0.78863198 26.5774920863 98.2914492342 0.868795307623 2.39717887863 4.59302034453 0
1614 10.5832269192 27.005154 95.945316 0.6582802 24.8700994833 97.1635438445 0.747089377905 2.45815721032 5.08839107597 0
1617 10.6280770302 26.209553 95.323497 0.64585939 24.0174531305 95.5166075368 0.71092199251 2.20058935678 3.72781252797 0
1620 10.7124121189 26.225548 95.299359 0.74214735 24.5966857803 94.7886919899 0.834622774714 1.70703629898 5.29845154482 0
1623 10.8212018013 26.287241 95.304851 0.87876564 24.4762237477 94.8756095765 0.942825519016 1.86119093261 3.67036070373 0
1626 10.7758259773 26.503119 95.525486 1.0159202 23.6218987471 94.8735526343 1.07367033637 2.95405606902 3.30883908049 0
1629 10.7326660156 26.584147 95.637624 1.1414331 23.2403518309 94.6778823769 1.20445618858 3.47880297173 3.61095698736 0
1632 10.7940659523 26.62792 95.717086 1.2595284 24.7272654612 95.8923617765 1.28592653947 1.90871927574 1.51250197854 0
1635 10.7902810574 26.756174 95.797181 1.3910555 23.906159772 95.8831013992 1.46487273854 2.85130907035 4.22941622372 0
1638 10.7359399796 26.381693 93.77201 1.3952992 23.6439033823 93.9289158833 1.49212557798 2.74228216034 5.54774280356 0
1641 10.766920805 26.011804 91.856332 1.39866 23.2739979658 92.7116456353 1.46537477921 2.86829972207 3.82247527975 0
1644 10.5631737709 25.609249 89.727224 1.3968171 23.0658216343 89.9853715897 1.48433761798 2.55649426809 5.01455630083 0
1647 10.6510410309 25.2462 87.568251 1.3940659 23.6607249909 87.8184971166 1.53683736868 1.60510252733 8.1802025905 0
1650 10.5767171383 24.820481 85.505592 1.4017015 22.9452749084 85.4918880342 1.51763515722 1.8752561651 6.64250926219 0
1653 10.5398089886 24.493958 83.448062 1.398475 21.5436764042 84.3836088797 1.46691913488 3.09506210898 3.92156006111 0
1656 10.7219109535 24.080092 81.345956 1.3962744 21.1597413707 81.8918896517 1.45249810007 2.97094115565 3.22138072251 0
1659 10.5925161839 23.622432 79.208855 1.3888608 20.3585076638 79.2031015867 1.44994542887 3.26392940709 3.49989142721 0
1662 10.698551178 23.236261 77.182266 1.3737053 20.0363302312 77.3942350112 1.42698959276 3.20694368314 3.05296508964 0
1665 10.6517190933 22.741503 75.111069 1.3685019 19.5460059297 75.229226568 1.41147375372 3.19768083728 2.4621058562 0
1668 10.720952034 22.23837 73.007777 1.3690406 19.3484559602 72.9672886493 1.42278625862 2.89019765133 3.07939940581 0
1671 10.6607298851 21.796618 70.8705 1.3677106 18.8206708885 71.4290856866 1.42642062991 3.02791664011 3.36383692909 0
1674 10.7439379692 21.306705 68.900927 1.3588762 20.1356819744 69.2121954592 1.4848603509 1.21168600726 7.21836013187 0
1677 10.7705891132 20.800373 66.796896 1.3509317 19.7349476144 67.088868903 1.4764928164 1.10470784748 7.19412204056 0
1680 10.7346448898 20.180988 64.758154 1.3339286 19.1920960747 65.3430116246 1.46577486518 1.14889759379 7.55423453964 0
1683 10.7498121262 19.716632 62.635567 1.3210663 18.5456811961 63.650408168 1.4621415259 1.5495252116 8.0830150379 0
1686 10.7159991264 19.127208 60.642471 1.320188 17.1106190617 60.73600448 1.41566390986 2.01875690907 5.4703666802 0
1689 10.7086570263 18.573484 58.538556 1.3117791 17.2229758857 58.5871030541 1.41191070904 1.3513803992 5.73711859395 0
1692 10.6751208305 18.03732 56.562177 1.3046299 16.9086057881 56.5722231792 1.41341351188 1.12875891926 6.23284184086 0
1695 10.6521499157 17.470308 54.449011 1.30616 16.1150432723 54.5785162519 1.39156730824 1.36143824402 4.89347830159 0
1698 10.7180409431 16.865167 52.414515 1.2995721 14.9471477839 52.293055449 1.3711368845 1.92186111251 4.10036011356 0
1701 10.781883955 16.322269 50.452679 1.2871313 15.2648293756 50.6664769212 1.39702009996 1.07883646136 6.29616445364 0
1704 10.7385849953 15.679585 48.421133 1.2791916 14.5491831035 48.4594973138 1.38179852107 1.1310527256 5.87894352605 0
1707 10.8142461777 15.049517 46.343459 1.2810584 13.9503747178 46.3219618536 1.38530571863 1.09935248386 5.97293138299 0
1710 10.8097829819 14.370513 44.264129 1.2685694 13.8733033588 44.5506723546 1.40458879164 0.573868034768 7.79333707297 0
1713 10.56584692 13.728985 42.398373 1.2622613 13.6687407958 42.5588967913 1.3979143815 0.171456267662 7.77234904812 0
1716 10.6398499012 13.116178 40.310007 1.2578142 12.6648056095 40.2832089278 1.38351302516 0.452167194242 7.20201217156 0
1719 10.5995850563 12.482531 38.460523 1.239848 12.8648586363 38.9088050602 1.37917797157 0.589178433901 7.98301933077 0
1722 10.7102270126 12.331027 38.238303 1.1567887 10.8634238972 38.4659989943 1.22365311362 1.48516138286 3.83104869991 0
1725 10.6223180294 12.263795 38.100898 1.043782 11.7108258909 37.6489258924 1.15333953275 0.71418038456 6.27718424039 0
1728 10.7040331364 12.231882 38.075858 0.90529637 11.4619926773 37.3280780154 1.02390183339 1.07326812794 6.79559247932 0
1731 10.745372057 12.170047 37.918491 0.7605547 11.2853030643 37.8353061406 0.901688109489 0.888645909556 8.08634871201 0
1734 10.7489230633 11.9457 37.868652 0.60051086 11.6774217488 37.6343440561 0.757036944855 0.356192971114 8.96828404592 0
1737 10.757764101 11.861848 37.85602 0.47073445 11.7400957037 37.5260951819 0.633855769107 0.351673154042 9.34616313346 0
1740 10.6866779327 11.68598 37.868337 0.32347919 11.8572242963 37.483554772 0.481288684697 0.421167391886 9.04181801322 0
1743 10.6236071587 11.634663 37.834152 0.18688423 11.5792348225 37.4179878172 0.134227567623 0.419839147657 -3.01700451743 0
1746 10.6869418621 11.546787 37.799316 0.059161186 11.9720536416 37.6510803615 0.0117833728543 0.450361544714 -2.71454873581 0
1749 10.7662949562 11.461332 37.784444 -0.088384018 11.9252709539 37.5319660771 -0.0380082680065 0.528189790237 2.88631786444 0
1752 10.7738959789 11.353119 37.809133 -0.22428348 12.2498483479 37.602356077 -0.143336351345 0.920260951766 4.63792883562 0
1755 10.8962459564 11.259101 37.929753 -0.36642208 12.0279150315 37.0034594963 -0.157708449591 1.2037834814 11.9584101493 0
1758 10.8381280899 11.22919 38.083377 -0.50941267 12.0594694958 36.818229351 -0.2333358072 1.51326224261 15.8180390596 0
1761 10.9034278393 11.185129 38.110347 -0.64618684 11.749001056 38.1757818033 -0.416803092163 0.567656065768 13.14272064 0
1764 10.8424041271 11.588805 37.741111 -0.76036767 11.9403585921 37.0648393099 -0.606093773458 0.762189823471 8.83924316089 0
1767 10.8713121414 13.063467 36.224873 -0.77289998 12.6857305909 36.1605332592 -0.695922361736 0.383176717746 4.41049264352 0
1770 10.6355910301 14.493375 34.807156 -0.77803694 14.4052762949 34.7901278243 -0.719284224147 0.0897292628398 3.36628265329 0
1773 10.6302371025 15.892318 33.28564 -0.77023756 15.4902108354 34.0011541611 -0.735090259325 0.820762259486 2.01379198995 0
1776 10.6186621189 17.405154 31.857105 -0.77891679 17.5149776878 32.1806451799 -0.756605991579 0.341671611907 1.2783145871 0
1779 10.686175108 19.008966 30.381332 -0.78385491 19.0404957548 30.5896434017 -0.754030596432 0.210684041916 1.7088072943 0
1782 10.6819460392 20.517371 28.856906 -0.78454873 20.5382557356 29.2294984914 -0.770064706203 0.373177353075 0.829873433929 0
1785 10.6700680256 22.037399 27.308602 -0.78653789 22.1832460838 27.9227972652 -0.80036542819 0.631274263459 -0.792259579345 0
1788 10.7110369205 23.470866 25.802264 -0.78746834 23.7930104612 25.9178146095 -0.777158838346 0.34224113905 0.590690933643 0
1791 10.8062009811 25.030138 24.239515 -0.79252133 25.0543357852 24.6907554817 -0.776905496241 0.451888819392 0.894721367989 0
1794 10.745223999 26.508975 22.80392 -0.79210599 26.3838457158 22.9379586905 -0.778874060348 0.183367686099 0.758133723889 0
1797 10.7591891289 27.961008 21.312251 -0.79564812 27.9247517503 21.6187334318 -0.752642483197 0.308619501354 2.46404148409 0
1800 10.8081591129 29.36401 19.750057 -0.78815021 29.3392637053 20.1441679078 -0.781315528653 0.394887055684 0.391598395523 0
1803 10.8303320408 31.016391 18.179875 -0.79578372 30.7358474988 18.9827649248 -0.762017339527 0.850492144216 1.93467109053 0
1806 10.7854030132 32.405165 16.663972 -0.79079715 32.3601484319 17.5592182229 -0.775327762062 0.896377315079 0.886330640479 0
1809 10.6968171597 33.875627 15.226881 -0.79213801 33.7831973037 15.5453965369 -0.793610367757 0.331655538199 -0.0843598853942 0
1812 10.7646369934 34.400964 14.714584 -0.72873329 33.9202270215 15.0106901093 -0.745771617302 0.564612141625 -0.976224244371 0
1815 10.783698082 34.541831 14.529671 -0.59347242 33.9168420714 14.6347873554 -0.656439541019 0.633766998985 -3.60775028247 0
1818 10.6928369999 34.648846 14.435796 -0.47955783 34.0491873466 15.1189458411 -0.499303990415 0.909001763516 -1.13137165338 0
1821 10.7686021328 34.668797 14.324629 -0.34405458 33.7616500785 14.7841965146 -0.368845733077 1.01691584597 -1.42042844058 0
1824 10.7901768684 34.864126 14.20779 -0.22615765 34.3961708149 15.2790629514 -0.244994727647 1.16902001338 -1.07928504752 0
1827 10.84724617 35.017605 14.088235 -0.094353638 35.2104092601 15.0356911477 -0.114429758244 0.966874673643 -1.15027695899 0
1830 10.7107839584 36.599142 14.0692 -0.022879679 36.6834641242 15.0453661079 -0.0334963615856 0.979801250727 -0.608291104582 0
1833 10.7987968922 38.63985 14.009333 -0.014813302 38.0328982194 14.5767117712 -0.0281359044518 0.830848442247 -0.763328892621 0
1836 10.6368939877 40.768535 13.925491 -0.0089087199 40.0032528819 14.7601739183 -0.0430044141048 1.13240994984 -1.9535393775 0
1839 10.6468698978 42.905865 13.952369 -0.011506708 42.0785334047 14.6808005012 0.0179515379742 1.10231121763 1.68783316618 0
1842 10.7506389618 45.04117 13.838962 -0.010052037 44.7949325848 14.9803121529 -0.00527552175633 1.16760996749 0.273674164242 0
1845 10.7008230686 47.095509 13.764363 -0.008210261 46.246202456 14.846960058 0.0130173889936 1.3759861902 1.21625475362 0
1848 10.738079071 49.256947 13.750747 -0.012245698 48.4978821669 14.8892753534 -0.00291589624335 1.36836626393 0.53455826435 0
1851 10.7588129044 51.347189 13.680192 -0.017629817 51.1326953484 15.1081685206 -0.00511401458031 1.44399600759 0.717102655868 0
1854 10.7721440792 53.510554 13.649042 -0.0075411209 52.4612214755 15.1400105981 0.00863186126774 1.82320764244 0.926643620352 0
1857 10.8348782063 55.608657 13.581194 -0.0077936973 54.7858585082 14.8724562256 0.00289245787183 1.53112882978 0.612271590568 0
1860 10.8353979588 57.666716 13.591636 -0.01411162 56.9241520837 15.3992434907 -0.00671797139583 1.95418678996 0.423624860222 0
1863 10.724697113 59.905766 13.533857 -0.012519778 59.0498867208 14.7832564637 0.0122521468083 1.51443994943 1.41932674193 0
1866 10.7132689953 62.027534 13.447994 -0.021676244 60.4647363105 15.1109443393 0.00480490906248 2.28204742491 1.51725830712 0
1869 10.7430398464 64.181261 13.371995 -0.025327169 63.2584644119 15.1403359368 -0.00818466498881 1.99463861685 0.982193130127 0
1872 10.7198719978 66.241252 13.310079 -0.024907545 65.4133518599 14.9918551581 0.00736024333975 1.87451051956 1.84880808609 0
1875 10.8616158962 68.444119 13.24669 -0.026304862 66.9979189669 15.2103754438 -0.00659845556634 2.43876096779 1.12909391802 0
1878 10.7638940811 70.49734 13.123327 -0.017605166 69.2640251404 15.0016631377 -0.000818325928861 2.24704521297 0.961815087437 0
1881 10.761631012 72.634932 13.039101 -0.019360635 71.8880486081 14.7971356535 0.00108315449682 1.91011011302 1.17134285542 0
1884 10.7170209885 74.720419 12.994859 -0.019347658 73.6298886346 15.0888399154 7.87733728356e-05 2.36093467758 1.11305252866 0
1887 10.71752882 76.914825 12.90632 -0.036038761 75.6544140794 14.9063726114 -0.00208828792828 2.36407405487 1.94521881948 0
1890 10.8515458107 79.004774 12.78569 -0.032634565 77.9851076612 14.9119398104 -0.00704868919022 2.35810468358 1.46596269905 0
1893 10.762005806 81.177999 12.691712 -0.029848436 80.881087364 14.5068289581 0.000499668470472 1.83924062899 1.73881830238 0
1896 10.7752919197 83.222919 12.597068 -0.02122413 82.2429772889 14.7960248411 -0.0117315004154 2.40742537713 0.543887611678 0
1899 10.8724350929 85.390174 12.538762 -0.021700441 84.2868270946 14.7399733467 -0.00832907514608 2.46225623901 0.766122829755 0
1902 10.7940969467 87.449986 12.512039 -0.030894579 86.7011669121 14.8627328221 0.00367859089226 2.46708156969 1.98089671922 0
1905 10.8158800602 89.572355 12.414566 -0.034322832 88.3008666462 14.8574216492 0.00902853966572 2.75394741359 2.48385063255 0
1908 10.7693140507 91.713838 12.339838 -0.030338307 90.5423541668 14.8635618795 0.0116485789742 2.78236528716 2.40567136122 0
1911 10.6790709496 93.866625 12.234111 -0.027880568 92.8814610465 14.9344980814 0.00784390863079 2.87448054518 2.04686173626 0
1914 10.6833970547 96.027017 12.118277 -0.016096141 94.7486420025 14.6967963728 0.00598321857693 2.87802098497 1.26505411811 0
1917 10.7703361511 98.003729 12.063433 -0.023465033 97.6246352347 14.9443783252 0.00651280843331 2.90578011038 1.71760379304 0
1920 10.8744461536 100.1865 11.996018 -0.023536261 99.0882168483 15.0607183806 -0.0015154187551 3.25555130574 1.26170132196 0
1923 10.8605320454 102.26857 11.921444 -0.023061579 101.991571611 14.9486373585 0.0117263561369 3.0398400842 1.99320186132 0
1926 10.8246479034 104.50291 11.810699 -0.022632517 103.521246099 15.1756589555 0.00529777303721 3.50522745587 1.60028773971 0
1929 10.7600879669 106.528 11.779433 -0.025937223 105.961087293 14.9830959551 0.0107462476941 3.25343608325 2.10180804867 0
1932 10.8651511669 108.61821 11.737233 -0.017267816 108.117203458 14.7375857101 0.00699098967776 3.04189479441 1.38992718136 0
1935 10.8973908424 110.65428 11.638117 -0.015586443 109.402202636 15.0291162878 0.0178274705463 3.61477162435 1.91447622322 0
1938 10.8655340672 112.94226 11.558687 -0.011710616 111.416962441 14.7967530396 0.00290439805446 3.57933014956 0.837378622845 0
1941 10.814136982 114.89636 11.528856 -0.01668203 114.066828221 15.1974469833 0.00288308708135 3.76120762182 1.12099863444 0
1944 10.8498158455 117.03777 11.494892 -0.018548407 116.583870654 15.0356183449 0.00634412985618 3.56970134119 1.42623730323 0
1947 10.7968149185 119.07747 11.406331 -0.016261061 118.322946133 15.0994348006 0.0114424885695 3.76939278243 1.58729646786 0
1950 10.9055800438 121.291 11.334615 -0.012126455 120.219218519 15.1037998009 -0.00443208483657 3.91860556914 0.440854936376 0
1953 10.8124518394 123.43737 11.229443 0.0013807468 122.637745038 15.237857279 0.00534372358907 4.08739343745 0.227061844322 0
1956 10.8953430653 125.58554 11.258252 -0.0049853053 124.751749982 15.4459189577 0.0152150114631 4.26986654849 1.15739289536 0
1959 10.8553299904 127.50849 11.183265 -0.012828209 126.416331301 14.9969675117 -0.00299204000088 3.96700610924 0.563570970227 0
1962 11.0190448761 130.28779 11.390648 -0.01314096 128.898789392 15.070171865 0.00153521906918 3.93296561924 0.840883120042 0
1965 10.8547599316 132.78769 11.256475 0.0084755214 131.011556237 15.0183116361 0.00417964127909 4.16005601175 -0.246135800222 0
1968 10.8468358517 125.9239 10.596074 0.27888777 132.689970449 14.6700870199 -0.00497181697676 7.89792956474 -16.2639563081 0
1971 10.8426380157 93.936275 13.265891 0.84250578 133.321860406 14.2449212185 -0.00442452571353 39.3977516865 -48.5255320591 0
1974 10.7735579014 59.212281 6.4432491 1.3602712 133.578986986 15.0889261438 0.0169230991495 74.8675810394 -76.9681765957 0
1977 10.7552978992 41.747696 3.5851691 1.5088422 138.812962679 13.1957128827 -0.0393568101115 97.5398818292 -88.7052691257 0
1980 10.6227138042 40.889782 2.6549702 1.6071612 77.3655222872 131.158911868 1.25370770828 133.580472577 -20.2513933297 0
1983 10.7474050522 40.408125 3.8011614 1.6070032 34.2493898447 78.9413786776 -2.38879269278 75.3921897231 131.057759548 0
1986 10.77399683 40.388712 5.5337894 1.5172855 37.4098877482 91.9983349788 -1.44921662233 86.5158426883 -169.968051526 0
1989 10.9012680054 40.44034 7.6724587 1.5542124 108.460201882 48.0641671281 3.03162292256 79.1087335268 84.649387551 0
1992 10.8184628487 40.554207 9.7439313 1.5604739 35.5333694153 95.2541187505 -2.35113583713 85.6574630016 135.88127096 0
1995 10.8472020626 40.580821 11.876658 1.5652859 32.9143079516 95.0284206575 -2.32032865576 83.5044373394 137.37068514 0
1998 10.8142559528 40.665042 14.024391 1.567666 31.9648801356 93.7431581478 -1.94880257075 80.1921109089 158.521192106 0
2001 10.8325281143 40.771617 16.174621 1.5548315 35.2265605666 37.1198699638 -2.91822740551 21.6668203714 103.712603201 0
2004 10.8535611629 40.847233 18.25792 1.5551713 96.5675171284 82.7127733651 0.230615148221 85.2008109449 -75.891477225 0
2007 10.8462190628 40.88758 20.352438 1.5597309 105.675616037 125.278133438 0.189619562238 123.316224304 -78.5015971168 0
2010 10.8173730373 40.971014 22.508388 1.5678505 60.6424933837 77.5349145124 -0.357710855488 58.4370235482 -110.326538863 0
2013 10.6689710617 41.044823 24.54743 1.5705547 108.188319137 125.049966971 0.139228429204 120.86773354 -82.0089544228 0
2016 10.7804939747 41.105608 26.696222 1.5717508 85.7924338669 110.78619928 2.31694146576 95.2262394771 42.6962800805 0
2019 10.7021389008 41.160404 28.869777 1.5672714 85.1630967893 111.60520238 2.39582003568 93.709058183 47.4723399456 0
2022 10.7803020477 41.204205 31.003136 1.5608691 84.7516717165 111.784284034 2.356004602 91.7713230543 45.5579084054 0
2025 10.756349802 41.244227 33.116661 1.5660557 38.8582873512 32.9097594937 1.59717225442 2.39489378487 1.78284724153 0
2028 10.7524268627 41.277887 35.228156 1.5643441 39.2124865079 35.6731316933 1.6223781737 2.11279023107 3.32510749084 0
2031 10.7352380753 41.31792 37.33529 1.5797774 38.9995770325 37.0775875407 1.63032841174 2.33262184516 2.89635962291 0
2034 10.7984890938 41.419072 39.474789 1.5713492 38.9070221317 39.6095262132 1.60756546787 2.51566068011 2.07503929849 0
2037 10.7242429256 41.429937 41.518923 1.5745722 39.3714820901 41.969510062 1.61364036166 2.10719370642 2.23844077635 0
2040 10.8097720146 41.494048 43.684079 1.5737379 38.9301089924 43.4876269333 1.60958873891 2.57145418958 2.0541017615 0
2043 10.6299657822 41.508319 45.798644 1.5762653 39.1772847669 45.4508771928 1.60449700395 2.35683311846 1.61755748462 0
2046 10.6757450104 41.512588 47.943477 1.5772604 39.3435229645 47.92193587 1.60973649502 2.16917199608 1.86074317943 0
2049 10.6489880085 41.583607 50.107906 1.5744728 39.2221668845 50.2807570016 1.59404650762 2.36775777641 1.12149083613 0
2052 10.7348918915 41.632502 52.265699 1.5728612 39.0180885096 51.7946821825 1.59449474316 2.65650423317 1.23951071896 0
2055 10.718007803 41.660201 54.305408 1.5732479 38.9887380666 53.9146090905 1.59104662615 2.6998959225 1.01979188927 0
2058 10.832105875 41.689009 56.508616 1.5685378 39.279032841 56.5667023366 1.59478880219 2.410676069 1.50407163372 0
2061 10.816437006 41.794127 58.57462 1.5657057 38.9897071095 58.2478486432 1.59393864946 2.82339342667 1.617628847 0
2064 10.7261369228 41.856016 60.76704 1.5641567 39.1707218737 60.6311779138 1.60531904672 2.68872889131 2.35842874194 0
2067 10.6320290565 41.858156 62.785084 1.5639758 39.0241508996 62.9061649376 1.59039354835 2.83659047138 1.51362548447 0
2070 10.6855421066 41.958088 65.023529 1.5767642 39.2492831555 64.6192928296 1.59930343634 2.73880093604 1.29140311574 0
2073 10.7352099419 41.99726 67.044355 1.5737097 39.0423229069 66.3619778143 1.59175566035 3.03270371903 1.03395736511 0
2076 10.7493131161 42.044947 69.102812 1.5759217 38.7679184694 68.8715033155 1.59822653373 3.28518183633 1.27797283525 0
2079 10.6827321053 42.097902 71.261122 1.5727544 38.9302452362 71.1520310397 1.60367357656 3.16953469941 1.77153832289 0
2082 10.7639648914 42.114798 73.459441 1.5684742 38.7469876981 72.9689245009 1.59872691527 3.40334433545 1.73335290384 0
2085 10.6993169785 42.172982 75.545483 1.5804547 38.9322483279 75.1692699737 1.58069498186 3.26249765899 0.0137671364805 0
2088 10.7648780346 42.213453 77.648417 1.5799022 39.1376032668 77.9181622041 1.57647012509 3.08765510647 -0.196643407286 0
2091 10.7994937897 42.308345 79.80823 1.5843424 38.6047477664 79.8486895152 1.58892174684 3.70381822468 0.262377246874 0
2094 10.7278170586 42.259747 81.948131 1.5870316 38.7683817665 82.3024838112 1.5908617785 3.50930151287 0.219453063016 0
2097 10.8095629215 42.325886 84.065588 1.5841531 38.6996634593 84.3836464206 1.59737203824 3.64014437542 0.757389370702 0
2100 10.7257039547 42.338042 86.100283 1.5789413 38.6827699481 86.5806155895 1.60890272019 3.68669678298 1.71666292506 0
