3 2.73854017258 72.513547 45.80148 1.6808269 144.234150313 72.4593587789 1.45534792721 76.5146223967 -12.9189935096 0
6 2.71523809433 72.505015 45.806851 1.6805552 24.006163396 79.4693015744 -2.86988569327 59.0364225337 99.2789418916 0
9 2.69698214531 72.51553 45.801787 1.6811119 126.259776536 74.177707515 -0.65389007091 60.7752984431 -133.785758088 0
12 2.71431899071 72.511327 45.798497 1.6805172 134.02159319 67.8563145827 2.76074859371 65.3456973589 61.8926997569 0
15 2.73473715782 72.518426 45.80176 1.6806948 32.6051460631 82.6895379954 0.440007135427 54.3486713798 -71.086166874 0
18 2.7170689106 72.509508 45.806599 1.6825332 113.711888437 60.1789873259 1.29226270189 43.637159622 -22.36085241 0
21 2.71922802925 72.510969 45.800989 1.6811293 78.9311715032 76.8216579776 1.05098427858 31.6780823914 -36.1046502085 0
24 2.70692205429 72.522343 45.818169 1.6838228 84.7393373669 77.4651520467 -3.01149587035 33.9232440565 90.97805672 0
27 2.7201359272 72.508499 45.799812 1.6808804 82.8005994835 128.366698899 1.94353736768 83.2058780647 15.0491357078 0
30 2.73157978058 72.523901 45.815543 1.6832165 116.489568329 68.1335127457 -1.00204644935 49.3058990106 -153.85423388 0
33 2.72342801094 72.511009 45.802779 1.6808191 68.5564363335 112.110107411 -0.921310645186 66.4251491981 -149.091052145 0
36 2.71590399742 72.527172 45.853315 1.6851825 32.8176884846 96.7915653411 -0.719419953504 64.5875253348 -137.773571993 0
39 2.73845982552 72.188088 49.017093 1.6798669 78.7255431336 129.398188343 2.19006701263 80.6465052447 29.2323131611 0
42 2.70737695694 71.804616 53.279503 1.6643548 36.6141078994 89.1926363891 -1.75386247877 50.2804635042 164.150576468 0
45 2.72320699692 71.568933 57.324136 1.642571 29.3294244659 87.7087700367 0.185433545478 52.0327018975 -83.4878263145 0
48 2.70952892303 71.37336 61.652431 1.6431927 71.2071735727 126.738062851 -2.25419479982 65.0858440171 136.696145133 0
51 2.72184801102 71.165072 65.844712 1.6344026 134.853591579 25.4444108958 2.13557928262 75.4215609452 28.7153087045 0
54 2.72388410568 70.960331 70.343426 1.6128178 47.95592843 91.6308186555 -2.01617601478 31.3425529221 152.073970534 0
57 2.71130204201 70.885213 74.631613 1.6236159 111.927297568 95.694734678 1.80606584486 46.1314187999 10.4536118131 0
60 2.69593906403 70.832043 79.069602 1.6124517 121.785919029 39.4449594021 -1.23548674788 64.5477325971 -163.174853377 0
63 2.70375299454 70.841819 83.283634 1.5826474 79.1466038111 73.190767026 -1.142156601 13.0704022323 -156.119769258 0
66 2.70934486389 70.897044 87.066595 1.5142468 37.2193065304 9.79784344665 -0.632188665562 84.2890856973 -122.981693174 0
69 2.71630001068 70.898205 87.488163 1.2381173 83.142307907 69.5215267671 -1.38896012023 21.7420807083 -150.520448633 0
72 2.69937491417 70.648486 87.373684 0.94938085 51.3179996936 71.7089423845 -2.27601086396 24.8807522138 175.198667514 0
75 2.71354794502 70.490448 87.162959 0.64684814 33.5270764532 133.141210372 0.805717120029 58.9939864336 9.10252205122 0
78 2.70497488976 73.090524 88.460194 0.4660111 81.6223762459 66.2069840618 -2.25148728369 23.8327055808 -155.701188219 0
81 2.70632195473 76.750616 90.291223 0.4640309 46.0052782688 107.425438737 2.90399635293 35.1974024771 139.799722611 0
84 2.71506285667 80.704264 92.172539 0.45240664 94.9984811983 50.0161276931 1.26386503688 44.5139041154 46.4931413917 0
87 2.75109291077 84.637734 93.972859 0.42386385 57.207411167 107.417709985 1.64741216915 30.5481035209 70.1041547177 0
90 2.7167160511 88.678811 95.730817 0.41656148 56.7123333291 108.440569515 1.61153072074 34.4004869686 68.4666941425 0
93 2.71916508675 92.647535 97.41769 0.40779386 21.9247499369 73.8104651392 2.98111894087 74.5587915186 147.440666449 0
96 2.7150349617 96.759828 99.128022 0.39320766 18.6940984851 73.2955769855 -3.02682349014 82.2287865661 164.046649294 0
99 2.72018790245 100.07577 100.58602 0.32958371 103.695057013 60.6417346606 -1.90490057543 40.1079190404 -128.026518944 0
102 2.712059021 100.12714 100.52966 0.1390585 83.7017253987 141.412525718 1.95187902122 44.0590848083 103.866964881 0
105 2.71267604828 100.08551 100.52401 -0.14356162 104.642281453 59.7084014374 -2.21297376327 41.0691863617 -118.568581883 0
108 2.71931099892 99.772178 100.71077 -0.40700642 12.1652140077 70.9690364135 2.26709090873 92.517840748 153.214490943 0
111 2.72525906563 99.760338 100.7618 -0.66729138 100.456238507 37.7954922177 -1.47881474014 62.9701531938 -46.4968635123 0
114 2.71876001358 99.638101 100.95548 -0.8821311 47.1124322273 78.9309550414 2.5962340595 56.9563480191 -160.704356755 0
117 2.74016594887 99.549051 101.11221 -1.1251977 19.0164475348 115.110918478 -0.701514151955 81.7402230235 24.2752791521 0
120 2.71084713936 100.80276 98.46873 -1.1938854 62.3382455414 26.0150694049 -1.22021758449 82.0307979125 -1.50872303659 0
123 2.70481610298 102.35582 94.496879 -1.1822805 79.2430565488 29.9577025719 -1.82708072327 68.5529366867 -36.9443314222 0
126 2.69505906105 103.84912 90.431736 -1.1842505 85.6739444628 37.760481238 -0.439548564679 55.7189203414 42.6682778891 0
129 2.69537591934 105.46668 86.336829 -1.1831903 33.9234981093 87.4969867781 -2.73230740662 71.5525879415 -88.757872181 0
132 2.72271490097 106.96067 82.891423 -1.1821311 32.489459953 93.3657527 2.70391561884 75.204206721 -137.34592402 0
135 2.71824002266 108.13488 79.987125 -1.1809983 107.333525965 80.3896473853 -1.0781222472 0.896767840461 5.89436363816 0
138 2.70272111893 109.11096 77.465416 -1.174964 62.3826622476 104.033875005 -0.828780554946 53.753295943 19.8348503389 0
141 2.705108881 110.00241 75.115832 -1.1797573 109.980343021 76.4930093023 -1.06780404671 1.37735408427 6.41444891602 0
144 2.71712589264 110.9669 72.896666 -1.1819268 111.220388357 74.550350657 -1.02444181989 1.67300008724 9.02322469727 0
147 2.7071390152 111.79529 70.750926 -1.1680053 109.977004666 72.9890068534 -1.13780968317 2.88360320812 1.73008140428 0
150 2.73784899712 112.62755 68.634671 -1.166408 109.205304539 71.4039695767 -1.12054883707 4.40236057179 2.62753648779 0
153 2.69627904892 113.50263 66.493746 -1.1746568 111.318296865 69.4454430236 -1.05316408641 3.67203302889 6.96101973006 0
156 2.71015191078 114.39844 64.423702 -1.1690506 113.259356865 67.9149045518 -1.09021930875 3.67232973017 4.51670028213 0
159 2.70589518547 114.9392 62.935672 -1.1627449 114.348318678 65.722647147 -1.08060844459 2.84892457022 4.70607223944 0
162 2.72795701027 115.58582 61.52951 -1.1720902 114.089692087 63.612792796 -1.14739931416 2.56485203064 1.41468355112 0
165 2.70986104012 116.16312 60.165609 -1.1710096 114.306361511 63.1619341455 -1.09937294963 3.52498460492 4.10447772459 0
168 2.72160696983 116.71267 58.758483 -1.1690165 114.812496255 63.8920026566 -1.12808900995 5.47390941897 2.34497244607 0
171 2.72350502014 117.29804 57.404001 -1.1730259 114.544902401 61.2787123739 -1.1800525252 4.75322573308 -0.402595968445 0
174 2.73207497597 117.3062 57.346669 -1.1782941 114.953869281 60.6753234461 -1.15708696892 4.07595390489 1.21507910632 0
177 2.725233078 117.30973 57.394113 -1.1925087 114.514819092 59.1498073303 -1.22390600718 3.30060442459 -1.79893318951 0
180 2.70513296127 117.3509 57.478875 -1.2542253 115.216019438 61.0084311463 -1.22320743064 4.12498261884 1.7771930037 0
183 2.6969640255 117.31554 57.561663 -1.3141336 114.594070238 62.8286481095 -1.25090245495 5.92853521614 3.62287774521 0
186 2.72052812576 117.31761 57.625945 -1.389572 114.672891782 59.1177914506 -1.322728567 3.03646839067 3.82984659915 0
189 2.71268296242 117.34247 57.653648 -1.4539696 115.672215643 60.3290938981 -1.4855785851 3.15400703388 -1.81106144114 0
192 2.70939898491 117.36058 57.739095 -1.5147103 115.891552258 60.2098313243 -1.51086029266 2.87447047136 0.220589171834 0
195 2.72875905037 117.34118 57.80351 -1.5718326 116.020808289 61.4094187728 -1.51188166561 3.84004681397 3.43493551854 0
198 2.72638010979 117.32521 57.826191 -1.6475747 115.097485562 59.532855918 -1.56753791502 2.80632523302 4.58576998519 0
201 2.68780612946 117.28663 57.948056 -1.7072698 114.077484514 60.3310131465 -1.57658540506 3.99713641371 7.48766427804 0
204 2.73093008995 117.37131 58.006137 -1.7818651 116.537337892 59.7010188235 -1.7304918021 1.88895046854 2.94347314923 0
207 2.70800590515 117.40314 57.989067 -1.8555926 115.028515432 60.7062711844 -1.56934684472 3.60860643704 16.400673681 0
210 2.71329402924 117.02719 57.008887 -1.8977403 32.3179456798 97.8211993358 -2.62033869932 94.0281921101 -41.4018385637 0
213 2.73051905632 116.38504 55.250118 -1.9095407 115.421594023 56.2411114763 -1.47146889737 1.3821346609 25.0996654146 0
216 2.72558498383 115.67443 53.450651 -1.9075572 116.128294877 55.2235473006 -1.62008996055 1.83006956677 16.4706595688 0
219 2.71266102791 115.02136 51.574537 -1.9165104 115.828854848 52.2637053556 -1.77862296101 1.06160301034 7.90036830195 0
222 2.7678809166 114.35753 49.684701 -1.9233127 113.011566073 52.9838108963 -1.88782866933 3.56310889547 2.03308519753 0
225 2.70522212982 113.59486 47.870819 -1.9110101 113.762179227 49.4073493886 -1.85661813562 1.54561358655 3.11642999844 0
228 2.68463087082 112.87829 45.986656 -1.9118326 113.875939492 46.9873247494 -1.81050156861 1.41302599246 5.80584043246 0
231 2.71998596191 112.17059 44.128463 -1.9122248 113.398991458 43.76487291 -1.79188896653 1.28108075251 6.8947353823 0
234 2.71838617325 111.43202 42.277019 -1.9027456 112.386125809 42.096510762 -1.79497015998 0.971030956401 6.17507784839 0
237 2.69113683701 110.82393 40.37458 -1.9174412 110.636626027 42.3962024738 -1.92969782966 2.03028081926 -0.702253150433 0
240 2.72756195068 110.14399 38.567468 -1.912432 112.333421032 37.5457766446 -1.81037683667 2.41608391178 5.84733013628 0
243 2.71058297157 109.42625 36.696167 -1.9074722 108.63790605 37.9838283844 -1.84769917028 1.50982052706 3.42474233171 0
246 2.71379613876 108.96452 35.308972 -1.917648 109.818648747 37.0688335213 -1.82970912435 1.9561821208 5.03852643012 0
249 2.71885895729 108.91335 35.330429 -1.9171391 108.722037249 36.6495210396 -1.86463314015 1.33289323555 3.00836989892 0
252 2.72650694847 108.9585 35.348205 -1.9450374 108.910045881 38.0059484209 -2.01703180901 2.65818507504 -4.12497578483 0
255 2.71432590485 108.97674 35.368834 -2.0165302 109.430793667 38.1395713432 -2.09014711954 2.80769481198 -4.21793879059 0
258 2.70382595062 108.99865 35.397074 -2.0803106 109.787060694 37.3783483988 -2.10052479875 2.13237887499 -1.15818827475 0
261 2.69336414337 109.05048 35.474836 -2.159245 110.712829243 36.4737123043 -2.1553711814 1.93937074229 0.221953456544 0
264 2.71921300888 109.09365 35.518169 -2.2238592 110.847699253 36.990582226 -2.2289415401 2.29012870589 -0.291196637983 0
267 2.71677708626 109.14301 35.568827 -2.2920109 109.525205848 37.5965965036 -2.28373983586 2.06347348577 0.473897067365 0
270 2.73809194565 109.24021 35.586114 -2.3597618 110.108708017 36.5140253301 -2.34043170615 1.27094777334 1.10753279491 0
273 2.72560405731 109.32691 35.57971 -2.4292889 110.061476052 37.2250568418 -2.41360617883 1.80187499992 0.898553734544 0
276 2.74107289314 109.34422 35.612178 -2.4970016 108.653882624 37.7252812913 -2.4598642359 2.22300949439 2.1278142252 0
279 2.71872591972 109.45255 35.562283 -2.5751384 106.64168746 37.7107203461 -2.50946344031 3.53789927033 3.76289801002 0
282 2.75515794754 109.51035 35.610832 -2.6455993 108.792003187 36.8593815254 -2.5660282402 1.44045064495 4.55908589808 0
285 2.74121499062 109.52669 35.619453 -2.7060079 109.392211715 37.4464470287 -2.59218911171 1.83193656823 6.5213361983 0
288 2.74000597 109.56751 35.667144 -2.7779359 110.438027282 35.9636030905 -2.63437851666 0.91961314201 8.22523218328 0
291 2.73189306259 109.58407 35.725569 -2.8421247 109.044381316 35.8147150082 -2.66548908953 0.547001724451 10.1204749919 0
294 2.70060610771 109.62066 35.728072 -2.9074408 111.092307618 36.347461058 -2.78429583603 1.59668078125 7.05568670387 0
297 2.69794392586 108.40689 35.538158 -2.9474042 109.935069494 36.5967765109 -2.93254376849 1.85903354423 0.851440007375 0
300 2.71912407875 106.63579 35.154474 -2.9731605 105.512100418 37.1440417727 -2.88474343024 2.2849635004 5.06592493413 0
303 2.70843911171 104.74277 34.838538 -2.9724974 105.318184553 35.7987209548 -2.93063896552 1.11939859489 2.3983116325 0
306 2.7118499279 102.71686 34.507066 -2.970186 107.320870712 35.2293685678 -2.81553120543 4.6603257006 8.86106701052 0
309 2.71181702614 100.87602 34.149296 -2.9774562 100.958010992 35.5792405847 -2.82680547576 1.43229327936 8.63165067936 0
312 2.72051978111 98.917573 33.856952 -2.9648121 98.1642363541 34.5140766075 -2.9268842073 0.999664369556 2.17310817744 0
315 2.6876142025 96.872255 33.519705 -2.9713846 96.6622979648 34.1838543744 -2.93404908605 0.69654601295 2.13916737539 0
318 2.7331430912 94.700759 33.157106 -2.9752463 93.8931151415 33.9409243961 -2.89130158295 1.12545985281 4.80967799928 0
321 2.69283914566 92.656194 32.878926 -2.9695623 92.944907383 33.3337901487 -2.9550521288 0.538754871253 0.831371569545 0
324 2.72281908989 90.628889 32.525228 -2.9736018 91.111737622 32.8310689052 -2.91662032553 0.571560540211 3.26479799742 0
327 2.72593998909 88.510396 32.191288 -2.9695852 87.8977050574 33.0709840465 -2.9515276117 1.0720332669 1.03462359766 0
330 2.7293908596 87.334812 32.006658 -2.9896435 86.405033367 33.9487500291 -3.00050324873 2.15318595484 -0.622217768953 0
333 2.74239397049 87.328365 31.983283 -3.0015998 86.5329036855 33.3760052589 -3.06625051702 1.60388091625 -3.70421322777 0
336 2.74816608429 87.328448 32.00285 -3.0442403 86.9118440094 32.8770236512 -3.11294831651 0.968368967663 -3.93667936478 0
339 2.70405697823 87.480424 31.977098 -3.121648 85.2536272081 35.0352449545 3.09824221331 3.78297326813 -3.6265417429 0
342 2.70798015594 87.509332 32.088761 3.0972389 86.2464214882 34.2632779324 3.13429516375 2.51465044288 2.12316751746 0
345 2.69372320175 87.537767 32.004513 3.0032565 86.7747811 32.5878645895 3.11910269245 0.960440815779 6.63749790008 0
348 2.72091579437 87.588829 31.971963 2.902116 85.5060392824 33.9479629809 3.05872469441 2.87099093212 8.97301722466 0
351 2.727902174 87.696053 31.883789 2.7788249 86.0152242166 33.6286002849 2.9800116675 2.4227157941 11.5271526718 0
354 2.7128970623 87.777704 31.698119 2.6376296 86.9961445721 33.3688238685 2.88716066312 1.84447550728 14.2970767742 0
357 2.72715616226 87.896098 31.65995 2.4917922 85.4625490173 33.4701746247 2.71946645906 3.03299750129 13.0447741478 0
360 2.71879506111 87.958395 31.594625 2.366513 86.4351330622 33.9148445343 2.68924744972 2.7755622166 18.4913218725 0
363 2.71640610695 87.964094 31.460561 2.2184109 84.6774153638 32.94454635 2.38041787146 3.60617095779 9.28231571658 0
366 2.7047150135 87.708527 31.831987 2.1125682 85.1478791577 39.8753059449 -1.37704964634 8.44108387719 160.059625291 0
369 2.69328212738 86.721318 33.612273 2.0920166 84.1880549454 37.2145258156 2.40936969658 4.40382186872 18.1829930492 0
372 2.7237830162 85.724716 35.405361 2.0873093 82.4180575749 36.4489367352 1.94471538358 3.46742559481 -8.17002959502 0
375 2.73139715195 84.755772 37.248267 2.0862059 82.6761698457 37.8558847358 1.95529718909 2.16655127631 -7.50051663665 0
378 2.72776198387 83.690185 39.149374 2.0868314 83.4266329534 40.1509555855 2.30279122431 1.03567627841 12.3735864771 0
381 2.71615791321 82.666747 40.97523 2.090975 80.9999778071 42.1175972836 2.22813223131 2.02067378688 7.85853048394 0
384 2.7266600132 81.635815 42.877142 2.0910396 80.3031013886 43.6166358129 2.10806443546 1.52413144754 0.975451219016 0
387 2.72190618515 80.624097 44.699122 2.0805048 79.5730491993 46.7499360345 2.25328287964 2.30446082269 9.89945475567 0
390 2.6845099926 79.602515 46.546403 2.0762437 77.2358789646 47.806381158 2.16670850848 2.68113988494 5.18325172036 0
393 2.70204806328 78.599692 48.40129 2.0808805 77.4077340822 48.8817777601 2.1281214434 1.28515842035 2.70670667716 0
396 2.70811390877 77.532669 50.298142 2.0919608 76.8614331025 50.4790801872 2.08159377482 0.695195122001 -0.593986788738 0
399 2.71635293961 76.53881 52.074716 2.0854653 76.4623015786 52.4188985914 2.07557568031 0.352583599652 -0.566633469476 0
402 2.74885487556 75.533974 53.92833 2.0838411 74.102916767 55.2823305522 2.11005372017 1.97008687617 1.50187250551 0
405 2.72024798393 74.451304 55.860797 2.0823704 76.7023350222 56.0763004637 2.05226656474 2.26132315375 -1.72482270753 0
408 2.71267294884 73.464188 57.689364 2.0801622 72.1033328675 57.2143567506 2.15037238486 1.44137385114 4.02274727106 0
411 2.71730685234 72.461178 59.521835 2.0808323 73.7022430111 58.4613731283 1.9533435156 1.63242817396 -7.30456928113 0
414 2.69914913177 71.469371 61.42577 2.0898858 70.0305569603 61.0176598686 2.16330347875 1.49557337505 4.20652313392 0
417 2.71161293983 70.386885 63.322712 2.0827703 68.0030347686 62.7515750362 2.112267545 2.45131380225 1.6900676455 0
420 2.7119550705 69.38246 65.186025 2.0922796 67.3344253941 65.4953974036 2.12733134184 2.07126942499 2.00831687206 0
423 2.69099020958 68.400253 67.014087 2.0893798 65.4391872146 67.9480872638 2.11543438762 3.10487794899 1.49281790783 0
426 2.69726705551 67.30799 68.901204 2.089526 64.780698945 68.3267036626 2.13741658902 2.5917659451 2.74392862941 0
429 2.69710302353 66.315197 70.741557 2.0869248 63.4652469852 70.5920462063 2.13296442737 2.85386905166 2.63787633881 0
432 2.73535108566 65.281228 72.464006 2.0745737 62.6904484123 72.7540936423 2.13148818667 2.60696944981 3.26095987932 0
435 2.71758699417 64.283593 74.421326 2.0918621 60.6329372134 74.6693082047 2.14490194139 3.65906857635 3.03895905763 0
438 2.70597410202 63.28447 76.191493 2.091939 60.4880561614 75.7749003613 2.13599886942 2.82727426749 2.52444456359 0
441 2.70620799065 62.204887 78.125252 2.0893553 59.2811755663 78.1932210555 2.12843501408 2.92450138315 2.23910268155 0
444 2.68886590004 61.273659 79.948227 2.0960183 58.4483077162 80.1254915919 2.10043612171 2.83090667678 0.253122538421 0
447 2.6974170208 60.19879 81.787566 2.089809 57.7221941467 81.4845828454 2.11369504 2.49506028233 1.36856928101 0
450 2.68518614769 59.161438 83.629466 2.0974137 57.1300255997 83.0379677126 2.07966961193 2.11577564123 -1.01666135756 0
453 2.65364408493 58.11891 85.485673 2.0964985 56.6192781222 86.4057793738 2.07388266811 1.75940089463 -1.29579171723 0
456 2.69692492485 57.036783 87.336936 2.0992423 55.3012263198 87.2365103089 2.04794827562 1.73845975213 -2.93893111122 0
459 2.69342184067 56.357629 88.602308 2.124456 55.0532527428 87.8802611792 2.10687001983 1.49088867184 -1.0076024426 0
462 2.70915794373 56.200217 88.720884 2.2094598 54.3037321969 88.4189431751 2.20141905298 1.92037050332 -0.460700868601 0
465 2.69867610931 56.199637 89.07416 2.3631742 52.8912651373 86.8841798996 2.29698088443 3.96753540908 -3.79259761439 0
468 2.71034002304 56.109511 89.161307 2.4869631 52.3918635647 87.8591024999 2.39645737903 3.93911652697 -5.18559583361 0
471 2.73083686829 56.023191 89.233423 2.608836 52.7402963983 88.8687643053 2.60158511172 3.30308536514 -0.415445296227 0
474 2.71595001221 54.873312 89.789936 2.6823278 52.2402649704 89.5340076013 2.66469386226 2.64545572731 -1.01035020849 0
477 2.73090314865 52.997249 90.667048 2.6986067 49.6425364348 90.0222845029 2.71560150384 3.4161112924 0.973730533547 0
480 2.71595096588 51.122563 91.609157 2.7018871 46.7762626999 91.1460302223 2.72590443457 4.37090525077 1.37609190603 0
483 2.71810793877 49.137432 92.566213 2.7007601 46.4789171883 91.3276682427 2.67177224336 2.93286449053 -1.6608818424 0
486 2.73096108437 47.308569 93.452781 2.7003868 44.316335575 93.0551543362 2.72365150404 3.01853736657 1.33296935283 0
489 2.71270012856 45.360782 94.336008 2.7008969 42.0980621378 94.1182671788 2.68345370534 3.26997736446 -0.999421435057 0
492 2.71897912025 43.468079 95.251019 2.7064338 41.0068015007 94.4143896422 2.70455305428 2.599583738 -0.10775879208 0
495 2.7206158638 41.590918 96.131677 2.7064065 37.9135609884 95.9620912638 2.72646834813 3.68126525973 1.14945922706 0
498 2.72043299675 39.606214 97.06058 2.704478 37.3510245217 95.0147882258 2.70383563608 3.04485526204 -0.0368047412522 0
501 2.73933887482 37.718719 97.944153 2.696243 35.9851096757 96.7649520142 2.70076944863 2.09664404564 0.259346402402 0
504 2.71336197853 35.769603 98.891663 2.7044976 33.1427993104 96.0700485095 2.7032172613 3.85507535037 -0.0733580037004 0
507 2.66775798798 33.862509 99.822852 2.7013631 29.2244776422 97.6903193156 2.77984118985 5.10480465109 4.49646333237 0
510 2.68764519691 31.979521 100.73965 2.7066945 28.1721107238 98.5812315455 2.77503906937 4.37665891244 3.91585537745 0
513 2.719009161 30.015598 101.64307 2.7044148 24.3167436161 97.9194632151 2.82548438435 6.80750973396 6.93677621073 0
516 2.69687390327 28.083667 102.5122 2.7038251 25.4861488947 101.568463533 2.71738230679 2.76364593008 0.776770731232 0
519 2.72947502136 26.231599 103.44351 2.6987262 23.1822380252 103.451727099 2.71467831329 3.04937204608 0.913988765673 0
522 2.7291328907 24.326425 104.3449 2.7056645 21.3141114038 102.772358072 2.7103495234 3.39807612006 0.268432067744 0
525 2.73766493797 23.072168 104.95788 2.6888385 19.3762425282 103.637513544 2.66440285744 3.92469523286 -1.40005918864 0
528 2.71411204338 23.059574 104.94595 2.6093304 18.8256702031 104.447524909 2.57778488981 4.26314073568 -1.8074245962 0
531 2.72872304916 23.148655 105.02795 2.4881616 18.6853388208 104.874545925 2.49542529452 4.46595164842 0.416179039424 0
534 2.72636890411 23.15609 104.97342 2.3614352 18.7194795356 104.170332643 2.35922592872 4.50870953994 -0.12658192024 0
537 2.6756439209 23.189116 104.80794 2.2179164 19.1410439284 105.778493622 2.22270729555 4.16279495419 0.274498094978 0
540 2.70051693916 23.170444 104.45908 2.0515088 18.162122503 103.395809668 2.01650731927 5.11994414186 -2.00543712261 0
543 2.67230892181 23.203193 104.36781 1.9241471 18.5819987571 104.514722356 1.90446782827 4.62352889802 -1.12753921409 0
546 2.71067380905 23.268475 104.40083 1.8086424 19.1074881519 105.496649519 1.77521306198 4.30286322914 -1.91535998031 0
549 2.70403504372 23.269141 104.3114 1.6661585 19.0658734687 105.634627127 1.6783463516 4.40663000141 0.69831245783 0
552 2.69778394699 23.273746 104.22596 1.531085 19.1661801333 106.003352764 1.51013215801 4.47562536259 -1.20050941466 0
555 2.69474482536 23.201513 103.9692 1.3630267 19.1991858255 104.310095862 1.4078279072 4.01681874129 2.56692008938 0
558 2.70597910881 23.573375 105.47089 1.3112874 19.8154298733 105.713010046 1.41247996049 3.76573680597 5.79790663403 0
561 2.68784785271 24.091257 107.45193 1.3021436 20.5219460216 106.58718777 1.3646414541 3.67256858138 3.58086326871 0
564 2.70455598831 24.69734 109.54228 1.2971878 20.1310217083 108.41016045 1.27944256409 4.70456771832 -1.01672712396 0
567 2.71601295471 25.24514 111.62222 1.291934 21.8816691399 111.445754663 1.34642641331 3.36809682789 3.12218529809 0
570 2.71311306953 25.838263 113.71051 1.2925571 22.0642866002 114.200108455 1.26766432893 3.80560172815 -1.42625072271 0
573 2.70608782768 26.485855 115.66064 1.2984976 22.545583368 116.418588917 1.32336506187 4.01250882788 1.42480061207 0
576 2.7148399353 26.666562 116.70228 1.2516028 22.8982804701 116.04717796 1.32491912375 3.82480121978 4.20071592028 0
579 2.70895504951 26.671044 116.66524 1.1445574 23.0270396667 117.104322992 1.16099585427 3.67036257821 0.941854051606 0
582 2.69526219368 26.68282 116.71548 1.0360889 21.9441341863 115.848522311 0.9457895769 4.81733939805 -5.17377010654 0
585 2.6955678463 26.598988 116.54426 0.86252405 22.6091307177 115.472945809 0.853735545818 4.13118327228 -0.503544197872 0
588 2.69699907303 26.490987 116.49462 0.72378221 21.4698854471 115.983713813 0.699540536641 5.04702743566 -1.38894557183 0
591 2.70898795128 26.414554 116.44154 0.58967497 21.8292963601 116.300438277 0.593726006229 4.58742818155 0.232107278572 0
594 2.70426797867 26.30131 116.37003 0.43724496 21.7058613014 116.862278119 0.468348997569 4.62173743875 1.78213007851 0
597 2.68747806549 26.176025 116.35464 0.31453037 21.2735327694 116.938017223 0.333075716671 4.93708001312 1.06257009388 0
600 2.70745706558 26.088883 116.46581 0.14702743 21.3685128867 115.873091985 0.203654764596 4.75743719362 3.24450727745 0
603 2.72351098061 25.977812 116.45377 0.019989929 22.8077450074 117.312376493 0.0389014102265 3.28428528713 1.08354805862 0
606 2.70622205734 25.890585 116.45549 -0.11586106 21.0310781064 116.615277399 -0.0806931160455 4.86213320076 2.01497476274 0
609 2.68782711029 27.617035 116.21759 -0.13548047 25.6977690218 114.201894091 -0.00751401574492 2.78327359267 7.33193774807 0
612 2.68726110458 29.732468 115.90829 -0.14344069 26.6591924295 115.21201918 -0.099974125893 3.15116102212 2.49045067327 0
615 2.69272494316 31.744289 115.6014 -0.14068963 27.316791939 114.765859463 -0.148255794644 4.50564736901 -0.433509301186 0
618 2.68956708908 33.87565 115.27561 -0.13567301 30.1070712681 114.780054203 -0.106951514238 3.80102107414 1.64562048844 0
621 2.70461392403 35.936054 114.9269 -0.14240112 32.4974163055 115.028122032 -0.140042689907 3.44012719148 0.135128090625 0
624 2.70106005669 38.113735 114.67885 -0.14674677 34.9812771714 114.339693039 -0.0981862990144 3.15076490585 2.78231003864 0
627 2.70388197899 40.163768 114.30534 -0.14012204 36.9225786438 114.147773884 -0.0731302456627 3.24501702977 3.83834707754 0
630 2.6940779686 42.346763 113.98058 -0.16006212 39.5261886062 114.787453963 -0.100214374839 2.93371530704 3.4290232111 0
633 2.69031906128 44.341947 113.67079 -0.15507802 41.1340481002 114.886772238 -0.101333126661 3.43063086838 3.07935555871 0
636 2.69337081909 46.544067 113.30502 -0.15009707 42.6905997284 114.444264744 -0.0204542331537 4.01834401206 7.4279873954 0
639 2.68881392479 48.557097 112.97025 -0.14631805 45.4005261885 114.381686685 -0.0816859200177 3.45775834945 3.70314826893 0
642 2.6820731163 50.586062 112.64729 -0.14866611 48.3992267339 114.028525666 -0.0657489252909 2.58651511593 4.75080473294 0
645 2.69631099701 52.747394 112.3225 -0.14488479 50.4435653652 114.279241205 -0.0591389561806 3.02265818803 4.91287438868 0
648 2.70134496689 54.919709 111.95097 -0.14565598 51.7270107907 114.446871145 -0.0304521112605 4.0525108737 6.60069546235 0
651 2.69246387482 56.9199 111.70562 -0.14317608 54.2125474783 114.349587043 -0.0676951153904 3.78421978756 4.32474070571 0
654 2.7030081749 58.963864 111.32719 -0.14485493 56.2069716895 113.381919402 -0.0453205889555 3.43836707251 5.70289765846 0
657 2.68069386482 61.070196 111.0267 -0.15209978 58.3549944006 112.292492002 -0.131692980892 2.99575518304 1.16922346223 0
660 2.70232892036 63.25691 110.67843 -0.1447313 60.155892114 112.117310053 -0.133163396646 3.41857978333 0.662792040005 0
663 2.71868515015 65.338645 110.4192 -0.14848438 61.5621631464 111.485883727 -0.127827428563 3.92423615052 1.18355613495 0
666 2.70869278908 67.412523 110.08404 -0.1445869 63.4464788064 111.810568049 -0.100525961578 4.32555264095 2.52450581296 0
669 2.70424699783 69.507235 109.73429 -0.15139682 66.4227291034 111.974788794 -0.0970184857317 3.81234986212 3.11564905052 0
672 2.67158722878 71.647859 109.39116 -0.14906575 68.4715144908 112.009827432 -0.093554039695 4.11662283452 3.18058671403 0
675 2.68174409866 73.702975 109.06139 -0.1559357 69.963969608 111.811676098 -0.0808299032393 4.64157677309 4.30324517136 0
678 2.6726500988 75.754203 108.72815 -0.15045699 72.509332972 110.283612058 -0.147818301751 3.59842239223 0.15118570014 0
681 2.67378282547 77.860742 108.43703 -0.15243836 74.0300272372 109.334202304 -0.149112046323 3.93437336023 0.190583735006 0
684 2.68402099609 79.97813 108.08555 -0.15170568 75.7899725643 108.437653199 -0.172070231033 4.20293223459 -1.16680282586 0
687 2.68087291718 82.120618 107.73965 -0.14888428 77.8193353026 108.989109101 -0.150041800539 4.47908259436 -0.0663210415989 0
690 2.68612384796 84.192494 107.42985 -0.14593359 81.1463716154 107.891821475 -0.170297297565 3.080954272 -1.39593761677 0
693 2.7104640007 86.28045 107.15458 -0.15823172 82.4073035703 109.025248277 -0.14496214173 4.30123971291 0.760290830772 0
696 2.68643712997 88.385341 106.75858 -0.15035877 84.5140699326 109.0238072 -0.119703609278 4.48530867895 1.75641132967 0
699 2.68354701996 90.512184 106.42958 -0.15443508 87.1397169442 108.352461797 -0.102051779097 3.88213967414 3.0013420587 0
702 2.68494319916 92.541412 106.11165 -0.15857271 89.3912169323 109.356860534 -0.122570558429 4.5227337283 2.06277133842 0
705 2.70653390884 94.624435 105.7799 -0.14991569 91.0710992115 107.839731392 -0.0911249788934 4.10720106532 3.36845962098 0
708 2.70628094673 96.812614 105.41142 -0.16008539 92.8130350313 106.889431272 -0.13159889448 4.26393588698 1.63215596641 0
711 2.69314408302 98.833392 105.05687 -0.15857643 94.1723583233 106.014706292 -0.133313785001 4.75843307163 1.44744293779 0
714 2.70382595062 100.9283 104.72764 -0.15390186 95.7651621932 106.810087215 -0.14927724698 5.56727746903 0.26497080791 0
717 2.70117402077 103.02648 104.38009 -0.15580909 98.7365686062 106.221862527 -0.14060407088 4.66856142808 0.871183422969 0
720 2.69353604317 103.56436 104.3046 -0.21764658 99.6699326015 106.764238784 -0.190359725926 4.60612502101 1.5634215746 0
723 2.68832802773 103.46604 104.39779 -0.32798619 98.7577445218 105.900153539 -0.322690524212 4.94217993526 0.303419299375 0
726 2.68947100639 103.43166 104.43448 -0.46455789 98.9975664261 107.257815015 -0.435907040635 5.25665353886 1.64157274808 0
729 2.70583605766 103.35806 104.51276 -0.60050128 99.4988479144 107.609033669 -0.566657345068 4.94777005882 1.93911463374 0
732 2.70374703407 103.30537 104.5712 -0.75278089 100.15614548 106.159342346 -0.629116206979 3.52701165115 7.08546441192 0
735 2.70793104172 103.24477 104.73622 -0.88717849 97.9577770001 107.020913064 -0.871994022263 5.75952405821 0.870005915455 0
738 2.69101500511 103.11543 104.83266 -1.0218313 100.428719226 106.051364463 -0.991899872882 2.95019581589 1.71494444868 0
741 2.72057199478 103.3336 104.43355 -1.1359167 96.8751154103 104.44583249 -1.08536203863 6.45849626885 2.89656873136 0
744 2.7077999115 104.18264 102.5184 -1.1499809 102.370259 104.558016829 -1.12265887605 2.72850906089 1.56543666012 0
747 2.71320986748 105.02068 100.61649 -1.1544373 102.903720463 102.116205457 -1.03668957104 2.59435235359 6.74644791658 0
750 2.7089138031 105.97315 98.645528 -1.1675657 104.669713593 101.549161023 -1.07662592592 3.18277099404 5.2104652446 0
753 2.69491004944 106.66644 96.709247 -1.154133 104.491410967 98.6532472238 -1.04486176631 2.91717126104 6.26078051263 0
756 2.71711993217 107.65453 94.805864 -1.1707179 104.716868905 97.3254345868 -1.07855920932 3.87015356908 5.28030402169 0
759 2.69872999191 108.36584 92.821603 -1.1639211 106.517758491 95.6986609499 -1.08320617902 3.41948354439 4.62462431603 0
762 2.71205687523 109.18739 90.932737 -1.1605274 106.867884421 91.6311777168 -1.13229261394 2.42238014523 1.61773407666 0
765 2.69756197929 110.00551 88.971931 -1.1631703 108.909291476 90.4408396549 -1.12084661053 1.83286324906 2.42496878009 0
768 2.73861289024 110.83946 87.051439 -1.1600004 109.15820686 88.2752922183 -1.1136782689 2.07952610519 2.65406261028 0
771 2.73190498352 111.68317 85.129972 -1.1502451 110.802421152 86.3744185812 -1.08788357438 1.52458710018 3.5730522218 0
774 2.69453001022 112.49307 83.177328 -1.1488654 111.374259241 85.5204008129 -1.03306384272 2.59648372239 6.63494049326 0
777 2.69745206833 113.40329 81.226755 -1.149046 112.642999212 83.6304423321 -1.13873515281 2.52106225098 0.590768026946 0
780 2.72343206406 114.20236 79.347389 -1.1522317 112.971995127 81.6265888602 -1.15075670757 2.59008681774 0.0845108408224 0
783 2.72984600067 115.10134 77.33273 -1.146946 113.972523236 80.1537864722 -1.13594217808 3.03851722165 0.630472554776 0
786 2.69269895554 115.87569 75.433999 -1.1405871 113.904438618 78.3702371854 -1.09664564217 3.53656990491 2.51766007903 0
789 2.69111990929 116.74641 73.521868 -1.1514597 113.833722143 75.3794019861 -1.11706871444 3.45458869642 1.97045832608 0
792 2.7211329937 117.66191 71.592443 -1.1472421 116.123870589 74.5712266124 -1.14302306447 3.35241957961 0.241732929362 0
795 2.69307899475 118.47567 69.543126 -1.1411103 116.148362864 71.5583604566 -1.10898114671 3.07855947143 1.84086488298 0
798 2.67719984055 119.32773 67.660396 -1.1493947 117.710518717 70.1293970651 -1.10303702109 2.95149768657 2.65609934938 0
801 2.70213985443 120.23613 65.736718 -1.1477983 118.593378692 68.7510135872 -1.07049983152 3.43287193874 4.42887600662 0
804 2.7023730278 121.05504 63.851108 -1.1435448 119.992563044 66.5025488586 -1.12802348005 2.85639561473 0.889306125658 0
807 2.70141601562 121.9387 61.889647 -1.1416966 120.572008685 64.176562055 -1.14771039515 2.66417447214 -0.344565080683 0
810 2.69546198845 122.75206 59.947854 -1.134592 122.503595833 62.7523711673 -1.1257135419 2.81550190623 0.508698177762 0
813 2.69902181625 123.61313 58.017737 -1.1345099 122.713699767 61.5886753587 -1.09189260081 3.68246867004 2.44179137781 0
816 2.69465589523 124.50226 56.14403 -1.1250591 123.525561564 59.1672724988 -1.14288278753 3.17709537796 -1.02122207108 0
819 2.68722605705 125.37031 54.195354 -1.1346431 124.055208449 57.7249918772 -1.10260072146 3.76667434644 1.83589305575 0
822 2.71690416336 126.19009 52.293812 -1.120627 125.041725585 55.7351477511 -1.11508010302 3.62788265802 0.317813786226 0
825 2.69871783257 127.09539 50.434417 -1.1252352 125.927444384 53.8862021019 -1.09402819591 3.64402488342 1.78802962569 0
828 2.7259991169 127.94916 48.435924 -1.125081 127.085416209 51.3482831304 -1.11286079166 3.03774407093 0.700166362495 0
831 2.71032309532 128.83417 46.49897 -1.1135569 127.191953393 49.7684433865 -1.11501436189 3.65873360741 -0.0835064152118 0
834 2.69961905479 129.69028 44.561049 -1.1141866 127.465625396 47.3992680646 -1.12825696247 3.60618573652 -0.806172385993 0
837 2.71715903282 130.6504 42.689185 -1.1179531 128.939673018 45.8905896403 -1.13719939433 3.62981796777 -1.10273143634 0
840 2.71165394783 131.56218 40.752166 -1.1133477 129.800085657 44.0169197362 -1.06093599934 3.70993172868 3.00296924511 0
843 2.72133398056 131.80181 39.159633 -1.0655485 132.40396146 43.1626668817 -1.12968387075 4.04806949529 -3.6746860617 0
846 2.70994400978 89.526265 39.287264 -0.26055386 133.207663278 40.7909051146 -1.07515694424 43.7072704721 -46.6733187052 0
849 2.72211813927 49.129117 22.860079 0.57174269 133.525166823 40.4221386502 -1.09796489067 86.2039393819 -95.6671973936 0
852 2.69595980644 45.693587 19.436118 1.0035584 133.680005524 39.7294412781 -1.0729739632 90.2963388754 -118.976540434 0
855 2.69092106819 46.841947 21.209275 1.0214136 135.31293787 39.4569429429 -1.06003308052 90.3332364689 -119.258110075 0
858 2.72435688972 48.00008 22.972907 1.0079248 61.3879813565 105.608103418 -1.23046409013 83.7126728146 -128.250236313 0
861 2.70690488815 49.170996 24.731115 1.014741 37.715580874 96.8171970632 0.754505589237 72.9906142112 -14.9103907166 0
864 2.7103471756 50.349541 26.532036 1.0144485 35.2373772696 93.3531584517 2.06129007549 68.5086848386 59.9796040943 0
867 2.72020697594 51.518278 28.351001 1.0069992 53.5289279316 15.5163707498 -2.55272683936 12.9911680309 156.042721722 0
870 2.7056119442 52.642563 30.101924 1.0170679 36.0145304383 97.6804615311 1.67378424601 69.5941822404 37.6270749635 0
873 2.71378302574 53.80357 31.912095 1.0183648 55.6244974173 101.042997178 -2.78474741646 69.1548798899 142.097720982 0
876 2.70107412338 54.946688 33.671099 1.0064723 34.7000703543 102.029109731 1.42054574618 71.2933598391 23.7246608743 0
879 2.73484301567 56.161659 35.476636 1.0152563 92.0851928652 42.0705010155 2.84541381921 36.5236819229 104.860301695 0
882 2.72323203087 57.333476 37.252395 1.017552 12.0384239874 50.4298570051 2.25049412012 47.1729503182 70.6423798665 0
885 2.69264698029 58.434052 39.044555 1.0099164 54.3021522035 80.4225710861 -0.775897627445 41.5838046738 -102.319606768 0
888 2.69818305969 59.558673 40.733157 1.0155176 83.5958516813 50.694362875 -3.12315966898 26.0194462171 122.871259721 0
891 2.7060880661 60.829575 42.673596 1.0256616 114.139889705 7.91050421246 1.87209632125 63.6432416256 48.4971371611 0
894 2.71294784546 61.938983 44.298725 1.0235902 9.26596147309 74.9248784448 -2.75563421675 60.929536939 143.466391087 0
897 2.69827699661 63.08776 46.123861 1.0214801 65.1417801104 126.664224903 1.31236340281 80.5665514729 16.6663855817 0
900 2.71489095688 64.233274 47.872937 1.026201 34.9475203231 118.688838259 1.48614135368 76.6325468685 26.3526410935 0
903 2.71826195717 65.367062 49.701179 1.0288308 62.0265502576 50.6682820812 1.03071059395 3.47768702887 0.107704259789 0
906 2.7232708931 66.47055 51.411163 1.0247772 31.8286798349 90.5485260462 -2.8174843585 52.2665510125 139.854628912 0
909 2.71385788918 67.601685 53.206336 1.0345375 64.9598596309 54.4088552463 0.991703687809 2.90263566758 -2.45419665899 0
912 2.7376871109 68.713633 54.989386 1.0321621 63.5220819025 56.229880953 0.957379369929 5.33769899173 -4.28473481353 0
915 2.70705795288 69.889939 56.860516 1.0335194 85.8876307543 9.0503204842 -2.94873609511 50.4156814565 131.833567187 0
918 2.73712205887 70.97178 58.665246 1.0279054 67.6413501232 61.0191211625 1.05956416153 4.07829516405 1.81391342026 0
921 2.73228311539 72.083269 60.388926 1.0348295 68.6150968202 61.9034104043 0.991455185014 3.78442614929 -2.48516518798 0
924 2.70069813728 73.21006 62.180545 1.0389104 70.9415687505 62.8862259478 1.06770761201 2.37571844901 1.64995870976 0
927 2.69438695908 74.211219 63.966291 1.0279221 71.7248968913 64.7125418804 1.07357849172 2.59589830403 2.61591855335 0
930 2.6931810379 75.394113 65.876292 1.0355825 72.9048851975 67.7996412578 1.00534650961 3.14571572462 -1.73239463865 0
933 2.70433402061 76.475569 67.55587 1.0353462 72.3812455234 68.6587890778 1.0607987804 4.24027301279 1.45832543479 0
936 2.70885109901 77.652303 69.425792 1.0395167 74.8426301479 70.0750006414 1.09366440436 2.88370133614 3.10243493029 0
939 2.73022007942 78.72098 71.209083 1.0347632 76.8982558927 71.9322349286 1.02517272853 1.96093648116 -0.54949353904 0
942 2.7039680481 79.923618 73.070281 1.0406815 77.3355858633 74.0237618596 1.09257660655 2.75808558426 2.97337058271 0
945 2.72063207626 80.886825 74.813727 1.0240856 77.7490832042 76.8959544563 1.06206798373 3.76577943548 2.1762302838 0
948 2.69929099083 82.003807 76.66259 1.0354781 79.0531931367 77.8661422998 1.01101424183 3.18663777493 -1.40167582386 0
951 2.68803095818 83.149971 78.458347 1.0359732 81.3077516498 79.8647060196 0.986109080705 2.31767509076 -2.85700358474 0
954 2.69191813469 84.209192 80.07724 1.046865 81.7605021265 80.8688801219 1.01811158957 2.57347550584 -1.64744906425 0
957 2.67929816246 84.421821 80.346791 1.1291589 81.9348412677 81.1764198752 1.1041161835 2.62170788976 -1.43484196292 0
960 2.70570588112 84.549549 80.462185 1.2384433 82.3764025633 79.6275256496 1.25182898348 2.32792217792 0.766943169573 0
963 2.69811892509 84.477315 80.645515 1.377415 83.1912757708 79.8804326719 1.34626365563 1.49641166395 -1.78484055866 0
966 2.71867609024 84.491575 80.745704 1.5042297 83.0975300051 80.2947454835 1.49565121161 1.46517064922 -0.491511179305 0
969 2.71821784973 84.58151 81.604236 1.6242617 81.4214444743 81.4371940817 1.61413483271 3.16447738643 -0.580226755524 0
972 2.81195807457 84.52138 83.606555 1.6450761 81.5194796438 83.4720117983 1.61719995989 3.00491391253 -1.59718517715 0
975 3.01081585884 84.450105 85.633891 1.6510189 80.9594137496 86.7212675619 1.61699838936 3.65613363994 -1.94923167631 0
978 2.99008488655 84.288283 87.799076 1.6553182 81.6234336842 87.5532752638 1.60201213989 2.6761614073 -3.05421226657 0
981 3.02647185326 84.219899 89.940013 1.6574582 80.687322416 90.6065997783 1.625182062 3.59491797612 -1.84928648665 0
984 2.83934903145 84.085061 91.960688 1.6559816 80.8787272604 92.8431137579 1.60107143395 3.32554525874 -3.14612076713 0
987 2.70882701874 83.972707 94.061302 1.6546883 80.2857517699 94.3726263638 1.72010060914 3.70007590849 3.7478492422 0
990 2.72402310371 83.850194 96.236204 1.650278 80.2925558203 95.6851843871 1.72225096743 3.60005722615 4.12374727256 0
993 2.72454285622 83.742141 98.372522 1.653672 80.0172341349 99.1360999253 1.64646108745 3.80236536934 -0.413154855723 0
996 2.72192215919 83.558608 100.37046 1.6603574 80.6127333983 101.876877611 1.66784068146 3.30869629706 0.428760444635 0
999 2.7196700573 83.448658 102.54165 1.6520527 80.2319748856 102.690866848 1.61703932221 3.22014222145 -2.00611877369 0
1002 2.72486996651 83.308795 104.69204 1.6576029 79.2766822386 104.767826036 1.66260712056 4.03282492106 0.286720717857 0
1005 2.71583819389 83.194681 106.76107 1.661421 78.3573642654 107.94620191 1.6600835009 4.98037858341 -0.0766330535228 0
1008 2.73998093605 83.066158 108.84686 1.6653468 78.9102625846 109.18210939 1.6513592346 4.16939550262 -0.801428463256 0
1011 2.71294307709 82.920912 111.09751 1.6564676 78.6853046293 111.594791303 1.67422975893 4.26469910941 1.01769674176 0
1014 2.70635104179 82.798446 113.12029 1.6519674 77.9747340786 113.463448665 1.63664320387 4.83590266339 -0.878011762556 0
1017 2.74654388428 82.725101 115.25424 1.6521864 78.4486337992 116.854860406 1.65583690411 4.56619725848 0.209158478323 0
1020 2.71513390541 82.605874 115.888 1.7134215 79.0395569335 117.154205564 1.7197941955 3.7844278234 0.365128556261 0
1023 2.69584298134 82.650086 115.98425 1.8265292 79.1608363139 116.759705262 1.84402664792 3.57438025896 1.00252991797 0
1026 2.70105814934 82.697137 116.16336 1.9516157 78.1685887423 116.837512869 1.97968512587 4.57845294977 1.60825963551 0
1029 2.7376139164 82.611261 116.28116 2.0730733 78.2757948114 116.479111935 2.07673973773 4.33998295401 0.210071407496 0
1032 2.70195293427 82.517518 116.45008 2.1971216 78.6983188889 115.979527215 2.23032291334 3.8480776725 1.90229512873 0
1035 2.71010088921 82.418538 116.4581 2.3123831 78.9880185179 116.130954413 2.39133654605 3.44608301587 4.52369923688 0
1038 2.68236589432 82.414024 116.83182 2.4679277 78.7853300837 116.278798872 2.56017906376 3.67059285479 5.2856137979 0
1041 2.69231200218 82.282962 116.94587 2.5874118 78.7518636878 113.737327286 2.6160301148 4.77110067388 1.63970865477 0
1044 2.70527601242 82.208722 116.96752 2.707272 78.5182065993 115.734825374 2.76397568243 3.89094332566 3.24888168592 0
1047 2.71526813507 82.043289 117.20312 2.8493508 77.5780556752 118.024276546 2.88988506947 4.5401108707 2.32244256625 0
1050 2.69379687309 81.832352 117.28824 2.9891727 78.3181287348 117.620514553 3.03088959837 3.52989681671 2.39020221079 0
1053 2.71191811562 81.142386 117.29523 3.0875315 76.257302403 113.255050755 3.12778992313 6.33932883543 2.30663773541 0
1056 2.69787788391 79.131234 117.37152 3.1037602 76.0691360038 115.989125496 -3.11615987114 3.35968133958 3.62483101493 0
1059 2.70467495918 77.094643 117.50841 3.1079346 73.8639827456 115.440548599 -3.11119126731 3.83578107462 3.67033554248 0
1062 2.6853120327 74.899205 117.59033 3.115912 71.5814060903 116.732828945 3.13560782087 3.42682034324 1.12848741016 0
1065 2.72692203522 72.824078 117.69503 3.116944 69.6935135967 117.184364475 -3.11701530091 3.17194148135 2.8204424017 0
1068 2.7055580616 70.711208 117.83017 3.1174699 68.4571001225 116.556628913 3.11385679411 2.58899772596 -0.207015718385 0
1071 2.72005701065 68.550781 117.88294 3.1169773 65.69041941 117.189449385 -3.12267228738 2.94322912091 2.4944130025 0
1074 2.70280814171 66.454241 117.99143 3.11617 64.102088966 117.013894799 -3.14045450062 2.54719340844 1.52182211631 0
1077 2.71986699104 64.352032 118.06903 3.1139299 61.3647098245 117.478950033 3.10174183396 3.04504320958 -0.698324744282 0
1080 2.70073986053 62.204954 118.16997 3.1178991 59.5537346829 118.049561819 3.11148918825 2.65395214675 -0.36726089019 0
1083 2.73608779907 60.134729 118.2293 3.1166836 57.405100443 117.370082187 3.1147110852 2.86166512872 -0.113016773238 0
1086 2.70295405388 58.034017 118.36643 3.1239361 55.4290570363 117.258591459 3.13124599349 2.8307459521 0.418826045558 0
1089 2.68944311142 55.858025 118.47896 3.1251128 53.3832365227 117.009225995 3.13018665325 2.87831479375 0.290710377021 0
1092 2.70288205147 53.766425 118.55 3.1243401 50.2163584101 116.842013141 -3.13383321615 3.93956747646 1.43308152329 0
1095 2.70303106308 51.628528 118.603 3.1187628 48.4681507097 117.013164223 -3.13658544715 3.53773407927 1.5949460537 0
1098 2.70762491226 49.494235 118.64783 3.1200968 47.2459394724 117.729595342 -3.12746064972 2.42857729265 2.04132586566 0
1101 2.70204401016 47.379245 118.80828 3.1260538 46.5450061221 117.134727228 -3.13836210567 1.86995545038 1.07540749076 0
1104 2.6961619854 45.313934 118.87713 3.1250737 42.5064111236 117.74779332 3.13585373977 3.02615036605 0.617650782082 0
1107 2.68383789062 43.229975 118.9845 3.131291 41.9747489566 116.659361466 3.1279437736 2.64232125683 -0.191781945799 0
1110 2.69383692741 41.038059 119.03542 3.1300111 39.0572452147 117.1157701 3.13624469925 2.75838340162 0.357158928109 0
1113 2.73967909813 38.877743 119.09254 3.1262084 36.2193446831 118.278156254 3.09893435036 2.78034215454 -1.56268793477 0
1116 2.70651698112 36.866989 119.17866 3.1252668 34.0716505074 119.129194003 3.11550086723 2.79577613072 -0.559546730811 0
1119 2.70414996147 34.67231 119.25843 3.1314701 31.5893778434 119.460142807 3.08280355181 3.08952403108 -2.78838781498 0
1122 2.71888995171 32.567479 119.34722 3.1353596 31.4214909068 118.759471928 3.1045004217 1.28791944833 -1.76810067559 0
1125 2.70601820946 30.502201 119.36971 3.1349527 26.8045702574 117.582229079 -3.14069766244 4.10701365383 0.43172053226 0
1128 2.69137120247 29.15421 119.31018 -3.13185 25.925637617 117.166381552 -3.13075373564 3.8755066014 0.0628113211598 0
1131 2.70792603493 28.938717 119.39146 -3.028318 26.300105305 117.832990366 -3.00187114333 3.06449005178 1.51529326867 0
1134 2.71695899963 28.80706 119.32785 -2.9089456 26.4259545671 116.675989465 -2.89960867283 3.56399037298 0.53496652072 0
1137 2.72057294846 28.607415 119.34948 -2.7753086 25.8912640679 118.32809169 -2.74529339647 2.90184595826 1.71974448356 0
1140 2.75130701065 28.309413 119.3977 -2.6319404 26.8973281232 116.208668649 -2.67936598678 3.48767897809 -2.71728596327 0
1143 2.74160289764 28.176965 119.31562 -2.5155106 26.4059329988 117.186651401 -2.51327071669 2.76930706958 0.128335860511 0
1146 2.70672893524 28.13257 119.1422 -2.3876282 25.9369096722 117.890912024 -2.40386548125 2.52718140888 -0.930327686427 0
1149 2.71486902237 28.071656 119.10664 -2.2643471 25.7150049875 115.14049208 -2.28756288239 4.61347302113 -1.33016634886 0
1152 2.72925114632 27.847582 119.05477 -2.1225081 26.4633229568 118.242661606 -2.11128363832 1.60489661425 0.643114281604 0
1155 2.69456100464 27.651134 118.95518 -2.0012288 23.4372089373 118.81495742 -1.93483983239 4.21625744062 3.80380765043 0
1158 2.71093010902 27.585975 118.8068 -1.8653126 24.4142154608 117.850536224 -1.96503862155 3.31277813679 -5.71388014246 0
1161 2.71861410141 27.545652 118.66047 -1.7395281 23.9238456406 117.362564126 -1.66474444948 3.84734206471 4.28478755164 0
1164 2.7149169445 27.426878 118.54472 -1.6078392 31.1955209793 69.3881745317 -2.5084907197 49.3007974812 -51.603530891 0
1167 2.70880508423 27.408113 118.27266 -1.4907581 26.1770132096 116.882010178 -1.39396736804 1.85728662846 5.54570043704 0
1170 2.71339297295 27.619078 117.43976 -1.368489 27.5124437118 116.909396238 -1.36346394609 0.540977440782 0.287914380697 0
1173 2.71911907196 28.00462 115.50954 -1.3464267 40.5292561592 141.44203222 -2.45116783522 28.7986225998 -63.2970045028 0
1176 2.70729994774 28.352772 113.43776 -1.3439724 57.0565550426 88.7900366564 -2.01139644846 37.8340775886 -38.2405811223 0
1179 2.72119283676 28.777386 111.37552 -1.3470791 27.4196627018 111.671410634 -1.33259083781 1.38959124275 0.830116275942 0
1182 2.73132586479 29.292879 109.18718 -1.3487141 90.9071936986 37.3619721831 -1.82454238017 94.6318353078 -27.2629522266 0
1185 2.71088004112 29.664866 107.14961 -1.3582731 26.8158621497 106.720363547 -1.33672372109 2.88115870036 1.2346884628 0
1188 2.67881393433 30.155372 105.1583 -1.3627181 27.1653583786 104.690805117 -1.39817508072 3.0263398556 -2.03153534931 0
1191 2.73641300201 30.584999 103.08809 -1.3538609 27.2069405632 103.613312486 -1.42074940751 3.41864555955 -3.83242917805 0
1194 2.70828700066 30.932942 101.04272 -1.3388863 27.7445888834 102.908455833 -1.44500326566 3.69412584975 -6.08005426715 0
1197 2.71149492264 31.46397 98.886394 -1.3633561 28.7197972363 98.8678331427 -1.42990662268 2.74423553336 -3.81306407397 0
1200 2.70360708237 31.761459 96.890841 -1.3338862 31.0755563709 96.4745296554 -1.29150653032 0.802357496527 2.42817620975 0
1203 2.71517801285 32.148779 94.808879 -1.340085 28.4675228884 93.8264843865 -1.39913056308 3.81008474133 -3.38306156321 0
1206 2.72335314751 32.63242 92.742465 -1.3409888 30.821713247 92.1113106097 -1.31031702938 1.91755438251 1.75736300698 0
1209 2.74605798721 33.223163 90.635151 -1.3443959 32.1434699105 89.2469871297 -1.43152585169 1.75861766685 -4.99217850096 0
1212 2.70449995995 33.480467 88.544154 -1.3400822 32.2318743762 89.3069918515 -1.35820322807 1.46318321747 -1.03825842868 0
1215 2.71826219559 33.996344 86.523674 -1.3537744 32.2668196368 86.0553504891 -1.33663465868 1.79180954166 0.982034839353 0
1218 2.7276301384 34.391099 84.502242 -1.3500462 33.2939537322 83.982848203 -1.30123438638 1.2138771169 2.79671091053 0
1221 2.71273612976 34.871654 82.311763 -1.3462417 32.6132450453 82.9421406549 -1.32295576116 2.34473601809 1.33418601744 0
1224 2.71497702599 35.319079 80.358924 -1.358939 33.9002581601 81.3060581137 -1.30854961557 1.70590609501 2.88709906 0
1227 2.72080898285 35.776446 78.250756 -1.3606991 34.6749549424 77.6422462835 -1.33246300473 1.25839843651 1.61780908863 0
1230 2.69714903831 36.167733 76.160289 -1.3496683 34.4003595591 77.158734019 -1.3830238882 2.02990180441 -1.91113442701 0
1233 2.73358488083 36.593873 74.026216 -1.3452321 34.5434683163 74.4875096172 -1.36964650444 2.10165438834 -1.39884233373 0
1236 2.6994740963 37.096668 72.068535 -1.358637 35.1299130566 72.0697421665 -1.39197197366 1.96675531392 -1.90995330117 0
1239 2.69440603256 37.456761 70.030489 -1.3570922 35.1515819227 69.989472724 -1.38644976983 2.30554395169 -1.68206484814 0
1242 2.70223617554 37.942935 67.912468 -1.3598503 36.1675667377 67.5772606589 -1.39850789541 1.80673640254 -2.21491706293 0
1245 2.68793201447 38.381728 65.750541 -1.3597279 37.066934364 64.3867546433 -1.35285605764 1.89435887094 0.393727564528 0
1248 2.70989203453 38.78715 63.709446 -1.3638712 37.6111738746 62.8999836113 -1.35540151214 1.42763763127 0.485277368083 0
1251 2.70657205582 39.284372 61.704874 -1.358189 37.7921812829 62.1626602983 -1.34664622461 1.56083356935 0.661352313663 0
1254 2.69534611702 39.616785 59.610797 -1.3616912 38.8370580674 59.2821969166 -1.36404042034 0.846139529956 -0.134600410702 0
1257 2.69390106201 40.0981 57.483375 -1.3627524 38.830258452 58.6639834189 -1.37818632331 1.73241404683 -0.884298666923 0
1260 2.71120905876 40.478176 55.366289 -1.371191 39.2404937227 56.8169082682 -1.3225726516 1.90687012686 2.78562616997 0
1263 2.69881820679 40.927924 53.368372 -1.3697355 39.8203733118 53.7317473844 -1.3446847525 1.16563724933 1.43530210517 0
1266 2.71792411804 41.311773 51.24524 -1.3687118 40.9121928823 51.5695465771 -1.34657321174 0.51462513198 1.26844767162 0
1269 2.68828892708 41.752813 49.127024 -1.3690442 40.8580907694 50.5558120754 -1.32566723172 1.68581233659 2.48531721047 0
1272 2.69339299202 42.124468 46.999249 -1.3746445 42.4513591319 47.9554553875 -1.37832901719 1.01053870165 -0.211107284709 0
1275 2.7186820507 42.489069 45.000812 -1.3756167 41.0836790419 46.1101708158 -1.37787724842 1.79047421555 -0.129519883993 0
1278 2.70731496811 42.919623 42.847052 -1.3693623 40.8147838368 43.7393409653 -1.36873572088 2.28615999014 0.0359003389404 0
1281 2.74261689186 43.26925 40.76156 -1.3849404 43.1310312013 41.7800536216 -1.33072383024 1.02782960337 3.10638062699 0
1284 2.71598386765 43.723057 38.666685 -1.382086 43.7319058411 38.7761314745 -1.32972217668 0.109803610006 3.00022607552 0
1287 2.727684021 44.069109 36.638541 -1.3748634 44.0263064388 37.0824650596 -1.35098641712 0.445982768675 1.36805034653 0
1290 2.71495103836 44.48264 34.512889 -1.372972 43.8882256082 35.9754616142 -1.37540943028 1.57874859333 -0.1396544678 0
1293 2.71002292633 44.660959 33.544964 -1.3339999 44.241055903 34.2459309943 -1.31364032154 0.817112806125 1.16651791864 0
1296 2.70560383797 44.654294 33.324157 -1.2074321 45.1216943642 34.4182077836 -1.18821606909 1.18971014017 1.10099747005 0
1299 2.69843196869 44.699557 33.107025 -1.0711259 44.1391337643 33.0941446346 -0.998840141446 0.560571232687 4.14166888406 0
1302 2.67289614677 44.829945 32.953901 -0.95914547 43.9209164419 32.7835311245 -0.975034042866 0.924856104443 -0.91034816769 0
1305 2.69742107391 44.914184 32.826307 -0.82117543 43.5437509604 33.0712022913 -0.766581952625 1.39214238486 3.12797584252 0
1308 2.68275690079 44.932468 32.690373 -0.70238554 44.0952382617 32.8776301697 -0.736313758875 0.857915428404 -1.94394374793 0
1311 2.70735192299 45.019913 32.619075 -0.56167342 43.8015993984 34.1434726304 -0.717543072711 1.9514292627 -8.93067325453 0
1314 2.69763302803 45.164806 32.47066 -0.44585332 43.8091924236 32.1603812071 -0.529696746764 1.39066929853 -4.80387449347 0
1317 2.69214320183 45.307079 32.373178 -0.30795343 42.9649840145 32.7823031226 -0.520499360375 2.37756015429 -12.1779847631 0
1320 2.70198392868 45.468859 32.25314 -0.19105128 43.8345779017 32.5252506018 -0.501750698983 1.6567796739 -17.8017654049 0
1323 2.71534395218 46.833289 32.057508 -0.10389315 44.4720414413 32.1344998772 -0.222885311496 2.36250244079 -6.81774864887 0
1326 2.70798420906 48.863767 31.868312 -0.084237935 47.7263664309 33.6401269469 -0.165032048665 2.10547103063 -4.6291617225 0
1329 2.69046998024 51.033972 31.691587 -0.08198003 49.2048309671 32.6685615142 0.0345592777871 2.07370106801 6.67721048358 0
1332 2.7174551487 53.111195 31.42619 -0.084122232 50.7122626979 33.4379542097 -0.00835888541054 3.13082599735 4.34092000136 0
1335 2.7374920845 55.206155 31.249451 -0.082409142 53.3494901395 33.3064407261 -0.0312221893786 2.77099461159 2.93279635134 0
1338 2.72769403458 57.287235 31.07162 -0.080297126 56.1133626482 33.2679612572 -0.0471129874943 2.49035965603 1.90131108315 0
1341 2.72867512703 59.516372 30.847745 -0.092608556 59.0107656118 33.1780608859 -0.0040040541606 2.38453558325 5.07666400126 0
1344 2.68412899971 61.567611 30.670937 -0.091677002 60.4570097177 34.0084113269 -0.00885837742785 3.51740957111 4.74515765306 0
1347 2.71282792091 63.68279 30.502969 -0.089332225 63.4430284481 32.1915068491 -0.085696355003 1.70547520349 0.208320005688 0
1350 2.70241093636 65.773678 30.270465 -0.081918863 65.0051187749 32.0437156868 -0.0919185777511 1.93264101188 -0.572941451575 0
1353 2.68605709076 67.870787 30.052005 -0.080757136 67.7093515553 31.7897226008 -0.0976996299974 1.74520023577 -0.970733400479 0
1356 2.69283795357 69.978421 29.855203 -0.080851998 69.8808592031 31.9083570751 -0.070175670396 2.05547073934 0.61170851241 0
1359 2.6889090538 72.04312 29.748383 -0.089661546 70.8503464593 31.4609779388 -0.120507677825 2.08702902325 -1.76735316786 0
1362 2.69632816315 74.192216 29.503442 -0.097083695 72.0640016982 31.2475012329 -0.117478618737 2.75155205703 -1.16854305363 0
1365 2.70747303963 76.337484 29.313327 -0.092202589 75.3783217173 30.4464886406 -0.120676356508 1.48460351218 -1.63142670505 0
1368 2.6993560791 78.469083 29.072242 -0.088851811 77.5623580381 30.7528136064 -0.111802217843 1.90957353376 -1.3149614502 0
1371 2.72367691994 80.508884 28.860474 -0.08148585 78.7562252247 30.0332497038 -0.0958913888564 2.10884224969 -0.825376578081 0
1374 2.68829894066 82.648681 28.706332 -0.092016755 82.2848200293 30.6883483691 -0.102472649576 2.01513862882 -0.599078630256 0
1377 2.70677018166 84.803463 28.469695 -0.089914919 83.5469907914 30.3610276108 -0.0813124275977 2.27065220937 0.492886450649 0
1380 2.71863913536 86.909059 28.274418 -0.095059786 84.6609023226 30.432853748 -0.0582803170969 3.11657718083 2.10730834088 0
1383 2.68239498138 88.999768 28.069648 -0.093100738 87.4185712204 30.5431849491 -0.0634396647014 2.93573982061 1.69945431584 0
1386 2.69414401054 91.148907 27.8824 -0.087682683 89.8466704345 30.0184911499 -0.0479968806038 2.50174048883 2.27382898389 0
1389 2.69615912437 93.191686 27.680334 -0.085944106 90.9812215532 30.3350307015 -0.0706467976041 3.45449962331 0.876471208995 0
1392 2.69358682632 94.597595 27.536443 -0.026113958 92.997669168 30.8719151143 -0.0482247294496 3.699342765 -1.26685388584 0
1395 2.705753088 66.734672 23.138609 0.64678418 94.7955644562 31.7854300551 -0.00671962996746 29.3629221945 -37.4430102069 0
1398 2.72311496735 41.954155 8.6979942 1.5862633 98.0671410002 31.7209209766 0.0503945244243 60.6524719629 -87.9987987264 0
1401 2.717689991 40.498777 7.6026468 1.6671323 99.3957054156 32.3863872864 0.00352847982176 63.8989981869 -95.3174776781 0
1404 2.69593119621 40.36551 9.5759073 1.6613912 101.171780879 31.3156600536 0.0114579954706 64.5756875923 -94.534209098 0
1407 2.71221899986 40.15753 11.693798 1.6450717 101.098506836 31.1490713247 -0.0276369235932 63.9711678642 -95.839144487 0
1410 2.72158098221 40.017928 13.779826 1.6578436 102.455764694 29.6148806545 -0.0223439375403 64.4145356802 -96.2676546915 0
1413 2.71834301949 39.937066 15.922073 1.6651068 106.688982366 31.2991202286 0.000402880579087 68.5001599996 -95.3805087217 0
1416 2.68090796471 39.75755 17.953862 1.6630734 105.182280543 30.193983163 -0.0107444791085 66.5598672831 -95.9027001465 0
1419 2.71347117424 39.645384 20.177858 1.663423 108.97913829 32.4135479594 -0.00755607693171 70.4051247619 -95.7400487629 0
1422 2.68965697289 39.526919 22.292671 1.6684735 111.084168159 32.4970873562 0.0456111440622 72.2811871819 -92.9831637259 0
1425 2.71784186363 39.303781 24.413998 1.6572417 111.71175106 33.2279149314 0.0286633527643 72.9424379897 -93.310665903 0
1428 2.68563485146 39.21094 26.55624 1.6661167 115.184606267 34.1894719193 0.176267899408 76.3561667164 -85.3620483866 0
1431 2.69584989548 39.049874 28.673026 1.6660737 116.109458323 34.4844441563 0.145040949586 77.2784065376 -87.1487570999 0
1434 2.73097014427 38.816051 30.701859 1.6598041 120.830294575 35.6707511421 0.140215910701 82.1646276584 -87.0659898448 0
1437 2.71064209938 38.695572 32.853799 1.6647394 123.847192092 34.876537419 0.113393726521 85.1756413244 -88.8855596562 0
1440 2.70814108849 38.58982 35.008607 1.6723781 124.934220686 34.075040917 0.107002762847 86.3494474535 -89.6894001727 0
1443 2.71220517159 38.393816 37.160762 1.6689022 125.744526336 35.5838514719 0.111239900245 87.3649428723 -89.2474756826 0
1446 2.72127199173 38.314928 39.264936 1.6781402 129.131025789 37.4327665441 0.13260831121 90.8345774612 -88.5524543306 0
1449 2.70260596275 38.042909 41.445131 1.6601298 131.412729652 38.8270229885 0.174247361357 93.40651957 -85.1347925869 0
1452 2.70999503136 37.893052 43.482766 1.6655679 135.726131747 27.687155195 -0.106361782577 99.1000141949 -101.524092406 0
1455 2.69834899902 37.737395 45.529248 1.6663309 137.84877166 27.9166781246 -0.0860658121797 101.648858107 -100.40493564 0
1458 2.70653510094 37.667375 47.706088 1.6735516 141.221695335 26.3785180487 -0.0863780957833 105.727775443 -100.836543808 0
1461 2.72590303421 37.411337 49.793915 1.6717816 141.552699477 25.0412968141 -0.117794066838 107.042587252 -102.535132829 0
1464 2.71508598328 37.208006 51.943854 1.66906 137.826722503 37.18352653 0.202921994663 101.695591732 -84.0035198896 0
1467 2.70973682404 37.03196 53.963531 1.6741645 141.063781409 39.9000029883 0.115201647461 104.978105745 -89.3219918682 0
1470 2.69352507591 36.983983 56.143126 1.6856298 25.98936928 119.98981089 1.05613861311 64.7864237499 -36.0671882495 0
1473 2.70866894722 36.720012 58.206076 1.6746777 65.3840276639 38.8930151748 -0.507866002776 34.5632769341 -125.050542772 0
1476 2.68944787979 36.536888 60.398002 1.6787317 135.143472435 35.4379019159 0.706032652517 101.71659201 -55.7315501572 0
1479 2.69254422188 36.401835 62.417273 1.6766351 44.2228007032 52.013822159 -0.823468209006 13.0153483984 -143.245367953 0
1482 2.70270895958 36.239068 64.615141 1.6886647 41.2441097215 71.527808834 1.99112335594 8.53436694886 17.3296044623 0
1485 2.69683790207 35.99676 66.655908 1.678851 76.1585342724 21.4335520306 1.52042138819 60.4816467379 -9.07734810643 0
1488 2.71053695679 35.830181 68.859683 1.6854848 42.0506037173 78.0057755441 2.13984420163 11.0609523825 26.0328760957 0
1491 2.73901605606 35.575227 70.898859 1.683738 38.3034559055 43.4367143542 -2.11829468004 27.5973299707 142.159573863 0
1494 2.69866681099 35.463169 73.006353 1.6935188 33.8929714278 42.9553846634 -1.79731028887 30.0919626875 159.990226207 0
1497 2.7116920948 35.205801 75.07321 1.6913976 31.4595192907 74.9103838922 2.04094170795 3.74981852717 20.027402139 0
1500 2.72678494453 34.978045 77.287591 1.6912075 74.2582833213 135.842361704 -0.353185439689 70.5095617263 -117.135087111 0
1503 2.72756481171 34.814043 79.320098 1.7000185 28.8043352083 78.5482920429 1.85085993767 6.05906528908 8.64257775403 0
1506 2.69579291344 34.580736 81.372215 1.6970036 30.2186664039 80.9454885627 1.7598966223 4.38289249399 3.60350473854 0
1509 2.71866106987 34.345965 83.441951 1.6955247 32.4022501427 83.1462133265 1.93097880489 1.966084489 13.4905264793 0
1512 2.71079301834 34.142398 85.698773 1.7034669 72.867471661 21.4006010418 1.2813190279 75.0592182694 -24.1872914015 0
1515 2.71083378792 33.910208 87.748137 1.7016389 29.9116762038 86.9658020324 1.83963489786 4.07434712894 7.90658826691 0
1518 2.69931912422 33.670818 89.737713 1.6967853 31.4214792005 90.4117743483 1.72792012048 2.34816603681 1.78389380927 0
1521 2.70985412598 33.472926 91.900649 1.7056804 29.5004346285 91.609606801 1.75619425128 3.98313861898 2.89423048532 0
1524 2.69794297218 33.217902 94.036516 1.7078464 30.0393629056 93.3672552851 1.72707979062 3.24823347052 1.10199210823 0
1527 2.72450590134 33.034075 96.178482 1.7177188 28.8849677737 97.0758651436 1.73849971799 4.24504267133 1.19065889496 0
1530 2.7037768364 32.713254 98.174723 1.7080491 27.9601300009 97.6144440299 1.71612248126 4.7860317879 0.462570672586 0
1533 2.70965313911 32.45653 100.24821 1.7068362 28.1083572396 99.5521014038 1.78501101082 4.40354102199 4.47908672415 0
1536 2.70294189453 32.217075 102.39435 1.7082962 27.3920426396 101.836051053 1.67988324002 4.85722503011 -1.62794269046 0
1539 2.69280815125 31.955228 104.48204 1.7110577 28.521777191 103.030943212 1.67177773155 3.7275013543 -2.25057641138 0
1542 2.68810009956 31.741377 106.6002 1.7198575 27.2966419469 105.075851047 1.66530228875 4.69886256678 -3.12578335532 0
1545 2.68421316147 31.439656 108.68741 1.7105287 27.9239630943 108.357781442 1.66335246154 3.5311119486 -2.7029993569 0
1548 2.74117493629 31.216018 110.75498 1.7177022 26.7638280653 110.137483185 1.66627444283 4.49480784139 -2.94659343578 0
1551 2.73763990402 30.916985 112.90957 1.719675 26.4927756818 111.61800874 1.69841235584 4.60887823455 -1.21825977167 0
1554 2.7130510807 30.668641 114.94646 1.716506 27.0086165422 114.052217808 1.69857307791 3.76768471727 -1.02748075011 0
1557 2.70909690857 30.419865 117.12266 1.716223 27.4135933271 115.048802829 1.66173640451 3.65219837017 -3.12185196144 0
1560 2.7151260376 30.132888 119.21343 1.725557 26.9724480429 116.154298183 1.68709268124 4.39848476164 -2.20384312705 0
1563 2.68905997276 29.88258 121.34383 1.72867 25.6342792549 119.86929534 1.71315769378 4.49692246806 -0.88878967674 0
1566 2.72401309013 29.981486 120.5055 1.7055843 26.322184195 118.90904752 1.70357335053 3.99238653187 -0.115218917673 0
1569 2.71224784851 30.170653 118.4575 1.6900862 27.0790632793 117.293112568 1.63046629824 3.30359275539 -3.41596874595 0
1572 2.72163391113 30.502618 115.6086 1.6745202 27.5907879772 112.854878849 1.6661389283 4.00770935327 -0.480211495643 0
1575 2.69998908043 30.699806 113.48782 1.6738205 27.6718379294 112.163677075 1.66291930153 3.30483662552 -0.624592663973 0
1578 2.72946691513 30.8492 111.36091 1.6697397 27.7747545418 111.574078483 1.66994831444 3.08182667874 0.0119527270217 0
1581 2.7086391449 30.973164 109.37107 1.6787837 26.7287180442 108.829264494 1.61732252153 4.27888708401 -3.52146613048 0
1584 2.70811986923 31.204408 107.09871 1.665475 27.5185826618 107.358555782 1.65638894045 3.69497337666 -0.520592864493 0
1587 2.7269449234 31.322843 104.96751 1.6587885 28.4018969796 105.148420245 1.70626607881 2.92654304094 2.72026488722 0
1590 2.70848822594 31.457099 102.91722 1.6541397 26.9400092284 102.943368064 1.60486965295 4.51716545255 -2.82296575224 0
1593 2.72854709625 31.546684 101.34427 1.631357 28.9549002534 102.243053429 1.71147417927 2.74320153119 4.59037623871 0
1596 2.72410106659 31.536552 101.09899 1.5279681 28.4651210012 102.030426535 1.6100601076 3.20955797577 4.70352556701 0
1599 2.68616199493 31.522716 100.84711 1.3818466 30.2398185195 102.066264448 1.54111525056 1.76979194109 9.12542148602 0
1602 2.66858792305 31.33472 100.81397 1.2437751 28.90103296 102.199150199 1.32604435394 2.80027798474 4.71368103457 0
1605 2.68776798248 31.335612 100.76499 1.1262837 28.0553656672 101.789290165 1.16247993127 3.43645265241 2.07389128601 0
1608 2.71012401581 30.238332 99.003137 0.9296569 28.0418759994 100.85848422 1.03089596654 2.87519256191 5.80057123436 0
1611 2.71055698395 28.772289 97.32743 0.78863198 26.2422438678 98.6479256199 0.80912514116 2.85391609076 1.17417164333 0
1614 2.6922121048 27.005154 95.945316 0.6582802 23.5616783045 98.0841921348 0.641294898903 4.05367931456 -0.973186066597 0
1617 2.72023296356 26.209553 95.323497 0.64585939 23.2058893313 96.6471470792 0.596626810215 3.28238403708 -2.82081903619 0
1620 2.72083592415 26.225548 95.299359 0.74214735 24.9433500196 95.0051971016 0.783775317656 1.31550860253 2.3851068564 0
1623 2.71075415611 26.287241 95.304851 0.87876564 24.4743366009 94.5111325781 0.94944895033 1.97904302466 4.0498553639 0
1626 2.71687197685 26.503119 95.525486 1.0159202 23.1145299377 93.7670820505 1.09725950941 3.81765900552 4.66039913744 0
1629 2.70604801178 26.584147 95.637624 1.1414331 25.9624527043 95.4468647478 1.18447206503 0.650302152546 2.46595105068 0
1632 2.72716403008 26.62792 95.717086 1.2595284 25.0914021185 96.6953404785 1.22505412493 1.82150185969 -1.97523046326 0
1635 2.69853591919 26.756174 95.797181 1.3910555 23.0173747456 96.470831362 1.33025808725 3.79900311591 -3.48343515602 0
1638 2.70111489296 26.381693 93.77201 1.3952992 21.7199094297 94.3048842437 1.35928615861 4.69214034489 -2.0633952792 0
1641 2.71367001534 26.011804 91.856332 1.39866 21.8100442925 92.9643145744 1.36036970358 4.34538951357 -2.19387238111 0
1644 2.72192001343 25.609249 89.727224 1.3968171 22.6182749053 90.8028851613 1.36898865903 3.17851741687 -1.59445221795 0
1647 2.72374510765 25.2462 87.568251 1.3940659 23.7581123714 88.0483037042 1.5555610871 1.563603335 9.25299263238 0
1650 2.70488595963 24.820481 85.505592 1.4017015 21.5130393572 85.8873403457 1.43520743417 3.32939964858 1.91974861636 0
1653 2.70882201195 24.493958 83.448062 1.398475 19.6768681414 84.329723281 1.34679967112 4.89710948629 -2.9607782499 0
1656 2.68476581573 24.080092 81.345956 1.3962744 20.011966764 81.6581695474 1.37863896193 4.0800882631 -1.01043617124 0
1659 2.70308899879 23.622432 79.208855 1.3888608 19.7801956727 79.4300175643 1.42503119685 3.84859622131 2.07241108282 0
1662 2.71186304092 23.236261 77.182266 1.3737053 20.36089015 77.5318913737 1.46616687757 2.89654888221 5.29765816185 0
1665 2.69139313698 22.741503 75.111069 1.3685019 18.2693567486 75.1387941718 1.35917100392 4.47223219197 -0.534620964647 0
1668 2.6851041317 22.23837 73.007777 1.3690406 20.0501742334 72.4114529766 1.48570816751 2.26799538223 6.68455922423 0
1671 2.72345018387 21.796618 70.8705 1.3677106 19.1353504477 72.0785824999 1.44735616443 2.92263721859 4.56335469867 0
1674 2.7002260685 21.306705 68.900927 1.3588762 19.8039610889 68.887175883 1.46331173177 1.50280682581 5.98371520161 0
1677 2.68398785591 20.800373 66.796896 1.3509317 19.4711005801 66.9286459307 1.4385383943 1.33578561547 5.01949384031 0
1680 2.71812605858 20.180988 64.758154 1.3339286 21.8867280491 64.8296375111 1.51561550139 1.70723724403 10.4098926424 0
1683 2.7056748867 19.716632 62.635567 1.3210663 17.8343398686 63.6423183259 1.43268774099 2.13461282204 6.39543747191 0
1686 2.702947855 19.127208 60.642471 1.320188 17.0961207943 60.9765896604 1.42806416418 2.0583854149 6.18084891766 0
1689 2.71771097183 18.573484 58.538556 1.3117791 18.1308814934 57.4847560089 1.48059167613 1.14297480293 9.6722481408 0
1692 2.70063900948 18.03732 56.562177 1.3046299 16.5875383686 56.809923599 1.42985416621 1.47079745586 7.17482194669 0
1695 2.71993589401 17.470308 54.449011 1.30616 17.6196970773 54.4407551523 1.47122972697 0.149617029243 9.45779868057 0
1698 2.72563815117 16.865167 52.414515 1.2995721 15.3908728964 53.2783292201 1.40001294817 1.70871826549 5.75483669101 0
1701 2.72001004219 16.322269 50.452679 1.2871313 14.552647248 51.2316324856 1.34429749221 1.93347606082 3.27538154449 0
1704 2.68056416512 15.679585 48.421133 1.2791916 14.4370751968 48.3479790343 1.40130910522 1.24466144547 6.99681765387 0
1707 2.74726295471 15.049517 46.343459 1.2810584 13.9639211318 46.7032351084 1.37368234991 1.14365958104 5.30696141165 0
1710 2.70800995827 14.370513 44.264129 1.2685694 14.377845583 43.9337239849 1.45293176179 0.330486369993 10.5631852319 0
1713 2.70041203499 13.728985 42.398373 1.2622613 13.5166827519 41.9792968433 1.44145011522 0.469784067048 10.2667628481 0
1716 2.72882914543 13.116178 40.310007 1.2578142 12.5602702314 40.2078663013 1.34129496628 0.565213384092 4.7830955786 0
1719 2.71306300163 12.482531 38.460523 1.239848 13.4903022414 38.679529609 1.37816651869 1.03129373599 7.92506734947 0
1722 2.68437290192 12.331027 38.238303 1.1567887 11.1521809388 37.6998025087 1.25633749221 1.29601728973 5.70372564938 0
1725 2.71118092537 12.263795 38.100898 1.043782 13.4030160235 36.8302184942 1.2541956358 1.70659044499 12.0558132834 0
1728 2.70977592468 12.231882 38.075858 0.90529637 11.5806393004 37.6896594604 1.02118140837 0.757143556916 6.63972360731 0
1731 2.70442914963 12.170047 37.918491 0.7605547 12.4027436442 37.7251432984 1.0725617549 0.302541008684 17.8766874241 0
1734 2.70989990234 11.9457 37.868652 0.60051086 12.38438133 37.6598455367 0.824206756926 0.485840970258 12.8168307882 0
1737 2.70683813095 11.861848 37.85602 0.47073445 12.3371277273 39.1149716618 0.650110243386 1.345678307 10.2774759078 0
1740 2.70112609863 11.68598 37.868337 0.32347919 12.0794771789 37.2435899985 0.547522244038 0.738341957195 12.8367214256 0
1743 2.72748494148 11.634663 37.834152 0.18688423 11.2202008562 35.4346920269 0.320170056782 2.4349922035 7.63671534353 0
1746 2.70173788071 11.546787 37.799316 0.059161186 12.6979126083 36.9628587975 0.145226934716 1.42293739064 4.93120416208 0
1749 2.71783399582 11.461332 37.784444 -0.088384018 11.513901205 38.1335099067 -0.089120496149 0.353002165052 -0.0421970896409 0
1752 2.71977710724 11.353119 37.809133 -0.22428348 12.8531089062 37.3378049209 -0.076875683921 1.57229764255 8.44584458265 0
1755 2.71711301804 11.259101 37.929753 -0.36642208 13.3478080057 38.6949910572 -0.305851006702 2.22447437388 3.47046686053 0
1758 2.7296860218 11.22919 38.083377 -0.50941267 13.6130915629 37.3580881594 -0.274001605393 2.49179264065 13.4880604526 0
1761 2.73333501816 11.185129 38.110347 -0.64618684 12.1581723164 37.1003330588 -0.371306396879 1.4024769007 15.7494892615 0
1764 2.7395761013 11.588805 37.741111 -0.76036767 13.9686745537 38.7397160506 -0.912032450671 2.58088960243 -8.68975183323 0
1767 2.73540401459 13.063467 36.224873 -0.77289998 15.4526094032 34.3899271918 -0.601716508989 3.01247863754 9.80809041131 0
1770 2.73183298111 14.493375 34.807156 -0.77803694 15.4598534392 35.7704726025 -0.727490447076 1.36457299181 2.89610071374 0
1773 2.70138096809 15.892318 33.28564 -0.77023756 15.9109207297 34.0132368707 -0.74272335449 0.727834643205 1.57644785237 0
1776 2.72798609734 17.405154 31.857105 -0.77891679 17.4289744569 32.4837457551 -0.740613362143 0.627093334461 2.19462475708 0
1779 2.71891379356 19.008966 30.381332 -0.78385491 17.9968816097 30.6395752933 -0.780697364649 1.04451156608 0.180914022248 0
1782 2.70812010765 20.517371 28.856906 -0.78454873 20.6112774777 28.5646570438 -0.792195892096 0.306965598951 -0.438150113359 0
1785 2.72224283218 22.037399 27.308602 -0.78653789 21.7941912566 27.9956156191 -0.760897271832 0.728791958801 1.46909920514 0
1788 2.71087503433 23.470866 25.802264 -0.78746834 24.3770064226 25.6436317803 -0.769988023345 0.919921000182 1.00154836886 0
1791 2.73247289658 25.030138 24.239515 -0.79252133 24.9779994107 25.1516439541 -0.776585553776 0.913617896864 0.91305272089 0
1794 2.73707890511 26.508975 22.80392 -0.79210599 25.8528836016 23.1159619422 -0.749657713624 0.726516411904 2.43210708397 0
1797 2.74086093903 27.961008 21.312251 -0.79564812 28.1065151475 22.4118807203 -0.810097923378 1.1092149709 -0.82791274833 0
1800 2.72949194908 29.36401 19.750057 -0.78815021 29.5352964028 19.8789051908 -0.78724489638 0.214338256137 0.051870649554 0
1803 2.73980307579 31.016391 18.179875 -0.79578372 30.7124003623 19.163098329 -0.795898084251 1.02914450998 -0.00655258893309 0
1806 2.71858692169 32.405165 16.663972 -0.79079715 32.3187093327 18.2145698875 -0.767791206749 1.55300624308 1.31814345198 0
1809 2.75676894188 33.875627 15.226881 -0.79213801 32.4150928847 14.8659891322 -0.830358331739 1.50446098067 -2.18986312727 0
1812 2.69455003738 34.400964 14.714584 -0.72873329 33.5296205652 14.3987391877 -0.744573680034 0.926821086753 -0.907587494813 0
1815 2.72738599777 34.541831 14.529671 -0.59347242 32.9062767348 14.7616882126 -0.707832851233 1.65192909698 -6.55237005294 0
1818 2.7138710022 34.648846 14.435796 -0.47955783 33.2187105753 14.5799885924 -0.510369885671 1.43738611261 -1.76540074807 0
1821 2.70073604584 34.668797 14.324629 -0.34405458 33.4404952522 15.566803805 -0.423454495466 1.74691826647 -4.54928004992 0
1824 2.73212504387 34.864126 14.20779 -0.22615765 34.9096987266 15.1232563287 -0.279023030818 0.916599952202 -3.02896320321 0
1827 2.70927715302 35.017605 14.088235 -0.094353638 35.6834570615 15.8008979454 -0.157516996261 1.83754546405 -3.61899384825 0
1830 2.69849395752 36.599142 14.0692 -0.022879679 37.7768091264 14.8304777165 -0.088952443555 1.40229940538 -3.78569054976 0
1833 2.71752095222 38.63985 14.009333 -0.014813302 39.3049138139 15.846273232 -0.0792037701535 1.95362721433 -3.68930206606 0
1836 2.69783186913 40.768535 13.925491 -0.0089087199 40.3216316519 14.7863468082 -0.0826069086831 0.969946042302 -4.22259517503 0
1839 2.70385694504 42.905865 13.952369 -0.011506708 42.0499850646 15.2582660009 -0.0399831088859 1.56137677734 -1.63157758648 0
1842 2.68965101242 45.04117 13.838962 -0.010052037 45.3824181057 14.5905115079 0.00686999791014 0.825395015996 0.969561181124 0
1845 2.68960618973 47.095509 13.764363 -0.008210261 46.1766142115 14.996950653 -0.0279888938337 1.53741339749 -1.13323218591 0
1848 2.72380018234 49.256947 13.750747 -0.012245698 48.0583445045 14.8579990103 -0.00104987215965 1.63176436918 0.641473568816 0
1851 2.72408103943 51.347189 13.680192 -0.017629817 51.1670430812 15.1352722128 -0.0389562870749 1.46618927078 -1.2219167272 0
1854 2.70860600471 53.510554 13.649042 -0.0075411209 52.3196690283 14.9244738719 0.0032462870168 1.74497377505 0.618072945518 0
1857 2.70178699493 55.608657 13.581194 -0.0077936973 54.9871347555 15.4099609098 0.0107823699512 1.93149639157 1.06433025344 0
1860 2.73289012909 57.666716 13.591636 -0.01411162 56.8407497384 15.2699708576 0.00510331800649 1.87056894005 1.10093485138 0
1863 2.71286702156 59.905766 13.533857 -0.012519778 60.2577402086 15.2831212324 0.00847125493845 1.78432373698 1.20269759499 0
1866 2.718927145 62.027534 13.447994 -0.021676244 60.0253980546 15.0443288408 0.00486130307697 2.56063141977 1.52048944614 0
1869 2.72751903534 64.181261 13.371995 -0.025327169 62.7261488884 15.2404825765 -0.0155595946189 2.36824768149 0.559640788119 0
1872 2.7256731987 66.241252 13.310079 -0.024907545 65.9829053594 15.0508573823 -0.0227477225104 1.7598444144 0.123748713151 0
1875 2.72462081909 68.444119 13.24669 -0.026304862 66.7521744363 15.221852818 -0.00628273524202 2.60075845941 1.14718336011 0
1878 2.70224285126 70.49734 13.123327 -0.017605166 68.954406355 15.8177870705 -0.0259174892125 3.10495721454 -0.476261038024 0
1881 2.68551898003 72.634932 13.039101 -0.019360635 71.5989685736 15.0422895126 0.00382669494558 2.25521272564 1.32853614406 0
1884 2.68864393234 74.720419 12.994859 -0.019347658 73.1093921866 15.6781004218 -0.0205342825195 3.12972713211 -0.067988576832 0
1887 2.69837093353 76.914825 12.90632 -0.036038761 76.3159564696 15.225552756 -0.00531139344962 2.39530459302 1.76054847618 0
1890 2.70302009583 79.004774 12.78569 -0.032634565 77.6403276729 15.3386288124 -0.00855052036221 2.89468657355 1.37991411135 0
1893 2.70770311356 81.177999 12.691712 -0.029848436 81.1749492181 14.9401819212 -0.00279402213892 2.24847198956 1.55010373144 0
1896 2.71219396591 83.222919 12.597068 -0.02122413 81.9003138557 15.1599374719 -0.0207384105546 2.88402224298 0.0278296742461 0
1899 2.69903898239 85.390174 12.538762 -0.021700441 84.0054560529 15.075407535 -0.0154248130246 2.88998518396 0.359566996787 0
1902 2.72803711891 87.449986 12.512039 -0.030894579 86.5124528965 14.4060809593 0.0113218792155 2.11337721757 2.41882488174 0
1905 2.71191692352 89.572355 12.414566 -0.034322832 88.2622292142 14.6836110262 0.0393125006872 2.62011352911 4.21899378602 0
1908 2.68824195862 91.713838 12.339838 -0.030338307 90.606819368 15.264049032 -0.0264410007864 3.12673958159 0.22329919751 0
1911 2.69859981537 93.866625 12.234111 -0.027880568 92.7349561578 15.2138911317 0.000289877517941 3.18743847029 1.61404763518 0
1914 2.71769809723 96.027017 12.118277 -0.016096141 94.7418505715 14.3079611834 0.00929597949712 2.53897017941 1.45486133737 0
1917 2.72390198708 98.003729 12.063433 -0.023465033 96.5407466164 14.5646676097 0.0178974249666 2.89767010326 2.36989427178 0
1920 2.70340013504 100.1865 11.996018 -0.023536261 99.4028060467 14.8443575472 0.0142158587662 2.95418590962 2.16303713028 0
1923 2.69949197769 102.26857 11.921444 -0.023061579 102.564713442 15.0469534873 0.0033715937388 3.1395080018 1.51450923707 0
1926 2.71495199203 104.50291 11.810699 -0.022632517 104.613534051 15.3491654639 0.018442105561 3.54019527663 2.35340251784 0
1929 2.72461485863 106.528 11.779433 -0.025937223 105.356977395 15.2596569017 0.0279806600588 3.67195484003 3.08926713955 0
1932 2.7140610218 108.61821 11.737233 -0.017267816 108.387270374 14.8994570255 0.0142878431129 3.17064565954 1.80800608692 0
1935 2.71174311638 110.65428 11.638117 -0.015586443 109.227593031 14.8428252252 0.00158093851818 3.50793251296 0.983618506283 0
1938 2.72871589661 112.94226 11.558687 -0.011710616 111.257182383 14.378435298 -0.000682533864056 3.28488463098 0.631862562513 0
1941 2.72337388992 114.89636 11.528856 -0.01668203 113.655059131 15.2549220199 -0.00810241426414 3.92739046084 0.491575771509 0
1944 2.70182013512 117.03777 11.494892 -0.018548407 116.349581672 14.975266938 0.0127619129943 3.54776167228 1.79394919088 0
1947 2.70700407028 119.07747 11.406331 -0.016261061 118.080410475 15.1472350716 0.0250029858481 3.87149725154 2.36425573003 0
1950 2.69041419029 121.291 11.334615 -0.012126455 120.585075662 14.8487219524 0.00182399822136 3.58430981425 0.799302091878 0
1953 2.71116399765 123.43737 11.229443 0.0013807468 122.894039304 15.0573480158 0.00867908897517 3.86627276014 0.41816420408 0
1956 2.71390199661 125.58554 11.258252 -0.0049853053 124.383907753 14.8199359146 -0.0131123300981 3.75892436258 -0.465644220927 0
1959 2.71511483192 127.50849 11.183265 -0.012828209 126.220085316 14.9228370656 0.00753425411068 3.9552984543 1.16668319673 0
1962 2.70440506935 130.28779 11.390648 -0.01314096 129.316363751 14.3920417551 0.006050689134 3.15468436309 1.09960049727 0
1965 2.67645788193 132.78769 11.256475 0.0084755214 131.127638773 14.2487164125 -0.0261496076844 3.42188233992 -1.98387376163 0
1968 2.72306799889 125.9239 10.596074 0.27888777 132.247875948 14.6886827619 -0.0141518237415 7.53273643968 -16.7899319516 0
1971 2.69282507896 93.936275 13.265891 0.84250578 132.610384728 13.9875210437 -0.0247623319668 38.6808416816 -49.690802522 0
1974 2.71970582008 59.212281 6.4432491 1.3602712 133.425337307 14.3000344424 0.000712059682639 74.6277884059 -77.8970007386 0
1977 2.71913003922 41.747696 3.5851691 1.5088422 133.058686322 14.0779068978 -0.00495337196725 91.9118844338 -86.7340973193 0
1980 2.7386059761 40.889782 2.6549702 1.6071612 136.712485007 10.7520997839 -0.0901327200878 96.1642028979 -97.2477782142 0
1983 2.71287488937 40.408125 3.8011614 1.6070032 29.2741050344 96.4544669653 2.92847329329 93.3198876595 75.7146590984 0
1986 2.70428109169 40.388712 5.5337894 1.5172855 138.527873578 9.00457951951 -0.117704997761 98.20051639 -93.6780550657 0
1989 2.7024128437 40.44034 7.6724587 1.5542124 116.975923983 63.1153621214 1.41681273589 94.507201606 -7.8724208601 0
1992 2.69671487808 40.554207 9.7439313 1.5604739 36.4002415267 84.5262924336 -1.20811915559 74.8976432597 -158.628697274 0
1995 2.70332098007 40.580821 11.876658 1.5652859 36.9305370024 84.7693732709 -1.51135291965 72.984056566 -176.278419452 0
1998 2.68327283859 40.665042 14.024391 1.567666 34.2763613879 84.2852548841 -1.50031285183 70.5507210006 -175.782239845 0
2001 2.68043112755 40.771617 16.174621 1.5548315 27.4197115938 94.1955341852 -2.76073679904 79.1551405294 112.736150265 0
2004 2.69647192955 40.847233 18.25792 1.5551713 72.3295454828 129.379890679 -0.047914779596 115.495577261 -91.850066557 0
2007 2.70170807838 40.88758 20.352438 1.5597309 84.4588742831 82.4195707923 -0.602695150189 75.8339413361 -123.897886185 0
2010 2.696393013 40.971014 22.508388 1.5678505 12.2051799113 77.9465493571 -2.44211186442 62.4568886951 130.246080513 0
2013 2.70347309113 41.044823 24.54743 1.5705547 21.5927728296 88.8717899216 -2.5441044996 67.2012316491 124.247393728 0
2016 2.69034409523 41.105608 26.696222 1.5717508 109.829069251 81.1180836416 1.87139447621 87.6621534689 17.1683180047 0
2019 2.70130896568 41.160404 28.869777 1.5672714 68.5506519044 73.8002143679 -0.600972153051 52.6210022931 -124.231204546 0
2022 2.71127009392 41.204205 31.003136 1.5608691 86.0676115258 115.727952898 0.359089318359 95.8698067358 -68.8569093922 0
2025 2.71493387222 41.244227 33.116661 1.5660557 94.907921388 37.8026383877 -2.20528246436 53.8678984131 143.918240066 0
2028 2.70765900612 41.277887 35.228156 1.5643441 12.9174411976 20.8759371338 1.82202025735 31.7852335604 14.7637562972 0
2031 2.70138788223 41.31792 37.33529 1.5797774 118.65967376 132.863741123 -1.43992100861 122.912293318 -173.015974216 0
2034 2.71019697189 41.419072 39.474789 1.5713492 134.907745544 22.8441782527 0.797422999443 94.9563546841 -44.3427049465 0
2037 2.72790503502 41.429937 41.518923 1.5745722 6.03690275935 105.593554056 -1.29069772477 73.199899028 -164.167873855 0
2040 2.71095013618 41.494048 43.684079 1.5737379 121.133969954 20.8127976802 -0.109341014346 82.8589927405 -96.4333183795 0
2043 2.72256708145 41.508319 45.798644 1.5762653 59.661597592 53.7607665361 1.18046933221 19.8226365279 -22.6774385027 0
2046 2.71607494354 41.512588 47.943477 1.5772604 88.8557355312 115.160446663 1.51742300829 82.2161457915 -3.42843000203 0
2049 2.72344398499 41.583607 50.107906 1.5744728 113.123387437 12.4539989717 -1.9260079457 80.8440282241 159.437227004 0
2052 2.70743203163 41.632502 52.265699 1.5728612 40.0690145992 51.352495085 1.8626822526 1.81064470366 16.6055231281 0
2055 2.74562597275 41.660201 54.305408 1.5732479 50.0073765065 75.6679492177 1.44643075745 22.9354203409 -7.26608703777 0
2058 2.71462106705 41.689009 56.508616 1.5685378 39.8985066136 56.4223799593 1.79872090944 1.79257787847 13.1885206863 0
2061 2.68672800064 41.794127 58.57462 1.5657057 39.5602875214 58.1715650137 1.77245329751 2.26991016077 11.8457647618 0
2064 2.72422599792 41.856016 60.76704 1.5641567 39.3332859519 60.0534239293 1.65424654874 2.62171981565 5.16176810964 0
2067 2.71900415421 41.858156 62.785084 1.5639758 39.7776603545 62.9762692789 1.67341021622 2.08926157816 6.27013018291 0
2070 2.7202630043 41.958088 65.023529 1.5767642 40.5817025659 64.599350526 1.70186832189 1.44026533699 7.16793818421 0
2073 2.72955989838 41.99726 67.044355 1.5737097 39.1685562759 66.1689827462 1.62610962684 2.96105409293 3.00229465471 0
2076 2.71050691605 42.044947 69.102812 1.5759217 38.4654753671 69.612948324 1.65593626426 3.61564050199 4.58449683165 0
2079 2.72991394997 42.097902 71.261122 1.5727544 38.8442096775 71.0895371184 1.69554779425 3.25821348304 7.03554324251 0
2082 2.74600291252 42.114798 73.459441 1.5684742 38.3671758782 72.4518109707 1.67233715825 3.88072027381 5.95090915549 0
2085 2.72016620636 42.172982 75.545483 1.5804547 40.1894935028 74.8185641687 1.68191879365 2.11249558717 5.81346433815 0
2088 2.75457811356 42.213453 77.648417 1.5799022 38.8965106352 77.5788580368 1.65303890988 3.3176716385 4.19042480346 0
2091 2.72500705719 42.308345 79.80823 1.5843424 39.5274017241 80.1239808052 1.65348237809 2.7988111896 3.9614289404 0
2094 2.68254184723 42.259747 81.948131 1.5870316 38.3590179582 82.497422399 1.66221600237 3.93921414734 4.30774894119 0
2097 2.67902708054 42.325886 84.065588 1.5841531 38.0497233999 84.2249177169 1.64680531758 4.27912988132 3.5897076447 0
2100 2.71045517921 42.338042 86.100283 1.5789413 37.6915732635 87.0098948357 1.66548863477 4.73466634628 4.95879701025 0
