3 3.04413795471 72.513547 45.80148 1.6808269 117.271315301 59.281479069 -1.69374972355 46.7436433984 166.651001827 0
6 3.0605328083 72.505015 45.806851 1.6805552 131.513118529 16.211102122 3.03475883909 66.0141245022 77.5901531208 0
9 3.07832217216 72.51553 45.801787 1.6811119 124.073650651 10.2005926987 -0.812488725587 62.6552858165 -142.872791637 0
12 3.09773397446 72.511327 45.798497 1.6805172 87.1630774162 117.757317642 0.511526570107 73.4353161522 -66.9782293832 0
15 3.10492801666 72.518426 45.80176 1.6806948 127.698428465 10.0397589121 -1.95030464068 65.7552537361 151.959056635 0
18 3.07157206535 72.509508 45.806599 1.6825332 39.2406462812 95.7217995594 -2.01504144374 59.9862018047 148.144578479 0
21 3.14218401909 72.510969 45.800989 1.6811293 121.821120541 62.0102400265 -2.25460979122 51.9059810024 134.498760809 0
24 3.09649991989 72.522343 45.818169 1.6838228 79.7897554425 141.953374825 -1.68994149027 96.4095072213 166.697545096 0
27 3.10456109047 72.508499 45.799812 1.6808804 58.939899266 110.589350216 -0.496705441402 66.195099222 -124.76647824 0
30 3.07242393494 72.523901 45.815543 1.6832165 32.0856063208 81.1906654664 0.786179438625 53.7275996679 -51.3964376836 0
33 3.07100892067 72.511009 45.802779 1.6808191 70.6183817745 99.4262495646 -2.09038671652 53.6568600759 143.925823038 0
36 3.07557082176 72.527172 45.853315 1.6851825 30.2269362446 91.2968797466 1.78719388151 62.0840359661 5.8448216226 0
39 3.08529210091 72.188088 49.017093 1.6798669 66.0012348101 103.255182858 2.65563944049 54.5898117224 55.9076483351 0
42 3.0504732132 71.804616 53.279503 1.6643548 20.360024221 37.4699362498 -1.65886820782 53.819034032 169.593347271 0
45 3.04607200623 71.568933 57.324136 1.642571 57.6986445451 103.071436435 -3.05655154909 47.8037697141 90.7601105226 0
48 3.05108189583 71.37336 61.652431 1.6431927 73.0551610287 124.763071072 -1.94128656352 63.1330447938 154.624466448 0
51 3.06256699562 71.165072 65.844712 1.6344026 85.7954248629 89.9755831412 1.01039476299 28.2196060732 -35.7530154436 0
54 3.05674695969 70.960331 70.343426 1.6128178 82.1097321821 105.106914734 -0.33499326905 36.5076607811 -111.601353545 0
57 3.06399989128 70.885213 74.631613 1.6236159 128.328520871 77.8782675076 -0.503198377522 57.5349840071 -121.85748191 0
60 3.08771300316 70.832043 79.069602 1.6124517 44.1759976355 81.7038268401 -2.21528038156 26.7858898487 140.68710662 0
63 3.05979704857 70.841819 83.283634 1.5826474 17.7174197839 45.3484338359 -1.84783166363 65.2784895932 163.448027946 0
66 3.04681491852 70.897044 87.066595 1.5142468 89.1499657412 121.957830079 1.84397217261 39.377245173 18.8918722489 0
69 3.25067710876 70.898205 87.488163 1.2381173 85.3237837262 60.1986404322 2.32584169168 30.8677074556 62.3220169165 0
72 3.06849217415 70.648486 87.373684 0.94938085 37.3602627825 130.270117331 1.99766834968 54.2974198051 60.0624494477 0
75 3.08133792877 70.490448 87.162959 0.64684814 51.8433452031 68.7896277513 -2.8408967637 26.1781157437 160.166937 0
78 3.0486061573 73.090524 88.460194 0.4660111 58.9961685488 99.1760149617 2.60952201776 17.7053572251 122.814128928 0
81 3.10272479057 76.750616 90.291223 0.4640309 14.0368194911 137.319224447 1.05647700016 78.3878382959 33.9446611284 0
84 3.06494688988 80.704264 92.172539 0.45240664 106.388006511 34.9858645267 -0.846600006886 62.6894757249 -74.427598426 0
87 3.06796693802 84.637734 93.972859 0.42386385 64.6956915219 105.68387981 1.40411197685 23.1264581513 56.1640805441 0
90 3.08152794838 88.678811 95.730817 0.41656148 29.4741102092 70.6956792533 -3.08038160405 64.2802824957 159.639920086 0
93 3.06687307358 92.647535 97.41769 0.40779386 23.3771114445 71.3302786796 2.99989459937 74.0198933326 148.516432439 0
96 3.07141399384 96.759828 99.128022 0.39320766 17.7577339514 74.2499663792 3.10919463306 82.8266171924 155.614590769 0
99 3.08005905151 100.07577 100.58602 0.32958371 16.172877471 68.6285537247 -3.07317778788 89.7829328184 165.036127482 0
102 3.05863809586 100.12714 100.52966 0.1390585 13.2596526717 67.9028567938 2.89196670274 92.7926109245 157.730021404 0
105 3.07124114037 100.08551 100.52401 -0.14356162 12.1800936412 71.7657967221 2.68706853269 92.489983545 162.183161112 0
108 3.06252217293 99.772178 100.71077 -0.40700642 13.8814921791 67.1568457132 2.3899043782 92.212123638 160.251184411 0
111 3.05326700211 99.760338 100.7618 -0.66729138 12.8109783501 69.1539547298 2.07612482562 92.516198723 157.18617003 0
114 3.03787279129 99.638101 100.95548 -0.8821311 13.8794285377 70.0182400092 1.90593766352 91.1683208178 159.744573142 0
117 3.07880496979 99.549051 101.11221 -1.1251977 14.6392429897 68.455863881 1.59652360884 90.9731413011 155.943144008 0
120 3.05081009865 100.80276 98.46873 -1.1938854 14.3116857266 72.5689653153 1.51221904314 90.285678486 155.048363514 0
123 3.03396010399 102.35582 94.496879 -1.1822805 100.968423582 95.2049932544 -1.1739000198 1.55765677143 0.480166145996 0
126 3.04455113411 103.84912 90.431736 -1.1842505 120.009809388 33.0229719674 0.826516859446 59.6400374684 115.208483279 0
129 3.07255601883 105.46668 86.336829 -1.1831903 102.27952838 88.2354213261 -1.2813303026 3.70979625694 -5.62300795039 0
132 3.0585091114 106.96067 82.891423 -1.1821311 107.189390218 83.127769726 -1.23881079453 0.32889620396 -3.24750728039 0
135 3.06402587891 108.13488 79.987125 -1.1809983 108.153499373 79.7107159786 -1.2229009274 0.277035427628 -2.40084370036 0
138 3.05889296532 109.11096 77.465416 -1.174964 107.86124125 78.2297337594 -1.14050737364 1.46491589939 1.97421926678 0
141 3.04682183266 110.00241 75.115832 -1.1797573 109.856680367 77.3877887457 -1.17919074982 2.27662570052 0.0324609342377 0
144 3.03416609764 110.9669 72.896666 -1.1819268 110.412787653 74.7261597886 -1.12744493686 1.91156690062 3.12158081818 0
147 3.06750702858 111.79529 70.750926 -1.1680053 109.380623461 73.2537887106 -1.10151204653 3.47777748617 3.80978278998 0
150 3.04720306396 112.62755 68.634671 -1.166408 110.036731526 71.942608659 -1.16881047553 4.20176057427 -0.137651708239 0
153 3.04643702507 113.50263 66.493746 -1.1746568 111.410422982 69.6533834611 -1.19840434185 3.78954338827 -1.36063392195 0
156 3.06412792206 114.39844 64.423702 -1.1690506 111.453459398 67.9716745014 -1.15418678341 4.61096731872 0.851633958276 0
159 3.03764414787 114.9392 62.935672 -1.1627449 113.733891287 67.0618002687 -1.15238760556 4.29856994638 0.593429258823 0
162 3.05139183998 115.58582 61.52951 -1.1720902 114.903878895 64.817615842 -1.16742453062 3.35807738123 0.267323163808 0
165 3.04541611671 116.16312 60.165609 -1.1710096 113.972074314 63.1279136111 -1.1842883865 3.6845528636 -0.760818423482 0
168 3.0623421669 116.71267 58.758483 -1.1690165 114.540588341 61.7663580403 -1.09823792265 3.71015511708 4.055313762 0
171 3.0465900898 117.29804 57.404001 -1.1730259 114.449513268 59.8999230228 -1.16388608856 3.78731188163 0.523672621327 0
174 3.05246305466 117.3062 57.346669 -1.1782941 114.162211483 60.0888963881 -1.22478162134 4.17186706943 -2.66353877292 0
177 3.07048678398 117.30973 57.394113 -1.1925087 114.321449211 60.0115010437 -1.29058487605 3.97247306395 -5.61935095829 0
180 3.0540561676 117.3509 57.478875 -1.2542253 115.258524225 60.489088687 -1.33535455097 3.66598183674 -4.64836367553 0
183 3.04944396019 117.31554 57.561663 -1.3141336 115.199007702 62.6609865636 -1.40310126361 5.52112395928 -5.0974716381 0
186 3.06452798843 117.31761 57.625945 -1.389572 114.629897772 60.437019202 -1.41982399262 3.88920752745 -1.73331149876 0
189 3.05352807045 117.34247 57.653648 -1.4539696 116.03220288 61.068074625 -1.5052451568 3.65719962602 -2.93787299666 0
192 3.115473032 117.36058 57.739095 -1.5147103 115.687972058 60.0686653704 -1.58015664101 2.86784159935 -3.74979912443 0
195 3.02393913269 117.34118 57.80351 -1.5718326 116.212898475 60.5240839813 -1.64801826988 2.94525754172 -4.36511734377 0
198 3.05970716476 117.32521 57.826191 -1.6475747 115.009130068 59.7436707076 -1.61621547884 3.00681803262 1.79675102111 0
201 3.00841999054 117.28663 57.948056 -1.7072698 116.924525323 60.6228266179 -1.66808129369 2.69916980855 2.24533601683 0
204 3.03638505936 117.37131 58.006137 -1.7818651 115.738623332 60.6649089413 -1.67797475594 3.12005352396 5.95247824706 0
207 3.06925988197 117.40314 57.989067 -1.8555926 117.539126921 59.4909387023 -1.82627369068 1.50801560098 1.67984976413 0
210 3.08139705658 117.02719 57.008887 -1.8977403 118.213072052 59.6584090825 -1.79494162487 2.90280614349 5.88993022445 0
213 3.05415201187 116.38504 55.250118 -1.9095407 115.229302103 56.5424495206 -1.87060922489 1.73373897842 2.23060921415 0
216 3.08677005768 115.67443 53.450651 -1.9075572 115.992359864 55.734357258 -1.66354258943 2.30573061543 13.9810073252 0
219 3.04699802399 115.02136 51.574537 -1.9165104 113.622622572 53.6799702831 -1.82035300296 2.52770957619 5.50941301919 0
222 3.04584312439 114.35753 49.684701 -1.9233127 114.45479227 51.297554976 -1.92105043618 1.6157839883 0.129618168971 0
225 3.0525560379 113.59486 47.870819 -1.9110101 113.772480957 50.0202529095 -1.92681211528 2.15676037981 -0.905388783199 0
228 3.06874299049 112.87829 45.986656 -1.9118326 114.217386298 45.6971428196 -1.8139510068 1.37003532001 5.60820218263 0
231 3.04066681862 112.17059 44.128463 -1.9122248 114.244416172 43.076294048 -1.7954431358 2.32547081148 6.69109648319 0
234 3.0432009697 111.43202 42.277019 -1.9027456 111.780536159 42.6870577092 -1.90314225282 0.538140554316 -0.022726532635 0
237 3.06880903244 110.82393 40.37458 -1.9174412 111.773487407 40.73127701 -1.86259319989 1.01434315016 3.1425589209 0
240 3.06038093567 110.14399 38.567468 -1.912432 112.84092656 36.4319695563 -1.79189052919 3.44003203624 6.90651753384 0
243 3.36341381073 109.42625 36.696167 -1.9074722 109.704106835 38.0430744853 -1.89029669667 1.37526877177 0.984083851796 0
246 3.03602695465 108.96452 35.308972 -1.917648 109.895451276 36.4272405716 -1.93205121691 1.45504557995 -0.825243540594 0
249 3.06782603264 108.91335 35.330429 -1.9171391 108.759414169 37.0617716515 -1.9585054508 1.73817249342 -2.37011731475 0
252 3.04040384293 108.9585 35.348205 -1.9450374 108.780489361 37.617823885 -2.00587375967 2.27658904304 -3.48566664975 0
255 3.066437006 108.97674 35.368834 -2.0165302 108.966060965 38.0810754804 -2.00854967414 2.71226250389 0.45725045025 0
258 3.06493496895 108.99865 35.397074 -2.0803106 109.595967483 37.4738039911 -2.06993276053 2.16092471688 0.59460640184 0
261 3.07369589806 109.05048 35.474836 -2.159245 109.820432578 37.610948726 -2.17145997477 2.27063967884 -0.699866501224 0
264 3.38130187988 109.09365 35.518169 -2.2238592 108.999933683 37.8509463461 -2.26740233828 2.33465905318 -2.49483805022 0
267 3.02607584 109.14301 35.568827 -2.2920109 108.526896307 37.7400882393 -2.31062376708 2.25698282063 -1.06643872848 0
270 3.03735804558 109.24021 35.586114 -2.3597618 109.074660303 37.6396495137 -2.35235683252 2.06019775945 0.424273383768 0
273 3.06185698509 109.32691 35.57971 -2.4292889 107.789916577 37.3376684871 -2.41613481733 2.33511601974 0.753673420643 0
276 3.07791996002 109.34422 35.612178 -2.4970016 106.699549854 37.2037510889 -2.45666275286 3.08664625132 2.31124569151 0
279 3.05445098877 109.45255 35.562283 -2.5751384 110.090165302 37.0209128739 -2.50126009355 1.59190275553 4.23291515722 0
282 3.04911017418 109.51035 35.610832 -2.6455993 108.64957515 37.641606652 -2.53785903029 2.20566974617 6.17306273771 0
285 3.06442809105 109.52669 35.619453 -2.7060079 109.518465292 36.5008462538 -2.67376505455 0.881431627299 1.847378964 0
288 3.06554818153 109.56751 35.667144 -2.7779359 110.068449057 35.8263771923 -2.68549229515 0.525637849375 5.29662840097 0
291 3.04242491722 109.58407 35.725569 -2.8421247 109.844820762 37.0414184583 -2.53789991486 1.34143607995 17.4307962118 0
294 3.05353808403 109.62066 35.728072 -2.9074408 108.483727401 38.0089088368 -2.74775613717 2.54849610774 9.14925723289 0
297 3.05439209938 108.40689 35.538158 -2.9474042 107.756785319 37.2633434302 -2.89655694115 1.8436108224 2.91333333209 0
300 3.05155611038 106.63579 35.154474 -2.9731605 107.4963373 36.6670649269 -2.86917622787 1.74025083479 5.95785992859 0
303 3.0610461235 104.74277 34.838538 -2.9724974 104.880429247 36.3007617851 -2.85884813074 1.46868937016 6.51162347351 0
306 3.05399799347 102.71686 34.507066 -2.970186 105.984996329 35.013184834 -2.74303290814 3.30709409274 13.014913467 0
309 3.02099394798 100.87602 34.149296 -2.9774562 105.968292065 34.881557305 -2.83079083257 5.14465172768 8.40330655451 0
312 3.2418050766 98.917573 33.856952 -2.9648121 97.9192343829 34.8912525977 -2.84592458913 1.43751790282 6.81175260977 0
315 3.05066609383 96.872255 33.519705 -2.9713846 96.7500772281 34.7296367571 -2.88973958867 1.21608480991 4.67791456749 0
318 3.05026888847 94.700759 33.157106 -2.9752463 93.7652284569 33.6800806619 -2.94890554556 1.07178351082 1.50921405884 0
321 3.05253314972 92.656194 32.878926 -2.9695623 94.6010149512 32.0399817497 -2.81917733101 2.11805476492 8.6164240255 0
324 3.11426210403 90.628889 32.525228 -2.9736018 91.2076938443 33.9323744692 -2.90187688964 1.52153745711 4.10953464941 0
327 3.05079817772 88.510396 32.191288 -2.9695852 87.197025903 33.5574357158 -2.95479540071 1.89507271443 0.847393079008 0
330 3.06190109253 87.334812 32.006658 -2.9896435 86.998998622 33.1857847465 -3.0373066097 1.22601407381 -2.73089502453 0
333 3.03618788719 87.328365 31.983283 -3.0015998 86.3939979779 34.73745773 -2.99903122831 2.90835351628 0.147168317153 0
336 3.05273985863 87.328448 32.00285 -3.0442403 86.531213557 34.1687362144 -3.02265967968 2.30795274019 1.23647846357 0
339 3.04259085655 87.480424 31.977098 -3.121648 86.3114826868 34.7940981574 -3.10542803878 3.04990388054 0.929335321511 0
342 3.05971002579 87.509332 32.088761 3.0972389 86.5081944113 35.7986103394 -3.06784005329 3.84255885998 6.76699561145 0
345 3.06097507477 87.537767 32.004513 3.0032565 86.0182530347 34.1434297894 3.08581661921 2.62371639524 4.730346387 0
348 3.04725003242 87.588829 31.971963 2.902116 86.6662764443 34.4123879509 3.05398550899 2.6089800994 8.70148190209 0
351 3.04646706581 87.696053 31.883789 2.7788249 86.569359329 33.4752730847 2.78589025924 1.94993851701 0.404815265135 0
354 3.06803202629 87.777704 31.698119 2.6376296 86.1978297118 36.2772724379 -3.09382570689 4.84403230522 31.6118004475 0
357 3.05784606934 87.896098 31.65995 2.4917922 45.3282743079 72.1642899995 -1.06678404787 58.7590092894 156.108599922 0
360 3.05055212975 87.958395 31.594625 2.366513 86.494417176 35.3302309868 2.88375326571 4.01222920059 29.6356842193 0
363 3.05134487152 87.964094 31.460561 2.2184109 86.9445373969 31.9389021198 2.42535963781 1.12619087803 11.8572892523 0
366 3.05975008011 87.708527 31.831987 2.1125682 84.1093904656 37.5750982721 2.69320136845 6.77769214982 33.2678299977 0
369 3.0661740303 86.721318 33.612273 2.0920166 84.2225544093 36.1825532119 2.31529430394 3.58471196198 12.792870095 0
372 3.06620383263 85.724716 35.405361 2.0873093 87.1892988526 36.0569983257 2.17685059069 1.60300784044 5.13033804883 0
375 3.06959104538 84.755772 37.248267 2.0862059 82.2673572137 39.0644223491 1.91048169138 3.08068635222 -10.0682555121 0
378 3.28443002701 83.690185 39.149374 2.0868314 81.8224565065 40.2469797078 2.09564712223 2.16636746998 0.505103676893 0
381 3.06102395058 82.666747 40.97523 2.090975 82.2022550268 42.6608441259 2.22373472896 1.74844152732 7.60657215869 0
384 3.05333185196 81.635815 42.877142 2.0910396 80.6319121622 43.8511718187 2.05476435969 1.39876910015 -2.0784181707 0
387 3.06914687157 80.624097 44.699122 2.0805048 79.4231542497 45.7333195454 2.24051125938 1.58487477502 9.16769481748 0
390 3.07223916054 79.602515 46.546403 2.0762437 77.4113663735 46.5352451111 2.1209806606 2.19117703572 2.56323903073 0
393 3.05094408989 78.599692 48.40129 2.0808805 78.6099433235 49.6137373438 2.14383175136 1.21249068087 3.60684101798 0
396 3.05840110779 77.532669 50.298142 2.0919608 77.1133269186 50.7818567003 2.14425399022 0.640177860102 2.99617909662 0
399 3.06682991982 76.53881 52.074716 2.0854653 75.7306947377 53.0156605576 2.08547475637 1.24033339773 0.000541809981278 0
402 3.06304907799 75.533974 53.92833 2.0838411 74.6260360146 55.0506034674 2.11357874084 1.44355433595 1.70384131293 0
405 3.04830694199 74.451304 55.860797 2.0823704 72.4387965981 55.989612465 2.12307045371 2.01662576266 2.3319413036 0
408 3.0782148838 73.464188 57.689364 2.0801622 71.5342525052 57.8555930286 2.19861260097 1.9370810783 6.78670805717 0
411 3.06643605232 72.461178 59.521835 2.0808323 69.8610536577 60.8841373057 2.15057968333 2.93538995151 3.996230697 0
414 3.05909013748 71.469371 61.42577 2.0898858 69.8966181461 61.4169354905 2.13191316398 1.5727776664 2.40799058037 0
417 3.0725569725 70.386885 63.322712 2.0827703 68.2595064682 63.5698412637 2.15156949311 2.1416844517 3.94190339882 0
420 3.0871219635 69.38246 65.186025 2.0922796 67.2810105769 64.9773609779 2.11343086425 2.11178368962 1.21187817308 0
423 3.05374097824 68.400253 67.014087 2.0893798 65.8013822402 67.0863527531 2.14846630763 2.59987529804 3.3854075134 0
426 3.04391908646 67.30799 68.901204 2.089526 64.9161232108 69.4637607659 2.18704948394 2.45713183451 5.58768403338 0
429 3.0452978611 66.315197 70.741557 2.0869248 64.2121917573 70.7947931231 2.16028976602 2.10367895256 4.20350291701 0
432 3.07205581665 65.281228 72.464006 2.0745737 62.9066247042 73.0494515077 2.10599996403 2.44570792506 1.80059229455 0
435 3.0439388752 64.283593 74.421326 2.0918621 61.1835351719 74.3929593806 2.12667472324 3.10018760761 1.99461638551 0
438 3.02527689934 63.28447 76.191493 2.091939 59.8292612924 75.7797239856 2.12331754595 3.47965816342 1.79785825044 0
441 3.10571193695 62.204887 78.125252 2.0893553 59.8253000952 77.8720061452 2.12778294932 2.39302471788 2.20174212244 0
444 3.06075811386 61.273659 79.948227 2.0960183 59.138483029 80.0457293621 2.11855243156 2.13740102406 1.29111063319 0
447 3.04992008209 60.19879 81.787566 2.089809 57.6935167209 81.890996991 2.12500145886 2.50740746045 2.01637936324 0
450 3.05538678169 59.161438 83.629466 2.0974137 56.5870701834 84.2264920752 2.06374564023 2.64268987765 -1.92903772928 0
453 3.07586121559 58.11891 85.485673 2.0964985 55.9380258561 86.1977002263 2.06916764934 2.29417488876 -1.56594239349 0
456 3.01481890678 57.036783 87.336936 2.0992423 55.3361411186 88.0022331306 2.08349107252 1.82614432088 -0.902478856631 0
459 3.05969691277 56.357629 88.602308 2.124456 54.3824135211 88.9519928217 2.07851701498 2.00593012405 -2.63210995668 0
462 3.04055094719 56.200217 88.720884 2.2094598 54.3203564806 88.6953076874 2.23528897646 1.88003449973 1.47990279936 0
465 3.04366993904 56.199637 89.07416 2.3631742 53.7623088922 88.2645394521 2.34384385748 2.56827836044 -1.10754704288 0
468 3.08844900131 56.109511 89.161307 2.4869631 52.5113247948 88.6323548785 2.42401935864 3.63685775285 -3.60641072669 0
471 3.04060006142 56.023191 89.233423 2.608836 52.5738155141 88.8567812587 2.59545813426 3.46987755462 -0.766495245688 0
474 3.06292486191 54.873312 89.789936 2.6823278 51.7789673782 89.1811042013 2.66825607246 3.15367163757 -0.806250598228 0
477 3.08311200142 52.997249 90.667048 2.6986067 49.2533067824 90.175936283 2.72700141792 3.77601563119 1.62689749717 0
480 3.03066301346 51.122563 91.609157 2.7018871 47.211330735 90.4653501471 2.69631418507 4.07504993187 -0.319304505131 0
483 3.02258396149 49.137432 92.566213 2.7007601 47.6370500325 91.5197814359 2.71056000608 1.82925259788 0.561493257793 0
486 3.06453299522 47.308569 93.452781 2.7003868 44.5984418652 92.3996113881 2.69292183874 2.90756862661 -0.427710774694 0
489 3.0397541523 45.360782 94.336008 2.7008969 42.6498336781 93.2609573921 2.69068713292 2.91632896181 -0.584976563466 0
492 3.12328004837 43.468079 95.251019 2.7064338 41.5389986157 94.2822213516 2.70842739086 2.15868478776 0.114224342639 0
495 3.04846096039 41.590918 96.131677 2.7064065 38.0584759951 95.1309745363 2.72933614722 3.67145093103 1.31377201172 0
498 3.05327010155 39.606214 97.06058 2.704478 36.3268100754 96.1034986435 2.74017240029 3.41621059418 2.04513848878 0
501 3.05857110023 37.718719 97.944153 2.696243 33.1764738386 96.4293149558 2.73725850493 4.78818602461 2.35001532682 0
504 3.06292700768 35.769603 98.891663 2.7044976 32.3607672427 96.6348193905 2.7666251806 4.08821529496 3.5596481596 0
507 3.03089499474 33.862509 99.822852 2.7013631 31.5161369801 99.0336007726 2.71720002986 2.47555633257 0.907389241588 0
510 3.03653693199 31.979521 100.73965 2.7066945 27.1999561606 97.1970624567 2.80076169282 5.94929966935 5.389653139 0
513 3.04669904709 30.015598 101.64307 2.7044148 26.6846171386 100.095449874 2.75537443267 3.67294997973 2.91977187741 0
516 3.05710101128 28.083667 102.5122 2.7038251 25.962418143 101.204154513 2.73081545123 2.4921235341 1.5464332133 0
519 2.91633296013 26.231599 103.44351 2.6987262 22.9160352154 103.363802838 2.73943102813 3.3165217384 2.33221485744 0
522 2.90774607658 24.326425 104.3449 2.7056645 21.7963251267 102.900719512 2.71542612071 2.91325636538 0.559299668114 0
525 2.88667488098 23.072168 104.95788 2.6888385 19.7333392534 104.068258046 2.66003502478 3.45531541548 -1.65031756539 0
528 2.88809490204 23.059574 104.94595 2.6093304 18.6715591014 105.08130924 2.54576420852 4.39010214847 -3.64207449169 0
531 2.90225791931 23.148655 105.02795 2.4881616 18.1337071677 104.684914407 2.45257875518 5.02666640812 -2.03874683142 0
534 2.91228485107 23.15609 104.97342 2.3614352 18.4572304786 104.422300875 2.33400358906 4.73106891648 -1.57171553187 0
537 2.89919996262 23.189116 104.80794 2.2179164 18.5321547528 104.200584049 2.16491079882 4.69639961128 -3.03699723803 0
540 2.9113650322 23.170444 104.45908 2.0515088 18.8952898468 104.550755653 2.07325394322 4.27613697848 1.24590493168 0
543 2.90426087379 23.203193 104.36781 1.9241471 19.32438618 105.328322423 1.93530757508 3.99596377121 0.639448119235 0
546 2.90544319153 23.268475 104.40083 1.8086424 19.5631640983 105.662110198 1.79282295514 3.91409716499 -0.906387424509 0
549 2.88685584068 23.269141 104.3114 1.6661585 19.3564408351 103.763058128 1.69959293574 3.95093677365 1.91565205824 0
552 2.91125392914 23.273746 104.22596 1.531085 19.8016095801 105.43641336 1.52360639607 3.67708154028 -0.428492441697 0
555 2.91653895378 23.201513 103.9692 1.3630267 19.6545003437 104.23516792 1.41355630713 3.5569703004 2.89513322902 0
558 2.90684103966 23.573375 105.47089 1.3112874 19.8961137655 106.203319122 1.36295904921 3.74949364654 2.96056742019 0
561 2.9324028492 24.091257 107.45193 1.3021436 19.3549916449 106.404997416 1.39478998455 4.85059556641 5.30824682207 0
564 2.89244699478 24.69734 109.54228 1.2971878 20.7589162376 108.990380757 1.28126671799 3.97690514175 -0.912210804684 0
567 2.91306614876 25.24514 111.62222 1.291934 21.6054514401 111.141352349 1.29336327738 3.67131672719 0.0818915614889 0
570 2.90368199348 25.838263 113.71051 1.2925571 21.7549158463 113.459314874 1.26308855405 4.09106623867 -1.68842331121 0
573 2.88766312599 26.485855 115.66064 1.2984976 22.6033497297 115.907321141 1.33987191314 3.89033401638 2.37057352308 0
576 2.89407801628 26.666562 116.70228 1.2516028 22.6043619193 116.763370385 1.30689917024 4.06265941603 3.16824863704 0
579 2.87790799141 26.671044 116.66524 1.1445574 22.9172869217 117.039181254 1.11361116623 3.7723367115 -1.7730885866 0
582 2.87930488586 26.68282 116.71548 1.0360889 22.2323731573 115.731914017 0.975189672892 4.55783711232 -3.4892686889 0
585 2.89754199982 26.598988 116.54426 0.86252405 22.2098817893 115.880427601 0.858602276198 4.4390231788 -0.224701087088 0
588 2.89046883583 26.490987 116.49462 0.72378221 22.1502613006 116.457289259 0.693267967342 4.34088622079 -1.74833731937 0
591 2.89270401001 26.414554 116.44154 0.58967497 21.6527149182 116.451031232 0.584124764707 4.76184854073 -0.318003338706 0
594 2.88797497749 26.30131 116.37003 0.43724496 21.2541835021 116.115448154 0.525272547659 5.05354309392 5.04360925356 0
597 2.90701293945 26.176025 116.35464 0.31453037 21.7768229298 116.942597997 0.336411151915 4.4383187651 1.25367645618 0
600 2.90362095833 26.088883 116.46581 0.14702743 21.2898963693 115.875158425 0.268411447047 4.83519823424 6.95479187717 0
603 2.90816688538 25.977812 116.45377 0.019989929 20.9222325404 116.371439828 0.0456347670072 5.05624978903 1.46934098411 0
606 2.90485286713 25.890585 116.45549 -0.11586106 21.9892116871 116.317886296 -0.0436280842687 3.90379924003 4.13864465107 0
609 2.89163708687 27.617035 116.21759 -0.13548047 24.6723115919 116.231582895 -0.048341787519 2.94475665398 4.99267873849 0
612 2.87701916695 29.732468 115.90829 -0.14344069 25.8801790901 116.224506816 -0.134663227893 3.86524551875 0.502911533569 0
615 2.91595292091 31.744289 115.6014 -0.14068963 27.8941635083 115.535042408 -0.105049844936 3.85069729168 2.04200926692 0
618 2.8820579052 33.87565 115.27561 -0.13567301 30.1784177619 114.929485723 -0.131769825733 3.71339847544 0.223635985184 0
621 2.90514612198 35.936054 114.9269 -0.14240112 32.8094048263 114.283532562 -0.071232772648 3.1921554969 4.07764593819 0
624 2.89095807076 38.113735 114.67885 -0.14674677 34.6981735104 114.307667046 -0.0850399173435 3.43567126979 3.53554222425 0
627 2.89436912537 40.163768 114.30534 -0.14012204 36.7017950325 114.391679194 -0.079070550944 3.46304941983 3.4979926559 0
630 2.867582798 42.346763 113.98058 -0.16006212 38.9757789622 114.075792321 -0.0738562189179 3.37232838988 4.93923430113 0
633 2.8748729229 44.341947 113.67079 -0.15507802 41.072104909 114.020665595 -0.0748883286601 3.28850729543 4.59453087423 0
636 2.91457509995 46.544067 113.30502 -0.15009707 43.0125016245 114.06270171 -0.0771550377882 3.61192961939 4.17927059484 0
639 2.85720705986 48.557097 112.97025 -0.14631805 44.1806170076 115.022263153 -0.0800348112825 4.83366683829 3.79774983097 0
642 2.90851783752 50.586062 112.64729 -0.14866611 47.88658853 114.358527618 -0.0874049516579 3.19616820574 3.51000582109 0
645 2.88994693756 52.747394 112.3225 -0.14488479 49.7200477531 113.759969199 -0.0288241645689 3.35128975133 6.64978400485 0
648 2.90965199471 54.919709 111.95097 -0.14565598 50.9010128393 114.011631195 -0.0359737220275 4.51622003373 6.28433046929 0
651 2.90716290474 56.9199 111.70562 -0.14317608 53.8847051246 113.597657362 -0.0288569749381 3.57662037565 6.55000223776 0
654 2.91336393356 58.963864 111.32719 -0.14485493 56.2649227311 112.292901589 -0.06083689055 2.86651056964 4.81387906345 0
657 2.91216993332 61.070196 111.0267 -0.15209978 58.2816733669 111.907354204 -0.111279292526 2.92427945013 2.33884164995 0
660 2.90572094917 63.25691 110.67843 -0.1447313 60.1399193856 111.739367419 -0.116508945523 3.29260059808 1.61702179945 0
663 2.88088512421 65.338645 110.4192 -0.14848438 61.1927597646 111.712074312 -0.109835637561 4.34279729788 2.21440982526 0
666 2.88297200203 67.412523 110.08404 -0.1445869 63.3254414736 111.536313391 -0.0974110162113 4.33743396569 2.70297903589 0
669 2.90056610107 69.507235 109.73429 -0.15139682 65.7851420914 111.092976066 -0.0778197392324 3.96232298601 4.21565619688 0
672 3.24854707718 71.647859 109.39116 -0.14906575 68.5381591962 111.217976187 -0.0754052538919 3.6065898367 4.22043554383 0
675 3.99143099785 73.702975 109.06139 -0.1559357 69.6280078658 111.474469788 -0.0834232395591 4.73585379907 4.15465794537 0
678 4.06144595146 75.754203 108.72815 -0.15045699 72.3741853147 110.01119973 -0.14250296963 3.61534730864 0.45573179739 0
681 3.60353302956 77.860742 108.43703 -0.15243836 73.6760328343 109.181879438 -0.140366663709 4.25048132417 0.691657249054 0
684 2.88471484184 79.97813 108.08555 -0.15170568 76.1810225074 108.442073391 -0.167057262396 3.81380836424 -0.879580880153 0
687 2.9028699398 82.120618 107.73965 -0.14888428 78.6351098725 108.672291667 -0.156587823758 3.6081279614 -0.441380544604 0
690 2.88555288315 84.192494 107.42985 -0.14593359 81.5635086729 108.074090548 -0.145472215906 2.70677109001 0.0264347883844 0
693 2.89090108871 86.28045 107.15458 -0.15823172 82.3239260463 107.865026818 -0.12012286362 4.01980303965 2.18347663267 0
696 2.90707588196 88.385341 106.75858 -0.15035877 84.6410642536 109.359689313 -0.135619039228 4.55909837694 0.844524364407 0
699 3.13554191589 90.512184 106.42958 -0.15443508 86.9288354828 108.886678155 -0.110431152142 4.34484958734 2.52123934827 0
702 2.91666007042 92.541412 106.11165 -0.15857271 89.7642123691 108.82216158 -0.119884340051 3.88068432318 2.21668031433 0
705 2.88346195221 94.624435 105.7799 -0.14991569 91.0250955014 108.215453448 -0.117513419346 4.34593665699 1.85651335514 0
708 2.88857483864 96.812614 105.41142 -0.16008539 92.8760011639 107.444139974 -0.138113643269 4.43044818457 1.25888835624 0
711 2.8895111084 98.833392 105.05687 -0.15857643 94.9390655386 106.411503612 -0.132808030667 4.12320394952 1.47642052656 0
714 2.89951896667 100.9283 104.72764 -0.15390186 94.8520160157 106.256185079 -0.146461760001 6.2655947138 0.426286329089 0
717 2.89490795135 103.02648 104.38009 -0.15580909 98.0827759948 106.289939465 -0.170030908598 5.29978624741 -0.814850182685 0
720 2.91296601295 103.56436 104.3046 -0.21764658 99.2824056383 106.255354523 -0.231284356568 4.70537738798 -0.781387039276 0
723 2.90926289558 103.46604 104.39779 -0.32798619 99.4028135017 105.50557353 -0.334735970399 4.21153106687 -0.386733929512 0
726 2.90984106064 103.43166 104.43448 -0.46455789 98.897089374 106.38215608 -0.432296322178 4.93515682367 1.84845167669 0
729 2.90115213394 103.35806 104.51276 -0.60050128 99.1057528074 107.007619326 -0.585819697369 4.93015613492 0.841192721344 0
732 2.95222496986 103.30537 104.5712 -0.75278089 100.269606749 105.806946706 -0.687802336372 3.27764068145 3.72299688178 0
735 2.87210893631 103.24477 104.73622 -0.88717849 99.0986866814 106.457463621 -0.792505863967 4.48917436603 5.42434190712 0
738 2.89243912697 103.11543 104.83266 -1.0218313 98.5553191578 104.042163111 -0.935664580896 4.62812016111 4.93698933913 0
741 2.87166976929 103.3336 104.43355 -1.1359167 98.9020350034 106.182161146 -1.03055635077 4.7640748585 6.03670333873 0
744 2.90565609932 104.18264 102.5184 -1.1499809 101.518090448 104.583641489 -1.12828424264 3.37120849588 1.24312689601 0
747 2.89411091805 105.02068 100.61649 -1.1544373 101.575118852 102.809725858 -1.03911101436 4.08438185757 6.60770943421 0
750 2.92074418068 105.97315 98.645528 -1.1675657 104.244678934 101.004316057 -1.04115331767 2.92429364524 7.2428959855 0
753 2.89044094086 106.66644 96.709247 -1.154133 105.228291949 98.8473217021 -1.12307609031 2.57674858101 1.77942984971 0
756 2.92557692528 107.65453 94.805864 -1.1707179 105.398130253 96.4765246197 -1.1335957393 2.80756954082 2.12694313442 0
759 2.90640902519 108.36584 92.821603 -1.1639211 106.18016156 95.7490328387 -1.12694146097 3.65335950924 2.11877724424 0
762 2.91760396957 109.18739 90.932737 -1.1605274 108.017033684 91.6382486073 -1.15660651773 1.3665579148 0.2246500058 0
765 2.87488913536 110.00551 88.971931 -1.1631703 108.966640238 89.9692447524 -1.14480982409 1.44009899098 1.05197777945 0
768 2.91059803963 110.83946 87.051439 -1.1600004 109.202533689 88.256480556 -1.11029215596 2.03264677205 2.84807259077 0
771 2.88004088402 111.68317 85.129972 -1.1502451 110.457600654 86.3261366423 -1.09228322409 1.71255075068 3.32097086227 0
774 2.87150788307 112.49307 83.177328 -1.1488654 111.344810392 85.6808220562 -1.09648500972 2.75426625744 3.00117529207 0
777 2.89945888519 113.40329 81.226755 -1.149046 112.458582959 83.232489365 -1.1354704997 2.21707955113 0.777818872143 0
780 2.86031198502 114.20236 79.347389 -1.1522317 111.790379634 82.1800605053 -1.13901172918 3.72044045021 0.757448533405 0
783 2.88030791283 115.10134 77.33273 -1.146946 113.914501065 80.4799478397 -1.12261391638 3.36356459537 1.39412569832 0
786 2.89969706535 115.87569 75.433999 -1.1405871 114.031794182 78.834886766 -1.11822673596 3.86859010297 1.28115448811 0
789 3.02542686462 116.74641 73.521868 -1.1514597 114.548783855 75.7516689265 -1.14319087697 3.13074637187 0.473768661103 0
792 2.89838600159 117.66191 71.592443 -1.1472421 116.41557904 75.1416956884 -1.1382571147 3.7617197542 0.514801736913 0
795 2.89618706703 118.47567 69.543126 -1.1411103 116.854161856 71.8105813657 -1.13297722934 2.78758721759 0.465990623534 0
798 2.89631700516 119.32773 67.660396 -1.1493947 116.902315885 70.4212293326 -1.16320675829 3.67489242282 -0.791372646411 0
801 2.98746705055 120.23613 65.736718 -1.1477983 119.001525146 68.5834069789 -1.09059014664 3.10288370506 3.27778574129 0
804 2.92078900337 121.05504 63.851108 -1.1435448 119.341305 65.8055470143 -1.11695702734 2.59936906 1.52336715991 0
807 2.88429498672 121.9387 61.889647 -1.1416966 119.65288844 64.0673388273 -1.12029199222 3.15709933049 1.22639368786 0
810 2.89777588844 122.75206 59.947854 -1.134592 121.192487972 62.524195399 -1.07506498914 3.0116108503 3.41064648958 0
813 2.88115000725 123.61313 58.017737 -1.1345099 122.086054184 61.5722935934 -1.08575830617 3.86869915117 2.79326057075 0
816 2.88971805573 124.50226 56.14403 -1.1250591 122.905539164 58.961106597 -1.13056334852 3.23812260144 -0.315370209629 0
819 2.8804898262 125.37031 54.195354 -1.1346431 124.121586462 57.2274549477 -1.13116222674 3.27916858852 0.19943934684 0
822 2.87801003456 126.19009 52.293812 -1.120627 125.052977803 55.4997763087 -1.09704778802 3.40165126055 1.35098933088 0
825 2.87963199615 127.09539 50.434417 -1.1252352 126.163541475 54.0416823058 -1.11622311108 3.72568177113 0.516354659691 0
828 2.88381099701 127.94916 48.435924 -1.125081 126.95950792 51.8914076215 -1.12495090578 3.59440931129 0.00745384971372 0
831 2.89908099174 128.83417 46.49897 -1.1135569 126.967804532 49.4431988589 -1.12368498178 3.48594372219 -0.580296340825 0
834 2.90217590332 129.69028 44.561049 -1.1141866 128.738131222 47.7263736538 -1.11339173656 3.30542999606 0.0455423201932 0
837 2.89230918884 130.6504 42.689185 -1.1179531 128.170738947 45.7285838194 -1.0900704599 3.92258385748 1.5975575994 0
840 2.91570687294 131.56218 40.752166 -1.1133477 129.976494674 43.9194296935 -1.12455117801 3.54202728076 -0.641912006035 0
843 2.87210893631 131.80181 39.159633 -1.0655485 131.035782769 42.1855998012 -1.01409814168 3.12142159929 2.94788838589 0
846 2.87338590622 89.526265 39.287264 -0.26055386 133.47902876 40.8802970303 -1.05244336943 43.9816233937 -45.3719267311 0
849 2.86600899696 49.129117 22.860079 0.57174269 133.549352975 40.3921080995 -1.07810384667 86.2215070994 -94.5292433954 0
852 2.88602495193 45.693587 19.436118 1.0035584 133.497400665 40.623097668 -1.03619615514 90.3238495722 -116.869327252 0
855 2.8770699501 46.841947 21.209275 1.0214136 133.365125042 39.1682053962 -0.916300598434 88.3673215584 -111.022845473 0
858 2.89292502403 48.00008 22.972907 1.0079248 133.753562467 39.0939666702 -1.05590041163 87.2556492161 -118.248474279 0
861 2.87741804123 49.170996 24.731115 1.014741 114.696285018 74.4201732911 -3.03491316978 82.2348223973 127.971907584 0
864 2.88118290901 50.349541 26.532036 1.0144485 33.7483443576 97.1255798619 1.94007931901 72.5192951216 53.0347393167 0
867 2.88565397263 51.518278 28.351001 1.0069992 20.9340213216 35.7302361649 2.87888197249 31.4618796035 107.250982607 0
870 2.8793759346 52.642563 30.101924 1.0170679 41.3649610473 110.788889824 1.53026893805 81.4712879468 29.4042535218 0
873 2.87833094597 53.80357 31.912095 1.0183648 86.0210188614 131.097828559 -0.246394969179 104.286977867 -72.4653968719 0
876 2.89366412163 54.946688 33.671099 1.0064723 37.6651950765 102.800608466 1.65575671708 71.2568528405 37.2012568024 0
879 2.91005301476 56.161659 35.476636 1.0152563 10.7217723377 36.5007374222 2.86627480289 45.4514255398 106.055548016 0
882 2.89913392067 57.333476 37.252395 1.017552 104.096370977 113.642141325 -0.49017818593 89.566521035 -86.3865762983 0
885 2.91095304489 58.434052 39.044555 1.0099164 35.9847103192 108.147302724 1.56331013894 72.6578466846 31.70712565 0
888 2.87737298012 59.558673 40.733157 1.0155176 89.2813520755 66.9486670124 2.33781779768 39.6319393499 75.7622205766 0
891 2.89000201225 60.829575 42.673596 1.0256616 83.4928634978 47.6075189052 -3.05020593769 23.1941423806 126.469992236 0
894 2.88386106491 61.938983 44.298725 1.0235902 35.6442287348 113.511026064 1.54828052891 74.0388865426 30.0625413979 0
897 2.88315296173 63.08776 46.123861 1.0214801 36.2996701449 116.813849336 1.69423440465 75.5954774376 38.5459823057 0
900 2.87945795059 64.233274 47.872937 1.026201 81.0458205564 44.6142968117 -3.01105768981 17.1254330628 128.682116271 0
903 2.89492297173 65.367062 49.701179 1.0288308 92.6926322863 25.873133163 -2.35375880889 36.2555176475 166.191891586 0
906 2.926831007 66.47055 51.411163 1.0247772 79.2288654447 78.0863764853 -1.45488340135 29.5692682945 -142.074087083 0
909 2.88654494286 67.601685 53.206336 1.0345375 57.2618706445 130.036512843 -1.25968977492 77.5228213799 -131.449540097 0
912 2.87962293625 68.713633 54.989386 1.0321621 66.2734640598 54.8825862435 1.75559927985 2.44250499377 41.4498971482 0
915 2.87581586838 69.889939 56.860516 1.0335194 138.560976011 36.701248662 -0.670357964725 71.5688995572 -97.6249818066 0
918 2.91446805 70.97178 58.665246 1.0279054 18.5004425005 25.3077539306 -2.84322909308 62.1768730007 138.200331619 0
921 2.8736679554 72.083269 60.388926 1.0348295 137.68197203 58.1131065713 -1.52761694016 65.638168723 -146.81736625 0
924 2.89953398705 73.21006 62.180545 1.0389104 69.9838729928 64.1766057303 1.12928528134 3.79375026123 5.17809927504 0
927 2.89122605324 74.211219 63.966291 1.0279221 70.3864577241 68.3910037295 1.32003131372 5.84866493793 16.7366251029 0
930 2.92432117462 75.394113 65.876292 1.0355825 73.2307694412 66.0797203243 0.974135874607 2.17288712009 -3.52063230032 0
933 2.90013480186 76.475569 67.55587 1.0353462 73.484634812 68.3279647863 0.859873698899 3.08898327543 -10.0538337337 0
936 2.92087221146 77.652303 69.425792 1.0395167 73.9737114184 69.4440523748 1.07550761138 3.67863690317 2.06212732263 0
939 2.93620610237 78.72098 71.209083 1.0347632 74.6194753713 72.2558989253 1.0767224239 4.23298521152 2.40408644102 0
942 2.87625908852 79.923618 73.070281 1.0406815 76.9339001159 74.4046830786 1.03448005405 3.27399479749 -0.355316679833 0
945 2.88890004158 80.886825 74.813727 1.0240856 79.3253270924 76.2898825873 0.992859127651 2.14879292469 -1.78914507467 0
948 2.90501999855 82.003807 76.66259 1.0354781 81.1781224533 78.5549765427 0.930584120701 2.06467474376 -6.00998231019 0
951 2.97049713135 83.149971 78.458347 1.0359732 81.0734170706 80.3155282961 0.944755849026 2.78589278119 -5.22636922917 0
954 3.01758813858 84.209192 80.07724 1.046865 81.8617082471 82.1739843495 1.0247144728 3.14754139561 -1.26913172269 0
957 3.08073210716 84.421821 80.346791 1.1291589 82.4462683611 80.4754255946 1.09739970691 1.97973611574 -1.81966772476 0
960 3.05842781067 84.549549 80.462185 1.2384433 82.1928293538 78.9368070185 1.16955332923 2.80729504635 -3.94710457599 0
963 3.06941604614 84.477315 80.645515 1.377415 83.0040800576 79.7157857701 1.29884868678 1.74207279887 -4.50151815915 0
966 3.04767894745 84.491575 80.745704 1.5042297 80.7733677855 79.8143179094 1.4233522545 3.83308556379 -4.6339362848 0
969 3.05473709106 84.58151 81.604236 1.6242617 82.0546072741 81.2477525485 1.64016499098 2.55192434006 0.911191453401 0
972 3.04813218117 84.52138 83.606555 1.6450761 81.2324507087 84.2048474107 1.63071605465 3.34290437975 -0.822769992251 0
975 3.04959797859 84.450105 85.633891 1.6510189 81.2451842935 86.1468840154 1.58416060735 3.24571695761 -3.83069799455 0
978 3.04954695702 84.288283 87.799076 1.6553182 81.1996885007 87.8335844286 1.62447523527 3.0887872722 -1.76717170658 0
981 3.13612103462 84.219899 89.940013 1.6574582 81.3581026929 90.4174675728 1.58593100137 2.90135157681 -4.09820660212 0
984 3.05414700508 84.085061 91.960688 1.6559816 81.2128940236 93.0320320628 1.6034740121 3.06547243358 -3.00846317905 0
987 3.05061602592 83.972707 94.061302 1.6546883 80.3011613803 93.5662715399 1.67113945295 3.70476752227 0.942581631936 0
990 3.14989900589 83.850194 96.236204 1.650278 79.3811107074 95.7822785422 1.6956892536 4.49207677999 2.6018731739 0
993 3.06413984299 83.742141 98.372522 1.653672 79.7232294805 98.4739850992 1.64315014682 4.02019210513 -0.60285777974 0
996 3.03674721718 83.558608 100.37046 1.6603574 79.9364317914 100.005903273 1.67598273475 3.64047553119 0.895265734916 0
999 3.06120800972 83.448658 102.54165 1.6520527 79.848437452 102.706654372 1.64152891277 3.60399978317 -0.602968592986 0
1002 3.06577897072 83.308795 104.69204 1.6576029 80.3598402216 105.133463953 1.65759030892 2.9818097511 -0.000721415587509 0
1005 3.06011080742 83.194681 106.76107 1.661421 78.3588257691 107.049944309 1.6235987525 4.84447563525 -2.16705515357 0
1008 3.06614303589 83.066158 108.84686 1.6653468 78.3965993045 109.688380588 1.6650127667 4.74477979591 -0.019138698283 0
1011 3.07069993019 82.920912 111.09751 1.6564676 79.2176365293 111.8446198 1.70988046054 3.77788595195 3.06033148052 0
1014 3.06485819817 82.798446 113.12029 1.6519674 78.5777150618 113.897025203 1.63201024592 4.29160660222 -1.14346069996 0
1017 3.08787107468 82.725101 115.25424 1.6521864 78.2016876414 115.839242103 1.6189732516 4.56108494478 -1.90297322741 0
1020 3.07186508179 82.605874 115.888 1.7134215 78.6525930302 117.702650836 1.71271787811 4.34987219144 -0.0403145646766 0
1023 3.04406785965 82.650086 115.98425 1.8265292 78.8900809358 116.610114236 1.84694448476 3.81173767776 1.16970965452 0
1026 3.0500330925 82.697137 116.16336 1.9516157 78.4465419588 117.637159265 1.99041709029 4.49884901699 2.22315590274 0
1029 3.03983092308 82.611261 116.28116 2.0730733 78.4320428086 116.311306074 2.06926084465 4.17932691679 -0.218437601357 0
1032 3.02589702606 82.517518 116.45008 2.1971216 79.2913647358 117.661095423 2.22700390062 3.44595752146 1.71212970765 0
1035 3.05634999275 82.418538 116.4581 2.3123831 78.3258023014 115.512346261 2.36842809308 4.20058753441 3.21114156645 0
1038 3.04211401939 82.414024 116.83182 2.4679277 77.9742756164 115.656469674 2.4817032434 4.59269137844 0.789280497176 0
1041 3.04678201675 82.282962 116.94587 2.5874118 79.7277846266 116.095338901 2.69859547811 2.69301588562 6.37035550622 0
1044 3.06115293503 82.208722 116.96752 2.707272 78.7737098615 115.771753867 2.77598557569 3.63719191629 3.93699788243 0
1047 3.31375312805 82.043289 117.20312 2.8493508 78.3347438856 117.488603561 2.91263718339 3.71951713659 3.62604266868 0
1050 6.02869987488 81.832352 117.28824 2.9891727 77.4211196186 115.02313821 3.00660741688 4.95879594663 0.998935694172 0
1053 6.01825499535 81.142386 117.29523 3.0875315 76.6369663354 114.802394514 3.13140949273 5.14908099704 2.51402379687 0
1056 5.93039798737 79.131234 117.37152 3.1037602 75.1114273403 114.856230286 3.13825147919 4.7418907544 1.97620472775 0
1059 5.93978714943 77.094643 117.50841 3.1079346 74.3600196169 115.882495306 -3.06864334062 3.18147192967 6.10815216871 0
1062 5.95048689842 74.899205 117.59033 3.115912 71.8462995404 117.185252903 -3.08233651639 3.07966218926 4.8665196379 0
1065 4.69728899002 72.824078 117.69503 3.116944 69.8220722502 116.716002844 -3.14143529922 3.15761503253 1.4212795629 0
1068 2.96004414558 70.711208 117.83017 3.1174699 68.092241147 116.755890403 -3.12433728143 2.83073559877 2.37079196974 0
1071 2.87261605263 68.550781 117.88294 3.1169773 65.6295898372 116.60402544 3.1358005859 3.18888385816 1.07849483866 0
1074 2.89648103714 66.454241 117.99143 3.11617 63.6699193182 116.686097272 3.12105606889 3.07511638125 0.279951125942 0
1077 2.89559006691 64.352032 118.06903 3.1139299 60.7530660315 117.682803289 3.13829333207 3.61963079811 1.39592183235 0
1080 2.9457449913 62.204954 118.16997 3.1178991 59.1107229316 118.193539139 3.09688451401 3.0943208316 -1.20404708557 0
1083 3.0743830204 60.134729 118.2293 3.1166836 56.9652727436 116.915666282 3.0965217451 3.43090170451 -1.1551891929 0
1086 3.04038286209 58.034017 118.36643 3.1239361 54.3086547081 116.741872021 3.11913911309 4.06417431114 -0.274847104148 0
1089 3.03881597519 55.858025 118.47896 3.1251128 52.1226607833 117.058667361 -3.14025249393 3.99627038783 1.02101154997 0
1092 3.04833483696 53.766425 118.55 3.1243401 50.4138990082 116.994236341 -3.13831307232 3.69592087133 1.17640467192 0
1095 3.05863595009 51.628528 118.603 3.1187628 48.7101257141 117.346654743 -3.12977618933 3.17733777053 1.98508778854 0
1098 3.07880401611 49.494235 118.64783 3.1200968 47.4233067987 117.713661642 3.1321797429 2.27187458645 0.692301632197 0
1101 3.05342698097 47.379245 118.80828 3.1260538 46.0483667233 117.166355023 3.10974053372 2.11356443449 -0.934681307749 0
1104 3.12474107742 45.313934 118.87713 3.1250737 42.823469292 117.557975211 3.10252955095 2.81825900479 -1.29168459305 0
1107 3.0310690403 43.229975 118.9845 3.131291 42.3706986095 117.369371927 3.12216673249 1.82947932699 -0.522782019684 0
1110 3.03680801392 41.038059 119.03542 3.1300111 39.1258709813 117.517784901 3.13945003247 2.44124544313 0.540810993438 0
1113 3.26126289368 38.877743 119.09254 3.1262084 35.7417775822 118.080302903 -3.13665773092 3.29528497116 1.16420304303 0
1116 3.05683493614 36.866989 119.17866 3.1252668 34.1420824803 118.511740833 3.02739656806 2.80533361957 -5.60755122989 0
1119 3.05368995667 34.67231 119.25843 3.1314701 32.2735024473 119.623743971 3.07118011668 2.42646491265 -3.45436159144 0
1122 3.04271817207 32.567479 119.34722 3.1353596 31.7457121088 119.134826396 3.04130041377 0.848770797336 -5.38919439536 0
1125 3.04614496231 30.502201 119.36971 3.1349527 28.0484733309 117.496690882 3.11259969331 3.08690461285 -1.28073294279 0
1128 3.14473414421 29.15421 119.31018 -3.13185 26.449070108 117.75496046 -3.1105863398 3.12033486235 1.21831798665 0
1131 3.03818893433 28.938717 119.39146 -3.028318 26.2516189977 118.410307125 -2.96046657205 2.86062172213 3.88760045555 0
1134 3.05183792114 28.80706 119.32785 -2.9089456 26.1916746953 117.180966203 -2.92405492278 3.3836888644 -0.86570042687 0
1137 3.07949399948 28.607415 119.34948 -2.7753086 26.0592407598 116.57325057 -2.73465488965 3.76837389422 2.32928602486 0
1140 3.09551501274 28.309413 119.3977 -2.6319404 26.395444803 116.996161162 -2.60271078156 3.07093846382 1.67473377341 0
1143 3.07191419601 28.176965 119.31562 -2.5155106 25.628761522 117.96562956 -2.46174693972 2.88371551166 3.08043082501 0
1146 3.1141769886 28.13257 119.1422 -2.3876282 27.2830268657 116.994795973 -2.40331231412 2.30934354177 -0.898633544406 0
1149 3.0135679245 28.071656 119.10664 -2.2643471 25.6185534436 117.655634891 -2.29046463389 2.85011016955 -1.49642446304 0
1152 3.07800984383 27.847582 119.05477 -2.1225081 25.3577127717 118.212975005 -2.13631679656 2.62832029788 -0.791180033231 0
1155 3.05103492737 27.651134 118.95518 -2.0012288 26.3566289639 119.396190232 -1.84748948114 1.36756473816 8.80861411602 0
1158 3.15560007095 27.585975 118.8068 -1.8653126 23.4953054195 118.827703748 -1.89197655191 4.09072299028 -1.52773190967 0
1161 3.04569292068 27.545652 118.66047 -1.7395281 25.1079894632 120.026614803 -1.73759786114 2.79437833244 0.110594540167 0
1164 3.06459498405 27.426878 118.54472 -1.6078392 25.2849580895 118.167936222 -1.57709467332 2.17480732906 1.76153162204 0
1167 3.05621600151 27.408113 118.27266 -1.4907581 25.4319672674 116.213173533 -1.39277979479 2.85423132657 5.61374337256 0
1170 3.07349085808 27.619078 117.43976 -1.368489 45.221463699 138.128805698 -2.17601082615 27.1639576309 -46.2675925029 0
1173 3.10146307945 28.00462 115.50954 -1.3464267 42.6189542128 139.000019302 -1.79094165501 27.6655269663 -25.4688308526 0
1176 3.02423620224 28.352772 113.43776 -1.3439724 28.4254469095 114.193322488 -1.54077310028 0.75904961365 -11.2758495311 0
1179 3.04597401619 28.777386 111.37552 -1.3470791 38.0744770062 135.155265572 -2.10067641701 25.5325713675 -43.1779457169 0
1182 3.05641579628 29.292879 109.18718 -1.3487141 38.2143931034 132.754006923 -2.20037336683 25.1989830175 -48.7964815724 0
1185 3.07517504692 29.664866 107.14961 -1.3582731 25.7901511238 106.580316139 -1.38191461841 3.9163134288 -1.35455922611 0
1188 3.08625602722 30.155372 105.1583 -1.3627181 28.8717485157 106.20850726 -1.49871141982 1.65850069018 -7.79184326769 0
1191 3.05966615677 30.584999 103.08809 -1.3538609 27.9300561082 103.53900921 -1.44628463022 2.69296303212 -5.29548966819 0
1194 3.10166192055 30.932942 101.04272 -1.3388863 28.0800701091 101.567914065 -1.37154302406 2.90081140918 -1.8710924611 0
1197 3.06386399269 31.46397 98.886394 -1.3633561 28.2143917523 98.6203804105 -1.38112152712 3.26044813141 -1.01788399508 0
1200 3.17144799232 31.761459 96.890841 -1.3338862 27.417339483 95.1030111239 -1.32541866824 4.69762812954 0.485153832982 0
1203 3.09525489807 32.148779 94.808879 -1.340085 30.0309930035 94.8219349752 -1.45184228841 2.11782624067 -6.40322095587 0
1206 3.17132592201 32.63242 92.742465 -1.3409888 31.1847576288 91.7809099322 -1.33241144734 1.73790520156 0.491446106872 0
1209 3.05583310127 33.223163 90.635151 -1.3443959 32.2452865798 91.491680414 -1.26361404305 1.29995574167 4.6284594643 0
1212 3.12430119514 33.480467 88.544154 -1.3400822 32.5052845593 89.7449626666 -1.36339381363 1.54690731671 -1.33565707466 0
1215 3.14334392548 33.996344 86.523674 -1.3537744 32.4050275686 85.6155514082 -1.34688549955 1.83220485386 0.394704921158 0
1218 3.08035492897 34.391099 84.502242 -1.3500462 33.914553703 85.4780226168 -1.34083195905 1.08592966265 0.5279371181 0
1221 3.06029701233 34.871654 82.311763 -1.3462417 33.687347551 83.1305943736 -1.32479474743 1.43981477401 1.22881986549 0
1224 3.06020593643 35.319079 80.358924 -1.358939 33.8671483027 80.4764376484 -1.27624267162 1.45667848458 4.73815059762 0
1227 3.08307886124 35.776446 78.250756 -1.3606991 34.3965106289 78.1957654062 -1.34377881926 1.38103062742 0.969460674753 0
1230 3.06364893913 36.167733 76.160289 -1.3496683 33.5404122546 77.1060423113 -1.36395631803 2.79235807606 -0.818643130631 0
1233 3.10066699982 36.593873 74.026216 -1.3452321 34.81110378 74.8504710842 -1.39563602948 1.96409331135 -2.8879324301 0
1236 3.06689095497 37.096668 72.068535 -1.358637 35.2206128656 71.8295500033 -1.35907830219 1.89121566616 -0.0252847529038 0
1239 3.07356405258 37.456761 70.030489 -1.3570922 34.8697447734 69.4140003276 -1.38915409476 2.65945694459 -1.8370112528 0
1242 3.10486412048 37.942935 67.912468 -1.3598503 35.5783130713 68.2560376431 -1.40158837805 2.389451185 -2.39141571751 0
1245 3.05073308945 38.381728 65.750541 -1.3597279 36.644227234 65.2763690633 -1.33333215859 1.80104079285 1.51236457964 0
1248 3.04940485954 38.78715 63.709446 -1.3638712 37.4685254632 63.1878538776 -1.33088926558 1.41803702742 1.88972564223 0
1251 3.05002307892 39.284372 61.704874 -1.358189 37.7929947929 61.7721248285 -1.3628138191 1.49289271144 -0.264982615432 0
1254 3.05609202385 39.616785 59.610797 -1.3616912 38.0999046491 59.729877466 -1.34345396911 1.52154729021 1.04491635977 0
1257 3.03872299194 40.0981 57.483375 -1.3627524 38.8936972756 58.3447761207 -1.34821228517 1.48074231834 0.833087213325 0
1260 3.06889891624 40.478176 55.366289 -1.371191 40.2016849225 56.7339549522 -1.31683437304 1.39533417961 3.11440531337 0
1263 3.05604219437 40.927924 53.368372 -1.3697355 40.0784292171 53.6063902486 -1.34414583898 0.882209766905 1.46617957549 0
1266 3.08281183243 41.311773 51.24524 -1.3687118 40.7396885401 52.0186496148 -1.35242314232 0.961999512207 0.93327133899 0
1269 3.08461689949 41.752813 49.127024 -1.3690442 40.712599276 50.3890387742 -1.33283451978 1.63545892083 2.0746618543 0
1272 3.10772109032 42.124468 46.999249 -1.3746445 41.3153109929 47.3761612961 -1.33224421533 0.892635390938 2.42935736162 0
1275 3.02422213554 42.489069 45.000812 -1.3756167 41.4715499434 45.6590759311 -1.35567848021 1.21188136117 1.14237584497 0
1278 3.04772281647 42.919623 42.847052 -1.3693623 41.4510094163 43.9016714794 -1.3930722335 1.80805091316 -1.35847912233 0
1281 3.05901002884 43.26925 40.76156 -1.3849404 42.4161013526 42.1566759849 -1.32767522492 1.63530157031 3.28105284527 0
1284 3.0578379631 43.723057 38.666685 -1.382086 43.6457224045 39.0830958179 -1.33152856653 0.423531119178 2.89672756107 0
1287 3.03171801567 44.069109 36.638541 -1.3748634 44.1496152437 37.2320515691 -1.34754758095 0.598945782959 1.56508114573 0
1290 3.05757689476 44.48264 34.512889 -1.372972 44.3822240118 35.5918433905 -1.38607215924 1.0836170668 -0.75058383541 0
1293 3.04907107353 44.660959 33.544964 -1.3339999 43.8415286349 34.0975621983 -1.31238530725 0.988347556261 1.23842494027 0
1296 3.06898903847 44.654294 33.324157 -1.2074321 44.7320590372 33.9550555466 -1.20229336408 0.635673168478 0.294427880501 0
1299 3.07072496414 44.699557 33.107025 -1.0711259 44.5530545592 33.937674279 -1.18194481331 0.84346973265 -6.34945602264 0
1302 3.058781147 44.829945 32.953901 -0.95914547 44.0871091871 33.3092316001 -1.00125827535 0.823446950531 -2.41288601008 0
1305 3.06575703621 44.914184 32.826307 -0.82117543 43.1436407906 34.6282487008 -0.71035646589 2.52622587061 6.34945893353 0
1308 3.05743217468 44.932468 32.690373 -0.70238554 44.1089960111 34.0947290979 -0.758142267652 1.62798100916 -3.1946251739 0
1311 3.02862906456 45.019913 32.619075 -0.56167342 43.4547844333 33.5964205942 -0.559670149761 1.84521864304 0.114778929915 0
1314 3.03573584557 45.164806 32.47066 -0.44585332 42.5333794248 32.0103703913 -0.44630185369 2.67138023212 -0.0256990873985 0
1317 3.01263809204 45.307079 32.373178 -0.30795343 43.3966692147 33.1055002014 -0.507454937456 2.04596220748 -11.4305943837 0
1320 3.05186986923 45.468859 32.25314 -0.19105128 42.2789049643 31.8202688845 -0.237975270121 3.21918998392 -2.68854659182 0
1323 3.05234909058 46.833289 32.057508 -0.10389315 43.6270672283 32.8909816646 -0.233914191401 3.3127837839 -7.44965692016 0
1326 3.04932999611 48.863767 31.868312 -0.084237935 48.4684348525 33.0567665304 -0.221409847127 1.25248220652 -7.85937163261 0
1329 3.03990602493 51.033972 31.691587 -0.08198003 48.7030937811 31.3626949126 -0.163428259315 2.35396756061 -4.66663978857 0
1332 3.01549196243 53.111195 31.42619 -0.084122232 51.6341285346 33.7103115826 0.00873163292845 2.72009866499 5.32013457188 0
1335 3.08372402191 55.206155 31.249451 -0.082409142 54.0457954585 33.1661187859 -0.0290740319916 2.24054673396 3.05587670335 0
1338 3.11408400536 57.287235 31.07162 -0.080297126 55.7159399817 32.2860190454 -0.021627675231 1.98588344971 3.36151191541 0
1341 3.12685608864 59.516372 30.847745 -0.092608556 58.877808613 33.1524342417 -0.0254351571161 2.39151744712 3.8487522516 0
1344 3.05413198471 61.567611 30.670937 -0.091677002 61.2172829935 32.9376918756 -0.00549459796506 2.29366679755 4.93788801949 0
1347 3.18366193771 63.68279 30.502969 -0.089332225 63.7115448891 31.4850852698 -0.0415394133997 0.982537129612 2.73832639576 0
1350 3.055809021 65.773678 30.270465 -0.081918863 66.3703220105 31.8532058334 -0.0569742292109 1.69146463779 1.42922223761 0
1353 3.04676699638 67.870787 30.052005 -0.080757136 67.9940052368 32.2888402868 -0.0984177846209 2.24022651401 -1.01188062944 0
1356 3.06711816788 69.978421 29.855203 -0.080851998 69.6075978502 31.6339875785 -0.0932404033486 1.8170262478 -0.709803341371 0
1359 3.11016106606 72.04312 29.748383 -0.089661546 70.3379999437 30.8169917388 -0.117891787734 2.01230192642 -1.61747370596 0
1362 3.02176690102 74.192216 29.503442 -0.097083695 72.1465006778 30.7112194911 -0.120931434937 2.37564257576 -1.36637484933 0
1365 3.03178906441 76.337484 29.313327 -0.092202589 75.0124272754 30.0664516854 -0.0621903577622 1.52412995354 1.7195741837 0
1368 3.02091693878 78.469083 29.072242 -0.088851811 77.9501672498 30.0836318835 -0.113108315017 1.13674229807 -1.38979530594 0
1371 3.02948498726 80.508884 28.860474 -0.08148585 79.0863667961 30.6580740701 -0.147718369057 2.29236149141 -3.79484380847 0
1374 3.04218482971 82.648681 28.706332 -0.092016755 81.7059608093 30.0379247352 -0.052493712863 1.6315209378 2.26450350797 0
1377 3.0556230545 84.803463 28.469695 -0.089914919 83.6623310076 29.7845346481 -0.0347567537633 1.74097257999 3.16033007375 0
1380 3.02746295929 86.909059 28.274418 -0.095059786 85.0778202883 30.3428698498 -0.0514839351761 2.76259448237 2.4967123409 0
1383 3.0537519455 88.999768 28.069648 -0.093100738 87.2277160833 30.552583504 -0.0617924899399 3.0504322173 1.79383047779 0
1386 3.03573989868 91.148907 27.8824 -0.087682683 89.8360138334 30.153890324 -0.0384053049703 2.62361520784 2.82338578657 0
1389 3.03627705574 93.191686 27.680334 -0.085944106 91.1410443147 30.2577563471 -0.0436517530697 3.29366623642 2.42317332858 0
1392 3.04855918884 94.597595 27.536443 -0.026113958 93.6044261148 30.6576758987 -0.0520904591132 3.27543573325 -1.4883438803 0
1395 3.03995513916 66.734672 23.138609 0.64678418 95.6608187138 32.1124353562 0.0129798811217 30.2861605883 -36.314311363 0
1398 3.10516285896 41.954155 8.6979942 1.5862633 97.6157952526 32.0918241596 0.0476964147934 60.3778889643 -88.1533890209 0
1401 3.07460284233 40.498777 7.6026468 1.6671323 98.4503096011 31.1402775486 -0.0420825948206 62.5491821855 -97.9307997541 0
1404 3.08782696724 40.36551 9.5759073 1.6613912 100.486048526 30.9823246707 -0.00593355502383 63.81781771 -95.5306715405 0
1407 3.02321004868 40.15753 11.693798 1.6450717 101.57433679 30.7027254208 -0.0231972418914 64.2912395118 -95.5847694631 0
1410 3.07903599739 40.017928 13.779826 1.6578436 103.389407664 30.736792733 -0.019588222191 65.6009386789 -96.1097638325 0
1413 3.12910509109 39.937066 15.922073 1.6651068 106.442657264 32.3296658329 0.063668340472 68.4996552684 -91.7556648809 0
1416 3.04048800468 39.75755 17.953862 1.6630734 104.833049329 29.9818937988 0.02042432409 66.1777467271 -94.1168592707 0
1419 3.24422883987 39.645384 20.177858 1.663423 107.765772577 28.8725873911 0.00267691829183 68.6730344394 -95.1537413248 0
1422 3.03722119331 39.526919 22.292671 1.6684735 110.641406711 33.3265808242 0.0664836299862 71.9653911846 -91.7872583745 0
1425 3.05336499214 39.303781 24.413998 1.6572417 111.906265696 32.5718106247 0.0917188478476 73.0593641558 -89.6978521596 0
1428 3.03253817558 39.21094 26.55624 1.6661167 116.983945309 32.3047679316 0.079898020141 77.9851647952 -90.8836357407 0
1431 3.04313898087 39.049874 28.673026 1.6660737 119.885020478 30.1691099731 0.0886176383381 80.8489899344 -90.3815747006 0
1434 3.03292012215 38.816051 30.701859 1.6598041 119.170385935 35.0986091609 0.0777705794338 80.474533579 -90.6438437767 0
1437 3.05603289604 38.695572 32.853799 1.6647394 122.758483539 34.2832862639 0.0673521424044 84.0750648546 -91.5235481082 0
1440 3.05834507942 38.58982 35.008607 1.6723781 123.461969663 34.0916650226 0.115077145098 84.8771027491 -89.2267721476 0
1443 3.05439805984 38.393816 37.160762 1.6689022 126.328733243 34.8450472485 0.13094011643 87.9654034573 -88.1187364397 0
1446 3.05844902992 38.314928 39.264936 1.6781402 128.776275703 37.3766813641 0.154389413424 90.4810528993 -87.3044891005 0
1449 3.05943703651 38.042909 41.445131 1.6601298 130.410610033 38.7080372222 0.155176910686 92.4082457165 -86.2274489237 0
1452 3.03980398178 37.893052 43.482766 1.6655679 135.561619086 28.0960163072 -0.0601232405953 98.8731564317 -98.8748190992 0
1455 3.06208515167 37.737395 45.529248 1.6663309 138.442512171 26.6526703641 -0.137929131648 102.458995739 -103.376484958 0
1458 3.04344296455 37.667375 47.706088 1.6735516 140.358325041 25.5215332085 -0.138168137966 105.059914771 -103.803894646 0
1461 3.04210805893 37.411337 49.793915 1.6717816 141.765038795 25.0286350569 -0.165206446195 107.252105662 -105.251662063 0
1464 3.08112120628 37.208006 51.943854 1.66906 27.5992635948 114.936281785 1.62722079639 63.7210631489 -2.39720978479 0
1467 3.04669094086 37.03196 53.963531 1.6741645 25.3045681419 120.084638181 1.6822647125 67.1530530548 0.464107989393 0
1470 3.07109594345 36.983983 56.143126 1.6856298 27.0956569176 119.440898989 1.59334483663 64.0654903832 -5.28753891381 0
1473 3.07507109642 36.720012 58.206076 1.6746777 25.840918323 122.896794148 1.68655205516 65.5991135137 0.680350435365 0
1476 3.15428519249 36.536888 60.398002 1.6787317 19.2422047254 85.8939788673 1.31052563337 30.808292812 -21.0966536088 0
1479 3.27801895142 36.401835 62.417273 1.6766351 46.2153722595 41.5909952591 0.161272093255 23.0225836535 -86.8239047168 0
1482 3.18012690544 36.239068 64.615141 1.6886647 45.2354964042 6.64762117234 3.01826290654 58.6614786636 76.180365683 0
1485 3.04720497131 35.99676 66.655908 1.678851 126.042152803 115.30410547 -1.19136620147 102.346567515 -164.45133193 0
1488 3.06706213951 35.830181 68.859683 1.6854848 64.9903241845 43.4369338429 -0.607234035926 38.6863041042 -131.363112909 0
1491 3.07984995842 35.575227 70.898859 1.683738 107.030431958 52.5136059578 -2.41148051151 73.7825443109 125.361263107 0
1494 3.05139780045 35.463169 73.006353 1.6935188 39.5205617916 79.6453067909 0.480433661657 7.78062617681 -69.5046586171 0
1497 3.03339409828 35.205801 75.07321 1.6913976 63.2037317934 99.5846841719 2.18310065069 37.211510246 28.1725095782 0
1500 3.03791308403 34.978045 77.287591 1.6912075 39.579222299 84.2655411236 -2.29746335804 8.35838623567 131.465993967 0
1503 3.10151815414 34.814043 79.320098 1.7000185 109.642180372 75.1785753436 -1.82681518721 74.9426604313 157.927314678 0
1506 3.0411939621 34.580736 81.372215 1.6970036 118.228360206 64.2688312788 0.790747359438 85.3782804348 -51.9246577416 0
1509 3.05146694183 34.345965 83.441951 1.6955247 87.7355887748 116.380520405 -2.15890567681 62.7327767702 139.157406982 0
1512 3.03355503082 34.142398 85.698773 1.7034669 81.4621240146 77.2564612658 -1.10933739805 48.0669231126 -161.161814875 0
1515 3.08682608604 33.910208 87.748137 1.7016389 80.9622984199 76.7132640095 -2.19889858627 48.3287454296 136.515664204 0
1518 3.03679990768 33.670818 89.737713 1.6967853 30.8052094785 89.229839465 1.68189810334 2.91026592013 -0.852973537127 0
1521 3.25469779968 33.472926 91.900649 1.7056804 63.9004962566 108.081279933 -2.88490128492 34.462296051 96.9790439441 0
1524 3.06990885735 33.217902 94.036516 1.7078464 29.5443431906 92.9962929024 1.70445528312 3.81799664992 -0.194296684929 0
1527 3.06627607346 33.034075 96.178482 1.7177188 27.6051476272 96.9986168685 1.69202286387 5.4905258056 -1.47226869109 0
1530 3.10549902916 32.713254 98.174723 1.7080491 58.1055041261 106.303483614 -2.88319707378 26.6616412772 96.9409715369 0
1533 3.11849212646 32.45653 100.24821 1.7068362 27.4199553802 98.7921576867 1.71541112682 5.24282101925 0.491307116272 0
1536 3.06414604187 32.217075 102.39435 1.7082962 27.813520952 102.1383988 1.67663366791 4.41098620158 -1.81412945761 0
1539 3.14157295227 31.955228 104.48204 1.7110577 28.3473423426 103.205022209 1.65260556669 3.82722005592 -3.34906054229 0
1542 3.12161207199 31.741377 106.6002 1.7198575 27.1988758332 105.050129518 1.6728409262 4.79969117221 -2.69385124605 0
1545 3.14866685867 31.439656 108.68741 1.7105287 27.4640316057 107.354873289 1.69686598232 4.19299933368 -0.782816059644 0
1548 3.11260390282 31.216018 110.75498 1.7177022 27.9310181474 110.610865233 1.68892566179 3.28815953045 -1.64877418819 0
1551 3.0261361599 30.916985 112.90957 1.719675 26.4961672734 112.625502741 1.70922491271 4.42993494076 -0.598745897312 0
1554 3.04262089729 30.668641 114.94646 1.716506 26.7971268611 113.588268666 1.66273987435 4.10284114106 -3.08057208079 0
1557 3.04399108887 30.419865 117.12266 1.716223 27.3355231861 115.930337125 1.69193536348 3.30678064929 -1.39157906696 0
1560 3.05151510239 30.132888 119.21343 1.725557 26.828767574 117.138739836 1.7279175849 3.90148062464 0.135251551833 0
1563 3.0782160759 29.88258 121.34383 1.72867 26.0930452621 119.647162593 1.73303125954 4.1520180417 0.249881764977 0
1566 3.0649740696 29.981486 120.5055 1.7055843 26.9943446587 120.287363815 1.72818581762 2.99509545559 1.29497157045 0
1569 3.04754209518 30.170653 118.4575 1.6900862 26.6407493339 117.651722924 1.67324638033 3.62070388013 -0.964850594717 0
1572 3.05165600777 30.502618 115.6086 1.6745202 27.4987851028 114.681539696 1.69133397456 3.14363688759 0.963358319826 0
1575 3.05172801018 30.699806 113.48782 1.6738205 27.1030142539 111.787697469 1.69272604942 3.9783573851 1.0832081914 0
1578 3.06885194778 30.8492 111.36091 1.6697397 28.1847595271 111.698571398 1.72095081566 2.68575096638 2.93418079152 0
1581 3.08410406113 30.973164 109.37107 1.6787837 26.8696883948 108.582168513 1.63507226182 4.17862149507 -2.50448092437 0
1584 3.04884791374 31.204408 107.09871 1.665475 27.836588616 107.308478386 1.68673103781 3.37434588901 1.21788125566 0
1587 3.03742098808 31.322843 104.96751 1.6587885 27.3037954828 105.14030269 1.65394127202 4.02276027864 -0.27772570566 0
1590 3.06196713448 31.457099 102.91722 1.6541397 28.3779245665 103.322412192 1.72539140484 3.105719869 4.08242197047 0
1593 3.12730288506 31.546684 101.34427 1.631357 27.2539798136 102.183755611 1.606046823 4.37401935557 -1.45016632075 0
1596 3.07566404343 31.536552 101.09899 1.5279681 29.4232394587 102.757735555 1.65777526156 2.68654549819 7.43740250785 0
1599 3.04276800156 31.522716 100.84711 1.3818466 27.8323948849 102.540751428 1.39033962333 4.06040530233 0.486614391903 0
1602 3.05864286423 31.33472 100.81397 1.2437751 28.2605116937 102.04164219 1.31304593121 3.31027728704 3.96892627178 0
1605 3.06368112564 31.335612 100.76499 1.1262837 27.8803598946 101.702453205 1.21178967698 3.58016820449 4.89913160407 0
1608 3.066644907 30.238332 99.003137 0.9296569 28.4163855072 101.718052675 1.02039597755 3.2695957159 5.19896618039 0
1611 3.01967597008 28.772289 97.32743 0.78863198 27.0334963021 96.9041165587 0.859866662633 1.78957936839 4.08144666984 0
1614 3.10391402245 27.005154 95.945316 0.6582802 24.786241219 97.3432911273 0.703171988515 2.62257666924 2.57211001673 0
1617 3.09619188309 26.209553 95.323497 0.64585939 23.4625518037 94.3323270311 0.696665170108 2.92034817784 2.91095677506 0
1620 3.06393718719 26.225548 95.299359 0.74214735 25.0837792529 93.8360425594 0.898818554781 1.85605249851 8.97659880518 0
1623 3.0422668457 26.287241 95.304851 0.87876564 26.7052455061 94.1279606095 1.04248682619 1.24891903601 9.38053298566 0
1626 3.04692196846 26.503119 95.525486 1.0159202 25.5912976496 93.9312089038 1.14016836836 1.83661036545 7.11889565936 0
1629 3.04087805748 26.584147 95.637624 1.1414331 23.9153072784 95.9663049479 1.08437072982 2.68900290534 -3.26943298029 0
1632 3.10912704468 26.62792 95.717086 1.2595284 25.3336856496 95.8435233951 1.36866324905 1.30039569696 6.25296624818 0
1635 3.05894184113 26.756174 95.797181 1.3910555 22.8158161646 96.790738883 1.3008043877 4.0636900888 -5.17100783115 0
1638 3.07206988335 26.381693 93.77201 1.3952992 21.8997504162 92.1999230015 1.54494395424 4.74965965676 8.57401284403 0
1641 3.12515211105 26.011804 91.856332 1.39866 22.0249497581 91.2027648747 1.41041035266 4.0400689021 0.673245615204 0
1644 3.05329394341 25.609249 89.727224 1.3968171 23.1284670712 90.6594677803 1.43779533658 2.65016177695 2.34788000783 0
1647 3.02796697617 25.2462 87.568251 1.3940659 23.187080254 87.594558395 1.50725993003 2.05928779129 6.48554018653 0
1650 3.06264686584 24.820481 85.505592 1.4017015 22.0844454746 84.8236339383 1.44611260071 2.8197441718 2.54456863441 0
1653 3.08956003189 24.493958 83.448062 1.398475 19.7684986507 85.5159868114 1.37867919968 5.15812747877 -1.13421581054 0
1656 3.13492798805 24.080092 81.345956 1.3962744 20.8915005776 81.8126590531 1.47495431391 3.22256528234 4.5080269993 0
1659 3.03584289551 23.622432 79.208855 1.3888608 20.0370932523 78.7330022667 1.48437353809 3.61677892051 5.47247678238 0
1662 3.07613897324 23.236261 77.182266 1.3737053 20.2610633286 77.4628171421 1.43861929947 2.98839591204 3.71929820116 0
1665 3.06768918037 22.741503 75.111069 1.3685019 19.2413457384 75.5222163501 1.40518404132 3.52422232553 2.10173188099 0
1668 3.07849192619 22.23837 73.007777 1.3690406 19.4070396837 72.9943823559 1.44376010818 2.83136200021 4.28111246575 0
1671 3.02008080482 21.796618 70.8705 1.3677106 18.4250073879 71.4689440985 1.42134777976 3.42430919434 3.07318402539 0
1674 3.04508304596 21.306705 68.900927 1.3588762 19.5050373719 69.1341657595 1.4822136623 1.81670211122 7.06671604538 0
1677 3.04487013817 20.800373 66.796896 1.3509317 21.0148698215 67.1181992669 1.52986006489 0.386321984497 10.2518401437 0
1680 3.04064679146 20.180988 64.758154 1.3339286 20.3284173014 65.652739756 1.46409174965 0.906652675401 7.45779912326 0
1683 3.0855550766 19.716632 62.635567 1.3210663 17.9649733623 63.0031099806 1.37898430268 1.78980329241 3.3184571113 0
1686 3.13847899437 19.127208 60.642471 1.320188 17.44896857 60.8666460735 1.42535265752 1.69314560744 6.02549102984 0
1689 3.23307609558 18.573484 58.538556 1.3117791 17.9975493173 58.1749565388 1.44668298179 0.681105958692 7.72942306669 0
1692 3.05847811699 18.03732 56.562177 1.3046299 16.9046798089 56.7136037366 1.41612805866 1.1427177513 6.38837391493 0
1695 3.10261893272 17.470308 54.449011 1.30616 16.8055389284 54.4987126385 1.41202483644 0.666624460604 6.0656083266 0
1698 3.06081604958 16.865167 52.414515 1.2995721 15.6607416198 52.1798773372 1.41010802864 1.22706777698 6.33324219591 0
1701 3.03509283066 16.322269 50.452679 1.2871313 15.0529452594 51.9739672753 1.37706910662 1.98128765583 5.1530567381 0
1704 3.04338479042 15.679585 48.421133 1.2791916 14.426148735 49.1908355687 1.37444021294 1.47089921973 5.45734352621 0
1707 3.17562794685 15.049517 46.343459 1.2810584 13.3909052149 45.3704388873 1.37081272575 1.92295636802 5.14254405868 0
1710 3.17978405952 14.370513 44.264129 1.2685694 13.8342910169 45.6779228073 1.3934691946 1.51206710989 7.15623109246 0
1713 3.21537280083 13.728985 42.398373 1.2622613 13.1722080229 43.0980499474 1.35599097765 0.894174721739 5.3703149443 0
1716 3.05946111679 13.116178 40.310007 1.2578142 12.3242881893 40.9700196733 1.3555374213 1.0308764238 5.59912814106 0
1719 3.03403902054 12.482531 38.460523 1.239848 13.0363465932 38.7656683104 1.33829731942 0.632317461214 5.64073049887 0
1722 3.09633588791 12.331027 38.238303 1.1567887 12.9281903574 39.3217982216 1.2963164579 1.2371604466 7.99435165262 0
1725 3.0637512207 12.263795 38.100898 1.043782 11.6143502851 37.5568581037 1.14424512201 0.84720590558 5.75611288791 0
1728 3.07011914253 12.231882 38.075858 0.90529637 10.260123883 38.3674335224 0.945003324149 1.9932000294 2.27504089003 0
1731 3.11256790161 12.170047 37.918491 0.7605547 10.7247389166 37.8897103255 0.893298315975 1.44559461228 7.60564895265 0
1734 3.05977702141 11.9457 37.868652 0.60051086 12.7252244658 37.3495655845 0.825346882571 0.936541029336 12.8821551758 0
1737 3.11958193779 11.861848 37.85602 0.47073445 11.5351949477 38.1770420929 0.637109116696 0.457992795477 9.53256621957 0
1740 3.07846403122 11.68598 37.868337 0.32347919 13.2796708338 36.9639149171 0.610925927922 1.83243820571 16.4694849178 0
1743 3.12743186951 11.634663 37.834152 0.18688423 11.5907380811 36.593776482 0.240805740017 1.24115302206 3.08947494894 0
1746 3.0651781559 11.546787 37.799316 0.059161186 12.6389897536 38.3689639039 -0.00257007976856 1.23183017878 -3.53694099254 0
1749 3.09668087959 11.461332 37.784444 -0.088384018 11.895297893 37.4334999328 -0.116916240202 0.558111220601 -1.6347759123 0
1752 3.08379817009 11.353119 37.809133 -0.22428348 12.6852882222 35.6506265371 -0.109337907901 2.53649856833 6.58589615497 0
1755 3.0484650135 11.259101 37.929753 -0.36642208 14.8948150258 38.121887335 -0.292563531245 3.6407872885 4.2317831246 0
1758 3.1098921299 11.22919 38.083377 -0.50941267 12.1846227152 37.383488195 -0.272034474676 1.1843546819 13.6007687405 0
1761 3.05051279068 11.185129 38.110347 -0.64618684 12.9337730052 38.4104130648 -0.540530281618 1.77420277873 6.05367487318 0
1764 3.04160809517 11.588805 37.741111 -0.76036767 13.9194155626 38.6540373351 -0.835770114234 2.50303417637 -4.3202418196 0
1767 3.2433860302 13.063467 36.224873 -0.77289998 13.3182611524 36.2885665402 -0.838393611492 0.26263458864 -3.7525086695 0
1770 3.07262682915 14.493375 34.807156 -0.77803694 13.2237678677 36.7064075112 -0.834436917111 2.28452589684 -3.2314806531 0
1773 3.05660510063 15.892318 33.28564 -0.77023756 15.8045934552 33.1857347219 -0.714578599698 0.13295360222 3.18902351736 0
1776 3.08904695511 17.405154 31.857105 -0.77891679 17.457480054 31.9659861539 -0.719070525121 0.120801993405 3.42893839719 0
1779 3.05593490601 19.008966 30.381332 -0.78385491 18.6028692795 31.0370555723 -0.787261634714 0.771289796198 -0.195190948096 0
1782 3.03020596504 20.517371 28.856906 -0.78454873 20.0334197138 29.2473411231 -0.74247580797 0.621810608478 2.41060086409 0
1785 3.02330088615 22.037399 27.308602 -0.78653789 22.5301792353 27.7355506988 -0.793890153664 0.652010392327 -0.421253677801 0
1788 3.04886293411 23.470866 25.802264 -0.78746834 24.0579375719 25.6292454947 -0.786261546644 0.612036301017 0.069144166041 0
1791 3.04797196388 25.030138 24.239515 -0.79252133 24.525732395 25.2514433074 -0.737006575619 1.130674097 3.18076112671 0
1794 3.06053590775 26.508975 22.80392 -0.79210599 26.2255066882 23.4659085085 -0.738330124705 0.720127120139 3.08113012106 0
1797 3.04391908646 27.961008 21.312251 -0.79564812 28.5945235015 20.9815168767 -0.785528096316 0.714651629063 0.579834645651 0
1800 3.0669670105 29.36401 19.750057 -0.78815021 28.7756161457 20.1632943164 -0.772215794677 0.719007932764 0.912974746998 0
1803 3.06874704361 31.016391 18.179875 -0.79578372 30.7845287315 19.3068143736 -0.785079865163 1.15054442036 0.613285706676 0
1806 3.05318403244 32.405165 16.663972 -0.79079715 31.9940944581 16.8205917716 -0.809075739382 0.439896286975 -1.04728602705 0
1809 3.06425786018 33.875627 15.226881 -0.79213801 33.7903546421 16.0513875397 -0.816580785018 0.828904342534 -1.40046784809 0
1812 3.07050609589 34.400964 14.714584 -0.72873329 33.276768801 14.7248698136 -0.794962398027 1.12424225301 -3.79464837088 0
1815 3.44296789169 34.541831 14.529671 -0.59347242 32.7351287469 14.4041012392 -0.650730663176 1.81106068267 -3.2806556763 0
1818 3.06574010849 34.648846 14.435796 -0.47955783 33.9155574117 15.0853919231 -0.51127023334 0.979636165628 -1.81698686958 0
1821 3.05114817619 34.668797 14.324629 -0.34405458 34.1921864533 15.3853222108 -0.40873841315 1.16285325849 -3.70611064222 0
1824 3.19035005569 34.864126 14.20779 -0.22615765 34.2697939038 15.2840213934 -0.248436848115 1.22943265482 -1.27650402292 0
1827 3.2714278698 35.017605 14.088235 -0.094353638 36.1115445166 15.5576690005 -0.155684063747 1.83192247317 -3.51397455104 0
1830 3.05034995079 36.599142 14.0692 -0.022879679 37.1193036482 15.5001869581 -0.0871829081769 1.52259377857 -3.6843036409 0
1833 3.03235793114 38.63985 14.009333 -0.014813302 38.7673062441 14.9012030057 -0.0416460369222 0.900931296656 -1.53740246383 0
1836 3.05178689957 40.768535 13.925491 -0.0089087199 40.2646714681 13.4923613823 -0.0920073584978 0.664439406229 -4.76120127493 0
1839 3.07421088219 42.905865 13.952369 -0.011506708 42.8159029211 14.9849780831 -0.0774334320775 1.03652047456 -3.77732304676 0
1842 3.04857683182 45.04117 13.838962 -0.010052037 44.8856638952 15.2525504563 -0.03598998451 1.4221161951 -1.48613492156 0
1845 3.05674386024 47.095509 13.764363 -0.008210261 46.2764627815 14.9744069846 -0.0180543818892 1.4611786861 -0.56402657997 0
1848 3.04718613625 49.256947 13.750747 -0.012245698 48.5670254537 14.5796293957 0.0114261657933 1.07844228679 1.35629788856 0
1851 3.10993099213 51.347189 13.680192 -0.017629817 51.2618353028 14.9004478255 0.0199666085839 1.22323731685 2.15411651074 0
1854 3.05036687851 53.510554 13.649042 -0.0075411209 52.8669228434 14.9281181338 0.00374356596941 1.43188575724 0.646564930744 0
1857 3.08793282509 55.608657 13.581194 -0.0077936973 55.7700971136 15.6735583307 -0.018974427658 2.09858318937 -0.640608661386 0
1860 3.07920098305 57.666716 13.591636 -0.01411162 58.4938851842 14.7844965198 0.0150744753871 1.45159397868 1.67224008615 0
1863 3.11284208298 59.905766 13.533857 -0.012519778 59.9990064942 15.3177962635 0.000977968147274 1.7863742849 0.773363887178 0
1866 3.05402493477 62.027534 13.447994 -0.021676244 60.7901366339 14.6349964714 0.0152417501106 1.71467988525 2.11524525063 0
1869 3.0495660305 64.181261 13.371995 -0.025327169 62.829899849 14.854228217 -0.000572952784484 2.00578968744 1.4183121143 0
1872 3.06924390793 66.241252 13.310079 -0.024907545 65.2475762357 15.0391352733 0.0138221023316 1.99424851027 2.21904533413 0
1875 3.05770111084 68.444119 13.24669 -0.026304862 67.188413219 15.1321053757 -0.0209693369892 2.26530089551 0.305703064607 0
1878 3.05107498169 70.49734 13.123327 -0.017605166 69.4468205487 14.6044342392 -0.00492668389284 1.81583858635 0.726423515372 0
1881 3.054708004 72.634932 13.039101 -0.019360635 71.5753857617 14.6784872399 -0.00734108222552 1.95197988581 0.688669645613 0
1884 3.07795405388 74.720419 12.994859 -0.019347658 73.9273878612 15.537426054 -0.000113163714591 2.66337109906 1.10205534362 0
1887 3.07668685913 76.914825 12.90632 -0.036038761 75.9898162762 14.7196264532 -0.00269483810041 2.03561328159 1.91046605456 0
1890 3.05679607391 79.004774 12.78569 -0.032634565 78.0983923295 15.2331309539 -0.019226810305 2.60988408846 0.768207756767 0
1893 3.09290409088 81.177999 12.691712 -0.029848436 80.9437613004 14.8811959598 -0.000256165450832 2.20197804491 1.69551220868 0
1896 3.09135890007 83.222919 12.597068 -0.02122413 82.6261865503 14.3124182698 -0.0359325200243 1.81618175427 -0.842728671827 0
1899 3.07527589798 85.390174 12.538762 -0.021700441 84.3027875108 14.1224522311 -0.01140981497 1.9210632798 0.589609440067 0
1902 3.05158400536 87.449986 12.512039 -0.030894579 87.0150506953 15.0364786054 -0.00472926067222 2.56163308075 1.4991623098 0
1905 3.09972190857 89.572355 12.414566 -0.034322832 88.0156602099 14.6741695535 0.0084357223402 2.74392180804 2.44988470177 0
1908 3.07542204857 91.713838 12.339838 -0.030338307 90.0543894518 15.1304762701 0.0134345599058 3.2467570649 2.50800053089 0
1911 3.08004999161 93.866625 12.234111 -0.027880568 92.8867073498 14.591776979 0.00754106617428 2.55319945752 2.02951014164 0
1914 3.07907390594 96.027017 12.118277 -0.016096141 95.2488403867 14.7977526306 -0.00125705157003 2.79018789629 0.850217196155 0
1917 3.06648397446 98.003729 12.063433 -0.023465033 96.2850576423 15.1387111903 -0.00270488698651 3.52294864896 1.18946874865 0
1920 3.08932805061 100.1865 11.996018 -0.023536261 100.150053657 14.5250736511 0.0127325705448 2.52931825243 2.07805097539 0
1923 3.08544015884 102.26857 11.921444 -0.023061579 101.86029617 15.2907446026 0.0117359802896 3.39394668066 1.99375328465 0
1926 3.06191420555 104.50291 11.810699 -0.022632517 104.556808541 15.3057876637 0.0070715349391 3.49550422972 1.70191681055 0
1929 3.07459211349 106.528 11.779433 -0.025937223 105.912774775 15.0030081789 0.0112869690204 3.28175852428 2.13278909855 0
1932 3.08855390549 108.61821 11.737233 -0.017267816 107.92315559 15.0303539946 0.0219641758051 3.36567177812 2.24782755233 0
1935 3.02764415741 110.65428 11.638117 -0.015586443 108.933618668 15.0896285811 0.00326412792194 3.8566316409 1.08005815524 0
1938 3.050385952 112.94226 11.558687 -0.011710616 111.600326349 14.8746032137 -0.0157413350959 3.57716176028 -0.230943192598 0
1941 3.0398619175 114.89636 11.528856 -0.01668203 113.816205538 15.2084008984 0.00864052533189 3.83481216259 1.450875547 0
1944 3.04911994934 117.03777 11.494892 -0.018548407 116.893540767 15.245712462 0.00839000009127 3.75359244052 1.54345703313 0
1947 3.02335906029 119.07747 11.406331 -0.016261061 117.347218977 15.2318600401 0.0215326102317 4.19862370794 2.16541785388 0
1950 3.08789587021 121.291 11.334615 -0.012126455 119.904776793 15.2531905321 -0.0155272843937 4.15654291194 -0.194853171104 0
1953 3.04580020905 123.43737 11.229443 0.0013807468 122.626897012 14.8017518779 -0.012969485941 3.6630939359 -0.822207771089 0
1956 3.05869483948 125.58554 11.258252 -0.0049853053 125.207139885 15.1769155212 0.0228778098817 3.9368909611 1.596438904 0
1959 3.05611300468 127.50849 11.183265 -0.012828209 126.448931454 15.2869478932 0.015845993106 4.23826351241 1.64291076158 0
1962 3.04104399681 130.28779 11.390648 -0.01314096 129.233568401 14.4567214669 0.0246843225342 3.24225071269 2.1672290481 0
1965 3.05828595161 132.78769 11.256475 0.0084755214 131.472221052 14.3094419995 -0.0260850229953 3.32431437341 -1.98017333152 0
1968 3.13911509514 125.9239 10.596074 0.27888777 132.886646447 14.6930090913 -0.0235890689148 8.07865800899 -17.3306462703 0
1971 3.04781794548 93.936275 13.265891 0.84250578 133.244724809 14.5844633417 -0.0172162622259 39.3305588497 -49.2584445739 0
1974 3.12140917778 59.212281 6.4432491 1.3602712 133.385366121 13.5759506335 -0.0315060905183 74.515246678 -79.7429647689 0
1977 3.05717110634 41.747696 3.5851691 1.5088422 137.489273334 11.2355165085 -0.102141756534 96.0467461498 -92.3025815727 0
1980 3.0759999752 40.889782 2.6549702 1.6071612 138.599814713 13.519096996 -0.102098894238 98.3121546089 -97.9333894899 0
1983 3.12787294388 40.408125 3.8011614 1.6070032 64.8411642178 103.276238364 1.41914021043 102.43175456 -10.7637564289 0
1986 3.14863991737 40.388712 5.5337894 1.5172855 65.1325065018 102.967379992 1.86513373981 100.526414151 19.9302360523 0
1989 3.06892085075 40.44034 7.6724587 1.5542124 94.3247752946 126.75538944 -3.02909152973 130.706835172 97.396028601 0
1992 3.07086706161 40.554207 9.7439313 1.5604739 38.740479451 91.5119917125 0.738235208957 81.7881734192 -47.1108067491 0
1995 3.31836390495 40.580821 11.876658 1.5652859 32.2023797716 91.5803836708 2.71103499789 80.1428859177 65.64658769 0
1998 3.1384100914 40.665042 14.024391 1.567666 36.3811734053 82.9274737069 -1.55146048427 69.0361234185 -178.712783316 0
2001 3.27518081665 40.771617 16.174621 1.5548315 31.3381757919 81.257451709 -1.84693598143 65.7629429551 165.093080429 0
2004 3.14188194275 40.847233 18.25792 1.5551713 58.6112810541 80.7361053223 -0.270275741814 64.9544844059 -104.590411221 0
2007 3.04942703247 40.88758 20.352438 1.5597309 29.1164190906 45.4002865661 1.77964913091 27.6758910777 12.6003864694 0
2010 3.05811595917 40.971014 22.508388 1.5678505 22.7463450754 89.4625179585 -2.65853064533 69.3901583505 117.846197759 0
2013 3.05787014961 41.044823 24.54743 1.5705547 62.6772364086 75.8931523407 -0.308621127939 55.7166448431 -107.668843904 0
2016 3.05019307137 41.105608 26.696222 1.5717508 61.4461453415 74.5599632032 -0.379401809382 52.0064917228 -111.792809704 0
2019 3.06589913368 41.160404 28.869777 1.5672714 100.498917732 108.826220325 0.0281949779302 99.5695336991 -88.1825833327 0
2022 3.07408618927 41.204205 31.003136 1.5608691 84.3418834479 96.5863385195 -2.0742284137 78.4985079768 151.724254347 0
2025 3.03706002235 41.244227 33.116661 1.5660557 45.7001600767 21.9389380242 -0.258282463558 12.0331554676 -104.526877176 0
2028 3.04707813263 41.277887 35.228156 1.5643441 102.043143459 68.0352621142 -2.65309435781 69.0559382253 118.358576011 0
2031 3.04399204254 41.31792 37.33529 1.5797774 79.1799025384 113.483199143 1.83387161775 85.0413651617 14.558526276 0
2034 3.033192873 41.419072 39.474789 1.5713492 57.2259318494 28.6072394437 2.68936366576 19.1822952656 64.0575103224 0
2037 3.04709005356 41.429937 41.518923 1.5745722 39.1313122415 40.9348084292 1.64632187726 2.37167991354 4.11095368818 0
2040 3.06519198418 41.494048 43.684079 1.5737379 15.437804862 30.9593131255 1.99390504181 28.9973701054 24.073803916 0
2043 3.0428788662 41.508319 45.798644 1.5762653 40.0990394514 44.5261850508 1.69854441965 1.89874185282 7.00607747871 0
2046 3.0339410305 41.512588 47.943477 1.5772604 42.0690060561 9.18698146946 -2.87405240886 38.7604895075 104.95856276 0
2049 3.07875204086 41.583607 50.107906 1.5744728 39.0556632349 51.1192812289 1.65692419658 2.72275219829 4.72411703909 0
2052 3.05111289024 41.632502 52.265699 1.5728612 38.9004101305 52.3827182893 1.5578486592 2.73459677055 -0.860155227624 0
2055 3.04247283936 41.660201 54.305408 1.5732479 39.0303020356 54.1638355377 1.69363147881 2.63370676515 6.89747098844 0
2058 3.06518721581 41.689009 56.508616 1.5685378 38.6414769628 55.9007625217 1.55987688255 3.1075613218 -0.49623401674 0
2061 3.0478579998 41.794127 58.57462 1.5657057 39.7454002101 57.6713328424 1.56418964829 2.23901968474 -0.0868633647084 0
2064 3.09226989746 41.856016 60.76704 1.5641567 39.2353961435 58.8277324347 1.62519928441 3.26014758337 3.49748245752 0
2067 3.0552649498 41.858156 62.785084 1.5639758 38.8630488231 61.7566481148 1.52818659363 3.16675660122 -2.05057047734 0
2070 3.01220417023 41.958088 65.023529 1.5767642 38.7292341238 65.3720280345 1.58548293679 3.24760664658 0.499546820962 0
2073 3.03914403915 41.99726 67.044355 1.5737097 40.0123757338 66.1252727383 1.63510817109 2.18734490974 3.51787326199 0
2076 3.07367110252 42.044947 69.102812 1.5759217 38.50411702 69.5118507068 1.59060602519 3.5643778715 0.841349858439 0
2079 3.04954099655 42.097902 71.261122 1.5727544 38.8336811825 71.1206394689 1.62294804217 3.26724239793 2.87588385468 0
2082 3.03036189079 42.114798 73.459441 1.5684742 38.1702839474 72.2227813525 1.63253112432 4.13382609633 3.6701914119 0
2085 3.11564707756 42.172982 75.545483 1.5804547 39.4373636745 75.5589905907 1.59627168133 2.73565167333 0.906246274575 0
2088 3.07444190979 42.213453 77.648417 1.5799022 39.6314381009 77.3369412473 1.61669704493 2.6007341432 2.10818932208 0
2091 3.07581806183 42.308345 79.80823 1.5843424 38.2105811884 80.4476915494 1.59393660213 4.14735811433 0.549707290006 0
2094 3.03007316589 42.259747 81.948131 1.5870316 38.4778170017 82.3191288247 1.60702952772 3.80008340674 1.1457968572 0
2097 3.08327889442 42.325886 84.065588 1.5841531 38.9648436886 84.8379527586 1.60625765834 3.44864505849 1.26649790107 0
2100 3.04941082001 42.338042 86.100283 1.5789413 37.5217998287 86.252284685 1.63544429948 4.81864017794 3.23738340008 0
