3 11.4843549728 72.513547 45.80148 1.6808269 131.131879541 135.314660788 2.86002588692 106.998684313 67.5631251569 0
6 11.4856989384 72.505015 45.806851 1.6805552 125.14402334 76.6665812697 2.79042592851 61.0179330309 63.5909085489 0
9 11.4133238792 72.51553 45.801787 1.6811119 128.810317398 66.9275511335 -2.82847690082 60.128204683 101.619594374 0
12 11.465736866 72.511327 45.798497 1.6805172 40.7254307268 85.5747630714 -0.741528919672 50.9165448992 -138.773020443 0
15 11.4758520126 72.518426 45.80176 1.6806948 92.8062298401 130.394402351 -1.55796374216 86.9914370762 174.43853425 0
18 11.450674057 72.509508 45.806599 1.6825332 134.305595242 61.5074019268 -2.93598902356 63.7594825183 95.3781690027 0
21 11.4246499538 72.510969 45.800989 1.6811293 123.200039663 59.4929633024 1.69089144789 52.5057334486 0.559329873115 0
24 11.3776929379 72.522343 45.818169 1.6838228 111.873234189 52.8951074121 -1.91458640826 39.9821922197 153.826339406 0
27 11.4376490116 72.508499 45.799812 1.6808804 115.690982036 132.301851446 1.23568405738 96.6815890927 -25.5078714869 0
30 11.4435341358 72.523901 45.815543 1.6832165 41.7750367394 96.4655973534 3.08162460048 59.2530223645 80.1228821946 0
33 11.4006490707 72.511009 45.802779 1.6808191 116.470663905 28.7704430357 -0.598426687277 47.1439468836 -130.591164084 0
36 11.5555520058 72.527172 45.853315 1.6851825 102.765732145 39.9704300824 -0.838771007509 30.8055003955 -144.611883667 0
39 11.4135189056 72.188088 49.017093 1.6798669 75.5322350696 130.511229623 1.22697495246 81.5627220214 -25.9487971698 0
42 11.6280238628 71.804616 53.279503 1.6643548 102.258361707 90.8029910036 1.42546477051 48.3264190637 -13.6873904573 0
45 11.8432760239 71.568933 57.324136 1.642571 65.0612932452 102.748125064 -0.120164428478 45.8877778682 -100.99730045 0
48 11.6871180534 71.37336 61.652431 1.6431927 81.3848755646 57.8164496379 0.652747953617 10.7212497831 -56.7483038087 0
51 11.5175378323 71.165072 65.844712 1.6344026 47.8730103443 64.0650030873 0.429771889423 23.3599550511 -69.0202555879 0
54 11.4785759449 70.960331 70.343426 1.6128178 69.2376214983 94.674412404 2.3945777025 24.3918967573 44.791543006 0
57 11.4162149429 70.885213 74.631613 1.6236159 43.1320967188 49.6998433844 1.7464174648 37.3072191336 7.03601138052 0
60 11.5541651249 70.832043 79.069602 1.6124517 67.2154190217 79.6083432467 1.92333839364 3.65652993031 17.8124954521 0
63 11.7516891956 70.841819 83.283634 1.5826474 68.1664790005 74.1307776353 0.577520202194 9.53583891146 -57.5895463081 0
66 11.4094998837 70.897044 87.066595 1.5142468 47.1869088563 130.240973858 2.80707763602 49.2564462617 74.0737505282 0
69 11.4879288673 70.898205 87.488163 1.2381173 54.464247137 107.843266128 -2.54541915611 26.161139012 143.219329431 0
72 11.4866530895 70.648486 87.373684 0.94938085 101.137714857 92.7844327432 3.11606275606 30.9656144497 124.141728764 0
75 11.3751049042 70.490448 87.162959 0.64684814 43.3996961382 51.128342602 -2.53343004721 45.0821740313 177.783482195 0
78 11.4234290123 73.090524 88.460194 0.4660111 73.3924865495 113.493191903 1.18251602011 25.0348190606 41.0527079224 0
81 11.5756430626 76.750616 90.291223 0.4640309 59.132075292 100.381094283 1.72389842016 20.3031642654 72.1850916507 0
84 11.4064741135 80.704264 92.172539 0.45240664 87.3832739669 89.3947917368 -2.18371478709 7.23360587782 -151.038632056 0
87 11.4144260883 84.637734 93.972859 0.42386385 83.7916069225 82.9681826837 -0.776250453394 11.0371568739 -68.7614845177 0
90 11.3382480145 88.678811 95.730817 0.41656148 77.3801603336 47.3201498627 -1.8627506784 49.7116907735 -130.594966869 0
93 11.3855340481 92.647535 97.41769 0.40779386 11.6638884424 43.5120315661 2.68025602951 97.2839710381 130.202491416 0
96 11.4219179153 96.759828 99.128022 0.39320766 70.4318833978 120.035049719 1.32690855821 33.6194062265 53.4971207948 0
99 11.3842821121 100.07577 100.58602 0.32958371 80.2459379029 122.460306245 2.07495810861 29.5246784866 100.002586711 0
102 11.5449120998 100.12714 100.52966 0.1390585 21.0614022952 109.906803025 2.74594244484 79.6198573856 149.36344772 0
105 11.4037330151 100.08551 100.52401 -0.14356162 96.5083921371 102.295953602 0.0910292944079 3.99193641398 13.4410693077 0
108 11.3648478985 99.772178 100.71077 -0.40700642 96.4044665017 103.465229164 -0.403515793083 4.35069259077 0.199998190209 0
111 11.5029129982 99.760338 100.7618 -0.66729138 20.3651271669 111.072578364 1.87999978244 80.0619238696 145.949032799 0
114 11.5857541561 99.638101 100.95548 -0.8821311 97.5396757877 103.007666714 -0.867692933549 2.93510795058 0.827246001572 0
117 11.3891739845 99.549051 101.11221 -1.1251977 97.3522323642 103.496132371 -1.08576717789 3.24177389569 2.25920250111 0
120 11.4782269001 100.80276 98.46873 -1.1938854 98.4709476412 101.364820453 -1.15719418648 3.71815663881 2.10225167999 0
123 11.4255599976 102.35582 94.496879 -1.1822805 101.2293599 96.8343248508 -1.13267477767 2.59471876347 2.84219852896 0
126 11.5180399418 103.84912 90.431736 -1.1842505 102.015760777 92.9751493012 -1.17166390732 3.13530816069 0.721158639128 0
129 11.3798210621 105.46668 86.336829 -1.1831903 103.645831422 88.5064451438 -1.17372997979 2.83244130652 0.542036420797 0
132 11.4081528187 106.96067 82.891423 -1.1821311 104.684171148 84.6752340401 -1.17362858285 2.89213223224 0.487158347885 0
135 11.3884930611 108.13488 79.987125 -1.1809983 106.727533457 81.1510765115 -1.16408509517 1.82630977996 0.969055254827 0
138 11.3099341393 109.11096 77.465416 -1.174964 107.430056371 78.7121037278 -1.16021713572 2.09276546682 0.84493308424 0
141 11.2669360638 110.00241 75.115832 -1.1797573 108.746148399 77.5068251878 -1.15528839582 2.70093347456 1.40196493863 0
144 11.4306371212 110.9669 72.896666 -1.1819268 110.237708812 75.0973019285 -1.13317236445 2.31830073066 2.79342338951 0
147 11.7072358131 111.79529 70.750926 -1.1680053 109.56847795 73.9347361129 -1.16766202503 3.88527202915 0.0196682071371 0
150 11.3797299862 112.62755 68.634671 -1.166408 110.957346758 71.2231433436 -1.1492325867 3.08054669534 0.984078693201 0
153 11.3743388653 113.50263 66.493746 -1.1746568 111.4866741 69.5114176383 -1.17882453232 3.6291073707 -0.2387934721 0
156 11.3731079102 114.39844 64.423702 -1.1690506 113.038004031 67.3666210197 -1.15051461235 3.24215335588 1.06203386129 0
159 11.4830679893 114.9392 62.935672 -1.1627449 113.416720285 66.1460742853 -1.14358948492 3.55311515681 1.0975244389 0
162 11.3185930252 115.58582 61.52951 -1.1720902 114.215723224 64.3561543451 -1.15949211667 3.14119140276 0.721817004729 0
165 11.3782529831 116.16312 60.165609 -1.1710096 114.686779699 63.3315634174 -1.1523337535 3.49325751384 1.0700471835 0
168 11.6735169888 116.71267 58.758483 -1.1690165 115.19638695 62.287827908 -1.1733006536 3.84127449779 -0.245463919966 0
171 11.4122779369 117.29804 57.404001 -1.1730259 115.006734374 60.1681666162 -1.16416714062 3.59036112774 0.507569524465 0
174 11.4138510227 117.3062 57.346669 -1.1782941 115.076266302 60.310674326 -1.20317572586 3.70916862277 -1.42561214927 0
177 11.4490759373 117.30973 57.394113 -1.1925087 114.882848919 60.612442149 -1.24815195653 4.03080566299 -3.18812375776 0
180 11.3785870075 117.3509 57.478875 -1.2542253 115.260566931 61.1814239726 -1.29504955037 4.25186561793 -2.33905724794 0
183 11.5715429783 117.31554 57.561663 -1.3141336 114.781158358 60.6665470339 -1.35090213622 4.00791656216 -2.10668194428 0
186 11.3555090427 117.31761 57.625945 -1.389572 114.931802072 60.7375204624 -1.41016276415 3.92096688672 -1.1797638829 0
189 11.810945034 117.34247 57.653648 -1.4539696 114.160991194 60.3473262313 -1.47182422836 4.16865803415 -1.02299484967 0
192 11.3094201088 117.36058 57.739095 -1.5147103 115.174899458 60.427156454 -1.54728916767 3.46451638957 -1.8666316188 0
195 11.4712359905 117.34118 57.80351 -1.5718326 115.54220171 60.0754866417 -1.61252033227 2.89796493209 -2.33123533679 0
198 11.4111049175 117.32521 57.826191 -1.6475747 115.791268413 60.0586538154 -1.6563178395 2.70866517233 -0.500944993245 0
201 11.3425850868 117.28663 57.948056 -1.7072698 115.792970381 60.1233388413 -1.69903768792 2.638725923 0.471665278925 0
204 11.3933069706 117.37131 58.006137 -1.7818651 116.134441539 59.5570350474 -1.77159399603 1.98371579187 0.588490908513 0
207 11.271007061 117.40314 57.989067 -1.8555926 115.615205744 59.5805013365 -1.79687898419 2.39361069304 3.3640423856 0
210 11.4054949284 117.02719 57.008887 -1.8977403 115.173987481 59.2496421835 -1.81440592608 2.90780731288 4.77470791373 0
213 11.4569189548 116.38504 55.250118 -1.9095407 115.554334762 57.2864218319 -1.88235963886 2.19922815747 1.55736008611 0
216 11.4071309566 115.67443 53.450651 -1.9075572 115.794656003 55.5533367521 -1.86835138424 2.10612004977 2.24632777533 0
219 11.3797950745 115.02136 51.574537 -1.9165104 114.473533098 53.4017585053 -1.89893436271 1.90757771632 1.00703275721 0
222 11.4819769859 114.35753 49.684701 -1.9233127 113.753498633 51.7292249797 -1.87541053575 2.13188465824 2.74459184081 0
225 11.4342989922 113.59486 47.870819 -1.9110101 112.953221478 50.2836091489 -1.8748928925 2.4966490133 2.0693635577 0
228 11.3934588432 112.87829 45.986656 -1.9118326 112.218814205 48.082970897 -1.91700113799 2.19759970682 -0.296135413156 0
231 11.696213007 112.17059 44.128463 -1.9122248 111.802954752 45.6015974385 -1.90508488475 1.51831510209 0.409087010073 0
234 11.4864997864 111.43202 42.277019 -1.9027456 110.8117881 44.374418514 -1.91703966975 2.1871836528 -0.818989868773 0
237 11.4327330589 110.82393 40.37458 -1.9174412 110.081393622 42.7860718394 -1.93527006173 2.52322277327 -1.02151853063 0
240 11.3551380634 110.14399 38.567468 -1.912432 109.902763599 40.9611693243 -1.91682420542 2.40582547297 -0.251654833239 0
243 11.3824360371 109.42625 36.696167 -1.9074722 109.186551362 38.8015217292 -1.89910222597 2.11895586854 0.479564186388 0
246 11.4447011948 108.96452 35.308972 -1.917648 108.614862747 37.3082114825 -1.92265033309 2.02958584523 -0.286612573746 0
249 11.2916219234 108.91335 35.330429 -1.9171391 109.015914138 37.0477818555 -1.93997605194 1.72041280876 -1.30846096337 0
252 11.3354640007 108.9585 35.348205 -1.9450374 107.787108481 38.1041934767 -2.0176363446 2.99460023622 -4.15961312275 0
255 11.6079149246 108.97674 35.368834 -2.0165302 108.53909036 37.825001196 -2.04723733962 2.49485360328 -1.75938950133 0
258 11.6043488979 108.99865 35.397074 -2.0803106 108.428275813 37.9237115193 -2.08080660302 2.59021695366 -0.0284188799283 0
261 11.389508009 109.05048 35.474836 -2.159245 108.349436154 37.9639381475 -2.15894088206 2.58594121644 0.017424674412 0
264 11.4603610039 109.09365 35.518169 -2.2238592 108.3796395 38.2944560351 -2.24082001885 2.86663229164 -0.971783337282 0
267 11.3551251888 109.14301 35.568827 -2.2920109 107.895209091 38.1981758467 -2.32485830313 2.91040932968 -1.88201756721 0
270 11.3597919941 109.24021 35.586114 -2.3597618 110.360646471 37.1139587223 -2.35354607007 1.89464703349 0.356135091297 0
273 11.4420480728 109.32691 35.57971 -2.4292889 108.636125302 37.5015602302 -2.44392579918 2.0422271683 -0.838632548327 0
276 11.4858129025 109.34422 35.612178 -2.4970016 108.934378106 37.3710290228 -2.46193183802 1.80596990522 2.00934934997 0
279 11.4304330349 109.45255 35.562283 -2.5751384 109.232696839 37.4837988675 -2.53010326662 1.93405238845 2.58032307266 0
282 11.6136610508 109.51035 35.610832 -2.6455993 108.657263647 37.1266789975 -2.57705454844 1.73941037318 3.92732497188 0
285 11.398722887 109.52669 35.619453 -2.7060079 107.899181214 37.1894496933 -2.62071023742 2.26134350873 4.88719606834 0
288 11.5056231022 109.56751 35.667144 -2.7779359 109.386307611 36.8056557613 -2.66454917786 1.1528414185 6.49658063166 0
291 11.411231041 109.58407 35.725569 -2.8421247 110.796609648 36.8935201458 -2.72922006049 1.68355643678 6.46895933162 0
294 11.4660918713 109.62066 35.728072 -2.9074408 110.251488567 37.5796300146 -2.77494912385 1.95607049 7.59121386382 0
297 11.7594878674 108.40689 35.538158 -2.9474042 108.407618992 37.6174387036 -2.85810624046 2.07928083143 5.11639620074 0
300 11.7514932156 106.63579 35.154474 -2.9731605 105.923290986 36.4984086609 -2.91785329227 1.52112301223 3.16886957943 0
303 11.4098520279 104.74277 34.838538 -2.9724974 104.795568896 36.0805481684 -2.90383919772 1.24313192452 3.93382521969 0
306 11.5826311111 102.71686 34.507066 -2.970186 101.292748584 35.6566006372 -2.87638153645 1.83017026759 5.37459986089 0
309 11.5372829437 100.87602 34.149296 -2.9774562 101.040811109 35.5463572292 -2.89785447979 1.40674666792 4.56084260977 0
312 11.4438929558 98.917573 33.856952 -2.9648121 98.1417222194 34.9120664104 -2.88766625975 1.30966058688 4.42013105335 0
315 11.4053738117 96.872255 33.519705 -2.9713846 96.5444271731 34.5374300131 -2.90863079703 1.06922181348 3.59552805839 0
318 11.6500780582 94.700759 33.157106 -2.9752463 94.5235622754 33.9494123752 -2.88739202456 0.811879345333 5.03367919509 0
321 11.3928220272 92.656194 32.878926 -2.9695623 92.1068666002 34.2061264294 -2.93067110586 1.43639185879 2.22830128433 0
324 11.4190089703 90.628889 32.525228 -2.9736018 89.9023437348 33.7217556245 -2.9394610915 1.39983798299 1.95611850673 0
327 11.3885169029 88.510396 32.191288 -2.9695852 87.2175420644 33.2490638569 -2.93395804931 1.67043738655 2.04128537073 0
330 11.4068779945 87.334812 32.006658 -2.9896435 86.3241628401 33.3800547459 -2.97866652959 1.70517751156 0.628934076167 0
333 11.4316320419 87.328365 31.983283 -3.0015998 86.586891312 33.8085918057 -3.02613048923 1.97016127923 -1.40550496134 0
336 11.3944721222 87.328448 32.00285 -3.0442403 86.3037255818 33.0987873225 -3.09571193026 1.50037816871 -2.94910717843 0
339 11.4070138931 87.480424 31.977098 -3.121648 86.5377934534 33.984966382 -3.05230802989 2.21812708989 3.97288763889 0
342 11.4121980667 87.509332 32.088761 3.0972389 86.5612155652 34.1830595293 -3.13432021523 2.29891520153 2.95796291099 0
345 11.3904540539 87.537767 32.004513 3.0032565 86.3790391361 33.413614113 2.99123635332 1.82433993797 -0.688703673999 0
348 11.4498271942 87.588829 31.971963 2.902116 86.1830462681 33.8495767943 2.99234045401 2.34556147859 5.16948042338 0
351 11.4030249119 87.696053 31.883789 2.7788249 86.360648708 33.551371266 2.95910073689 2.13638368211 10.329044602 0
354 11.5206141472 87.777704 31.698119 2.6376296 86.0249074857 32.8729727188 2.82793847336 2.110113002 10.9038952473 0
357 11.4608950615 87.896098 31.65995 2.4917922 85.8316107369 33.4552836794 2.74746953343 2.73593323745 14.6492321229 0
360 11.488920927 87.958395 31.594625 2.366513 86.7401075772 33.9270484628 2.62094856481 2.63142992577 14.5780840216 0
363 11.451967001 87.964094 31.460561 2.2184109 86.2302724912 34.4581320451 2.46854257358 3.46288451939 14.3314892184 0
366 11.5443360806 87.708527 31.831987 2.1125682 85.6870491436 33.8231505775 2.26648287192 2.83744693626 8.8186611061 0
369 11.4921309948 86.721318 33.612273 2.0920166 84.6123331799 36.0100792595 2.2362949062 3.19331987591 8.26653802038 0
372 11.4488120079 85.724716 35.405361 2.0873093 84.3816890757 36.3397633995 2.07438531485 1.63610181945 -0.74048980344 0
375 11.330794096 84.755772 37.248267 2.0862059 83.1365660651 38.1771689125 2.0294000089 1.86673153468 -3.2547378117 0
378 11.3462839127 83.690185 39.149374 2.0868314 82.0848895689 40.2392280825 2.13011948009 1.9402977458 2.48022429244 0
381 11.319699049 82.666747 40.97523 2.090975 80.9435144623 41.9073859473 2.12630489177 1.95919501051 2.02425368889 0
384 11.3334372044 81.635815 42.877142 2.0910396 80.4879898184 43.7198073645 2.1213922096 1.42393383417 1.73907642707 0
387 11.4179170132 80.624097 44.699122 2.0805048 79.2710936789 45.2845766926 2.11564217116 1.47423715326 2.01322307091 0
390 11.3406729698 79.602515 46.546403 2.0762437 78.1199924462 47.1264323784 2.10684690068 1.59195075373 1.75343423877 0
393 11.5285291672 78.599692 48.40129 2.0808805 77.0758732407 48.7056432122 2.08769882382 1.55391585649 0.390661178161 0
396 11.3217129707 77.532669 50.298142 2.0919608 75.8780961432 50.8938810383 2.10056924732 1.7585551854 0.493227699442 0
399 11.361798048 76.53881 52.074716 2.0854653 75.0298202628 52.9665454646 2.09192118237 1.75282909059 0.369894812904 0
402 11.3005030155 75.533974 53.92833 2.0838411 73.8911562914 54.7434877663 2.09320664825 1.83393898693 0.536606387474 0
405 11.451362133 74.451304 55.860797 2.0823704 72.61122574 56.2297956541 2.11759839354 1.87671202093 2.01841535032 0
408 11.3326730728 73.464188 57.689364 2.0801622 71.2827520884 58.3344392843 2.14808836143 2.2748153241 3.8918823684 0
411 11.3699321747 72.461178 59.521835 2.0808323 69.9708401436 59.5953325116 2.13410215536 2.49142218892 3.05213788751 0
414 11.4470920563 71.469371 61.42577 2.0898858 69.2793553799 62.116054256 2.09942010192 2.29622750841 0.546275260653 0
417 11.3831291199 70.386885 63.322712 2.0827703 67.9384753782 63.8516790712 2.10406737718 2.50489836887 1.22023263853 0
420 11.3657698631 69.38246 65.186025 2.0922796 66.8665294154 65.4080755999 2.12369750824 2.52571042984 1.80011354339 0
423 11.4119000435 68.400253 67.014087 2.0893798 65.7621032472 67.4836461181 2.12835074128 2.67961189045 2.23287045925 0
426 11.402173996 67.30799 68.901204 2.089526 64.6164794682 68.9070400137 2.12150127274 2.69151685897 1.83204817665 0
429 11.3810338974 66.315197 70.741557 2.0869248 63.4703583089 70.5674249435 2.11038435394 2.85016300442 1.34413342976 0
432 11.4186561108 65.281228 72.464006 2.0745737 62.5837504715 72.5988979445 2.10595363049 2.70084817298 1.79793757846 0
435 11.988918066 64.283593 74.421326 2.0918621 61.0415895049 74.3944995739 2.11768369434 3.24211448282 1.47946837581 0
438 11.3297119141 63.28447 76.191493 2.091939 60.2116744708 75.9051855898 2.12612327126 3.08610503669 1.95861446915 0
441 11.3897650242 62.204887 78.125252 2.0893553 58.996592606 78.0277647044 2.13141387056 3.20977517775 2.40977858537 0
444 11.3520100117 61.273659 79.948227 2.0960183 58.073837074 79.6960009774 2.12957981252 3.20974739265 1.92293302153 0
447 11.3712360859 60.19879 81.787566 2.089809 57.1293261072 81.5197258167 2.11389127755 3.08112754575 1.37981286496 0
450 11.3824441433 59.161438 83.629466 2.0974137 56.6803898715 84.1178343223 2.0965992252 2.5286564484 -0.0466659682833 0
453 11.7276349068 58.11891 85.485673 2.0964985 54.8998226834 86.0513388296 2.08370497212 3.26840954944 -0.733015152684 0
456 11.4241089821 57.036783 87.336936 2.0992423 54.6914895798 87.5044880067 2.09835253801 2.35127091198 -0.050979606848 0
459 11.3933792114 56.357629 88.602308 2.124456 54.7180217335 89.0774329997 2.11206106688 1.70706055944 -0.710177355097 0
462 11.3755369186 56.200217 88.720884 2.2094598 54.5741777945 88.6306009107 2.20304458423 1.62854368507 -0.36756478823 0
465 11.4343187809 56.199637 89.07416 2.3631742 53.4047600877 88.6743097084 2.3717009076 2.82333441348 0.488544358606 0
468 11.3943500519 56.109511 89.161307 2.4869631 53.2930064875 88.1868479926 2.48072763585 2.98031341066 -0.357265779071 0
471 11.4252979755 56.023191 89.233423 2.608836 52.868922382 88.7267465762 2.60632650415 3.19470366591 -0.143783521127 0
474 11.4497060776 54.873312 89.789936 2.6823278 51.8181745709 89.4264529377 2.70638450672 3.07668403434 1.3783477639 0
477 11.4369659424 52.997249 90.667048 2.6986067 49.848333385 89.9760736022 2.71119779388 3.22383547486 0.721416538967 0
480 11.4057040215 51.122563 91.609157 2.7018871 47.8520044031 91.1549113611 2.72902572645 3.30195285191 1.55492875732 0
483 11.3708910942 49.137432 92.566213 2.7007601 46.6704807208 91.7015308912 2.72823951965 2.61410094739 1.5744547693 0
486 11.4360780716 47.308569 93.452781 2.7003868 44.4662207205 92.5196595072 2.7203826475 2.99159814523 1.14567766963 0
489 11.438295126 45.360782 94.336008 2.7008969 42.1657979515 93.5206300187 2.72034575154 3.29738749958 1.11433710937 0
492 11.3553450108 43.468079 95.251019 2.7064338 41.0161014935 94.3263829365 2.7201974506 2.62052390609 0.788599089915 0
495 11.4051380157 41.590918 96.131677 2.7064065 38.8069485004 95.247276008 2.73681447648 2.92107023013 1.74224871598 0
498 11.392854929 39.606214 97.06058 2.704478 36.2815382951 96.2413378034 2.71632103608 3.42412416821 0.678555984195 0
501 11.4603748322 37.718719 97.944153 2.696243 34.7156859006 96.5668700829 2.7331322166 3.30380326743 2.11359642057 0
504 11.3803870678 35.769603 98.891663 2.7044976 32.3501190317 97.2398009281 2.75549868687 3.79756749965 2.92214702806 0
507 11.3916060925 33.862509 99.822852 2.7013631 30.7382673524 97.780673972 2.74177197018 3.73247598394 2.31525771597 0
510 11.3728358746 31.979521 100.73965 2.7066945 29.1403904246 99.3561028272 2.73286490335 3.15830099952 1.49945366037 0
513 11.5285010338 30.015598 101.64307 2.7044148 27.5386782212 100.702138923 2.71629454474 2.64961938438 0.680659235426 0
516 11.4390361309 28.083667 102.5122 2.7038251 25.8265672552 101.656327186 2.70162983844 2.41392160835 -0.125779222088 0
519 11.3844189644 26.231599 103.44351 2.6987262 23.1970719756 102.7437226 2.70613515587 3.11417030149 0.42450190191 0
522 11.3786621094 24.326425 104.3449 2.7056645 21.5222198026 103.942269048 2.69260359047 2.83296284359 -0.748334992915 0
525 11.4336209297 23.072168 104.95788 2.6888385 20.0764156773 103.408214384 2.67654509464 3.37283197026 -0.704360243049 0
528 11.4432609081 23.059574 104.94595 2.6093304 19.7323676212 104.045432862 2.60612640794 3.44691650647 -0.183575222856 0
531 11.695884943 23.148655 105.02795 2.4881616 19.0831901498 103.349933829 2.47551395643 4.39815219377 -0.724656597157 0
534 11.52845788 23.15609 104.97342 2.3614352 18.9373128265 104.222167694 2.341548361 4.28514420611 -1.13943194266 0
537 11.464389801 23.189116 104.80794 2.2179164 19.1378129402 104.575235366 2.22657937487 4.05798076991 0.496351898216 0
540 11.3478829861 23.170444 104.45908 2.0515088 19.1018549028 104.38262509 2.07417320147 4.06930738519 1.29857454945 0
543 11.4531290531 23.203193 104.36781 1.9241471 19.0727798609 103.994073658 1.9562148981 4.1472872523 1.83734948931 0
546 11.3769860268 23.268475 104.40083 1.8086424 19.3393032396 103.306943284 1.81280732339 4.07860011164 0.238632531962 0
549 11.4026730061 23.269141 104.3114 1.6661585 19.0992578047 103.236385998 1.68087087655 4.30622583784 0.842957082944 0
552 11.5270349979 23.273746 104.22596 1.531085 19.6475805833 104.127292867 1.54812932382 3.62750752341 0.976567819581 0
555 11.3746421337 23.201513 103.9692 1.3630267 19.9167758067 103.886260216 1.45124448708 3.28578414335 5.05450687753 0
558 11.3485920429 23.573375 105.47089 1.3112874 19.7925041217 105.539276393 1.37086979325 3.78148929622 3.41381966673 0
561 11.3545689583 24.091257 107.45193 1.3021436 20.1967354167 106.341467971 1.3877117325 4.04974373026 4.90269285305 0
564 11.3579661846 24.69734 109.54228 1.2971878 21.1276444968 108.370991088 1.3245329947 3.75694606058 1.56676424604 0
567 11.347055912 25.24514 111.62222 1.291934 21.5987924647 111.226961491 1.33946572121 3.66770768143 2.72336701816 0
570 11.3632311821 25.838263 113.71051 1.2925571 22.0327447709 113.418824616 1.31745578543 3.81668041042 1.42658959038 0
573 11.3755831718 26.485855 115.66064 1.2984976 22.2910630348 115.861126694 1.3221822971 4.19958028205 1.35703318278 0
576 11.3993160725 26.666562 116.70228 1.2516028 22.4275904503 116.587653366 1.29003809539 4.24052108407 2.20218021034 0
579 11.4773418903 26.671044 116.66524 1.1445574 22.8478800907 116.575278482 1.17717447328 3.82422218916 1.8688206389 0
582 11.3375258446 26.68282 116.71548 1.0360889 22.6507228433 116.069611027 1.02656096334 4.08349779116 -0.545910558249 0
585 11.3736698627 26.598988 116.54426 0.86252405 22.6638556444 116.2042635 0.895791320567 3.94979294094 1.90607419943 0
588 11.3539640903 26.490987 116.49462 0.72378221 22.6919498475 115.85205336 0.756807757572 3.85299561024 1.89222449198 0
591 11.3502459526 26.414554 116.44154 0.58967497 21.9748683308 116.294806992 0.621379406433 4.44210979348 1.81653039945 0
594 11.3510859013 26.30131 116.37003 0.43724496 21.9965424397 116.544685389 0.475449257917 4.30830921053 2.18894502993 0
597 11.6783890724 26.176025 116.35464 0.31453037 21.5941870358 116.599019132 0.346757744939 4.58835049777 1.8464925688 0
600 11.4848268032 26.088883 116.46581 0.14702743 21.7911354151 116.015021835 0.198275515387 4.32132436557 2.93629900078 0
603 11.3290309906 25.977812 116.45377 0.019989929 21.7186217117 116.110574323 0.0950892771534 4.27299487294 4.30287569338 0
606 11.4022409916 25.890585 116.45549 -0.11586106 23.1762756686 115.437070376 0.0194316823968 2.89907807368 7.75170313809 0
609 11.4128289223 27.617035 116.21759 -0.13548047 24.4452770362 115.73221095 -0.0429575530147 3.20868219097 5.30117265149 0
612 11.4013848305 29.732468 115.90829 -0.14344069 26.4490396421 115.513526475 -0.0982932897056 3.30707423904 2.58675549286 0
615 11.3909089565 31.744289 115.6014 -0.14068963 28.2479538551 115.629500855 -0.122140944454 3.49644806957 1.06276139728 0
618 11.3386850357 33.87565 115.27561 -0.13567301 30.1657502104 114.925760977 -0.1244692182 3.72635891823 0.641929984679 0
621 11.6851170063 35.936054 114.9269 -0.14240112 32.669770148 114.89439548 -0.108067677576 3.26644558283 1.96716134702 0
624 11.329969883 38.113735 114.67885 -0.14674677 34.5335603281 114.612035284 -0.11262846116 3.5807980797 1.95483510063 0
627 11.3622939587 40.163768 114.30534 -0.14012204 36.688317532 114.827593234 -0.115289775743 3.51447071355 1.4227839377 0
630 11.5317049026 42.346763 113.98058 -0.16006212 38.892188348 114.252341499 -0.0686494440202 3.46524751476 5.23756052764 0
633 11.3695859909 44.341947 113.67079 -0.15507802 41.0203358248 114.180643531 -0.0756954105735 3.36051356521 4.54828848687 0
636 11.4285368919 46.544067 113.30502 -0.15009707 42.8420446376 113.865082207 -0.070409138475 3.74414733248 4.56578215451 0
639 11.4005060196 48.557097 112.97025 -0.14631805 44.9016404335 113.774375036 -0.0807197501046 3.74285716835 3.75850572724 0
642 11.3647699356 50.586062 112.64729 -0.14866611 47.3198187536 114.040565894 -0.0854086049999 3.55099460167 3.62438805903 0
645 11.3694820404 52.747394 112.3225 -0.14488479 49.9920567391 114.044416299 -0.0649482286006 3.24913514051 4.58002759697 0
648 11.3950991631 54.919709 111.95097 -0.14565598 51.6534005984 113.985797608 -0.0580833113199 3.84828454861 5.01754431607 0
651 11.288711071 56.9199 111.70562 -0.14317608 54.0851814619 113.51000662 -0.0749938069593 3.36027383801 3.90655648284 0
654 11.3411428928 58.963864 111.32719 -0.14485493 56.0488233797 113.681799171 -0.0549454277873 3.74721845747 5.15143501491 0
657 11.3520030975 61.070196 111.0267 -0.15209978 57.4486506119 112.111072287 -0.119725851494 3.78040398034 1.85488946963 0
660 11.3571209908 63.25691 110.67843 -0.1447313 59.4107357984 111.55606044 -0.109957083425 3.94503373603 1.99241584562 0
663 11.2938528061 65.338645 110.4192 -0.14848438 61.4554157604 111.449305388 -0.114069413524 4.01753487075 1.97183233116 0
666 11.3722519875 67.412523 110.08404 -0.1445869 63.7476137465 111.61271525 -0.115197323391 3.97094546131 1.68389870139 0
669 11.3471019268 69.507235 109.73429 -0.15139682 65.869202494 111.165695391 -0.106649688985 3.90950149114 2.56382175248 0
672 11.4013950825 71.647859 109.39116 -0.14906575 68.2550117635 111.118334835 -0.114705914904 3.80717024601 1.96867353578 0
675 11.2847008705 73.702975 109.06139 -0.1559357 69.8575653708 111.497072493 -0.109989864147 4.55189240029 2.63250248059 0
678 11.3856861591 75.754203 108.72815 -0.15045699 72.1845929399 110.22332513 -0.124082329641 3.87009879078 1.51115672469 0
681 11.3993499279 77.860742 108.43703 -0.15243836 74.1840450958 109.897096873 -0.142939853129 3.95599486854 0.544224355376 0
684 11.3417780399 79.97813 108.08555 -0.15170568 76.0276123563 109.313369982 -0.14527957639 4.13692295814 0.368188615559 0
687 11.3073189259 82.120618 107.73965 -0.14888428 78.3088553096 109.083052761 -0.142672197215 4.04156724385 0.35592612557 0
690 11.3021829128 84.192494 107.42985 -0.14593359 80.9680792209 108.648794385 -0.142876013532 3.44712577086 0.175186227155 0
693 11.325756073 86.28045 107.15458 -0.15823172 82.3365422753 108.633568599 -0.126433453395 4.21210344328 1.82190647228 0
696 11.3829741478 88.385341 106.75858 -0.15035877 84.589084507 108.591651492 -0.112251307581 4.21565113077 2.18339676459 0
699 11.3551280499 90.512184 106.42958 -0.15443508 87.0346287345 108.616276038 -0.105235874647 4.10792285541 2.8189068221 0
702 11.565776825 92.541412 106.11165 -0.15857271 89.033747656 108.359139282 -0.0959282301988 4.16592333363 3.5892643024 0
705 11.3261590004 94.624435 105.7799 -0.14991569 91.1355247377 108.324077423 -0.113466525945 4.31802426792 2.08838326715 0
708 11.3538110256 96.812614 105.41142 -0.16008539 93.1274045711 107.214764866 -0.136400322477 4.10278213404 1.35705440656 0
711 11.3207550049 98.833392 105.05687 -0.15857643 95.1766638815 106.821209662 -0.139326812577 4.06011760602 1.10292183561 0
714 11.4018568993 100.9283 104.72764 -0.15390186 96.5841233041 106.943717977 -0.121948977427 4.87676868071 1.83076531471 0
717 11.4370808601 103.02648 104.38009 -0.15580909 98.9666659822 106.969954862 -0.127327703544 4.81554668379 1.6318632386 0
720 11.4716980457 103.56436 104.3046 -0.21764658 99.6936035368 106.569667848 -0.184123277781 4.48478404761 1.92074373247 0
723 11.328537941 103.46604 104.39779 -0.32798619 99.9020233636 107.118883345 -0.306608652507 4.48403429728 1.22484267473 0
726 11.4452488422 103.43166 104.43448 -0.46455789 99.9828085838 107.364968966 -0.425879603878 4.52574211293 2.21610255361 0
729 11.4062871933 103.35806 104.51276 -0.60050128 99.50261096 107.555370892 -0.573675471724 4.91141205185 1.53700559627 0
732 11.5038170815 103.30537 104.5712 -0.75278089 100.60533063 106.579148918 -0.66666184299 3.36482859213 4.93425792939 0
735 11.4228620529 103.24477 104.73622 -0.88717849 100.056243267 107.001212002 -0.825010430064 3.91112407081 3.56196745483 0
738 11.5478169918 103.11543 104.83266 -1.0218313 100.725765557 106.515360623 -0.931956856109 2.92266616956 5.14942632106 0
741 11.4624598026 103.3336 104.43355 -1.1359167 100.026312856 106.696659025 -1.05771400802 4.00746936476 4.48068419712 0
744 11.5127298832 104.18264 102.5184 -1.1499809 101.552276141 104.629954478 -1.09443952307 3.37305148858 3.18228648626 0
747 11.7039279938 105.02068 100.61649 -1.1544373 102.729364093 103.069456311 -1.05899288193 3.35666088728 5.46856233362 0
750 11.4979889393 105.97315 98.645528 -1.1675657 103.999037699 100.920164379 -1.05461148533 3.01182503375 6.47179977886 0
753 11.4281129837 106.66644 96.709247 -1.154133 104.66881407 99.0382885117 -1.0666645834 3.06837802763 5.01157111211 0
756 11.3740589619 107.65453 94.805864 -1.1707179 105.13303708 96.8860282414 -1.09805682601 3.26879332699 4.16317287472 0
759 11.2684588432 108.36584 92.821603 -1.1639211 106.18767909 94.9285577754 -1.11011287607 3.03045266868 3.08298413422 0
762 11.7768578529 109.18739 90.932737 -1.1605274 107.062395064 92.9545156997 -1.13695719873 2.93311994111 1.35047305522 0
765 11.4290177822 110.00551 88.971931 -1.1631703 108.002520094 90.4266706699 -1.13400186799 2.47552743263 1.67122804917 0
768 11.3371779919 110.83946 87.051439 -1.1600004 109.302543868 88.5596661233 -1.13198134164 2.15333700376 1.60537378987 0
771 11.3385379314 111.68317 85.129972 -1.1502451 110.247821684 86.5339535397 -1.10906988156 2.00783190303 2.3591662374 0
774 11.3980600834 112.49307 83.177328 -1.1488654 111.394843183 85.7507948967 -1.09558160373 2.79800536267 3.05293664282 0
777 11.4106829166 113.40329 81.226755 -1.149046 111.788750974 83.4944313418 -1.11031829036 2.78371914113 2.2189343128 0
780 11.3151099682 114.20236 79.347389 -1.1522317 111.737826467 81.969882306 -1.12240660487 3.59880489525 1.7088520747 0
783 11.3705301285 115.10134 77.33273 -1.146946 113.179724402 80.0738703629 -1.12494554318 3.34760466557 1.26053332339 0
786 11.4139721394 115.87569 75.433999 -1.1405871 113.860368796 78.2724579159 -1.13473157351 3.48114472167 0.335496954977 0
789 11.4056129456 116.74641 73.521868 -1.1514597 114.460858584 76.0767376953 -1.14799436809 3.42798839449 0.198548893271 0
792 11.4210760593 117.66191 71.592443 -1.1472421 115.592532876 74.3143661802 -1.11661364182 3.41923785061 1.75488138653 0
795 11.44500494 118.47567 69.543126 -1.1411103 116.704121235 71.703480745 -1.12828402428 2.79383565222 0.734891465548 0
798 11.3921000957 119.32773 67.660396 -1.1493947 117.597929817 70.4871382093 -1.1373504429 3.3140127023 0.69008509919 0
801 11.4513838291 120.23613 65.736718 -1.1477983 118.775050632 68.4298254084 -1.11689767453 3.06391586598 1.7704754236 0
804 11.3664391041 121.05504 63.851108 -1.1435448 119.741543152 66.0026815976 -1.11166998496 2.52082187305 1.82629237469 0
807 11.4793891907 121.9387 61.889647 -1.1416966 120.135189375 64.0397946121 -1.12961128118 2.80638296198 0.692437762557 0
810 11.367208004 122.75206 59.947854 -1.134592 121.24636726 62.3655254881 -1.12267389857 2.84820049343 0.682856912002 0
813 11.8221509457 123.61313 58.017737 -1.1345099 122.510598128 60.9223456668 -1.10683146564 3.10681960163 1.58585747255 0
816 11.4781019688 124.50226 56.14403 -1.1250591 122.931557014 59.1163802623 -1.11881226572 3.36184085745 0.357917239461 0
819 11.49137187 125.37031 54.195354 -1.1346431 123.94372564 57.6214642141 -1.11723042203 3.71124967296 0.997672957453 0
822 11.4565541744 126.19009 52.293812 -1.120627 124.785832706 55.6268706063 -1.11640544727 3.61679667939 0.241877154328 0
825 11.3105130196 127.09539 50.434417 -1.1252352 125.759095276 54.366552706 -1.10045558169 4.15299588264 1.4197675472 0
828 11.3824119568 127.94916 48.435924 -1.125081 126.809073599 51.2749882882 -1.1225145135 3.05942527826 0.147048844752 0
831 11.3064777851 128.83417 46.49897 -1.1135569 127.249582423 49.6900218565 -1.11864874077 3.56282608904 -0.291740985934 0
834 11.4429740906 129.69028 44.561049 -1.1141866 127.927437166 47.4171381478 -1.13937207377 3.3563164449 -1.44302135234 0
837 11.2877631187 130.6504 42.689185 -1.1179531 129.348998428 45.2911869171 -1.13841241645 2.90930576398 -1.17223248441 0
840 11.4017291069 131.56218 40.752166 -1.1133477 130.300336205 42.9550541967 -1.12505751172 2.53869379193 -0.670922790625 0
843 11.3366219997 131.80181 39.159633 -1.0655485 131.371958512 42.2406057559 -1.10615210173 3.11081427034 -2.3264150122 0
846 11.4263210297 89.526265 39.287264 -0.26055386 132.567026985 40.5886737503 -1.08800100035 43.0604326449 -47.4092289124 0
849 11.4584760666 49.129117 22.860079 0.57174269 133.713303874 39.8883085519 -1.07464464986 86.2811988257 -94.3310460178 0
852 11.4502940178 45.693587 19.436118 1.0035584 134.687003199 39.642907405 -1.04891861629 91.2586569306 -117.598270581 0
855 11.4269800186 46.841947 21.209275 1.0214136 134.779199914 33.1795769699 -1.22286364614 88.7482314156 -128.587614261 0
858 11.4557199478 48.00008 22.972907 1.0079248 35.262410133 94.5556093351 -1.18467130239 72.7071626955 -125.626502844 0
861 11.4687430859 49.170996 24.731115 1.014741 37.5669606012 85.9615305636 -0.680998566541 62.3202810298 -97.1587203161 0
864 11.7346971035 50.349541 26.532036 1.0144485 37.0665179838 89.9196185786 -2.00588703321 64.7643754359 -173.052478767 0
867 11.4656801224 51.518278 28.351001 1.0069992 40.987590549 101.14071319 0.816852510384 73.5475191888 -10.8946028034 0
870 11.5395560265 52.642563 30.101924 1.0170679 101.040583403 98.0812635225 1.93793604126 83.4479417414 52.7618579825 0
873 11.4451248646 53.80357 31.912095 1.0183648 29.3809543669 74.7553450391 -2.5430836043 49.3153954488 155.94403748 0
876 11.5468699932 54.946688 33.671099 1.0064723 94.8983258136 38.1079211034 2.67488768136 40.1972480945 95.5931598266 0
879 11.5261769295 56.161659 35.476636 1.0152563 102.928190828 39.8965029072 -1.51041886987 46.974926532 -144.710527655 0
882 11.5374338627 57.333476 37.252395 1.017552 21.388102937 72.7729551521 -2.67105890878 50.5349387865 148.658162661 0
885 12.187002182 58.434052 39.044555 1.0099164 17.8347288327 70.1153380038 -2.60217230597 51.1243444761 153.042561921 0
888 11.4404380322 59.558673 40.733157 1.0155176 135.514609096 77.1299611455 1.23867006484 84.2260742306 12.7856944235 0
891 11.5047049522 60.829575 42.673596 1.0256616 139.137969792 79.522594152 0.908343080503 86.5450943715 -6.72185602593 0
894 11.6153709888 61.938983 44.298725 1.0235902 36.294663421 114.370018248 1.56394257759 74.6164677814 30.959910686 0
897 11.5314021111 63.08776 46.123861 1.0214801 60.068232327 47.9939750034 1.0801777851 3.55174235462 3.36312962356 0
900 11.5941259861 64.233274 47.872937 1.026201 62.4990816594 48.7079430517 1.02663194601 1.92474886166 0.0246913874082 0
903 11.4024789333 65.367062 49.701179 1.0288308 63.6153255719 50.606196346 0.957867574907 1.97170913427 -4.06589329848 0
906 11.4882359505 66.47055 51.411163 1.0247772 63.5938008669 51.7774567665 0.941134531115 2.89997529264 -4.79237191434 0
909 11.4503920078 67.601685 53.206336 1.0345375 65.0110348998 53.4288489275 0.936788830157 2.60018844408 -5.60058623505 0
912 11.5647389889 68.713633 54.989386 1.0321621 66.7245365087 55.3598094896 0.938368950506 2.02329395125 -5.37395161325 0
915 11.3538210392 69.889939 56.860516 1.0335194 67.5950200018 58.3075468823 1.0003009824 2.71303364941 -1.90327513053 0
918 11.3357048035 70.97178 58.665246 1.0279054 68.1178614258 60.2162247601 1.02888581965 3.24813582578 0.056173907993 0
921 11.4552080631 72.083269 60.388926 1.0348295 69.2528244752 61.5975822712 1.0227035113 3.07770469499 -0.694767974915 0
924 11.4723629951 73.21006 62.180545 1.0389104 70.4703436131 62.850621132 1.02316572054 2.82046944733 -0.902103683012 0
927 11.2813379765 74.211219 63.966291 1.0279221 71.330553613 65.0757201037 1.02867218157 3.08691852953 0.0429765080754 0
930 11.3668971062 75.394113 65.876292 1.0355825 72.5766823582 67.0913603255 1.01278653966 3.06827418213 -1.30611231715 0
933 11.3879339695 76.475569 67.55587 1.0353462 74.1001187977 68.9787396026 1.00634782087 2.76899288003 -1.66148473689 0
936 11.3948879242 77.652303 69.425792 1.0395167 75.1381900399 70.7862210754 0.981811523964 2.85858903052 -3.30626304292 0
939 11.388094902 78.72098 71.209083 1.0347632 76.4609615244 72.4005317863 0.98987619517 2.55484514603 -2.57183593173 0
942 11.3502190113 79.923618 73.070281 1.0406815 78.2382906792 74.2423978188 0.980031575677 2.05284826894 -3.47498469147 0
945 11.5256230831 80.886825 74.813727 1.0240856 78.4017568531 75.9915827004 0.975031601638 2.75007413454 -2.81058707438 0
948 11.34146595 82.003807 76.66259 1.0354781 80.2739719181 78.107956668 0.968868397352 2.25419924037 -3.81645483634 0
951 11.2835597992 83.149971 78.458347 1.0359732 81.6448465777 79.8426576378 0.998585762121 2.0449243185 -2.14214239727 0
954 11.4518520832 84.209192 80.07724 1.046865 82.0279278407 81.2719542242 1.02388810323 2.48701737231 -1.3164792115 0
957 11.3701999187 84.421821 80.346791 1.1291589 81.8693303423 81.4342153419 1.11137574149 2.77447296921 -1.01889992902 0
960 11.4595789909 84.549549 80.462185 1.2384433 81.5443079247 81.8994452671 1.21828207206 3.33124466174 -1.155153271 0
963 11.5726988316 84.477315 80.645515 1.377415 81.7219146929 80.6295555502 1.31529273314 2.7554465258 -3.5593437047 0
966 11.3592588902 84.491575 80.745704 1.5042297 81.9109598658 81.1154209262 1.46340406699 2.60696472476 -2.33913646738 0
969 11.7203359604 84.58151 81.604236 1.6242617 81.2560476586 81.7060539737 1.58409900152 3.32702069182 -2.30115311664 0
972 11.4502239227 84.52138 83.606555 1.6450761 81.3527531977 83.4063680697 1.62326437662 3.17494419151 -1.24971969347 0
975 11.4138438702 84.450105 85.633891 1.6510189 81.0136252236 86.7483168013 1.62381233136 3.61266357696 -1.55882155794 0
978 11.5649700165 84.288283 87.799076 1.6553182 81.0530288688 88.1368423058 1.60787865493 3.25283804865 -2.7180857145 0
981 11.369148016 84.219899 89.940013 1.6574582 81.3197628051 90.1462197311 1.62195585286 2.90745785263 -2.03413465366 0
984 11.525386095 84.085061 91.960688 1.6559816 80.8693637144 92.7298578388 1.62453564055 3.30640760848 -1.80172075929 0
987 11.3880989552 83.972707 94.061302 1.6546883 80.3817795549 95.1773179113 1.65749604843 3.76035256726 0.160872134697 0
990 11.4253311157 83.850194 96.236204 1.650278 79.9971244691 96.732829863 1.64333808902 3.88494299283 -0.397627609567 0
993 11.467138052 83.742141 98.372522 1.653672 80.0753281764 99.284478824 1.66677910502 3.77851578427 0.750981799026 0
996 11.237267971 83.558608 100.37046 1.6603574 80.00806352 101.032133902 1.64551498919 3.61167252907 -0.850407497051 0
999 11.2480020523 83.448658 102.54165 1.6520527 79.6340672747 102.756020046 1.64811998179 3.82060949567 -0.225328155473 0
1002 11.4072470665 83.308795 104.69204 1.6576029 79.4186332517 105.160770801 1.64488107098 3.91829899212 -0.728907110815 0
1005 11.361353159 83.194681 106.76107 1.661421 78.5165025352 107.918603202 1.65044017518 4.8192568787 -0.629154917766 0
1008 11.3772039413 83.066158 108.84686 1.6653468 78.9885374985 109.261947037 1.68400349462 4.09869323102 1.06894986157 0
1011 11.3626339436 82.920912 111.09751 1.6564676 78.5095208595 111.756160192 1.67388403511 4.46029055889 0.997888225875 0
1014 11.3550050259 82.798446 113.12029 1.6519674 78.1282456454 113.951065456 1.65485434098 4.74351759876 0.165409533816 0
1017 11.360355854 82.725101 115.25424 1.6521864 78.260358085 116.478398424 1.65365971666 4.62952407324 0.0844148265072 0
1020 11.3384990692 82.605874 115.888 1.7134215 78.7113237742 117.112120414 1.70535354324 4.08240030487 -0.462259871613 0
1023 11.4283940792 82.650086 115.98425 1.8265292 78.5494867446 116.837593312 1.83094143434 4.18844948182 0.252802406026 0
1026 11.3586781025 82.697137 116.16336 1.9516157 78.3856295948 117.021488145 1.95312994902 4.39607552462 0.0867600778377 0
1029 11.4502649307 82.611261 116.28116 2.0730733 78.6674531664 117.1635771 2.09009166088 4.04132158668 0.975080252604 0
1032 11.373426199 82.517518 116.45008 2.1971216 78.9619302563 117.505586366 2.23021088488 3.70894835401 1.89587637088 0
1035 11.4469470978 82.418538 116.4581 2.3123831 78.5057213894 116.520234503 2.36412702524 3.91330991935 2.96470853177 0
1038 11.4191699028 82.414024 116.83182 2.4679277 78.6331143976 116.431946291 2.50382348111 3.80199637087 2.05667676004 0
1041 11.4450058937 82.282962 116.94587 2.5874118 78.4695875155 117.875281139 2.60378976161 3.92500064002 0.938388077186 0
1044 11.3314330578 82.208722 116.96752 2.707272 79.0439385432 116.745972856 2.76767715875 3.17252856019 3.46096065734 0
1047 11.3619849682 82.043289 117.20312 2.8493508 78.4134284022 117.330792558 2.86253129743 3.63210520796 0.755186874873 0
1050 11.3584718704 81.832352 117.28824 2.9891727 78.1447904649 117.406999999 3.010497088 3.68947340591 1.22179743321 0
1053 11.4506208897 81.142386 117.29523 3.0875315 77.3983326903 116.485323975 3.10764464695 3.83065046108 1.15239843278 0
1056 11.5323882103 79.131234 117.37152 3.1037602 75.4192501428 116.984361948 -3.12463888567 3.73211943991 3.1390192677 0
1059 11.436850071 77.094643 117.50841 3.1079346 74.2833408514 117.494448268 -3.11803496536 2.81133681741 3.27822052817 0
1062 11.5147969723 74.899205 117.59033 3.115912 71.5676347322 116.799094523 -3.1185813251 3.4242391898 2.78984506908 0
1065 11.4633419514 72.824078 117.69503 3.116944 69.7385528218 116.871670602 -3.1262431907 3.19349124377 2.29172326284 0
1068 11.4872379303 70.711208 117.83017 3.1174699 68.0760026184 117.11022774 -3.10227947566 2.73178041953 3.63461114582 0
1071 11.3755450249 68.550781 117.88294 3.1169773 65.6918634565 116.962379449 -3.11556127618 3.00347153278 2.90184393223 0
1074 11.4313621521 66.454241 117.99143 3.11617 63.4332259925 117.261709456 -3.13741387279 3.10789699758 1.69603725787 0
1077 11.4822590351 64.352032 118.06903 3.1139299 60.893250708 117.600531078 -3.13531612525 3.49036663774 1.94457761432 0
1080 11.4653499126 62.204954 118.16997 3.1178991 59.6024557855 117.546684955 3.13424077262 2.67609439357 0.936308871241 0
1083 11.4435329437 60.134729 118.2293 3.1166836 56.9023418492 117.234826553 3.13387365681 3.38190835612 0.984917704966 0
1086 11.39372015 58.034017 118.36643 3.1239361 54.9683994117 117.058398695 3.13819522833 3.33301021504 0.816987873108 0
1089 11.3619010448 55.858025 118.47896 3.1251128 52.4317242154 117.023543776 -3.128285499 3.72260304788 1.70666985287 0
1092 11.4058392048 53.766425 118.55 3.1243401 50.0767149842 116.908874041 -3.13414577907 4.03822416611 1.41517298707 0
1095 11.3890249729 51.628528 118.603 3.1187628 48.0224661949 117.200484221 -3.1385546535 3.86920305137 1.48211884094 0
1098 11.4835469723 49.494235 118.64783 3.1200968 47.0817138719 117.405839185 3.13969744973 2.71344787634 1.12303450502 0
1101 11.3870370388 47.379245 118.80828 3.1260538 44.4046508613 117.43148866 3.11972423949 3.27776824746 -0.362657103268 0
1104 11.5171430111 45.313934 118.87713 3.1250737 42.6148689772 118.07808694 -3.13907938298 2.81485733358 1.09046612155 0
1107 11.2485308647 43.229975 118.9845 3.131291 40.4340711913 117.187151928 3.12599446826 3.32378371706 -0.303468914581 0
1110 11.4612629414 41.038059 119.03542 3.1300111 38.5592149665 117.544279756 3.1397466088 2.89277841683 0.557803565467 0
1113 11.4226129055 38.877743 119.09254 3.1262084 35.9108578456 117.775072579 3.12500757882 3.24624828452 -0.068801985766 0
1116 11.445125103 36.866989 119.17866 3.1252668 34.0065964943 118.348701758 3.09760816467 2.97836800444 -1.58472307149 0
1119 11.9062168598 34.67231 119.25843 3.1314701 31.9456296183 118.759007385 3.08460876565 2.77204055746 -2.68495668073 0
1122 11.8288218975 32.567479 119.34722 3.1353596 30.2878786503 118.276972552 3.10595869189 2.51833424211 -1.68454794847 0
1125 11.673429966 30.502201 119.36971 3.1349527 27.0859215158 117.957947334 -3.14090645158 3.6964901378 0.419757795857 0
1128 11.8884739876 29.15421 119.31018 -3.13185 26.2258172786 118.053285659 -3.12666254537 3.18673301585 0.297219256762 0
1131 11.7773849964 28.938717 119.39146 -3.028318 26.314380298 118.174627596 -3.00254786074 2.89271917488 1.47652021681 0
1134 11.5957150459 28.80706 119.32785 -2.9089456 26.331720797 117.798475959 -2.9055755472 2.90968883697 0.193089802227 0
1137 11.510985136 28.607415 119.34948 -2.7753086 26.0314773677 117.243461413 -2.77281213635 3.32727651028 0.143036830751 0
1140 11.4987111092 28.309413 119.3977 -2.6319404 26.4257882048 117.173205769 -2.63392409816 2.91486139546 -0.113657532487 0
1143 11.731678009 28.176965 119.31562 -2.5155106 25.8871454953 117.985607148 -2.50471143951 2.64805731629 0.618746318193 0
1146 11.4033479691 28.13257 119.1422 -2.3876282 26.2381522046 117.442312755 -2.36938758341 2.54527708304 1.0451103462 0
1149 11.5373969078 28.071656 119.10664 -2.2643471 25.9285165894 118.311657472 -2.25708409364 2.28583546071 0.416139610735 0
1152 11.4273750782 27.847582 119.05477 -2.1225081 25.2998346933 118.070093266 -2.11570428725 2.73141073612 0.389829755291 0
1155 11.5297400951 27.651134 118.95518 -2.0012288 25.4514566479 118.405011339 -2.02937588933 2.26743599875 -1.61270942423 0
1158 11.461012125 27.585975 118.8068 -1.8653126 25.6044030365 119.036308799 -1.87614028412 1.99481872234 -0.620380601863 0
1161 11.5244779587 27.545652 118.66047 -1.7395281 25.1531577904 118.112682357 -1.77415408612 2.45440417304 -1.98392286625 0
1164 11.4333920479 27.426878 118.54472 -1.6078392 25.9888679303 117.506835843 -1.61720476 1.77343634916 -0.536607061044 0
1167 11.7393660545 27.408113 118.27266 -1.4907581 25.4702824834 117.21663339 -1.49359489827 2.20689358895 -0.162536568325 0
1170 11.7535839081 27.619078 117.43976 -1.368489 26.2923525887 116.550241615 -1.40929691153 1.59732378531 -2.33812110143 0
1173 11.5081570148 28.00462 115.50954 -1.3464267 26.6321471059 116.033746649 -1.32561182231 1.4691747534 1.19260464274 0
1176 11.4536969662 28.352772 113.43776 -1.3439724 25.9674071952 113.410624312 -1.3824942159 2.38551914633 -2.20713747005 0
1179 11.4340498447 28.777386 111.37552 -1.3470791 26.577877714 111.05715519 -1.37737933449 2.22242949318 -1.73607555458 0
1182 11.626513958 29.292879 109.18718 -1.3487141 26.8168247745 109.689676535 -1.40444900463 2.52652870466 -3.19337480708 0
1185 11.5418119431 29.664866 107.14961 -1.3582731 26.9801920477 107.799958209 -1.42101718752 2.7623227588 -3.59497140405 0
1188 11.5107350349 30.155372 105.1583 -1.3627181 27.2648539924 105.139950301 -1.4294353875 2.89057625119 -3.82261899439 0
1191 11.5126638412 30.584999 103.08809 -1.3538609 27.2240858373 103.314368362 -1.43961442158 3.36852180997 -4.91331486475 0
1194 11.4822239876 30.932942 101.04272 -1.3388863 28.4309076901 101.232538749 -1.38773634894 2.5092243513 -2.7989016331 0
1197 11.4957358837 31.46397 98.886394 -1.3633561 29.2015593428 98.8481890722 -1.41254569169 2.2627332141 -2.81835599969 0
1200 11.432363987 31.761459 96.890841 -1.3338862 29.9543078088 96.987247886 -1.36753737579 1.80972089437 -1.9280703484 0
1203 11.4119420052 32.148779 94.808879 -1.340085 30.6022056006 94.9141441382 -1.34817422906 1.55015161485 -0.463478684745 0
1206 11.3157420158 32.63242 92.742465 -1.3409888 30.9915975284 92.4567641604 -1.33594537575 1.66550993784 0.288966923722 0
1209 11.4661421776 33.223163 90.635151 -1.3443959 31.4268741461 90.8473878356 -1.33140812664 1.80878360262 0.744144598692 0
1212 11.3855311871 33.480467 88.544154 -1.3400822 31.577661076 88.8635794207 -1.34413269952 1.92943074086 -0.232076527681 0
1215 11.4914610386 33.996344 86.523674 -1.3537744 32.3362486578 86.3769223065 -1.34995973728 1.66656911191 0.218564074029 0
1218 11.4395539761 34.391099 84.502242 -1.3500462 32.675903895 84.1832351994 -1.36049250077 1.74460872029 -0.598528945458 0
1221 11.4875359535 34.871654 82.311763 -1.3462417 32.5851117803 82.904134055 -1.34947575586 2.36202853275 -0.185297751329 0
1224 11.3063070774 35.319079 80.358924 -1.358939 34.0175538482 80.9106372476 -1.32565721169 1.41363192815 1.90690600499 0
1227 11.4226210117 35.776446 78.250756 -1.3606991 34.4271565701 78.2009506766 -1.34140462663 1.35020833052 1.10549189223 0
1230 11.4089341164 36.167733 76.160289 -1.3496683 35.0827592649 76.748647406 -1.3376510683 1.2342340215 0.688536657816 0
1233 11.5039439201 36.593873 74.026216 -1.3452321 35.0610059029 74.7825311025 -1.34207065307 1.7092963674 0.18113756633 0
1236 11.4782021046 37.096668 72.068535 -1.358637 35.2053514751 72.0282232425 -1.36477995356 1.89174608107 -0.351965312582 0
1239 11.5830340385 37.456761 70.030489 -1.3570922 35.5764712311 70.1928454084 -1.38047855981 1.88728620466 -1.33993971555 0
1242 11.5212240219 37.942935 67.912468 -1.3598503 35.7019733472 67.7082738375 -1.37449413345 2.25024540558 -0.839029852662 0
1245 11.7966201305 38.381728 65.750541 -1.3597279 37.1090050463 65.3253904219 -1.35070299144 1.34185570421 0.517089171097 0
1248 11.6325349808 38.78715 63.709446 -1.3638712 37.6236613377 63.263627114 -1.35296844812 1.24597766695 0.624681667919 0
1251 11.4499440193 39.284372 61.704874 -1.358189 37.7368567238 61.5641025966 -1.35659324799 1.55390479693 0.0914298553003 0
1254 11.4746201038 39.616785 59.610797 -1.3616912 38.0709455554 59.5642916437 -1.34798753502 1.54653882477 0.785162167286 0
1257 11.4625480175 40.0981 57.483375 -1.3627524 38.8421141759 57.6134500951 -1.34394099505 1.26270341751 1.07781411055 0
1260 11.4076709747 40.478176 55.366289 -1.371191 39.7712971571 56.0234985978 -1.32757722934 0.965195396773 2.49888498727 0
1263 11.4280109406 40.927924 53.368372 -1.3697355 40.2407331153 54.1326210589 -1.33390845103 1.02776842531 2.05273869819 0
1266 11.5566351414 41.311773 51.24524 -1.3687118 40.5108341732 51.4844461705 -1.33293299861 0.835896283252 2.04997431585 0
1269 11.5341148376 41.752813 49.127024 -1.3690442 40.8744181896 50.0407780627 -1.34140911013 1.26748725049 1.58337401611 0
1272 11.5072159767 42.124468 46.999249 -1.3746445 41.4855525113 47.772412555 -1.35437204612 1.00299296332 1.16152604741 0
1275 11.4972710609 42.489069 45.000812 -1.3756167 41.7580682941 46.0431991835 -1.36484425887 1.27315869878 0.617215411793 0
1278 11.7547588348 42.919623 42.847052 -1.3693623 41.5376933405 43.9381844642 -1.38197669635 1.76076677561 -0.722751672098 0
1281 11.7752971649 43.26925 40.76156 -1.3849404 42.9415990498 41.572733152 -1.34329699168 0.874846859606 2.38599154116 0
1284 11.508947134 43.723057 38.666685 -1.382086 43.5138144821 38.9766766911 -1.34363604135 0.374001711046 2.20302035333 0
1287 11.4907400608 44.069109 36.638541 -1.3748634 44.4016157393 37.004153365 -1.3416083316 0.494199487165 1.90537506678 0
1290 11.4621729851 44.48264 34.512889 -1.372972 43.7644389443 35.4246813991 -1.35505952689 1.16068003145 1.02630911003 0
1293 11.4730389118 44.660959 33.544964 -1.3339999 44.2548556437 33.7023296874 -1.30808571331 0.435527146721 1.48477352699 0
1296 11.431427002 44.654294 33.324157 -1.2074321 44.5957811342 33.9699104433 -1.20588016783 0.648399001345 0.0889191634608 0
1299 11.6546509266 44.699557 33.107025 -1.0711259 44.2295270207 33.8206105385 -1.0951538616 0.854477912053 -1.37670079004 0
1302 11.4852178097 44.829945 32.953901 -0.95914547 43.6245035383 33.2694263504 -0.874623427896 1.2460519108 4.84275628841 0
1305 11.4142751694 44.914184 32.826307 -0.82117543 44.64302492 33.7318303905 -0.909224593363 0.945251213949 -5.04484545036 0
1308 11.3867089748 44.932468 32.690373 -0.70238554 43.497003851 33.1850338759 -0.750301094775 1.51830389088 -2.74535906162 0
1311 11.2622039318 45.019913 32.619075 -0.56167342 43.490815484 32.4750472793 -0.745888331513 1.53586561837 -10.5547369531 0
1314 11.519299984 45.164806 32.47066 -0.44585332 43.8937899176 33.4323417813 -0.638338152664 1.59383616789 -11.0285685319 0
1317 11.4494509697 45.307079 32.373178 -0.30795343 43.6908610234 32.68810121 -0.455043363366 1.64661385158 -8.42763239075 0
1320 11.3766598701 45.468859 32.25314 -0.19105128 43.7667877029 33.5141432786 -0.519621751526 2.11829553391 -18.8257012911 0
1323 11.6301450729 46.833289 32.057508 -0.10389315 44.8958051292 32.2195327303 -0.396264500234 1.9442468369 -16.7516444189 0
1326 11.4215102196 48.863767 31.868312 -0.084237935 47.6815098986 33.3911319988 -0.184427247866 1.92787774569 -5.74042477956 0
1329 11.7848229408 51.033972 31.691587 -0.08198003 48.5078128747 28.7729695649 -0.585964102733 3.86002689878 -28.8761603094 0
1332 11.4058229923 53.111195 31.42619 -0.084122232 51.4212527556 33.4404512707 0.00376400689722 2.6292875948 5.03551056609 0
1335 11.4765059948 55.206155 31.249451 -0.082409142 54.0159454381 33.0756776309 -0.0144287262146 2.17984001906 3.89499091405 0
1338 11.4370491505 57.287235 31.07162 -0.080297126 56.3008366871 32.9561969071 -0.0616020983648 2.12711347851 1.07114618138 0
1341 11.4616467953 59.516372 30.847745 -0.092608556 58.5620747561 32.9214791121 -0.0278668915901 2.28277383847 3.70942412934 0
1344 11.4447059631 61.567611 30.670937 -0.091677002 60.2346949046 33.019185136 -0.0207957158256 2.70017307328 4.06119854425 0
1347 11.3724341393 63.68279 30.502969 -0.089332225 62.751028626 32.2585842987 -0.0691644535086 1.98755234776 1.15552818864 0
1350 11.4256851673 65.773678 30.270465 -0.081918863 65.6075929391 31.8987972831 -0.0550172728735 1.63678045919 1.54134757644 0
1353 11.4204719067 67.870787 30.052005 -0.080757136 67.808182377 31.7034096201 -0.0776377022464 1.65259086224 0.178730388552 0
1356 11.4065499306 69.978421 29.855203 -0.080851998 69.1107101706 31.7655442115 -0.0945768714982 2.09817197291 -0.786377325797 0
1359 11.3769550323 72.04312 29.748383 -0.089661546 70.7506768213 30.8793729921 -0.106192493433 1.71742473846 -0.947153519292 0
1362 11.426913023 74.192216 29.503442 -0.097083695 72.6960799574 30.7919620442 -0.117943661762 1.97451436109 -1.19518805624 0
1365 11.382557869 76.337484 29.313327 -0.092202589 75.1518331136 30.6123415156 -0.099045490869 1.75875147083 -0.392069396715 0
1368 11.2758471966 78.469083 29.072242 -0.088851811 77.5811802908 30.2767258668 -0.104272122144 1.49637983364 -0.883518747344 0
1371 11.3197729588 80.508884 28.860474 -0.08148585 78.8085603232 30.3260945679 -0.0948352753699 2.24480383438 -0.764865732618 0
1374 11.4162459373 82.648681 28.706332 -0.092016755 81.295710457 30.4894478441 -0.075730842175 2.23830994361 0.933114070393 0
1377 11.3209028244 84.803463 28.469695 -0.089914919 83.6439659725 30.1720816045 -0.0637647795462 2.05974598146 1.49829262438 0
1380 11.4208581448 86.909059 28.274418 -0.095059786 85.1146439139 30.3565675074 -0.0731219142044 2.74868551715 1.25694746539 0
1383 11.4244191647 88.999768 28.069648 -0.093100738 87.2702849016 30.4117522213 -0.0583686590368 2.91145392728 1.9900015383 0
1386 11.8216691017 91.148907 27.8824 -0.087682683 89.3870456093 29.97946143 -0.0507767421032 2.73894545423 2.11455465235 0
1389 11.2996790409 93.191686 27.680334 -0.085944106 91.2835106431 30.3845851153 -0.064028836799 3.30969897229 1.25565243211 0
1392 11.5215189457 94.597595 27.536443 -0.026113958 93.3120285816 30.0296274178 -0.0665003032168 2.80511132709 -2.31396713088 0
1395 11.5467858315 66.734672 23.138609 0.64678418 95.1615072281 30.9359017771 -0.0203332718474 29.4768169201 -38.2230144304 0
1398 11.5283329487 41.954155 8.6979942 1.5862633 98.2150100501 31.4679144798 0.0299687841164 60.6939295194 -89.1691074395 0
1401 11.3500349522 40.498777 7.6026468 1.6671323 100.029935881 31.7603708381 -0.0047477712327 64.2460466363 -95.7916719337 0
1404 11.373693943 40.36551 9.5759073 1.6613912 101.241945 30.8680646291 -0.01534773777 64.492606569 -96.0700644795 0
1407 11.4939870834 40.15753 11.693798 1.6450717 102.751474988 30.7167905228 -0.0267126073367 65.4207627109 -95.7861850666 0
1410 11.4227609634 40.017928 13.779826 1.6578436 102.818631521 30.3963994882 -0.0242386377549 64.9618263077 -96.3762130173 0
1413 11.9606840611 39.937066 15.922073 1.6651068 105.885848141 31.7076073819 0.0213808631129 67.8116875004 -94.1785588598 0
1416 11.551486969 39.75755 17.953862 1.6630734 105.817597187 30.8347694481 -0.00586147150595 67.3041425992 -95.6229244195 0
1419 11.3079562187 39.645384 20.177858 1.663423 110.400587073 32.0876347559 0.0463966537888 71.7505508288 -92.6487849994 0
1422 11.3775000572 39.526919 22.292671 1.6684735 111.368570477 32.6895788682 0.0665904374395 72.5900721877 -91.7811387582 0
1425 11.3974208832 39.303781 24.413998 1.6572417 112.313605034 31.7848375026 0.0976089256975 73.3809490291 -89.3603755578 0
1428 11.4712619781 39.21094 26.55624 1.6661167 119.16086547 30.7115273319 -0.0415068921668 80.057835316 -97.8396248281 0
1431 11.4147698879 39.049874 28.673026 1.6660737 120.613257123 29.680150082 -0.0254244395066 81.5696007429 -96.915704448 0
1434 11.3696072102 38.816051 30.701859 1.6598041 120.227121311 34.9315352707 0.115727511019 81.5208717482 -88.4690717936 0
1437 11.3966748714 38.695572 32.853799 1.6647394 123.243901239 35.1635326847 0.110854586227 84.5798725871 -89.0310416787 0
1440 11.4728569984 38.58982 35.008607 1.6723781 124.363174301 35.1776031019 0.0948224265755 85.7735207846 -90.3872820341 0
1443 11.4165849686 38.393816 37.160762 1.6689022 126.625664324 35.3993102978 0.0974654418156 88.2494292942 -90.0366940157 0
1446 11.3760960102 38.314928 39.264936 1.6781402 129.13746839 36.9477444217 0.162315205658 90.8520952962 -86.8503746562 0
1449 11.3973178864 38.042909 41.445131 1.6601298 130.219887416 37.7909449331 0.146735529358 92.2493817095 -86.711104447 0
1452 11.3944759369 37.893052 43.482766 1.6655679 135.548729976 27.3664120013 -0.0871828034082 98.976604848 -100.425217844 0
1455 11.5052559376 37.737395 45.529248 1.6663309 138.193568316 26.981102132 -0.0987995768498 102.154179907 -101.134526613 0
1458 11.4727039337 37.667375 47.706088 1.6735516 140.651171823 26.5843579689 -0.0945199819552 105.127493491 -101.303039523 0
1461 11.4444179535 37.411337 49.793915 1.6717816 142.176327683 25.5188483041 -0.096056474367 107.540606916 -101.289660524 0
1464 11.7566521168 37.208006 51.943854 1.66906 139.008427704 37.9517797475 0.144438837807 102.757500948 -87.35435795 0
1467 11.5039389133 37.03196 53.963531 1.6741645 27.3500374191 116.521213354 1.64117653541 63.3024742518 -1.89007114547 0
1470 11.4302709103 36.983983 56.143126 1.6856298 26.9791417288 119.390063197 1.57971102658 64.0333656284 -6.06869868812 0
1473 11.4720849991 36.720012 58.206076 1.6746777 33.461156384 57.6656064161 1.67012757301 3.30336908282 -0.260703073043 0
1476 11.5094909668 36.536888 60.398002 1.6787317 34.0452872093 59.5367391808 1.67504541466 2.63625646404 -0.211208592217 0
1479 11.5495519638 36.401835 62.417273 1.6766351 33.0587690696 61.710549962 1.65118782868 3.41694999488 -1.45802124692 0
1482 11.464744091 36.239068 64.615141 1.6886647 33.6623406246 63.7853487417 1.66526831986 2.70704251148 -1.34051383775 0
1485 11.4713861942 35.99676 66.655908 1.678851 33.1538754057 66.7751202064 1.63127431428 2.84538299117 -2.72594329505 0
1488 11.4004211426 35.830181 68.859683 1.6854848 32.9835776823 68.658392721 1.62237644158 2.85371130714 -3.61584258943 0
1491 11.4910149574 35.575227 70.898859 1.683738 32.6222196032 70.9219141864 1.63882746192 2.95309739549 -2.57318428789 0
1494 11.5766580105 35.463169 73.006353 1.6935188 32.7019057279 73.0042929038 1.62884588422 2.76126404056 -3.70548512287 0
1497 11.4679698944 35.205801 75.07321 1.6913976 31.854320112 74.4911327856 1.6337393768 3.40165224939 -3.30357284379 0
1500 11.3742649555 34.978045 77.287591 1.6912075 31.3347310258 76.1654029181 1.68513806875 3.81222281693 -0.347752794592 0
1503 11.3737871647 34.814043 79.320098 1.7000185 31.3097319257 78.1333392318 1.68479852422 3.69980978963 -0.872040376404 0
1506 11.3874158859 34.580736 81.372215 1.6970036 30.6791803685 80.8710048715 1.67026538797 3.93361766558 -1.53198670118 0
1509 11.373139143 34.345965 83.441951 1.6955247 30.6622330103 83.1762644891 1.6899036878 3.69330078572 -0.322060275506 0
1512 11.363546133 34.142398 85.698773 1.7034669 30.2551928297 85.09412268 1.67468746889 3.93395043763 -1.6489399393 0
1515 11.3245811462 33.910208 87.748137 1.7016389 30.5235533719 87.0711944282 1.65485905994 3.4536474654 -2.68028740187 0
1518 11.4017560482 33.670818 89.737713 1.6967853 29.9961855553 89.6030871109 1.6680870866 3.67709773239 -1.64428650755 0
1521 11.3363819122 33.472926 91.900649 1.7056804 30.0673448348 91.6931379834 1.66291919366 3.41189740391 -2.45003665005 0
1524 11.3599009514 33.217902 94.036516 1.7078464 29.7613740208 93.5983562492 1.65785990531 3.48418851929 -2.86401517856 0
1527 11.4543218613 33.034075 96.178482 1.7177188 28.6183584488 96.1062037583 1.69915558864 4.41630805137 -1.06359366523 0
1530 11.4141149521 32.713254 98.174723 1.7080491 28.4484077633 97.3155841087 1.70520320137 4.35052100988 -0.163057980147 0
1533 11.4132509232 32.45653 100.24821 1.7068362 28.0320678572 99.4849478921 1.70399902738 4.48981450598 -0.162558017092 0
1536 11.312707901 32.217075 102.39435 1.7082962 27.8502441445 102.035941989 1.68889918815 4.38151435268 -1.11136691397 0
1539 11.2829260826 31.955228 104.48204 1.7110577 28.082514958 103.637381995 1.66767188379 3.96375496867 -2.4858241593 0
1542 11.388065815 31.741377 106.6002 1.7198575 27.6624842066 105.514981127 1.67397384502 4.22078978664 -2.62893977923 0
1545 11.3250279427 31.439656 108.68741 1.7105287 27.3111058373 107.990802684 1.67475463327 4.18690675774 -2.04970303974 0
1548 11.3029310703 31.216018 110.75498 1.7177022 27.4349825025 110.449413626 1.68723862424 3.79336265635 -1.74543431982 0
1551 11.3927459717 30.916985 112.90957 1.719675 27.4077488087 112.467690375 1.69139524933 3.53694730657 -1.62031035933 0
1554 11.4205548763 30.668641 114.94646 1.716506 27.2631985505 114.367838958 1.67958293845 3.45424964174 -2.11553559367 0
1557 11.3598787785 30.419865 117.12266 1.716223 26.5098112957 116.42846508 1.67960738631 3.97119963705 -2.09792012884 0
1560 11.3961451054 30.132888 119.21343 1.725557 26.1450236336 117.956115289 1.69749982669 4.18137566921 -1.60755761561 0
1563 11.3896231651 29.88258 121.34383 1.72867 25.8306035764 120.252291213 1.70010340407 4.19642346049 -1.63674538181 0
1566 11.4281830788 29.981486 120.5055 1.7055843 26.1467163542 119.924665239 1.72053378513 3.87850838038 0.856542403906 0
1569 11.4140129089 30.170653 118.4575 1.6900862 26.6995646824 117.867416074 1.6777852547 3.52088811935 -0.704792249433 0
1572 11.3449392319 30.502618 115.6086 1.6745202 26.9219577669 114.326554166 1.66140068819 3.80325771218 -0.751692655857 0
1575 11.3756690025 30.699806 113.48782 1.6738205 27.294607708 112.554701485 1.67521902609 3.53073442373 0.0801296427471 0
1578 11.3972020149 30.8492 111.36091 1.6697397 27.6075767313 110.763515724 1.67458067105 3.29621014765 0.277367209675 0
1581 11.4825491905 30.973164 109.37107 1.6787837 27.9394420473 109.016313803 1.69153564311 3.05439369519 0.730632520911 0
1584 11.6665158272 31.204408 107.09871 1.665475 27.8185096915 107.575672306 1.69039545127 3.41932747726 1.42783668116 0
1587 11.4915189743 31.322843 104.96751 1.6587885 27.9739170297 105.405481562 1.6774588973 3.37744344791 1.06973496715 0
1590 11.4601929188 31.457099 102.91722 1.6541397 28.2475353696 102.931590918 1.69866568901 3.20959580339 2.55115124888 0
1593 11.525853157 31.546684 101.34427 1.631357 27.9974932491 101.623880452 1.64388525173 3.56018777471 0.717815949028 0
1596 11.4177567959 31.536552 101.09899 1.5279681 28.3997964598 101.8822082 1.56728433025 3.23305831481 2.25265405975 0
1599 11.8426139355 31.522716 100.84711 1.3818466 28.4360149646 102.137955874 1.45308783033 3.34574451375 4.08182182547 0
1602 11.437048912 31.33472 100.81397 1.2437751 28.9768087011 101.993081139 1.34525321792 2.63629451528 5.81426786975 0
1605 11.7469289303 31.335612 100.76499 1.1262837 28.5986799138 101.868776876 1.18300287783 2.95112566841 3.24976950733 0
1608 11.4052541256 30.238332 99.003137 0.9296569 28.199620451 100.634818938 1.0413153034 2.61126994541 6.39755526213 0
1611 11.4289150238 28.772289 97.32743 0.78863198 26.3669150894 98.6470141551 0.857544190504 2.74356082348 3.94837881882 0
1614 11.4266910553 27.005154 95.945316 0.6582802 24.7653316313 97.2593662013 0.729322241988 2.59683117953 4.07040917389 0
1617 11.4160759449 26.209553 95.323497 0.64585939 23.7989299453 96.2496822884 0.676692260798 2.58242573957 1.76659336699 0
1620 11.4152958393 26.225548 95.299359 0.74214735 24.4146733965 95.2764033387 0.805094883534 1.81102009706 3.60662800224 0
1623 11.4009151459 26.287241 95.304851 0.87876564 23.9792139711 95.0234683499 0.931800200439 2.32511611795 3.03865648149 0
1626 11.3985497952 26.503119 95.525486 1.0159202 24.0452865061 94.9696091664 1.07079119624 2.51990865357 3.14387650243 0
1629 11.4447021484 26.584147 95.637624 1.1414331 24.3047463722 95.3077853545 1.19741020357 2.3031414968 3.2072517837 0
1632 11.3467149734 26.62792 95.717086 1.2595284 24.3212865964 95.8452098199 1.29412922042 2.31018903379 1.9824809775 0
1635 11.417069912 26.756174 95.797181 1.3910555 23.4367725438 96.1088646403 1.40126604135 3.33400250739 0.585020926055 0
1638 11.8931839466 26.381693 93.77201 1.3952992 23.2751523165 94.0016183587 1.48327021444 3.11501444885 5.0403678469 0
1641 11.4636938572 26.011804 91.856332 1.39866 23.3914788779 92.0589509329 1.48633478232 2.62814728992 5.02339499691 0
1644 11.5115687847 25.609249 89.727224 1.3968171 22.7925872901 90.3061883021 1.46370405663 2.87554913905 3.83234031922 0
1647 11.7899639606 25.2462 87.568251 1.3940659 23.2540712901 87.8679769633 1.49815971887 2.01455018551 5.96413649487 0
1650 11.5156800747 24.820481 85.505592 1.4017015 22.5934902774 85.7911640221 1.48920369451 2.24522583683 5.01350644329 0
1653 11.4312200546 24.493958 83.448062 1.398475 20.852345721 83.9759174646 1.42958518507 3.67967000997 1.78248230415 0
1656 11.7251977921 24.080092 81.345956 1.3962744 21.0157207535 81.9261503561 1.45478531487 3.11881333638 3.35242847753 0
1659 11.4119269848 23.622432 79.208855 1.3888608 20.5570032214 79.0576170092 1.45693138886 3.06915729911 3.90015745066 0
1662 11.579264164 23.236261 77.182266 1.3737053 19.6754870622 77.3297013477 1.41459841635 3.5638249421 2.34300297828 0
1665 11.3750059605 22.741503 75.111069 1.3685019 19.5940941898 75.3203388992 1.41579625319 3.15435827221 2.70976683268 0
1668 11.263256073 22.23837 73.007777 1.3690406 19.0834256942 72.7926877678 1.41915930378 3.16226769111 2.87159020105 0
1671 11.314964056 21.796618 70.8705 1.3677106 18.9669275086 71.3831818519 1.42969516534 2.87575919689 3.55145398903 0
1674 11.2835309505 21.306705 68.900927 1.3588762 18.8466967844 69.3244496683 1.43175857039 2.49619948552 4.1758522244 0
1677 11.3837311268 20.800373 66.796896 1.3509317 20.1255674634 67.0856270602 1.48794844569 0.733981019746 7.8504812505 0
1680 11.2420649529 20.180988 64.758154 1.3339286 20.5025086069 65.4317357593 1.48770240356 0.746383203889 8.81058994357 0
1683 11.292953968 19.716632 62.635567 1.3210663 18.3613755154 62.9938744066 1.43663441435 1.40182179203 6.62156519832 0
1686 11.3561549187 19.127208 60.642471 1.320188 17.169874 60.7262698257 1.42027608424 1.95912700729 5.73462480632 0
1689 11.3798549175 18.573484 58.538556 1.3117791 17.5744580632 58.3568765855 1.43743208174 1.01541136101 7.19938553716 0
1692 11.402244091 18.03732 56.562177 1.3046299 16.3854405577 56.5609517135 1.38562824164 1.65187989672 4.64086312337 0
1695 11.3009798527 17.470308 54.449011 1.30616 16.5735931575 54.4415928411 1.42023186908 0.896745525679 6.53583665961 0
1698 11.3306119442 16.865167 52.414515 1.2995721 14.8130820832 52.2305202569 1.36952883612 2.06031710458 4.00822572814 0
1701 11.3397932053 16.322269 50.452679 1.2871313 15.1432397618 50.9618546257 1.39678424343 1.28427791478 6.28265086993 0
1704 11.4102880955 15.679585 48.421133 1.2791916 14.6185447069 48.4641341791 1.40257249736 1.06191129808 7.06920469112 0
1707 11.4822161198 15.049517 46.343459 1.2810584 13.7870672005 46.3847510804 1.37659041442 1.26312490758 5.47358123473 0
1710 11.3960361481 14.370513 44.264129 1.2685694 13.7929930019 44.4363006431 1.39808155933 0.60263788707 7.42050012526 0
1713 11.606785059 13.728985 42.398373 1.2622613 13.0649059085 42.54135875 1.37044207409 0.679298141056 6.19830177989 0
1716 11.4845509529 13.116178 40.310007 1.2578142 12.7925478015 39.97585486 1.38156129544 0.465181854772 7.09018629567 0
1719 11.439248085 12.482531 38.460523 1.239848 12.7476500685 38.8566247871 1.37744682612 0.476639010356 7.88383200254 0
1722 11.5571379662 12.331027 38.238303 1.1567887 10.4120341492 38.3386662149 1.22288670756 1.92161555373 3.7871368675 0
1725 11.417331934 12.263795 38.100898 1.043782 12.1603677373 37.802669599 1.17558583573 0.315653889319 7.55180351091 0
1728 11.3676538467 12.231882 38.075858 0.90529637 11.1439496726 37.4293843094 1.00659629194 1.26551372243 5.80405799232 0
1731 11.4354460239 12.170047 37.918491 0.7605547 11.3583578534 37.63410554 0.915073697908 0.860066486131 8.8532864347 0
1734 11.5477828979 11.9457 37.868652 0.60051086 11.6944535597 37.6104905658 0.762063601218 0.360238948325 9.25629024058 0
1737 11.5075519085 11.861848 37.85602 0.47073445 11.5485338128 37.5253157424 0.617970254482 0.455555798885 8.43599019005 0
1740 11.4431109428 11.68598 37.868337 0.32347919 11.4073306 37.1865319022 0.490370297883 0.736548490951 9.56215611997 0
1743 11.4998040199 11.634663 37.834152 0.18688423 12.0102073138 37.1711929509 0.172116497863 0.761937157807 -0.846128724418 0
1746 11.5335099697 11.546787 37.799316 0.059161186 11.293627454 37.6525070633 0.0422611071958 0.292647603116 -0.968303188921 0
1749 12.0266370773 11.461332 37.784444 -0.088384018 11.6742188889 37.7064919115 -0.0544081442813 0.226709848824 1.94667416935 0
1752 11.4883790016 11.353119 37.809133 -0.22428348 12.0169317381 37.5714218808 -0.194191071346 0.705091431944 1.72416801126 0
1755 11.5686981678 11.259101 37.929753 -0.36642208 11.488039441 38.3162295836 -0.252858120856 0.449195903164 6.50673556377 0
1758 11.7657132149 11.22919 38.083377 -0.50941267 12.7517252621 37.8159226387 -0.29244319766 1.54584781261 12.4314350483 0
1761 11.5130069256 11.185129 38.110347 -0.64618684 12.3999483113 38.0063044704 -0.442202864067 1.2192665037 11.6874209092 0
1764 11.5870611668 11.588805 37.741111 -0.76036767 12.3119423037 37.8536146148 -0.736148782346 0.731836473089 1.38764004706 0
1767 11.4839761257 13.063467 36.224873 -0.77289998 13.5711175187 36.9353877493 -0.844856403705 0.873235511202 -4.12279938712 0
1770 11.670404911 14.493375 34.807156 -0.77803694 13.8663503391 34.498425049 -0.666269910645 0.698909669069 6.40377907074 0
1773 11.4650771618 15.892318 33.28564 -0.77023756 15.6801484752 33.5375971174 -0.701872185643 0.329390795689 3.91704741547 0
1776 11.4528980255 17.405154 31.857105 -0.77891679 17.5861647486 31.8541244816 -0.72010649335 0.18103528546 3.36958178997 0
1779 11.4542369843 19.008966 30.381332 -0.78385491 18.6525650349 30.8264897538 -0.727211636892 0.57025176348 3.24542048687 0
1782 11.5209801197 20.517371 28.856906 -0.78454873 19.9249397625 29.3911754099 -0.74267681542 0.797758468175 2.39908398556 0
1785 11.4790980816 22.037399 27.308602 -0.78653789 22.0268013235 27.8587589928 -0.790783733569 0.550259054864 -0.243268916953 0
1788 11.414894104 23.470866 25.802264 -0.78746834 23.6586186207 25.7270535132 -0.745302799483 0.202256431022 2.41590751252 0
1791 11.4734170437 25.030138 24.239515 -0.79252133 25.013475761 24.6206539739 -0.776612242211 0.381503011257 0.911523586199 0
1794 11.4787380695 26.508975 22.80392 -0.79210599 26.4554921778 23.1433461577 -0.77984315553 0.343613924026 0.702608660018 0
1797 11.8290810585 27.961008 21.312251 -0.79564812 28.0521280361 21.6037269643 -0.775296182666 0.305386801853 1.16608011417 0
1800 12.1446509361 29.36401 19.750057 -0.78815021 29.2888871484 19.8236279122 -0.798517415401 0.105148095312 -0.593997114816 0
1803 11.5003321171 31.016391 18.179875 -0.79578372 30.8014369818 18.9835010145 -0.756865745154 0.831877395511 2.22983570587 0
1806 11.788383007 32.405165 16.663972 -0.79079715 32.1096519697 17.2498347682 -0.787015829221 0.656173097759 0.216653721645 0
1809 11.8447110653 33.875627 15.226881 -0.79213801 33.5817808521 15.4607932843 -0.803036580261 0.375580238262 -0.624442078657 0
1812 11.5147178173 34.400964 14.714584 -0.72873329 34.3945875786 14.8000647913 -0.751552841393 0.0857182852755 -1.30746398521 0
1815 11.4364609718 34.541831 14.529671 -0.59347242 33.9231425599 14.773435502 -0.653454739763 0.664978584844 -3.43673376785 0
1818 11.4812841415 34.648846 14.435796 -0.47955783 34.1772792333 15.1407864519 -0.504011703397 0.848166701068 -1.40110373841 0
1821 11.4427549839 34.668797 14.324629 -0.34405458 33.9299896613 15.1690363474 -0.392223894254 1.12198932795 -2.75989840877 0
1824 11.4241669178 34.864126 14.20779 -0.22615765 34.2939882611 15.0438596949 -0.23877218619 1.01196322861 -0.722759684228 0
1827 11.7148959637 35.017605 14.088235 -0.094353638 34.8761100397 15.5066131049 -0.142995141407 1.42541827977 -2.78695285439 0
1830 11.3493721485 36.599142 14.0692 -0.022879679 36.4459575419 14.7085652059 -0.0281828864243 0.657459766578 -0.303851403296 0
1833 11.5829460621 38.63985 14.009333 -0.014813302 38.1514550594 14.8649008077 -0.0377719362327 0.985152725004 -1.31543284492 0
1836 11.4490668774 40.768535 13.925491 -0.0089087199 40.01618787 14.2853655979 -0.0331910530492 0.833987967648 -1.39127520618 0
1839 11.4480040073 42.905865 13.952369 -0.011506708 41.9602917086 14.8762348473 -0.0113636072338 1.32198220609 0.00819906994884 0
1842 11.4277870655 45.04117 13.838962 -0.010052037 44.9972839426 15.1456488296 -0.0228997655296 1.30742359494 -0.736120621076 0
1845 11.4131250381 47.095509 13.764363 -0.008210261 46.0612009609 14.8519007233 0.00224880878089 1.50084356922 0.599260556078 0
1848 11.8534619808 49.256947 13.750747 -0.012245698 48.4755439554 14.9278505254 -0.000190011588521 1.41285647809 0.690739950511 0
1851 11.4002590179 51.347189 13.680192 -0.017629817 50.7638386591 14.7747230171 0.00271596528477 1.24028051975 1.16572745581 0
1854 11.4482009411 53.510554 13.649042 -0.0075411209 52.4909720739 15.0504330266 0.013145998254 1.73304475226 1.18528461781 0
1857 11.4570560455 55.608657 13.581194 -0.0077936973 54.6995648777 15.1489223647 -0.00778899240777 1.81224190223 0.000269570468022 0
1860 11.5212991238 57.666716 13.591636 -0.01411162 56.8733407657 15.1449309314 0.00233735589779 1.74418158639 0.942456896256 0
1863 11.5682430267 59.905766 13.533857 -0.012519778 58.8126029008 14.9494246395 0.00119683560143 1.78852936884 0.785904068574 0
1866 11.5173330307 62.027534 13.447994 -0.021676244 60.8777906665 15.0698840799 -0.00395162783829 1.98807373213 1.01554569956 0
1869 11.5121130943 64.181261 13.371995 -0.025327169 63.2994182592 15.2376781908 -0.00535156356463 2.06359404633 1.14451788467 0
1872 11.84446311 66.241252 13.310079 -0.024907545 65.2947286246 14.8353615036 0.00857616016267 1.7951025642 1.91847498828 0
1875 11.7360839844 68.444119 13.24669 -0.026304862 66.8115113639 15.0987441605 -2.18608812239e-05 2.46890913299 1.50590503704 0
1878 11.4109218121 70.49734 13.123327 -0.017605166 69.1383631098 15.1243683051 -0.00343592134064 2.41888083475 0.81183791787 0
1881 11.4718809128 72.634932 13.039101 -0.019360635 71.8316257049 15.1179357223 -0.00514922471206 2.22864416328 0.814253830428 0
1884 11.5025010109 74.720419 12.994859 -0.019347658 73.6534292415 15.1248325137 0.0096830748627 2.38227922673 1.6633384692 0
1887 11.4902391434 76.914825 12.90632 -0.036038761 76.1685095368 14.6449266023 0.0026350724937 1.89202000204 2.21584743678 0
1890 11.381788969 79.004774 12.78569 -0.032634565 78.1949076843 15.2179503021 -0.00262138199864 2.5635470791 1.71962871573 0
1893 11.4374980927 81.177999 12.691712 -0.029848436 80.9758839301 14.9762859521 0.0104324023885 2.29349703383 2.30792203491 0
1896 11.5982670784 83.222919 12.597068 -0.02122413 82.1286389578 15.065428144 -0.00110237872588 2.70004640905 1.15289142442 0
1899 11.4238510132 85.390174 12.538762 -0.021700441 84.4715383891 14.7685441442 -0.000678947768353 2.41160108564 1.20444284124 0
1902 11.2756199837 87.449986 12.512039 -0.030894579 86.6495702977 14.8485908235 0.00167477754449 2.46984609242 1.86608667146 0
1905 11.4313521385 89.572355 12.414566 -0.034322832 88.3047209357 14.7208006885 0.00590662189347 2.63165623885 2.30497792021 0
1908 11.3835189342 91.713838 12.339838 -0.030338307 90.3047070781 14.885618415 -0.000185121368409 2.90975048351 1.72765027556 0
1911 11.713313818 93.866625 12.234111 -0.027880568 92.8646754035 15.103565142 -0.000963142705886 3.03935356075 1.54225486471 0
1914 11.4420268536 96.027017 12.118277 -0.016096141 95.1520125788 14.8350068716 -0.00197099884452 2.85416431414 0.809311030531 0
1917 11.4928321838 98.003729 12.063433 -0.023465033 97.0389665326 14.9240708956 0.0121856887523 3.01894282628 2.042635893 0
1920 11.3883109093 100.1865 11.996018 -0.023536261 99.1091585913 14.8541738691 0.00711831831092 3.05445895094 1.75637801726 0
1923 11.433134079 102.26857 11.921444 -0.023061579 102.067031174 15.2347496361 -0.00141300546654 3.31942948962 1.24037189595 0
1926 11.4670860767 104.50291 11.810699 -0.022632517 103.901281651 14.8321956893 0.00979993350392 3.08081140509 1.85824253314 0
1929 11.2944550514 106.528 11.779433 -0.025937223 105.73898397 15.119993775 0.0138959521402 3.43247615978 2.28227282014 0
1932 11.3251180649 108.61821 11.737233 -0.017267816 108.228190715 15.0558138665 0.00362738648753 3.34142095676 1.19720691461 0
1935 11.4120411873 110.65428 11.638117 -0.015586443 109.229220951 15.0476558917 0.00880089428906 3.69536855356 1.39729150022 0
1938 11.4524259567 112.94226 11.558687 -0.011710616 111.407106924 14.9770690049 -0.00354448017291 3.74726973901 0.467885117823 0
1941 11.4279899597 114.89636 11.528856 -0.01668203 113.729258847 15.0878614325 0.00624734447751 3.74548324899 1.31375638444 0
1944 11.4859340191 117.03777 11.494892 -0.018548407 116.558715918 14.8971432569 0.000408979421887 3.43581233902 1.08617823257 0
1947 11.4411849976 119.07747 11.406331 -0.016261061 118.098030487 14.9905719272 0.0142388103475 3.71565401845 1.7475139039 0
1950 11.4971790314 121.291 11.334615 -0.012126455 120.135548513 15.0617554899 0.00121109689381 3.90213331031 0.764185432552 0
1953 11.5081999302 123.43737 11.229443 0.0013807468 122.624892064 14.9307392649 0.00784092713038 3.78942138558 0.370141067824 0
1956 11.4046261311 125.58554 11.258252 -0.0049853053 124.35044456 15.250875964 0.0215397420272 4.17929502003 1.51977326323 0
1959 11.4839498997 127.50849 11.183265 -0.012828209 126.303783763 15.0486004516 8.2274070136e-05 4.04872020153 0.739716191394 0
1962 11.4095070362 130.28779 11.390648 -0.01314096 128.804160488 15.0746056692 0.00429051641419 3.97148594815 0.998750029215 0
1965 11.5336430073 132.78769 11.256475 0.0084755214 131.417666609 15.1008110156 0.00869103054097 4.08116202732 0.0123477642242 0
1968 11.4319989681 125.9239 10.596074 0.27888777 133.010288933 14.6480936609 -9.53565880027e-05 8.16307365206 -15.9845557089 0
1971 11.4127328396 93.936275 13.265891 0.84250578 133.296510585 14.7354321798 0.00239605764677 39.3876591913 -48.1347414187 0
1974 11.4708249569 59.212281 6.4432491 1.3602712 133.991819043 14.6626468259 0.00975434969337 75.2298996998 -77.3789156839 0
1977 11.4380869865 41.747696 3.5851691 1.5088422 138.781774116 13.020011244 0.0219400658567 97.4916845789 -85.1932168354 0
1980 11.4954960346 40.889782 2.6549702 1.6071612 79.8492694108 80.5564795545 1.15854404021 87.1004409806 -25.7038698731 0
1983 11.417593956 40.408125 3.8011614 1.6070032 61.9485953288 104.965622633 -2.96664548721 103.432297077 97.9492332472 0
1986 11.4964578152 40.388712 5.5337894 1.5172855 38.3947554906 95.0962577074 2.94937673729 89.5846615883 82.0527837744 0
1989 11.4432961941 40.44034 7.6724587 1.5542124 108.659204748 77.5252192941 -2.08018468243 97.6382182866 151.764386102 0
1992 11.334941864 40.554207 9.7439313 1.5604739 34.3109066865 90.9242993317 2.72324543677 81.4200893672 66.6219015946 0
1995 11.8872079849 40.580821 11.876658 1.5652859 82.9022701386 89.9651763051 1.65975851208 88.8196022749 5.41288195196 0
1998 11.4646508694 40.665042 14.024391 1.567666 30.6258779092 93.4172236654 -2.91809200255 80.0250379211 102.984998537 0
2001 11.401432991 40.771617 16.174621 1.5548315 30.3270137515 83.818535021 -1.99180558192 68.4455173192 156.792663742 0
2004 11.5545220375 40.847233 18.25792 1.5551713 59.1747757812 133.94146177 0.916761982979 117.126344862 -36.5781594671 0
2007 11.5519220829 40.88758 20.352438 1.5597309 24.0071403146 90.5324202545 -2.59993399807 72.1815707311 121.668757152 0
2010 11.4174060822 40.971014 22.508388 1.5678505 22.8317373535 98.4182845289 2.88219890149 78.0470739252 75.3066162152 0
2013 11.3947060108 41.044823 24.54743 1.5705547 109.177636768 125.154698485 0.147109029605 121.506801389 -81.5574292798 0
2016 11.44490695 41.105608 26.696222 1.5717508 64.1883783219 75.8611600058 -0.560843987099 54.3139523037 -122.188680712 0
2019 11.4935421944 41.160404 28.869777 1.5672714 16.0478761452 101.382084501 2.6223362209 76.7376947421 60.4507613504 0
2022 11.4241080284 41.204205 31.003136 1.5608691 84.5048717505 112.821621861 2.40961779795 92.5700403454 48.62971826 0
2025 11.3712389469 41.244227 33.116661 1.5660557 83.5119015208 112.568484894 2.48625456783 89.9952700396 52.7235114392 0
2028 11.5676591396 41.277887 35.228156 1.5643441 39.5527391149 35.6816582439 1.57652185235 1.78375993643 0.697733813703 0
2031 11.5104608536 41.31792 37.33529 1.5797774 38.3898044056 37.200666043 1.65921696053 2.93120871728 4.55155154476 0
2034 11.4421758652 41.419072 39.474789 1.5713492 39.0022141081 39.0258502445 1.60007397073 2.45820017005 1.64580813006 0
2037 11.4828031063 41.429937 41.518923 1.5745722 39.4257100238 41.7780068522 1.62421442278 2.02090331652 2.84428985107 0
2040 11.5339400768 41.494048 43.684079 1.5737379 39.0945825478 43.4022186524 1.62259419951 2.41596351621 2.79925976464 0
2043 11.9525170326 41.508319 45.798644 1.5762653 38.8549142333 45.5136244153 1.61661527615 2.66866877296 2.31188333691 0
2046 11.370208025 41.512588 47.943477 1.5772604 39.1380137924 47.9953618896 1.61053992607 2.37514098725 1.90677638783 0
2049 11.4400858879 41.583607 50.107906 1.5744728 39.1621025852 49.7637650764 1.60393038321 2.44583658611 1.68779519283 0
2052 11.4068880081 41.632502 52.265699 1.5728612 39.2374938719 51.6550345243 1.60488885477 2.47163408208 1.83504944619 0
2055 11.4693410397 41.660201 54.305408 1.5732479 39.1616429513 54.037794585 1.60570467629 2.51284883404 1.85963629792 0
2058 11.4226629734 41.689009 56.508616 1.5685378 39.1763767954 56.6407590578 1.59939870418 2.51610460503 1.76819956129 0
2061 11.4577839375 41.794127 58.57462 1.5657057 39.1632182853 58.4188688246 1.60586524959 2.635514958 2.30097269849 0
2064 11.4260029793 41.856016 60.76704 1.5641567 39.4128952931 60.3657574937 1.62020528146 2.47585670799 3.21134716507 0
2067 11.4426839352 41.858156 62.785084 1.5639758 39.0512820717 62.8659974654 1.59508706265 2.80803992817 1.78254404512 0
2070 11.4490578175 41.958088 65.023529 1.5767642 39.1276040033 64.8129581065 1.61057504473 2.83830578991 1.93721870476 0
2073 11.531637907 41.99726 67.044355 1.5737097 38.9617135767 66.5280582245 1.59865714317 3.07914021255 1.42938320323 0
2076 11.4365508556 42.044947 69.102812 1.5759217 38.7845909591 69.0443493288 1.61559579861 3.2608801569 2.27315840651 0
2079 11.4181568623 42.097902 71.261122 1.5727544 38.723185883 71.1909320315 1.60621916978 3.37544597079 1.91739007067 0
2082 11.4344577789 42.114798 73.459441 1.5684742 38.5917747029 72.9165456421 1.60621637417 3.56460776549 2.16246728978 0
2085 11.4082710743 42.172982 75.545483 1.5804547 39.3908088137 75.1822743154 1.61416049268 2.80578120796 1.93119966594 0
2088 11.4488749504 42.213453 77.648417 1.5799022 38.9431209687 77.7375646415 1.58874279011 3.27154686611 0.50652850168 0
2091 11.3694429398 42.308345 79.80823 1.5843424 38.9089696803 80.0246655713 1.59337909091 3.40625849297 0.517764250153 0
2094 11.3678050041 42.259747 81.948131 1.5870316 38.796349154 82.4275732582 1.5902013452 3.49642524856 0.181613021813 0
2097 11.4440729618 42.325886 84.065588 1.5841531 38.8448646419 84.1760098053 1.60902511482 3.48277226803 1.42506147711 0
2100 11.4190070629 42.338042 86.100283 1.5789413 38.0824694735 86.4283748616 1.60234859781 4.26820123682 1.3411393741 0
