3 11.5163462162 72.513547 45.80148 1.6808269 128.209102166 120.965608004 1.75768810728 93.5502057928 4.40382278542 0
6 11.5303277969 72.505015 45.806851 1.6805552 3.29336791914 55.3757015881 0.722957218725 69.8699863548 -54.8663227973 0
9 11.7524580956 72.51553 45.801787 1.6811119 8.93207291419 1.38735766222 1.97548547795 77.5596386556 16.8663636169 0
12 11.4086549282 72.511327 45.798497 1.6805172 3.62905759397 44.8119332351 0.917206730362 68.8893340553 -43.7344683684 0
15 10.9537820816 72.518426 45.80176 1.6806948 135.895137018 46.6108288382 2.68833564962 63.3818751047 57.7335679485 0
18 11.6031491756 72.509508 45.806599 1.6825332 71.6947832423 24.4456113816 2.67959703006 21.3765190914 57.1275493677 0
21 11.731926918 72.510969 45.800989 1.6811293 15.9614188767 12.3196599209 0.845666847449 65.7179657023 -47.8684724728 0
24 11.1502199173 72.522343 45.818169 1.6838228 94.1907814585 45.5155313129 2.58690461136 21.6705517881 51.7427763462 0
27 11.2781670094 72.508499 45.799812 1.6808804 107.124339828 98.2028244636 -1.96142024925 62.8039182814 151.31154508 0
30 10.7693419456 72.523901 45.815543 1.6832165 113.461999875 67.4629947793 2.0217846711 46.3091795226 19.3985272812 0
33 10.8089148998 72.511009 45.802779 1.6808191 43.5036195726 75.932389288 2.61473138238 41.8237021017 53.5092322158 0
36 10.9082670212 72.527172 45.853315 1.6851825 110.770309871 59.0179130281 -0.587981998404 40.445571271 -130.242731898 0
39 10.8901889324 72.188088 49.017093 1.6798669 24.6197095915 97.4024294912 0.213245855147 67.8519816349 -84.0311960151 0
42 10.9209699631 71.804616 53.279503 1.6643548 76.0164681393 55.4844043244 -1.34716392946 4.75408122498 -172.547313123 0
45 11.0772240162 71.568933 57.324136 1.642571 17.4463425049 33.3870313006 -1.72711996541 59.1797244273 166.930929418 0
48 10.8246212006 71.37336 61.652431 1.6431927 111.398129318 67.2399572268 2.29893778298 40.4129015078 37.5714256914 0
51 11.2021551132 71.165072 65.844712 1.6344026 68.6479861437 119.108975351 -1.5039612959 53.3237045932 -179.815005811 0
54 11.3780829906 70.960331 70.343426 1.6128178 68.9676752751 118.196419168 -1.29618690179 47.8944634793 -166.673691996 0
57 10.9882490635 70.885213 74.631613 1.6236159 111.081535531 45.3584388594 -2.37471535484 49.7258792713 130.912494002 0
60 11.525272131 70.832043 79.069602 1.6124517 14.2441982303 15.3705361022 -1.92749090315 85.204196915 157.176229121 0
63 11.0437970161 70.841819 83.283634 1.5826474 65.6887124063 80.5599253182 -0.736248842501 5.82864448649 -132.862967824 0
66 11.4213418961 70.897044 87.066595 1.5142468 142.83605007 45.0602206743 -1.08484237116 83.3051983869 -148.916840085 0
69 10.7463078499 70.898205 87.488163 1.2381173 55.3963844455 109.52404107 -2.57829736059 26.9422783528 141.335547076 0
72 10.9822402 70.648486 87.373684 0.94938085 24.5484765104 63.8881359779 0.752432644648 51.7376250019 -11.2843009493 0
75 11.0304660797 70.490448 87.162959 0.64684814 100.445309375 94.4277392228 2.63907530363 30.8232177375 114.146208307 0
78 10.8445391655 73.090524 88.460194 0.4660111 52.537417407 107.341092093 3.01870202517 27.9091114765 146.258416413 0
81 10.6934130192 76.750616 90.291223 0.4640309 48.1294218538 109.358549833 2.99488726167 34.3909247756 145.007388078 0
84 11.4632880688 80.704264 92.172539 0.45240664 43.0363375067 110.371973291 3.04273768277 41.8341020559 148.415036293 0
87 11.1369731426 84.637734 93.972859 0.42386385 35.9091208083 109.874240456 3.10316189924 51.2575036047 153.512470279 0
90 11.1729319096 88.678811 95.730817 0.41656148 29.8677381648 71.2914515337 -3.11349280785 63.6869285837 157.742787854 0
93 10.7073810101 92.647535 97.41769 0.40779386 25.2454746816 70.4161254538 3.13016741971 72.6093810958 155.980515229 0
96 10.7913219929 96.759828 99.128022 0.39320766 86.9025840288 135.832720415 2.28679837247 38.0052646942 108.49475595 0
99 10.8355770111 100.07577 100.58602 0.32958371 14.7783479942 69.540509048 -3.05762937592 90.7715481365 165.926985865 0
102 10.9413039684 100.12714 100.52966 0.1390585 21.6033123587 111.09552211 2.67349003255 79.2314896337 145.21223028 0
105 10.8752319813 100.08551 100.52401 -0.14356162 96.6921848652 103.237639519 -0.129294475109 4.34493275412 0.81744718795 0
108 10.8621940613 99.772178 100.71077 -0.40700642 70.3167615265 126.948208834 0.698616944431 39.446479643 63.347552513 0
111 10.8772752285 99.760338 100.7618 -0.66729138 20.6822698829 108.655764484 1.95354646422 79.4710987241 150.162947262 0
114 10.9019570351 99.638101 100.95548 -0.8821311 74.951257743 107.726260244 -1.85858967496 25.5985096268 -55.9469552147 0
117 10.7704620361 99.549051 101.11221 -1.1251977 97.3073732908 103.713902528 -1.08701208873 3.43422814651 2.18787436403 0
120 10.9365518093 100.80276 98.46873 -1.1938854 98.5673413564 100.60187452 -1.18194220006 3.08988706223 0.684294950302 0
123 10.9782328606 102.35582 94.496879 -1.1822805 99.8349667628 96.2601353798 -1.18053809839 3.07632477223 0.0998322584317 0
126 10.8407409191 103.84912 90.431736 -1.1842505 102.080674579 91.5777836029 -1.15135090869 2.10732634303 1.8850077296 0
129 10.8179068565 105.46668 86.336829 -1.1831903 103.476583968 88.4613171955 -1.18350919374 2.91100194221 -0.0182712652519 0
132 10.8259818554 106.96067 82.891423 -1.1821311 104.807655852 84.361323049 -1.17224349006 2.6069284756 0.566518319031 0
135 10.8563818932 108.13488 79.987125 -1.1809983 106.376105414 81.5000539041 -1.16943831975 2.31996592954 0.662338079852 0
138 10.7906270027 109.11096 77.465416 -1.174964 108.106686441 78.6420909389 -1.17065981263 1.54697423777 0.246611770411 0
141 10.8207068443 110.00241 75.115832 -1.1797573 108.102749621 77.1791135374 -1.17734288252 2.80461053608 0.138335931869 0
144 10.8944959641 110.9669 72.896666 -1.1819268 110.787220715 74.5882907689 -1.14213370105 1.70114050098 2.27997662366 0
147 10.8930521011 111.79529 70.750926 -1.1680053 109.201553516 73.8399494481 -1.16931079892 4.03355114146 -0.0747995784654 0
150 10.8772559166 112.62755 68.634671 -1.166408 110.462821151 71.6869779712 -1.16965143358 3.74200866324 -0.185835055372 0
153 10.9467418194 113.50263 66.493746 -1.1746568 111.402958855 69.1160675847 -1.17354442862 3.35934359846 0.0637341855812 0
156 10.7782201767 114.39844 64.423702 -1.1690506 112.489180583 67.6053620945 -1.15705613453 3.71055689583 0.687232248819 0
159 11.0535669327 114.9392 62.935672 -1.1627449 113.376732395 65.802578653 -1.14442570385 3.26503579982 1.04961262325 0
162 10.7085809708 115.58582 61.52951 -1.1720902 114.158755439 64.6095623458 -1.14349828339 3.3945891818 1.63819614997 0
165 11.0202031136 116.16312 60.165609 -1.1710096 114.516188864 62.2523618976 -1.16438486479 2.65836788706 0.37956936783 0
168 10.5380439758 116.71267 58.758483 -1.1690165 114.859246479 61.4152178252 -1.15978761667 3.23935467033 0.528776064381 0
171 10.724394083 117.29804 57.404001 -1.1730259 115.136032411 60.3677416559 -1.16686806127 3.66851952294 0.352818169975 0
174 10.6674220562 117.3062 57.346669 -1.1782941 114.965851927 60.4356432775 -1.20367689174 3.87543432299 -1.45432683894 0
177 10.8298780918 117.30973 57.394113 -1.1925087 114.904163805 59.9816685299 -1.25658945018 3.53301462506 -3.67155653308 0
180 10.6864161491 117.3509 57.478875 -1.2542253 114.916406856 60.3166495062 -1.3048749605 3.7389465116 -2.90201178047 0
183 10.6925530434 117.31554 57.561663 -1.3141336 114.91790627 60.0456818269 -1.38021781168 3.45239004676 -3.78634642157 0
186 10.7121641636 117.31761 57.625945 -1.389572 115.150686169 60.3071272906 -1.42292250038 3.44736092727 -1.91084291641 0
189 10.8090960979 117.34247 57.653648 -1.4539696 115.476747355 60.7670971172 -1.49542980941 3.62966753204 -2.375495017 0
192 10.8481359482 117.36058 57.739095 -1.5147103 114.966099371 59.9410221781 -1.55611880787 3.25300181066 -2.37253273688 0
195 10.9370820522 117.34118 57.80351 -1.5718326 115.516174237 60.165600844 -1.58902480726 2.98498227628 -0.985040916568 0
198 11.6711709499 117.32521 57.826191 -1.6475747 115.409405403 60.3162116043 -1.63335735339 3.14173675909 0.814593956865 0
201 10.9237270355 117.28663 57.948056 -1.7072698 114.938222882 59.9238812735 -1.71349904516 3.06902289075 -0.356909457235 0
204 10.6403250694 117.37131 58.006137 -1.7818651 116.176464944 60.0425444923 -1.76839562297 2.36106124063 0.771744186195 0
207 10.7938120365 117.40314 57.989067 -1.8555926 115.554073428 59.3738982538 -1.82864690795 2.31015254652 1.54387443079 0
210 10.7603638172 117.02719 57.008887 -1.8977403 116.045860525 59.2911417128 -1.87641269044 2.48428945821 1.22198201494 0
213 10.8860340118 116.38504 55.250118 -1.9095407 114.871675085 57.0371683432 -1.85302869949 2.34175624129 3.23789912109 0
216 11.1049640179 115.67443 53.450651 -1.9075572 114.894271049 55.7018597732 -1.84157634983 2.38255932346 3.78042424317 0
219 10.8254361153 115.02136 51.574537 -1.9165104 114.238561233 53.6158781892 -1.88679819062 2.18628629422 1.70238419752 0
222 11.039304018 114.35753 49.684701 -1.9233127 113.906114892 51.5688853758 -1.89180624143 1.93750519014 1.8051871037 0
225 10.7462952137 113.59486 47.870819 -1.9110101 113.504193325 49.8506603178 -1.90696424789 1.981916267 0.231810250525 0
228 10.671998024 112.87829 45.986656 -1.9118326 112.389742097 47.735184903 -1.92175266107 1.81549783217 -0.568377631963 0
231 10.7068231106 112.17059 44.128463 -1.9122248 111.663254155 45.925093338 -1.89611641613 1.86688784637 0.922942410741 0
234 10.6345129013 111.43202 42.277019 -1.9027456 110.667847319 44.4356857127 -1.9230881385 2.28993490371 -1.16554160075 0
237 10.8541321754 110.82393 40.37458 -1.9174412 109.986596365 42.6799701354 -1.91350833625 2.45274362573 0.225336494168 0
240 11.6360290051 110.14399 38.567468 -1.912432 109.675162685 41.165977832 -1.91070757573 2.64046442847 0.0988022325185 0
243 11.3037190437 109.42625 36.696167 -1.9074722 108.945104592 38.3192864123 -1.89453751126 1.69293163788 0.741103074187 0
246 10.8466148376 108.96452 35.308972 -1.917648 108.467601908 37.178297002 -1.91143190343 1.93424495694 0.356156098736 0
249 10.7997410297 108.91335 35.330429 -1.9171391 108.436097665 37.7468948307 -1.9511010623 2.46314370311 -1.94587710404 0
252 10.7275569439 108.9585 35.348205 -1.9450374 108.595556468 37.3785146162 -1.99795999602 2.06249488368 -3.0322413926 0
255 10.8523218632 108.97674 35.368834 -2.0165302 108.564071007 37.3784295896 -2.07323319014 2.05152873043 -3.24884202084 0
258 11.0606899261 108.99865 35.397074 -2.0803106 109.335888649 37.3405030143 -2.10090613804 1.97247211383 -1.18003740674 0
261 10.8203420639 109.05048 35.474836 -2.159245 108.704535086 37.2739239922 -2.16069366403 1.83204680267 -0.0830023346359 0
264 10.9794080257 109.09365 35.518169 -2.2238592 108.892197092 37.3488332366 -2.22248994194 1.8417151847 0.0784527079689 0
267 11.3017618656 109.14301 35.568827 -2.2920109 108.59108977 37.9930056104 -2.29786131513 2.48621356184 -0.335204095331 0
270 11.2975158691 109.24021 35.586114 -2.3597618 108.652618973 38.3641360935 -2.35272636579 2.83948410232 0.403100687306 0
273 11.1196660995 109.32691 35.57971 -2.4292889 107.996710753 38.2104610071 -2.40623091465 2.94792823818 1.32112524479 0
276 11.0596499443 109.34422 35.612178 -2.4970016 109.15011854 37.2913195174 -2.48506881551 1.69032293139 0.6836981894 0
279 10.9181699753 109.45255 35.562283 -2.5751384 109.068852271 37.1775765236 -2.53447425956 1.66024007731 2.32988362476 0
282 10.6947340965 109.51035 35.610832 -2.6455993 109.711963813 37.4286692477 -2.5560536855 1.82898343044 5.13058578477 0
285 10.6450688839 109.52669 35.619453 -2.7060079 109.129407567 37.3809373284 -2.64406553801 1.80572987194 3.54903591523 0
288 10.716078043 109.56751 35.667144 -2.7779359 109.093071686 36.33249185 -2.7381659092 0.817177750024 2.278652624 0
291 10.6874251366 109.58407 35.725569 -2.8421247 109.476041306 36.84379981 -2.71133869819 1.12343684433 7.49348592332 0
294 10.7391421795 109.62066 35.728072 -2.9074408 109.059214622 37.2352893882 -2.80600119454 1.60839210624 5.81206126824 0
297 10.8456997871 108.40689 35.538158 -2.9474042 108.771600143 36.9611406871 -2.88890403411 1.46897692853 3.35181260603 0
300 10.8920390606 106.63579 35.154474 -2.9731605 105.664633505 36.8166907235 -2.90813598487 1.92512580747 3.72563028157 0
303 10.7587871552 104.74277 34.838538 -2.9724974 104.960815953 36.2466980022 -2.88094412778 1.42494162311 5.24561609881 0
306 10.6962161064 102.71686 34.507066 -2.970186 101.292312389 35.8757165442 -2.85860579638 1.97548480327 6.39307474456 0
309 10.8302600384 100.87602 34.149296 -2.9774562 99.88728989 35.3686391786 -2.89380897221 1.56983598429 4.79263312041 0
312 10.7930240631 98.917573 33.856952 -2.9648121 98.472388835 34.6860345336 -2.89002243022 0.941045582413 4.28513242982 0
315 10.6408379078 96.872255 33.519705 -2.9713846 96.1859031836 34.1317192515 -2.93346919306 0.919587005069 2.17239279608 0
318 10.6614508629 94.700759 33.157106 -2.9752463 93.9983157269 34.2003263399 -2.88697391729 1.25767055682 5.05763497659 0
321 10.859639883 92.656194 32.878926 -2.9695623 92.015250871 34.0930842492 -2.92850915454 1.37294877862 2.3521719704 0
324 10.7702970505 90.628889 32.525228 -2.9736018 89.6144363044 33.5629830262 -2.94479865027 1.45122354107 1.65029891594 0
327 10.6941950321 88.510396 32.191288 -2.9695852 87.2867497016 33.1962207131 -2.95576825673 1.58341403979 0.791652535197 0
330 10.7041599751 87.334812 32.006658 -2.9896435 86.185178388 33.7126972865 -2.97491484219 2.05723782999 0.843889930195 0
333 10.7197551727 87.328365 31.983283 -3.0015998 86.3001948502 33.1707645189 -3.03118169643 1.57074702439 -1.69491781546 0
336 10.7669250965 87.328448 32.00285 -3.0442403 86.4698184653 33.7129471127 -3.09447152191 1.91355083881 -2.87803701499 0
339 10.8322098255 87.480424 31.977098 -3.121648 86.3831122906 33.8404612318 -2.97194312903 2.16245590041 8.57745727911 0
342 10.7457001209 87.509332 32.088761 3.0972389 86.4056424735 33.9691622392 -3.12240115728 2.18037597473 3.64087462761 0
345 10.7737500668 87.537767 32.004513 3.0032565 86.5777792306 33.7748265827 3.1004663812 2.01384872781 5.56971591986 0
348 10.7217128277 87.588829 31.971963 2.902116 86.5076366268 33.8736922995 3.02025870244 2.18759028988 6.76907822989 0
351 10.7074940205 87.696053 31.883789 2.7788249 86.5204901275 33.9442353216 2.97238410562 2.37221143906 11.0901255681 0
354 10.7948849201 87.777704 31.698119 2.6376296 86.1485529427 33.1518778534 2.78884714862 2.18347154118 8.66412732415 0
357 10.7956609726 87.896098 31.65995 2.4917922 86.3844643388 33.5112144208 2.76744247058 2.3900243265 15.793597126 0
360 10.7866158485 87.958395 31.594625 2.366513 86.2611900778 34.4436504754 2.58575202957 3.31624044774 12.5614710991 0
363 10.7635130882 87.964094 31.460561 2.2184109 86.2695048498 33.2471778073 2.40945675166 2.46244431492 10.9461209933 0
366 10.7124638557 87.708527 31.831987 2.1125682 86.1319877695 34.7756384527 2.32584392624 3.33924539685 12.2197989862 0
369 10.7416799068 86.721318 33.612273 2.0920166 85.0802032995 35.4025304944 2.26953915871 2.42863734554 10.1712933824 0
372 10.7102899551 85.724716 35.405361 2.0873093 84.5948124886 36.5576581872 2.14072987557 1.6138372758 3.06077351951 0
375 10.7130038738 84.755772 37.248267 2.0862059 82.8473017949 38.9048337427 2.01212217153 2.52714698752 -4.24468497199 0
378 10.6639149189 83.690185 39.149374 2.0868314 82.2164372073 40.3070846851 2.12693454729 1.87409353739 2.29774108491 0
381 10.8323171139 82.666747 40.97523 2.090975 81.0609552524 41.5244374071 2.14466087427 1.69711399517 3.07597401533 0
384 10.7702379227 81.635815 42.877142 2.0910396 80.4628360686 43.4749463591 2.11332175346 1.31652938641 1.27667335157 0
387 10.7256650925 80.624097 44.699122 2.0805048 78.8283487599 45.2574296192 2.14237598213 1.88053692849 3.54495760979 0
390 10.6981208324 79.602515 46.546403 2.0762437 78.0225788182 47.5085595338 2.10433556022 1.84984959769 1.60954502927 0
393 10.8268148899 78.599692 48.40129 2.0808805 77.0333133994 48.9460765301 2.09623473657 1.65841318246 0.879732953261 0
396 10.7199440002 77.532669 50.298142 2.0919608 75.9148162796 50.894166807 2.11416059437 1.72414993416 1.27195452357 0
399 10.6377449036 76.53881 52.074716 2.0854653 75.0322809846 52.669697872 2.10792295555 1.61976328588 1.28672888105 0
402 10.606249094 75.533974 53.92833 2.0838411 74.2826955045 54.6084668324 2.07043966338 1.42417835403 -0.767845757703 0
405 10.6284780502 74.451304 55.860797 2.0823704 73.297402531 56.3135375926 2.11695625241 1.239541304 1.98162337376 0
408 10.6542429924 73.464188 57.689364 2.0801622 71.320909976 58.1717524832 2.13275977635 2.19689311007 3.01361913723 0
411 10.6563677788 72.461178 59.521835 2.0808323 69.8377263176 59.7002925683 2.11994622689 2.62951437224 2.24106293089 0
414 10.7182369232 71.469371 61.42577 2.0898858 69.2451986874 62.2358698086 2.09687644676 2.36710882221 0.400534555151 0
417 10.6056749821 70.386885 63.322712 2.0827703 68.0346554314 64.0483950548 2.13039510572 2.46162544665 2.72870036804 0
420 10.6508328915 69.38246 65.186025 2.0922796 66.7615752182 65.4957415818 2.1177364618 2.63912133115 1.45857074101 0
423 10.6281609535 68.400253 67.014087 2.0893798 65.9317284171 67.4577621247 2.12123690411 2.50807919183 1.82527761312 0
426 10.725728035 67.30799 68.901204 2.089526 64.6169470054 69.0105986758 2.12274755283 2.6932656003 1.9034547658 0
429 10.6860489845 66.315197 70.741557 2.0869248 63.524583052 70.6339858109 2.1225953079 2.79268647852 2.0437695557 0
432 10.7614529133 65.281228 72.464006 2.0745737 62.6528199065 72.4338288235 2.11570876377 2.62858132229 2.35686554423 0
435 10.7224450111 64.283593 74.421326 2.0918621 61.4862894438 74.1261723372 2.11240549578 2.81283182405 1.17704987518 0
438 10.6271591187 63.28447 76.191493 2.091939 60.3852792784 76.2544531803 2.11427786602 2.89987427735 1.2799227419 0
441 10.6683428288 62.204887 78.125252 2.0893553 58.7918973793 77.9787919449 2.12973062987 3.41613066187 2.31333599801 0
444 10.648401022 61.273659 79.948227 2.0960183 58.3737232108 79.822199341 2.12221346346 2.90267300132 1.50087231018 0
447 10.6273889542 60.19879 81.787566 2.089809 56.9945619205 81.486515902 2.12021371887 3.21833943936 1.74206206872 0
450 10.6687021255 59.161438 83.629466 2.0974137 56.8342707818 83.4404974219 2.09582962611 2.33482684257 -0.0907607482729 0
453 10.7704751492 58.11891 85.485673 2.0964985 54.9801997692 85.8831418346 2.10096540272 3.16377676001 0.255934673607 0
456 10.6486039162 57.036783 87.336936 2.0992423 54.9179097603 87.6526333051 2.0729700566 2.14226249432 -1.50528866537 0
459 10.6032390594 56.357629 88.602308 2.124456 54.981183693 88.7382060947 2.10548244294 1.3831377282 -1.08710474184 0
462 10.6657969952 56.200217 88.720884 2.2094598 54.2283569861 88.0316916039 2.21032911482 2.08883174845 0.0498080701215 0
465 10.7600359917 56.199637 89.07416 2.3631742 53.1411564241 87.9970092312 2.35878087788 3.24261579772 -0.251718815252 0
468 10.7392289639 56.109511 89.161307 2.4869631 53.2379465602 88.4040401114 2.47847207955 2.96973659983 -0.486499635445 0
471 10.730189085 56.023191 89.233423 2.608836 52.850735076 88.2582785692 2.61735216529 3.31894309244 0.48794032861 0
474 10.6708869934 54.873312 89.789936 2.6823278 51.9163809123 89.2108278922 2.69482142788 3.01310598187 0.715832148071 0
477 10.7167010307 52.997249 90.667048 2.6986067 49.8599737637 89.8949808958 2.70034344613 3.23087968235 0.0995082232136 0
480 10.7780768871 51.122563 91.609157 2.7018871 47.9057028079 90.8676977412 2.72368844129 3.30120452678 1.24912484365 0
483 10.8423261642 49.137432 92.566213 2.7007601 46.7094074196 91.7417654831 2.7142838375 2.56417960982 0.774853081878 0
486 10.7742609978 47.308569 93.452781 2.7003868 44.6161607934 92.5835346886 2.70846608296 2.82924921152 0.462908814871 0
489 10.8376631737 45.360782 94.336008 2.7008969 42.5519613963 93.2789494764 2.71718042947 3.00114076743 0.932977514484 0
492 10.7199959755 43.468079 95.251019 2.7064338 41.0334255795 94.1881500764 2.71641068323 2.65654430162 0.571633301983 0
495 10.7880461216 41.590918 96.131677 2.7064065 38.2480209208 95.0638993183 2.72606212156 3.50928911026 1.12618415884 0
498 10.8199038506 39.606214 97.06058 2.704478 36.409228783 96.0472889007 2.738024239 3.35372529127 1.92205791326 0
501 10.7720990181 37.718719 97.944153 2.696243 34.6774132702 96.3947528537 2.73263879644 3.41323619979 2.08532552794 0
504 10.8001279831 35.769603 98.891663 2.7044976 32.6140714197 97.4873795987 2.74402351448 3.4538951092 2.26466808123 0
507 10.7621262074 33.862509 99.822852 2.7013631 31.1401717166 98.2953258201 2.73207906469 3.12161120495 1.75989514047 0
510 10.7393519878 31.979521 100.73965 2.7066945 29.2986723745 99.2848961635 2.73765489139 3.05012427252 1.77389975847 0
513 10.7218558788 30.015598 101.64307 2.7044148 27.5739733398 100.75131761 2.7171943826 2.59937556094 0.732216146787 0
516 10.7635748386 28.083667 102.5122 2.7038251 25.802292275 101.470982745 2.7122453802 2.50774879272 0.482446517807 0
519 10.7371680737 26.231599 103.44351 2.6987262 23.2667168329 102.472517817 2.71393220438 3.11983206008 0.871239874254 0
522 10.7067739964 24.326425 104.3449 2.7056645 21.4903396635 103.625852742 2.69595373239 2.92581766266 -0.556385999616 0
525 10.7938928604 23.072168 104.95788 2.6888385 20.1331385565 104.242214935 2.68667670993 3.02490835485 -0.123861447456 0
528 10.7537438869 23.059574 104.94595 2.6093304 19.537458178 104.005612429 2.59385168742 3.64548139626 -0.886864903092 0
531 10.80981493 23.148655 105.02795 2.4881616 19.0826371912 104.140735097 2.47824025489 4.16168849218 -0.568451201723 0
534 10.7257511616 23.15609 104.97342 2.3614352 18.6499738755 103.968094698 2.33967600807 4.6168995539 -1.24670986324 0
537 10.6885578632 23.189116 104.80794 2.2179164 19.3009001274 104.105493297 2.22977122807 3.95115856965 0.679231615541 0
540 10.7126498222 23.170444 104.45908 2.0515088 18.7376011209 104.839304344 2.05108469772 4.44911974919 -0.0242992706322 0
543 10.7842290401 23.203193 104.36781 1.9241471 18.997488845 103.684808404 1.94433458501 4.26080257933 1.15665769004 0
546 10.9574809074 23.268475 104.40083 1.8086424 19.4336003532 104.814074743 1.8033374999 3.85707593576 -0.303948386341 0
549 10.8222920895 23.269141 104.3114 1.6661585 19.1867462232 105.338839709 1.67337104662 4.20970063884 0.413248480826 0
552 10.9357712269 23.273746 104.22596 1.531085 19.4874380933 105.806247828 1.5400844794 4.10285719761 0.515632187342 0
555 10.7927529812 23.201513 103.9692 1.3630267 19.9253357574 104.282957442 1.40801486697 3.29116712689 2.57763209522 0
558 10.6822090149 23.573375 105.47089 1.3112874 19.557391215 105.481454159 1.33436897827 4.01599767967 1.32247701959 0
561 10.8808038235 24.091257 107.45193 1.3021436 19.6397619176 106.94460343 1.34257279555 4.48031122996 2.31642227436 0
564 10.8773441315 24.69734 109.54228 1.2971878 21.0432723725 108.525420663 1.33114157877 3.79291617843 1.9454082222 0
567 10.8398020267 25.24514 111.62222 1.291934 21.7258520472 111.183524315 1.3296217939 3.54652528521 2.15935152975 0
570 10.8094251156 25.838263 113.71051 1.2925571 21.6079145131 113.548524825 1.28107712255 4.23344865535 -0.657754256739 0
573 10.7903540134 26.485855 115.66064 1.2984976 22.1898449808 115.729802268 1.31365316808 4.29656671125 0.868350086824 0
576 10.7307488918 26.666562 116.70228 1.2516028 22.3428527546 116.536472366 1.29615975825 4.32688731193 2.55292565594 0
579 10.6808569431 26.671044 116.66524 1.1445574 22.6877997154 116.742065342 1.15930717272 3.98398508582 0.845099725647 0
582 10.6296458244 26.68282 116.71548 1.0360889 22.6826458333 116.162890903 1.0184955093 4.03816147202 -1.00802703442 0
585 10.644701004 26.598988 116.54426 0.86252405 22.4237532212 116.27279581 0.89107261608 4.18405046149 1.63571234751 0
588 10.8317940235 26.490987 116.49462 0.72378221 22.3072312702 115.883612662 0.753579181771 4.22813693893 1.70724072476 0
591 10.9438381195 26.414554 116.44154 0.58967497 22.4377205934 116.169090592 0.639927983291 3.98615511795 2.87928556936 0
594 10.8698749542 26.30131 116.37003 0.43724496 22.2456099441 116.36767103 0.500030165796 4.05570074193 3.59732730797 0
597 10.7831220627 26.176025 116.35464 0.31453037 21.8456770182 116.155291498 0.362593045937 4.33493407897 2.75378848329 0
600 10.8832979202 26.088883 116.46581 0.14702743 21.8131644282 116.194147989 0.198920209262 4.28434003708 2.9732372389 0
603 10.7682979107 25.977812 116.45377 0.019989929 21.693052681 115.99372848 0.0740867152291 4.30938517904 3.09951753615 0
606 11.147947073 25.890585 116.45549 -0.11586106 23.2795582855 116.045256176 0.0148137431085 2.64305737622 7.48711470682 0
609 13.0510108471 27.617035 116.21759 -0.13548047 24.3284649304 116.081861271 -0.101124660554 3.291369835 1.96844288302 0
612 11.070953846 29.732468 115.90829 -0.14344069 26.0614060795 115.066856325 -0.0905740997871 3.76625892014 3.02903249644 0
615 10.6227190495 31.744289 115.6014 -0.14068963 28.4038745957 115.004866397 -0.0914767805357 3.39326107627 2.81968857212 0
618 10.7514488697 33.87565 115.27561 -0.13567301 30.3224242716 114.712898608 -0.0947948763139 3.59750707964 2.34214453459 0
621 10.6177489758 35.936054 114.9269 -0.14240112 32.822128506 114.859704515 -0.105490483618 3.11465041622 2.11482368382 0
624 10.7967870235 38.113735 114.67885 -0.14674677 34.516008708 114.50826419 -0.116201886867 3.60176817565 1.75009288923 0
627 11.1529710293 40.163768 114.30534 -0.14012204 36.6318727379 114.229775673 -0.084911033208 3.53270351286 3.16335767185 0
630 10.9938328266 42.346763 113.98058 -0.16006212 39.101159224 114.37583546 -0.0903260062551 3.26958265676 3.99558499723 0
633 10.728495121 44.341947 113.67079 -0.15507802 41.1957274763 114.492807106 -0.0844852413571 3.25183170118 4.04466828034 0
636 10.7897632122 46.544067 113.30502 -0.15009707 42.8981672184 114.714124851 -0.0876201508681 3.90872891072 3.57966378324 0
639 10.8119130135 48.557097 112.97025 -0.14631805 45.2376086381 114.074347152 -0.0830102051744 3.4982900833 3.62727231858 0
642 10.991476059 50.586062 112.64729 -0.14866611 47.7473360918 113.860027265 -0.0613033984341 3.08692346123 5.00551465955 0
645 10.7396140099 52.747394 112.3225 -0.14488479 49.7606079496 114.174488087 -0.0819858990071 3.51436349642 3.60384098995 0
648 10.7502160072 54.919709 111.95097 -0.14565598 51.7064333724 113.771781324 -0.053724375439 3.69330395963 5.26729294521 0
651 10.6102941036 56.9199 111.70562 -0.14317608 53.9315503709 113.591716366 -0.069150624815 3.53377885645 4.24134615864 0
654 10.6021709442 58.963864 111.32719 -0.14485493 56.4335701586 114.287298001 -0.0409134949701 3.89417851413 5.95540554375 0
657 10.7289400101 61.070196 111.0267 -0.15209978 57.4888351081 111.984241859 -0.117805442694 3.7071595932 1.96492078882 0
660 10.6787679195 63.25691 110.67843 -0.1447313 59.4725272878 111.875892995 -0.119641023625 3.96931607931 1.43756694309 0
663 10.9895401001 65.338645 110.4192 -0.14848438 61.4741851226 111.846246538 -0.137877888835 4.11952812425 0.607707179172 0
666 10.7022268772 67.412523 110.08404 -0.1445869 63.2810848783 111.524088494 -0.104218294199 4.37521663678 2.31295073723 0
669 10.809650898 69.507235 109.73429 -0.15139682 66.0183092507 111.223664551 -0.114799153602 3.79352599015 2.09689182461 0
672 11.0239191055 71.647859 109.39116 -0.14906575 68.303027931 111.345019149 -0.107283263166 3.87368822371 2.39396015317 0
675 10.7745079994 73.702975 109.06139 -0.1559357 69.9737350663 111.4448739 -0.0924021991368 4.42585878514 3.64020145715 0
678 10.7827570438 75.754203 108.72815 -0.15045699 72.2648608179 110.338643676 -0.132628810891 3.84307152456 1.02147941937 0
681 10.6246709824 77.860742 108.43703 -0.15243836 74.2454598236 109.622617229 -0.149579381235 3.80471842491 0.163807416967 0
684 10.7179279327 79.97813 108.08555 -0.15170568 75.9713324778 109.43511763 -0.153853425714 4.22797341191 -0.123056764892 0
687 10.9144151211 82.120618 107.73965 -0.14888428 78.3230608224 108.929849483 -0.131858936148 3.97970040654 0.975480347476 0
690 10.7404329777 84.192494 107.42985 -0.14593359 80.8370648651 108.74641926 -0.130641640889 3.60447767306 0.876164144609 0
693 10.7652189732 86.28045 107.15458 -0.15823172 82.4485614881 108.882604779 -0.125783133184 4.20350320614 1.8591670757 0
696 10.6912479401 88.385341 106.75858 -0.15035877 84.6046353943 108.586585273 -0.107992305963 4.1994449816 2.42741958222 0
699 10.8638620377 90.512184 106.42958 -0.15443508 87.1335345739 108.777247646 -0.113331845305 4.11422110725 2.35504187239 0
702 10.8094949722 92.541412 106.11165 -0.15857271 89.2516958013 108.557892159 -0.0997172599475 4.09955282524 3.37216888935 0
705 11.4820268154 94.624435 105.7799 -0.14991569 91.2447898109 108.048043182 -0.106144485029 4.0701934961 2.50790530906 0
708 10.8500978947 96.812614 105.41142 -0.16008539 93.3007208994 107.468858548 -0.128577603287 4.07018998668 1.80526320046 0
711 10.9237790108 98.833392 105.05687 -0.15857643 94.3858700882 106.964174486 -0.138815331026 4.839241837 1.13222756977 0
714 11.3579251766 100.9283 104.72764 -0.15390186 97.0363120793 107.231771988 -0.115813747185 4.62798519727 2.1822881139 0
717 10.9173829556 103.02648 104.38009 -0.15580909 99.2150351114 106.736507751 -0.123263397276 4.48105085402 1.86473083439 0
720 10.778660059 103.56436 104.3046 -0.21764658 99.2790187704 106.527317917 -0.182943730613 4.82748634317 1.98832680696 0
723 10.7354948521 103.46604 104.39779 -0.32798619 99.5493625633 107.028059093 -0.300653038356 4.71791030472 1.56607423002 0
726 10.7948820591 103.43166 104.43448 -0.46455789 99.5225260419 107.376365991 -0.436429978812 4.89244534813 1.61161059761 0
729 11.1011869907 103.35806 104.51276 -0.60050128 99.4069533429 107.289860433 -0.551705154588 4.82944413256 2.79581204269 0
732 11.5812940598 103.30537 104.5712 -0.75278089 100.251393228 106.334530208 -0.636016628306 3.52648657268 6.69009939302 0
735 10.9962859154 103.24477 104.73622 -0.88717849 99.8731607228 106.840409998 -0.781955764011 3.97433826763 6.02881810806 0
738 10.8098599911 103.11543 104.83266 -1.0218313 100.191435504 106.453820892 -0.933487937756 3.34333762111 5.06170180458 0
741 10.8838689327 103.3336 104.43355 -1.1359167 99.8086040056 106.466688943 -1.07143449693 4.06930592638 3.69455808981 0
744 10.969217062 104.18264 102.5184 -1.1499809 101.591092206 104.585764942 -1.08490287182 3.31513465387 3.72869635357 0
747 11.4816250801 105.02068 100.61649 -1.1544373 102.523226251 102.845465619 -1.0589059783 3.34747778738 5.47354154498 0
750 11.0468468666 105.97315 98.645528 -1.1675657 104.213271766 101.001902141 -1.05432265105 2.94103221529 6.4883487642 0
753 10.9940218925 106.66644 96.709247 -1.154133 104.955516412 98.9619591823 -1.0960866385 2.82877565423 3.3258115303 0
756 11.0116109848 107.65453 94.805864 -1.1707179 105.232016912 97.2228722359 -1.12109124226 3.42206056 2.8433980399 0
759 10.7751719952 108.36584 92.821603 -1.1639211 106.014574311 95.3403644681 -1.10396977113 3.44566534518 3.43495812028 0
762 10.9443628788 109.18739 90.932737 -1.1605274 106.808538983 92.913563982 -1.11098565846 3.09557873355 2.83853270003 0
765 10.8401689529 110.00551 88.971931 -1.1631703 108.092295538 90.7450012928 -1.12631990075 2.60847998682 2.11137235057 0
768 10.8153460026 110.83946 87.051439 -1.1600004 109.083868454 88.7044328486 -1.12199453702 2.41132543181 2.17757554529 0
771 10.6529471874 111.68317 85.129972 -1.1502451 110.16478897 87.282069474 -1.10603330025 2.63381937334 2.53314953052 0
774 10.7360069752 112.49307 83.177328 -1.1488654 110.945064049 86.1763791631 -1.09995896891 3.37500078556 2.80213209251 0
777 11.1231849194 113.40329 81.226755 -1.149046 111.550355854 83.6603757104 -1.11783518083 3.0587374376 1.78824821344 0
780 10.9959270954 114.20236 79.347389 -1.1522317 111.910755967 81.9417240842 -1.12711985895 3.46150596914 1.4388025077 0
783 10.8281610012 115.10134 77.33273 -1.146946 113.247425455 80.2427263926 -1.12114855128 3.45037362416 1.4780849338 0
786 10.6976029873 115.87569 75.433999 -1.1405871 113.758346767 78.3559961517 -1.1244861678 3.6084913359 0.922515461569 0
789 10.6296179295 116.74641 73.521868 -1.1514597 114.646499443 76.022133303 -1.14379269355 3.26511116682 0.439287111025 0
792 10.7375538349 117.66191 71.592443 -1.1472421 115.478720332 74.3247443315 -1.12154346753 3.49739727429 1.47242317975 0
795 10.6390790939 118.47567 69.543126 -1.1411103 116.701074959 72.0928261112 -1.12223497742 3.10647037901 1.08147632065 0
798 10.6770269871 119.32773 67.660396 -1.1493947 117.387809707 70.5048602224 -1.12260076484 3.44300268012 1.5351794012 0
801 10.6340460777 120.23613 65.736718 -1.1477983 118.477828745 68.1753936655 -1.10771432537 3.00645344275 2.29664257222 0
804 10.7059650421 121.05504 63.851108 -1.1435448 119.642946992 66.2357074822 -1.1111594418 2.77133927092 1.85554434261 0
807 11.4593410492 121.9387 61.889647 -1.1416966 120.174360622 64.1783952885 -1.12310584253 2.88985504305 1.06517194126 0
810 11.6439428329 122.75206 59.947854 -1.134592 121.542424861 62.7519046117 -1.12559919979 3.05383644006 0.51524949823 0
813 12.071906805 123.61313 58.017737 -1.1345099 122.762585389 61.2194553953 -1.10360181901 3.31276724485 1.77090259362 0
816 10.9209868908 124.50226 56.14403 -1.1250591 123.190174623 59.273983775 -1.11825893307 3.3938442317 0.389620865359 0
819 10.7048959732 125.37031 54.195354 -1.1346431 124.043557392 57.5369007906 -1.11399627813 3.59530352511 1.18297575332 0
822 10.8157951832 126.19009 52.293812 -1.120627 124.736518393 55.7300099381 -1.12162786046 3.73099540145 -0.0573450802238 0
825 10.7870228291 127.09539 50.434417 -1.1252352 125.978008062 54.1345472967 -1.11874284609 3.86516579293 0.371984478352 0
828 10.7581789494 127.94916 48.435924 -1.125081 126.86903462 51.7921596931 -1.1151058561 3.52576074961 0.571533645729 0
831 10.9118709564 128.83417 46.49897 -1.1135569 127.208001094 49.3438000943 -1.13547866917 3.27680996961 -1.25602485317 0
834 10.6736938953 129.69028 44.561049 -1.1141866 127.930096566 47.6679427374 -1.15096913404 3.57085905867 -2.10748396036 0
837 10.8337619305 130.6504 42.689185 -1.1179531 128.925122287 45.8760346969 -1.12192293984 3.62389213084 -0.22745506839 0
840 10.5609660149 131.56218 40.752166 -1.1133477 130.402405539 43.4507299196 -1.12737060996 2.93723067345 -0.803453557272 0
843 10.6114029884 131.80181 39.159633 -1.0655485 131.574021887 42.718684087 -1.10258400555 3.56633313982 -2.12197816023 0
846 10.7864570618 89.526265 39.287264 -0.26055386 132.358381148 40.5567115464 -1.09817251954 42.8509238036 -47.992014033 0
849 10.8593330383 49.129117 22.860079 0.57174269 133.629449551 40.1148359075 -1.0892070545 86.2440307338 -95.1654103434 0
852 10.8755600452 45.693587 19.436118 1.0035584 135.473510913 39.2200262636 -1.04860625404 91.9338771295 -117.580373542 0
855 10.8176209927 46.841947 21.209275 1.0214136 38.2923448999 94.0161811014 -1.81509025517 73.3071706733 -162.519699474 0
858 10.7593820095 48.00008 22.972907 1.0079248 135.956143479 27.611231554 -1.17382228083 88.0782785783 -125.004899696 0
861 10.7353289127 49.170996 24.731115 1.014741 134.329803597 28.9826303469 -1.1936215195 85.26486905 -126.529852002 0
864 10.6222379208 50.349541 26.532036 1.0144485 61.09573539 105.661591802 2.77912929613 79.8559158441 101.108761806 0
867 10.7015759945 51.518278 28.351001 1.0069992 80.1385832213 131.75030171 -0.0513629064869 107.287171919 -60.6396818983 0
870 10.7147858143 52.642563 30.101924 1.0170679 63.5449266655 98.0950051916 -0.824314099276 68.8616048566 -105.50341703 0
873 10.7771060467 53.80357 31.912095 1.0183648 96.0730441743 37.8035816431 2.32926100776 42.6780747204 75.1088200841 0
876 10.7608611584 54.946688 33.671099 1.0064723 94.6125095753 40.0397358187 2.53756988166 40.173833974 87.725429452 0
879 10.7055640221 56.161659 35.476636 1.0152563 87.8716948683 130.214813103 2.14794616268 99.9041969868 64.8983486288 0
882 10.7177920341 57.333476 37.252395 1.017552 121.777344683 46.8298774187 -1.19523542124 65.1516721221 -126.783380197 0
885 10.6754488945 58.434052 39.044555 1.0099164 90.5207742696 66.7250764207 2.05884037158 42.3765148653 60.0989166017 0
888 10.6799860001 59.558673 40.733157 1.0155176 83.9729964643 48.7814944289 -2.88278486428 25.7067097387 136.643721531 0
891 10.722741127 60.829575 42.673596 1.0256616 88.1309681299 69.139978377 2.28515530353 38.0241431587 72.1636735356 0
894 10.7328720093 61.938983 44.298725 1.0235902 9.92816156232 72.7902751803 -2.99379889904 59.3034061273 129.820559963 0
897 10.7535049915 63.08776 46.123861 1.0214801 77.0411895455 51.5566185859 3.04881875483 14.9737453921 116.157948566 0
900 10.7864761353 64.233274 47.872937 1.026201 102.080046247 126.836788819 0.131864416727 87.5652217702 -51.2417116857 0
903 10.6682920456 65.367062 49.701179 1.0288308 63.1125975812 51.0432368646 1.0069853994 2.62368617176 -1.25164925615 0
906 10.7528288364 66.47055 51.411163 1.0247772 63.0122999982 51.0115679296 0.959815546742 3.48125972826 -3.72202856185 0
909 10.8020088673 67.601685 53.206336 1.0345375 66.0571919835 54.1469692575 1.02626727418 1.80838314612 -0.473849034899 0
912 10.784250021 68.713633 54.989386 1.0321621 66.053574145 55.0236976731 1.04581903429 2.66028013621 0.782484696056 0
915 10.6996500492 69.889939 56.860516 1.0335194 66.5192915602 57.8753482934 1.02544682724 3.5201063545 -0.462524348795 0
918 10.6690700054 70.97178 58.665246 1.0279054 68.3940612304 60.0259638944 1.05297782314 2.91482199164 1.43654402796 0
921 10.6819019318 72.083269 60.388926 1.0348295 69.794624715 61.8015927365 1.0482605945 2.6895203981 0.769545029102 0
924 10.6861279011 73.21006 62.180545 1.0389104 70.2026376074 63.6219231025 1.04038854577 3.33499029712 0.084691514129 0
927 10.7391409874 74.211219 63.966291 1.0279221 71.2397925207 65.2729708229 1.04059734299 3.24604181757 0.726237927503 0
930 10.7083029747 75.394113 65.876292 1.0355825 72.6037200576 67.0187045659 1.01967858924 3.01519472735 -0.911226964222 0
933 10.6827549934 76.475569 67.55587 1.0353462 73.755778902 68.6905511465 1.03133663321 2.94699159846 -0.229731254656 0
936 10.7360901833 77.652303 69.425792 1.0395167 75.0193581584 70.4556120275 1.02200113725 2.82717665311 -1.00356782124 0
939 10.6063020229 78.72098 71.209083 1.0347632 76.4474633545 72.17573989 1.00288760567 2.47048648657 -1.82633702474 0
942 10.629117012 79.923618 73.070281 1.0406815 77.5756147822 74.3444891723 1.00565947377 2.67146506193 -2.00661429284 0
945 10.6013979912 80.886825 74.813727 1.0240856 78.8676224912 75.9475384572 0.998630412412 2.31575197116 -1.45847481551 0
948 10.5308771133 82.003807 76.66259 1.0354781 80.1836252606 77.8417614452 1.00450535312 2.16875698542 -1.77460767604 0
951 10.730656147 83.149971 78.458347 1.0359732 81.1995884188 79.6211755627 0.992071140482 2.27071849409 -2.51540272232 0
954 10.6240680218 84.209192 80.07724 1.046865 81.866000347 81.0886123768 1.02255503257 2.55214051482 -1.39285853406 0
957 10.6751930714 84.421821 80.346791 1.1291589 81.731449679 80.9255174902 1.12124040758 2.75191246139 -0.453696195799 0
960 10.5564780235 84.549549 80.462185 1.2384433 81.7816996846 80.6633618264 1.2298731463 2.77515079735 -0.491033636702 0
963 10.6628420353 84.477315 80.645515 1.377415 81.8995333874 80.8955246355 1.31593754775 2.58987699707 -3.52239854932 0
966 10.57396698 84.491575 80.745704 1.5042297 81.9055517559 80.9563454236 1.48485964057 2.59458783399 -1.10982265419 0
969 10.6320819855 84.58151 81.604236 1.6242617 81.5347764806 81.9808035801 1.61382819816 3.069916657 -0.59779562102 0
972 10.7004790306 84.52138 83.606555 1.6450761 81.6418363964 83.9484900251 1.64854740475 2.89977428886 0.198891111558 0
975 10.9048359394 84.450105 85.633891 1.6510189 81.0133707947 86.7430510022 1.62746110303 3.61128480021 -1.34976234105 0
978 10.7285621166 84.288283 87.799076 1.6553182 81.2394515974 88.2120624564 1.61693747844 3.07667527286 -2.1990533603 0
981 10.7843689919 84.219899 89.940013 1.6574582 81.4135100612 90.1421668773 1.61796395948 2.81366043898 -2.26285329667 0
984 10.87667799 84.085061 91.960688 1.6559816 80.773195143 92.7455071369 1.61433508496 3.40358583449 -2.38616954339 0
987 10.7083890438 83.972707 94.061302 1.6546883 80.4378741487 94.8682417374 1.65341328216 3.62576819813 -0.0730531412192 0
990 10.6045498848 83.850194 96.236204 1.650278 80.1628592158 96.5693011312 1.65140169764 3.70234945807 0.064383132333 0
993 10.7272589207 83.742141 98.372522 1.653672 80.2880276931 99.1267131902 1.65453170842 3.53549191602 0.0492576642208 0
996 10.648799181 83.558608 100.37046 1.6603574 80.0922514908 101.205022154 1.65746757001 3.56540620945 -0.165575062171 0
999 10.6689851284 83.448658 102.54165 1.6520527 79.5601247268 102.669431949 1.64899917695 3.89063224214 -0.174953983646 0
1002 10.7016320229 83.308795 104.69204 1.6576029 79.7100198591 105.279342964 1.64427098469 3.64638276741 -0.763862480102 0
1005 10.7775168419 83.194681 106.76107 1.661421 78.8759372736 107.862490327 1.66833866188 4.45698038037 0.396352829592 0
1008 10.7287559509 83.066158 108.84686 1.6653468 78.6302495281 109.15641864 1.6658398355 4.44669658534 0.0282488532535 0
1011 10.6994509697 82.920912 111.09751 1.6564676 78.2380287764 111.584971727 1.66027182477 4.70818587364 0.217966023577 0
1014 10.6674878597 82.798446 113.12029 1.6519674 78.4015821546 113.578168876 1.65951455396 4.42064076127 0.432420069512 0
1017 10.7518429756 82.725101 115.25424 1.6521864 78.3263331036 116.437032186 1.65335682042 4.55501441953 0.0670601505196 0
1020 10.7505939007 82.605874 115.888 1.7134215 78.8173295054 117.218196386 1.71432264488 4.01528228295 0.0516317983237 0
1023 10.6551098824 82.650086 115.98425 1.8265292 78.4921858472 117.230510714 1.82184427594 4.34065656881 -0.268426375971 0
1026 10.8142440319 82.697137 116.16336 1.9516157 78.3687681574 117.286427658 1.95944485587 4.47169518203 0.448577588415 0
1029 10.8645670414 82.611261 116.28116 2.0730733 78.4766847321 117.304824413 2.09328028048 4.25941424915 1.15777469803 0
1032 10.7581279278 82.517518 116.45008 2.1971216 78.7809394303 117.037798284 2.21816906253 3.78251664755 1.20593077226 0
1035 10.657905817 82.418538 116.4581 2.3123831 78.5919675751 117.025633315 2.37263395611 3.86842801155 3.45211976743 0
1038 10.8186900616 82.414024 116.83182 2.4679277 78.5028231129 116.666165662 2.49801176926 3.91470736309 1.72369019901 0
1041 10.6993739605 82.282962 116.94587 2.5874118 78.6238296741 117.45551228 2.61410044377 3.69445322505 1.52914664888 0
1044 10.7444319725 82.208722 116.96752 2.707272 78.8666138974 116.76972791 2.75226039842 3.34795583611 2.57764535636 0
1047 10.702185154 82.043289 117.20312 2.8493508 78.1367652199 117.217510862 2.85398915134 3.90655028651 0.265757955426 0
1050 10.7930560112 81.832352 117.28824 2.9891727 78.4750913088 117.447014344 3.00018245237 3.3610130379 0.630812344432 0
1053 10.6919062138 81.142386 117.29523 3.0875315 77.2718623814 116.712748438 3.10572307589 3.91410754214 1.04230052108 0
1056 10.7623522282 79.131234 117.37152 3.1037602 75.2034055832 116.904359803 -3.13177840802 3.95551194177 2.72995476937 0
1059 10.8313369751 77.094643 117.50841 3.1079346 74.6369395516 117.369854617 -3.10209809783 2.46160594616 4.19133577616 0
1062 10.6786901951 74.899205 117.59033 3.115912 71.823378138 116.52785517 -3.12286551508 3.25416097463 2.54437906499 0
1065 10.7508358955 72.824078 117.69503 3.116944 69.7797039204 117.001753966 -3.12752459114 3.12231407704 2.21830442551 0
1068 10.6054201126 70.711208 117.83017 3.1174699 67.9647012041 116.846946573 -3.11608067689 2.91719520901 2.84386056315 0
1071 10.6678059101 68.550781 117.88294 3.1169773 65.4849517999 117.237609629 -3.12175503959 3.13301132656 2.54696742958 0
1074 10.685021162 66.454241 117.99143 3.11617 63.5171036352 117.176070795 -3.1277518684 3.04821038207 2.24962933103 0
1077 10.7634358406 64.352032 118.06903 3.1139299 60.9948008771 117.108029827 3.12730457492 3.49206559867 0.766312425268 0
1080 10.6682770252 62.204954 118.16997 3.1178991 59.247266017 117.244201572 3.14101134293 3.09918785937 1.32423397482 0
1083 10.7631859779 60.134729 118.2293 3.1166836 56.9207095938 117.642509619 3.12195231028 3.26714610847 0.301874862436 0
1086 10.6861259937 58.034017 118.36643 3.1239361 54.7119380744 117.251380685 -3.13565735319 3.50421793877 1.3517136643 0
1089 10.781624794 55.858025 118.47896 3.1251128 52.3356333224 117.449568267 -3.13957777107 3.66972621201 1.05967032248 0
1092 10.8186399937 53.766425 118.55 3.1243401 50.0554645916 116.658034511 -3.1403206077 4.16542441571 1.06138136711 0
1095 10.7012779713 51.628528 118.603 3.1187628 48.105895246 116.957633207 -3.14138052048 3.88795234078 1.32020858967 0
1098 10.7579519749 49.494235 118.64783 3.1200968 46.810284998 117.346834407 3.13401884269 2.9826459975 0.797674288195 0
1101 10.6777429581 47.379245 118.80828 3.1260538 44.9500550722 117.606956481 -3.13635005432 2.71000773085 1.19068954115 0
1104 10.6862750053 45.313934 118.87713 3.1250737 42.5536270455 117.472352209 3.12542853819 3.09720763355 0.0203307308337 0
1107 10.6728069782 43.229975 118.9845 3.131291 40.9176239332 117.505175402 3.12849337787 2.74506260829 -0.160291940765 0
1110 10.7915091515 41.038059 119.03542 3.1300111 38.9856927824 117.225849001 3.13579611106 2.73619339454 0.331456718152 0
1113 10.8406569958 38.877743 119.09254 3.1262084 36.4001349849 117.75399291 3.11915814995 2.81606991907 -0.403949572283 0
1116 10.8168070316 36.866989 119.17866 3.1252668 33.9409432621 118.529245132 3.091370339 2.99724595774 -1.9421241557 0
1119 10.8502421379 34.67231 119.25843 3.1314701 31.8251716618 118.817372024 3.08401849305 2.88109855007 -2.71877680962 0
1122 10.8150389194 32.567479 119.34722 3.1353596 29.6715960257 118.197609349 3.11025108071 3.11572509195 -1.43861218517 0
1125 10.857478857 30.502201 119.36971 3.1349527 26.9836007231 117.786372608 3.13178198566 3.85843299864 -0.181668549685 0
1128 10.9339060783 29.15421 119.31018 -3.13185 26.4219256775 117.828242442 -3.11916534801 3.10829801408 0.726777023812 0
1131 10.8781130314 28.938717 119.39146 -3.028318 26.63742687 117.548023682 -3.02171612569 2.94859182023 0.378259534803 0
1134 10.7867469788 28.80706 119.32785 -2.9089456 26.3821878032 117.290016106 -2.90515188639 3.16745515393 0.217363778668 0
1137 10.8526329994 28.607415 119.34948 -2.7753086 26.4568251125 117.88753472 -2.7666790502 2.60044628197 0.494436782513 0
1140 10.7489490509 28.309413 119.3977 -2.6319404 26.112558259 117.407303118 -2.62680871057 2.96443089013 0.294024146048 0
1143 10.7910070419 28.176965 119.31562 -2.5155106 26.4685130765 117.541940015 -2.51044927313 2.46267104242 0.28999266852 0
1146 10.6770470142 28.13257 119.1422 -2.3876282 25.7491542565 117.823136829 -2.38405946047 2.72407750554 0.204473713069 0
1149 10.6583480835 28.071656 119.10664 -2.2643471 25.715054279 118.169027272 -2.24701569861 2.53627468921 0.993016152607 0
1152 10.6700878143 27.847582 119.05477 -2.1225081 25.6098926786 118.810759824 -2.11809491751 2.25095412333 0.252856731113 0
1155 10.6673719883 27.651134 118.95518 -2.0012288 25.3644424133 118.458190736 -2.02538939452 2.34007622558 -1.38430009657 0
1158 10.6324808598 27.585975 118.8068 -1.8653126 25.7838625269 118.823099476 -1.87825299014 1.80218618307 -0.741429740065 0
1161 10.698089838 27.545652 118.66047 -1.7395281 25.8954539871 118.488036477 -1.74894436509 1.65918257033 -0.539512248359 0
1164 10.7175951004 27.426878 118.54472 -1.6078392 25.6944100296 118.238588709 -1.6198555048 1.75930714652 -0.688483550344 0
1167 10.8216640949 27.408113 118.27266 -1.4907581 25.6975897871 117.41735264 -1.47105743171 1.91244355258 1.12876514674 0
1170 10.8430008888 27.619078 117.43976 -1.368489 26.1519798017 116.942003434 -1.39555334538 1.54923811042 -1.5506727654 0
1173 10.7842209339 28.00462 115.50954 -1.3464267 26.7866693438 115.451736441 -1.27262280431 1.21932155409 4.22865173457 0
1176 10.6896941662 28.352772 113.43776 -1.3439724 26.7088142814 113.520998483 -1.39709948709 1.64606367607 -3.04395786802 0
1179 10.9478731155 28.777386 111.37552 -1.3470791 27.1418120069 111.098605993 -1.37705324368 1.65885009987 -1.71739192744 0
1182 10.8150751591 29.292879 109.18718 -1.3487141 26.718770389 109.866514172 -1.4255502502 2.66224154773 -4.40238712029 0
1185 10.6828811169 29.664866 107.14961 -1.3582731 26.7231799345 107.57112656 -1.43488257645 2.97173234296 -4.38939967135 0
1188 10.7983400822 30.155372 105.1583 -1.3627181 27.5242464671 105.604069313 -1.4111650718 2.66861983991 -2.77580701434 0
1191 10.7896268368 30.584999 103.08809 -1.3538609 27.5435385723 103.595473895 -1.41092444808 3.0834915194 -3.26950046916 0
1194 10.847880125 30.932942 101.04272 -1.3388863 28.5345186608 101.519359855 -1.38649724476 2.4453261674 -2.72790619347 0
1197 10.7613348961 31.46397 98.886394 -1.3633561 29.055069524 98.8298817926 -1.40072603244 2.40956326596 -2.14113940976 0
1200 10.7772071362 31.761459 96.890841 -1.3338862 29.9778367023 96.7258259621 -1.32489887914 1.79123936521 0.514935554257 0
1203 10.6887080669 32.148779 94.808879 -1.340085 30.3044172851 94.6545931457 -1.34763750071 1.85080367951 -0.432726415311 0
1206 10.602823019 32.63242 92.742465 -1.3409888 31.2876500057 92.9486135709 -1.35164269237 1.36047916954 -0.610423068247 0
1209 10.7331409454 33.223163 90.635151 -1.3443959 31.5818597872 90.9583141296 -1.32493458698 1.67281518546 1.11505110007 0
1212 10.7250628471 33.480467 88.544154 -1.3400822 31.7319947911 88.873719433 -1.33808806851 1.77926064418 0.114255317992 0
1215 10.6835839748 33.996344 86.523674 -1.3537744 32.2596965718 86.7241278514 -1.3493024186 1.74817791898 0.256225660004 0
1218 10.6859591007 34.391099 84.502242 -1.3500462 32.7563710788 84.2761216994 -1.35510485245 1.65029263059 -0.289839435276 0
1221 10.6389341354 34.871654 82.311763 -1.3462417 33.1417868392 83.1864288496 -1.35572260059 1.93842223018 -0.543215590032 0
1224 10.7051858902 35.319079 80.358924 -1.358939 34.0045218499 80.7078543737 -1.32800107748 1.36007827224 1.77261238738 0
1227 10.6491770744 35.776446 78.250756 -1.3606991 34.6189499843 78.2537730329 -1.33233465411 1.15749994767 1.62516303764 0
1230 10.7080790997 36.167733 76.160289 -1.3496683 34.5384967788 76.7212353102 -1.34922415777 1.72309936672 0.0254474750972 0
1233 10.7421982288 36.593873 74.026216 -1.3452321 35.3401240472 74.4059657428 -1.34648405962 1.30999858925 -0.0717320025491 0
1236 10.6797499657 37.096668 72.068535 -1.358637 35.2163557828 72.1997842839 -1.36349679137 1.88488737295 -0.278445534968 0
1239 10.6189658642 37.456761 70.030489 -1.3570922 35.3504634183 69.7799472257 -1.37794874102 2.1211460778 -1.19499177595 0
1242 10.7528998852 37.942935 67.912468 -1.3598503 36.0998160132 67.7754350446 -1.39243297356 1.84820605733 -1.86684968037 0
1245 10.7641499043 38.381728 65.750541 -1.3597279 37.1662426587 65.3270267393 -1.35147834764 1.28715536898 0.472664533194 0
1248 10.8135619164 38.78715 63.709446 -1.3638712 37.5548369502 63.1460914338 -1.35686791126 1.35497742414 0.401258887517 0
1251 10.7080259323 39.284372 61.704874 -1.358189 37.8666627246 61.8853866255 -1.36322436905 1.42915513422 -0.288505395046 0
1254 10.7751588821 39.616785 59.610797 -1.3616912 38.0273827357 59.5011043203 -1.35975433542 1.59318299068 0.110974165715 0
1257 10.7139148712 40.0981 57.483375 -1.3627524 38.8318613694 57.7047319284 -1.34000081642 1.28544123142 1.30356971618 0
1260 10.6313509941 40.478176 55.366289 -1.371191 39.8072657692 56.1270365606 -1.3292231303 1.01432607615 2.40458180899 0
1263 10.7153820992 40.927924 53.368372 -1.3697355 40.4724667678 54.0796740516 -1.33869456395 0.844625300955 1.77851462775 0
1266 10.7769420147 41.311773 51.24524 -1.3687118 40.3666275725 51.3803163052 -1.35075991069 0.954748913257 1.0285674915 0
1269 10.7420120239 41.752813 49.127024 -1.3690442 40.8415490904 50.0781429142 -1.34581625896 1.31720503407 1.33086298833 0
1272 10.8069710732 42.124468 46.999249 -1.3746445 41.1712029004 47.8712732528 -1.34967082477 1.29195226216 1.43088618971 0
1275 10.6611769199 42.489069 45.000812 -1.3756167 41.7681403369 45.7620914161 -1.36192546998 1.04846768505 0.784449696642 0
1278 10.6748631001 42.919623 42.847052 -1.3693623 41.6302384575 43.678873879 -1.36561263725 1.53441850121 0.214839850428 0
1281 10.7344489098 43.26925 40.76156 -1.3849404 43.1918692325 41.6162587802 -1.3401795469 0.858194493143 2.56460796979 0
1284 10.7217299938 43.723057 38.666685 -1.382086 43.3747991935 39.0859671483 -1.35261841804 0.545051391778 1.68836807879 0
1287 10.6712388992 44.069109 36.638541 -1.3748634 44.0944290173 36.586764521 -1.33519062516 0.0576359875184 2.27308255988 0
1290 10.6918709278 44.48264 34.512889 -1.372972 43.6334828357 35.6623374725 -1.36645209554 1.4290905082 0.373563008168 0
1293 10.6900200844 44.660959 33.544964 -1.3339999 44.2187411684 34.0200466649 -1.30233080318 0.649045567837 1.81450558904 0
1296 10.7177929878 44.654294 33.324157 -1.2074321 44.6859721746 33.9543519107 -1.19788487058 0.630990596008 0.547015952015 0
1299 10.6569561958 44.699557 33.107025 -1.0711259 44.7020143082 33.6780583505 -0.999601312358 0.571038637662 4.09805700333 0
1302 10.6801269054 44.829945 32.953901 -0.95914547 43.8265591701 32.9252419056 -0.946845779398 1.00379503256 0.704720360839 0
1305 10.6488678455 44.914184 32.826307 -0.82117543 44.3326534572 33.5946558364 -0.922490044409 0.963606614056 -5.80489980864 0
1308 10.6242010593 44.932468 32.690373 -0.70238554 43.8872679675 33.2842752403 -0.736167293392 1.20214931643 -1.93555189388 0
1311 10.6418349743 45.019913 32.619075 -0.56167342 43.4245592476 33.0320864875 -0.68271278687 1.64794784023 -6.93504487656 0
1314 10.6353499889 45.164806 32.47066 -0.44585332 43.8416840764 33.6604975997 -0.608856656614 1.77942831788 -9.33940323455 0
1317 10.6012070179 45.307079 32.373178 -0.30795343 44.0817941292 33.0270741783 -0.612377755698 1.38884960546 -17.4422290436 0
1320 10.6686611176 45.468859 32.25314 -0.19105128 43.4663866305 32.9497713199 -0.494533011882 2.12018649807 -17.3882223961 0
1323 10.6081271172 46.833289 32.057508 -0.10389315 45.202967477 33.0926108863 -0.278425141009 1.93116189212 -9.99994647482 0
1326 10.6919908524 48.863767 31.868312 -0.084237935 46.9150595453 31.7029952187 -0.287803869777 1.95570713095 -11.6634689154 0
1329 10.6479668617 51.033972 31.691587 -0.08198003 48.3968097814 29.3333304603 -0.616631675094 3.53779570838 -30.6332827736 0
1332 10.6821699142 53.111195 31.42619 -0.084122232 51.156199864 32.8490145605 -0.0202500054386 2.41794038627 3.65960901007 0
1335 11.7329399586 55.206155 31.249451 -0.082409142 53.8506099162 32.7411517262 -0.0327312344317 2.01560748434 2.8463344387 0
1338 10.8779568672 57.287235 31.07162 -0.080297126 56.7461560629 33.2028602089 -0.0410128346416 2.19885225615 2.250824096 0
1341 10.7177700996 59.516372 30.847745 -0.092608556 58.5498030361 33.1176393511 -0.0465227297154 2.46711895272 2.64052334148 0
1344 10.5538508892 61.567611 30.670937 -0.091677002 60.5691303081 33.2622726993 -0.0343869170763 2.77704598427 3.28248007408 0
1347 10.5434539318 63.68279 30.502969 -0.089332225 63.2173186562 32.222739099 -0.0752857144912 1.78164888945 0.804805769042 0
1350 10.6710648537 65.773678 30.270465 -0.081918863 65.375548619 31.8116274355 -0.0876541125363 1.59175646903 -0.328605592885 0
1353 10.6042859554 67.870787 30.052005 -0.080757136 67.1943450961 31.6251877315 -0.0915187613272 1.71244782579 -0.616595711952 0
1356 10.6682829857 69.978421 29.855203 -0.080851998 69.5005746633 31.7337485733 -0.0939791170359 1.93836802295 -0.752128517921 0
1359 10.6221559048 72.04312 29.748383 -0.089661546 70.0943399828 30.9249137356 -0.0937299134939 2.27639366699 -0.233100286911 0
1362 10.6589660645 74.192216 29.503442 -0.097083695 72.6064027425 30.7350406972 -0.102156315221 2.00789418011 -0.290639729725 0
1365 10.6532800198 76.337484 29.313327 -0.092202589 75.0097480596 30.5125676056 -0.093540631221 1.78915084819 -0.076664172075 0
1368 10.5652589798 78.469083 29.072242 -0.088851811 77.5468756254 30.5446015192 -0.0993527527645 1.73732811975 -0.60165964402 0
1371 10.5538802147 80.508884 28.860474 -0.08148585 78.8313042717 30.5773654727 -0.0847879938338 2.40041456291 -0.189198905022 0
1374 10.4798121452 82.648681 28.706332 -0.092016755 81.4165840826 30.3379359545 -0.0763269669502 2.04455234175 0.898958636709 0
1377 10.6128759384 84.803463 28.469695 -0.089914919 83.1083238005 30.2480988498 -0.054407426644 2.45687141677 2.03442945309 0
1380 10.5708510876 86.909059 28.274418 -0.095059786 84.9615565421 30.3877535927 -0.0590035826805 2.87383944413 2.06586827548 0
1383 10.6356902122 88.999768 28.069648 -0.093100738 87.0530323699 30.196649892 -0.0540665823572 2.8833863186 2.23649237519 0
1386 10.602134943 91.148907 27.8824 -0.087682683 89.7688904866 30.2112292607 -0.0484738811058 2.70700781359 2.2464988683 0
1389 10.6071200371 93.191686 27.680334 -0.085944106 91.2403846785 30.2896238992 -0.0539686984894 3.25821586541 1.83205589857 0
1392 10.5572240353 94.597595 27.536443 -0.026113958 93.4207078089 30.3378426532 -0.044754335167 3.03856931426 -1.0680149402 0
1395 10.4967110157 66.734672 23.138609 0.64678418 94.667023203 30.4523642822 -0.0361065102775 28.8739893339 -39.1267544217 0
1398 10.5318980217 41.954155 8.6979942 1.5862633 98.4040857269 31.3547329141 0.0136690225006 60.8269881568 -90.1030149871 0
1401 10.5839738846 40.498777 7.6026468 1.6671323 99.9314122181 31.1153643896 -0.00187571727803 63.9146776367 -95.6271153635 0
1404 10.6221418381 40.36551 9.5759073 1.6613912 102.363890137 30.5825612212 -0.0251811867567 65.4605121315 -96.6334796045 0
1407 10.6083521843 40.15753 11.693798 1.6450717 102.412887861 30.3661018581 -0.0172582773774 64.995265318 -95.2444918618 0
1410 10.6392438412 40.017928 13.779826 1.6578436 103.449530593 30.8593718618 -0.00814993990658 65.6907839376 -95.4543985327 0
1413 10.6074080467 39.937066 15.922073 1.6651068 106.041585671 31.6879486251 -0.00311035973889 67.9585929459 -95.5818025643 0
1416 10.6169481277 39.75755 17.953862 1.6630734 106.249949107 30.2505558477 -0.0527106513098 67.6198773931 -98.3071846959 0
1419 10.6598448753 39.645384 20.177858 1.663423 109.320896146 29.1866908119 -0.0535267593418 70.2555055601 -98.3739748463 0
1422 10.6334719658 39.526919 22.292671 1.6684735 111.161762714 32.3158341294 0.0275436451596 72.3326664314 -94.0183551594 0
1425 10.6637809277 39.303781 24.413998 1.6572417 112.357963014 32.388193048 0.0450736902576 73.4881030939 -92.3704228242 0
1428 10.7608571053 39.21094 26.55624 1.6661167 115.64104991 33.6130675359 0.0817234474579 76.7551986236 -90.7790464597 0
1431 10.599159956 39.049874 28.673026 1.6660737 120.471205707 30.2661792944 -0.0576335032383 81.4369166554 -98.7611478619 0
1434 10.6457929611 38.816051 30.701859 1.6598041 120.380416154 35.4230518953 0.120935973163 81.700889379 -88.170648895 0
1437 10.6388747692 38.695572 32.853799 1.6647394 122.529197896 35.2455233161 0.089655654629 83.8677362046 -90.2456509894 0
1440 10.6846780777 38.58982 35.008607 1.6723781 124.212381639 35.5346928783 0.0837852910554 85.6241778232 -91.0196633174 0
1443 10.7087209225 38.393816 37.160762 1.6689022 126.490545276 35.7711007949 0.107372466209 88.107689037 -89.4690633304 0
1446 10.6574819088 38.314928 39.264936 1.6781402 128.845278801 36.5549301644 0.136272495885 90.5709034279 -88.3425120133 0
1449 10.6989150047 38.042909 41.445131 1.6601298 130.251880014 37.7346911435 0.155275571264 92.2835938795 -86.221796089 0
1452 10.6591930389 37.893052 43.482766 1.6655679 135.560680606 27.6102752581 -0.0711410277746 98.9489850369 -99.5060918042 0
1455 10.7334251404 37.737395 45.529248 1.6663309 138.39263827 27.4600363905 -0.075903383704 102.264238158 -99.8226713792 0
1458 10.6753690243 37.667375 47.706088 1.6735516 141.160841543 26.2254799231 -0.0785419515151 105.699168116 -100.387565814 0
1461 10.6834869385 37.411337 49.793915 1.6717816 142.177028818 25.7795859115 -0.119533613329 107.482734351 -102.634801501 0
1464 10.6281001568 37.208006 51.943854 1.66906 26.8922065034 116.008475467 1.56355489986 64.8898408306 -6.04499695497 0
1467 10.6642999649 37.03196 53.963531 1.6741645 140.5448996 37.5634015612 0.282060024039 104.804069149 -79.7617111138 0
1470 10.6118309498 36.983983 56.143126 1.6856298 27.7861200153 118.654049983 1.59436203207 63.1839876927 -5.22925790773 0
1473 10.6092140675 36.720012 58.206076 1.6746777 34.1892408111 57.2502032063 1.73554597541 2.70527181776 3.48749528745 0
1476 10.6390740871 36.536888 60.398002 1.6787317 32.9249886735 60.5072311013 1.64453089227 3.61355057269 -1.95956193882 0
1479 10.6803240776 36.401835 62.417273 1.6766351 32.6966518567 62.4089487632 1.66653060897 3.70519249407 -0.578944690347 0
1482 10.5859899521 36.239068 64.615141 1.6886647 32.7617802818 62.7682107407 1.72906876118 3.93734444238 2.31498218072 0
1485 10.6554372311 35.99676 66.655908 1.678851 33.6118067745 66.2417324748 1.65350150299 2.42064934539 -1.45241919129 0
1488 10.7741930485 35.830181 68.859683 1.6854848 33.1989089161 68.7594658345 1.69873335939 2.6331798761 0.759086537468 0
1491 10.7210931778 35.575227 70.898859 1.683738 32.9552298254 71.3021217875 1.68984485901 2.65085006568 0.349897247526 0
1494 10.8229420185 35.463169 73.006353 1.6935188 32.5972397251 73.5250125688 1.68294633427 2.91248319424 -0.60575766555 0
1497 10.8760790825 35.205801 75.07321 1.6913976 31.7605986467 75.456894283 1.73084710073 3.46650153387 2.26028989544 0
1500 10.8661170006 34.978045 77.287591 1.6912075 31.3747511457 75.8287904743 1.72920498031 3.88739315922 2.1770952541 0
1503 10.8485689163 34.814043 79.320098 1.7000185 30.8451665829 78.5401878734 1.7112663153 4.0447793289 0.644452345454 0
1506 10.8226399422 34.580736 81.372215 1.6970036 30.9638638503 80.6684956743 1.70116453032 3.68469605755 0.23840374614 0
1509 11.0100870132 34.345965 83.441951 1.6955247 30.5338277202 83.0743971656 1.72595533562 3.82981546043 1.74354698888 0
1512 10.8324811459 34.142398 85.698773 1.7034669 29.8043040894 85.3268452331 1.70759636071 4.35400838783 0.236600670095 0
1515 10.9647290707 33.910208 87.748137 1.7016389 30.6591841746 87.1941198965 1.69497878633 3.29789188182 -0.381596404143 0
1518 10.7725241184 33.670818 89.737713 1.6967853 29.9394307169 89.5308709223 1.67995336237 3.73711582659 -0.964398987055 0
1521 10.8175420761 33.472926 91.900649 1.7056804 30.1809859492 91.942798027 1.67302862386 3.29220987163 -1.8708089664 0
1524 10.7507638931 33.217902 94.036516 1.7078464 29.342689331 93.2814923593 1.70036839057 3.9480797773 -0.428458379521 0
1527 10.662637949 33.034075 96.178482 1.7177188 29.1352414555 96.049873367 1.72014076401 3.9009541382 0.138768315707 0
1530 10.6436269283 32.713254 98.174723 1.7080491 28.3626613853 96.947222301 1.72583044164 4.52044401199 1.01879582993 0
1533 10.7015428543 32.45653 100.24821 1.7068362 28.1308172801 99.6911782036 1.72075667975 4.36143037973 0.797584738288 0
1536 10.6366810799 32.217075 102.39435 1.7082962 27.9722041257 102.106229976 1.7138664316 4.25463769167 0.319150761387 0
1539 10.703081131 31.955228 104.48204 1.7110577 27.9598401427 103.530252274 1.6982971212 4.10719174198 -0.731127309232 0
1542 10.6186671257 31.741377 106.6002 1.7198575 27.8244468492 105.74431466 1.6934254071 4.00934926411 -1.51444736689 0
1545 10.670124054 31.439656 108.68741 1.7105287 27.4356159008 107.891299946 1.690507154 4.08241697222 -1.14715008538 0
1548 10.7218439579 31.216018 110.75498 1.7177022 27.2600579397 110.351897907 1.71166178429 3.97644252728 -0.346090326632 0
1551 10.6937749386 30.916985 112.90957 1.719675 27.4075862998 112.464961364 1.69774978513 3.53745050511 -1.25622227715 0
1554 10.6620879173 30.668641 114.94646 1.716506 27.4417020798 114.396338815 1.68607168309 3.27349478589 -1.74375791124 0
1557 10.7110240459 30.419865 117.12266 1.716223 26.849037044 115.770383049 1.68233766841 3.81830659359 -1.94148648776 0
1560 10.6984138489 30.132888 119.21343 1.725557 26.0797047378 118.030640608 1.69132393492 4.22223700215 -1.96141014893 0
1563 10.751060009 29.88258 121.34383 1.72867 26.1290199062 120.158231072 1.71530826754 3.93635087295 -0.765570876683 0
1566 10.6741549969 29.981486 120.5055 1.7055843 25.9115323779 119.722624207 1.70964836588 4.14456475328 0.232853822862 0
1569 10.657474041 30.170653 118.4575 1.6900862 26.6750568774 117.894363035 1.70195904082 3.54066596751 0.680263669881 0
1572 10.6550438404 30.502618 115.6086 1.6745202 27.114137077 114.441209769 1.68522090465 3.58393679032 0.613105214474 0
1575 10.7335460186 30.699806 113.48782 1.6738205 27.701250167 112.544455483 1.69160761308 3.14344933076 1.01912650939 0
1578 10.6475470066 30.8492 111.36091 1.6697397 27.5662989631 110.780256591 1.67495071875 3.33385626559 0.298569381569 0
1581 10.686934948 30.973164 109.37107 1.6787837 27.9714544127 108.781152275 1.68293423905 3.05912787703 0.237808370077 0
1584 10.6944479942 31.204408 107.09871 1.665475 27.577558567 107.11889404 1.68664048475 3.62690559638 1.21269294764 0
1587 10.6782920361 31.322843 104.96751 1.6587885 27.9137556849 105.185228681 1.68881034928 3.41603245678 1.72012525677 0
1590 10.6549489498 31.457099 102.91722 1.6541397 28.4566258262 103.017211875 1.70120685841 3.00213884451 2.69674953079 0
1593 10.7396419048 31.546684 101.34427 1.631357 28.4858623034 101.905130733 1.66390370314 3.11178312561 1.86478872714 0
1596 10.6924240589 31.536552 101.09899 1.5279681 28.4764803366 101.625784983 1.57880555914 3.10508478768 2.91277185015 0
1599 10.683642149 31.522716 100.84711 1.3818466 28.7281056806 101.77623833 1.44895927556 2.94501719706 3.84527306159 0
1602 10.6371881962 31.33472 100.81397 1.2437751 28.2795354214 102.276813627 1.32767507787 3.38733882087 4.80711463344 0
1605 10.6467959881 31.335612 100.76499 1.1262837 28.1907465494 101.886449789 1.20198580847 3.33883973272 4.33741131542 0
1608 10.6238260269 30.238332 99.003137 0.9296569 27.9475306407 100.258610592 1.00317725481 2.61227579112 4.21240603918 0
1611 10.6933817863 28.772289 97.32743 0.78863198 26.5942236138 98.6930961512 0.878181351678 2.57080004338 5.13080105517 0
1614 10.6662089825 27.005154 95.945316 0.6582802 24.7287769088 97.288685202 0.7381093634 2.64320515172 4.57387414486 0
1617 10.662058115 26.209553 95.323497 0.64585939 24.1869161653 95.4130956021 0.732876946131 2.02462037792 4.98573870983 0
1620 10.7537970543 26.225548 95.299359 0.74214735 24.4793993545 95.0118724942 0.838164793065 1.76965634607 5.50139424726 0
1623 10.7398350239 26.287241 95.304851 0.87876564 24.7125735357 94.4470392228 0.969251286244 1.79315885193 5.18444563632 0
1626 10.7084441185 26.503119 95.525486 1.0159202 24.2300305443 94.1908334602 1.10486191672 2.63594926533 5.09598499046 0
1629 10.9385340214 26.584147 95.637624 1.1414331 24.4510771415 95.1126298188 1.20818689263 2.19672618039 3.82471058417 0
1632 11.0941529274 26.62792 95.717086 1.2595284 24.7560317455 95.7066166916 1.34556339987 1.87191753126 4.92944238271 0
1635 10.9591119289 26.756174 95.797181 1.3910555 24.3748580901 96.0254516903 1.44602335775 2.39223179701 3.14942625779 0
1638 10.8792829514 26.381693 93.77201 1.3952992 23.6852677967 94.0560036682 1.49408376431 2.71133938863 5.6599386158 0
1641 10.9375231266 26.011804 91.856332 1.39866 23.1431726611 92.2216373313 1.49971731043 2.89179766648 5.79015737653 0
1644 10.9515299797 25.609249 89.727224 1.3968171 22.6124999508 90.1899288816 1.45590250406 3.03225999403 3.38534428333 0
1647 10.9581010342 25.2462 87.568251 1.3940659 23.0446037302 87.3847295111 1.48050204794 2.20923205481 4.95242647448 0
1650 10.9198448658 24.820481 85.505592 1.4017015 22.4707949831 85.8830368069 1.46718075383 2.37980859741 3.75168489012 0
1653 10.8658649921 24.493958 83.448062 1.398475 21.8292019938 83.868339185 1.49070010984 2.69769484651 5.28410955873 0
1656 10.7595360279 24.080092 81.345956 1.3962744 20.3698201529 81.8968039873 1.41969777964 3.75093997347 1.34206079548 0
1659 10.6883571148 23.622432 79.208855 1.3888608 20.1509063119 79.0285077005 1.43232645778 3.47620709278 2.49039874466 0
1662 10.6759569645 23.236261 77.182266 1.3737053 20.1107626267 77.6285506478 1.43540444611 3.15719971946 3.53510067153 0
1665 10.7201318741 22.741503 75.111069 1.3685019 19.7384298162 75.4941887514 1.42165676643 3.02741297005 3.04554950677 0
1668 10.7023191452 22.23837 73.007777 1.3690406 19.8704310235 72.924504626 1.45145975162 2.36940272739 4.72226953862 0
1671 10.7107279301 21.796618 70.8705 1.3677106 17.7256739947 71.384689997 1.37968832533 4.10328849184 0.686273109612 0
1674 10.6272411346 21.306705 68.900927 1.3588762 19.3266396933 69.1782872991 1.43663267551 1.99939674759 4.45511787637 0
1677 10.6905939579 20.800373 66.796896 1.3509317 19.8926303131 67.3745846307 1.47976319543 1.07597441406 7.38150095632 0
1680 10.6969940662 20.180988 64.758154 1.3339286 20.4369365155 65.2873559734 1.48246441989 0.587847234572 8.51047558614 0
1683 10.743242979 19.716632 62.635567 1.3210663 18.4354337867 63.1224270618 1.44245685571 1.37058439416 6.95516651502 0
1686 10.7254209518 19.127208 60.642471 1.320188 17.5898746838 61.0529487619 1.43600563333 1.59119003202 6.63586158278 0
1689 10.7302048206 18.573484 58.538556 1.3117791 17.584732107 58.6339746724 1.42988289453 0.993345372439 6.7668489711 0
1692 10.7240760326 18.03732 56.562177 1.3046299 16.9192774344 56.3189901063 1.43009018067 1.14418488176 7.18834457881 0
1695 10.7584278584 17.470308 54.449011 1.30616 16.0462902322 54.4372265615 1.40154634181 1.42406652793 5.46523480872 0
1698 10.6315112114 16.865167 52.414515 1.2995721 15.2628042992 52.3968401477 1.39789748144 1.60246017898 5.63362937547 0
1701 10.6994569302 16.322269 50.452679 1.2871313 15.2914309656 50.8178941993 1.40356219064 1.09362205306 6.67099863839 0
1704 10.7942988873 15.679585 48.421133 1.2791916 14.9565704753 48.4847530314 1.39727981634 0.725808178089 6.76595640639 0
1707 10.7141230106 15.049517 46.343459 1.2810584 13.7273327786 46.2035446129 1.36112177491 1.32956652748 4.58729347573 0
1710 10.6633400917 14.370513 44.264129 1.2685694 13.7310307005 44.6076432207 1.38353937109 0.725906076031 6.58729411413 0
1713 10.7042081356 13.728985 42.398373 1.2622613 13.5036100763 42.4109429552 1.39682953633 0.225725186926 7.7101919982 0
1716 10.699901104 13.116178 40.310007 1.2578142 12.8939739218 40.5062995499 1.37695897001 0.296488477922 6.82649247234 0
1719 10.7243318558 12.482531 38.460523 1.239848 12.9728264831 38.8400412863 1.38897873811 0.62001918551 8.54456188938 0
1722 10.6426370144 12.331027 38.238303 1.1567887 10.6626981322 38.3237593111 1.22126810266 1.67051608565 3.69439763802 0
1725 10.725632906 12.263795 38.100898 1.043782 11.5053483983 37.6926294986 1.1524441897 0.861350345025 6.22588486246 0
1728 10.7459058762 12.231882 38.075858 0.90529637 11.1742442144 37.5402737006 1.00872562436 1.18551601731 5.926059753 0
1731 10.6933538914 12.170047 37.918491 0.7605547 10.9105678173 37.9165347933 0.88991747042 1.25948070189 7.4119407712 0
1734 10.7621600628 11.9457 37.868652 0.60051086 11.6690117264 37.4073388798 0.754703343879 0.537927686245 8.83457855888 0
1737 10.8518600464 11.861848 37.85602 0.47073445 11.6868461148 38.0962942277 0.631554917893 0.297249666672 9.21433406958 0
1740 10.8305029869 11.68598 37.868337 0.32347919 11.6137266706 37.4564745054 0.475051230116 0.418152194819 8.68443819081 0
1743 10.8561639786 11.634663 37.834152 0.18688423 11.6834246323 37.6163299942 0.165413089337 0.223213178369 -1.23020574133 0
1746 10.7947580814 11.546787 37.799316 0.059161186 11.6148070449 37.43171565 0.101146561884 0.373840532672 2.40558483941 0
1749 10.8264729977 11.461332 37.784444 -0.088384018 12.5478981067 37.6871618019 0.0325207537322 1.09091233851 6.92733314325 0
1752 10.7972109318 11.353119 37.809133 -0.22428348 11.7515242231 38.0830859587 -0.221038439326 0.483504855628 0.185927134975 0
1755 10.7286279202 11.259101 37.929753 -0.36642208 12.5530700378 37.4031876202 -0.179924903638 1.39700643161 10.6855010966 0
1758 10.7072660923 11.22919 38.083377 -0.50941267 11.9360846359 37.7504833002 -0.297377405168 0.781356667372 12.1487257828 0
1761 10.7921481133 11.185129 38.110347 -0.64618684 12.9065633795 37.5370759535 -0.425415967497 1.81438033932 12.6492392339 0
1764 10.7934818268 11.588805 37.741111 -0.76036767 12.4225249608 37.4042931902 -0.703545639688 0.899185859556 3.25566252025 0
1767 10.7841119766 13.063467 36.224873 -0.77289998 12.5077480289 36.383493457 -0.690825718889 0.577913509278 4.70250876834 0
1770 10.6825089455 14.493375 34.807156 -0.77803694 14.1653027114 35.2239477271 -0.741488732907 0.530421313969 2.09405801523 0
1773 10.8064699173 15.892318 33.28564 -0.77023756 15.9554720378 33.9341930322 -0.758229913835 0.651620647344 0.687987447165 0
1776 10.8120439053 17.405154 31.857105 -0.77891679 17.5955535514 31.7072773272 -0.708732570717 0.242281490663 4.02125955333 0
1779 10.7675230503 19.008966 30.381332 -0.78385491 18.4452615102 30.7611790373 -0.718639932563 0.67974004116 3.73654296819 0
1782 10.7358558178 20.517371 28.856906 -0.78454873 20.4446389369 29.2665375119 -0.780388796132 0.416038373928 0.238346653678 0
1785 10.8943009377 22.037399 27.308602 -0.78653789 22.0699346001 27.7055212486 -0.76095296692 0.398250493036 1.46590811163 0
1788 10.7453739643 23.470866 25.802264 -0.78746834 23.6139781389 26.0577268945 -0.759963037178 0.292817989095 1.57593776594 0
1791 10.7639300823 25.030138 24.239515 -0.79252133 24.8569548414 25.1796300026 -0.790280857141 0.955933378731 0.128369638909 0
1794 10.6490931511 26.508975 22.80392 -0.79210599 26.1813499139 23.2208890955 -0.775280610341 0.530284285655 0.964023243175 0
1797 10.7727060318 27.961008 21.312251 -0.79564812 27.8601787153 21.7353174849 -0.780434694475 0.434915848529 0.87166507454 0
1800 10.7849268913 29.36401 19.750057 -0.78815021 29.0725702417 20.3051107022 -0.784604365642 0.626914463898 0.203161916531 0
1803 10.7904748917 31.016391 18.179875 -0.79578372 30.7624500986 19.0816109112 -0.769890547804 0.936810351656 1.48356948502 0
1806 10.7267959118 32.405165 16.663972 -0.79079715 32.0987356115 17.0666572036 -0.787277951385 0.506018125498 0.20163522791 0
1809 10.7509088516 33.875627 15.226881 -0.79213801 33.2578846694 15.5586179001 -0.801374637219 0.701181116377 -0.529219756593 0
1812 10.7959561348 34.400964 14.714584 -0.72873329 33.8783282076 14.5371134798 -0.746097516831 0.55194561061 -0.994896911934 0
1815 10.8016088009 34.541831 14.529671 -0.59347242 33.2812786718 14.4261981323 -0.652537266605 1.2647920013 -3.38416642803 0
1818 10.7065880299 34.648846 14.435796 -0.47955783 34.0539284486 15.181070529 -0.500868783453 0.953604224288 -1.22102769024 0
1821 10.8320300579 34.668797 14.324629 -0.34405458 34.0225887436 14.9031253918 -0.384483540122 0.867319540869 -2.31640878511 0
1824 10.8287279606 34.864126 14.20779 -0.22615765 34.2535460501 15.0207322266 -0.235741071023 1.01670199124 -0.54908957793 0
1827 10.8128039837 35.017605 14.088235 -0.094353638 35.1277743968 15.1995482532 -0.126326171622 1.11676069175 -1.8318912369 0
1830 10.8308382034 36.599142 14.0692 -0.022879679 36.3670341716 15.4226170519 -0.053222549943 1.37317579373 -1.73851844335 0
1833 10.8471689224 38.63985 14.009333 -0.014813302 38.3196092259 14.9103763497 -0.0283822490291 0.956260043786 -0.777443397207 0
1836 10.7499930859 40.768535 13.925491 -0.0089087199 40.4722417439 14.2320770437 -0.0494771732924 0.42636216511 -2.32440116076 0
1839 10.7794380188 42.905865 13.952369 -0.011506708 42.4282258784 15.0851229091 -0.0209133509969 1.22933744313 -0.538960943108 0
1842 10.7319271564 45.04117 13.838962 -0.010052037 44.8579319728 15.357772593 -0.0322639141477 1.5298241049 -1.27264681563 0
1845 10.9153320789 47.095509 13.764363 -0.008210261 46.0084460861 14.9347748516 0.0140812071879 1.59736335289 1.27720704632 0
1848 10.7753839493 49.256947 13.750747 -0.012245698 48.4467606649 14.9558385642 -0.0150701533564 1.4521183063 -0.161829371346 0
1851 10.7933058739 51.347189 13.680192 -0.017629817 50.8746197275 15.1529626852 -0.0147395222113 1.54673048991 0.165601692939 0
1854 10.6887311935 53.510554 13.649042 -0.0075411209 52.7750233278 15.0662857536 0.0100627834227 1.59674206647 1.00862942064 0
1857 10.6903700829 55.608657 13.581194 -0.0077936973 54.927141596 14.9659737878 0.0181383622191 1.54339829812 1.48579756452 0
1860 10.7542469501 57.666716 13.591636 -0.01411162 56.8283625934 14.8386528153 0.014556577278 1.50262682392 1.64256671027 0
1863 10.7839369774 59.905766 13.533857 -0.012519778 58.8499577827 15.0642244228 -0.00783270019946 1.85923517618 0.26854977622 0
1866 10.6928629875 62.027534 13.447994 -0.021676244 61.1014290165 14.8998663963 0.000514995934749 1.72209288237 1.27146439042 0
1869 10.7529871464 64.181261 13.371995 -0.025327169 63.3645966551 15.0935313523 -0.00724477669187 1.90542070534 1.03604476276 0
1872 10.7438371181 66.241252 13.310079 -0.024907545 65.0712066392 14.9205427382 0.0113758510884 1.99062794073 2.07888546227 0
1875 10.7877168655 68.444119 13.24669 -0.026304862 66.7907019518 15.0442941777 0.00294119020838 2.44236948781 1.67567535896 0
1878 10.687748909 70.49734 13.123327 -0.017605166 69.3251758483 15.050794428 -0.00229259222284 2.2559032525 0.877345850914 0
1881 10.748773098 72.634932 13.039101 -0.019360635 71.8689174663 14.8978743753 -0.00197684290779 2.01042700106 0.996017918816 0
1884 10.7701420784 74.720419 12.994859 -0.019347658 73.4906210135 15.1552461575 -0.00256541842635 2.48589536339 0.961551498347 0
1887 10.7772240639 76.914825 12.90632 -0.036038761 76.1408627902 14.999674055 0.011710325424 2.23184871839 2.7358211277 0
1890 10.6860551834 79.004774 12.78569 -0.032634565 77.7788294972 14.987885141 0.00951764462924 2.52043713731 2.41514370891 0
1893 10.7652180195 81.177999 12.691712 -0.029848436 80.7530516026 14.9956762571 0.00441538344075 2.34282555661 1.96317224395 0
1896 10.7074899673 83.222919 12.597068 -0.02122413 82.1744456278 15.0920631346 0.00554644934661 2.70634386835 1.53384121168 0
1899 10.7114980221 85.390174 12.538762 -0.021700441 84.3823344095 15.1336377966 0.0100921328644 2.78372431108 1.82158030229 0
1902 10.6781480312 87.449986 12.512039 -0.030894579 86.7881512726 14.9606235408 0.0116303943528 2.53645253452 2.43650149702 0
1905 10.7680490017 89.572355 12.414566 -0.034322832 88.217465102 15.0502462386 0.00875109104922 2.96353453766 2.46795399779 0
1908 10.7732200623 91.713838 12.339838 -0.030338307 90.3774214713 15.0902631574 0.00690319724471 3.05791557836 2.13378101594 0
1911 10.7848508358 93.866625 12.234111 -0.027880568 92.7317353348 14.8786638783 0.00933297739518 2.87778291024 2.13217909186 0
1914 10.71062994 96.027017 12.118277 -0.016096141 94.8266413934 15.0068272388 0.00804278028926 3.12803837556 1.38305831187 0
1917 10.8139350414 98.003729 12.063433 -0.023465033 96.854089089 15.1398337382 0.011654578807 3.28419144187 2.01220553468 0
1920 10.7891390324 100.1865 11.996018 -0.023536261 99.23199421 14.9499739773 0.00151795801172 3.1043416724 1.43550100837 0
1923 10.765250206 102.26857 11.921444 -0.023061579 101.751518611 14.9457753265 0.0125249741771 3.06821154925 2.03895930446 0
1926 10.6787259579 104.50291 11.810699 -0.022632517 103.810009203 15.1354561292 0.0168641496199 3.39619220349 2.26299230215 0
1929 10.7913248539 106.528 11.779433 -0.025937223 105.410417281 15.2171517138 0.00692891538355 3.61481688178 1.88309101827 0
1932 10.7563481331 108.61821 11.737233 -0.017267816 108.076585296 15.0855593976 -0.00120341077178 3.3918500829 0.920422619965 0
1935 10.788205862 110.65428 11.638117 -0.015586443 109.422181318 15.0996991346 0.00672486706567 3.67431871748 1.27834390217 0
1938 10.7047410011 112.94226 11.558687 -0.011710616 111.373858274 14.8505661177 0.00606986891395 3.64641633646 1.01874674327 0
1941 10.7791440487 114.89636 11.528856 -0.01668203 113.768383249 14.9603825306 -0.00413577203148 3.61216083251 0.718847630279 0
1944 10.7759370804 117.03777 11.494892 -0.018548407 116.414594714 15.0620138425 0.00329274441982 3.62114701115 1.25140579606 0
1947 10.8021121025 119.07747 11.406331 -0.016261061 118.070016781 14.9369769585 0.00751774370816 3.67156953796 1.36242515164 0
1950 10.7428929806 121.291 11.334615 -0.012126455 120.29367318 14.9352428929 0.00305381271413 3.73619887161 0.869765271898 0
1953 10.7953579426 123.43737 11.229443 0.0013807468 122.855693662 14.8755894308 -0.00121500976534 3.69225285661 -0.148725895837 0
1956 10.7908408642 125.58554 11.258252 -0.0049853053 124.492657512 15.4956680128 0.0165627996339 4.37608119191 1.23461546922 0
1959 10.8137049675 127.50849 11.183265 -0.012828209 126.387052166 15.0771289309 0.00254230525198 4.05213513209 0.880665595584 0
1962 10.7427368164 130.28779 11.390648 -0.01314096 128.740299402 15.2069583381 -0.00162349739034 4.11812478548 0.659901998233 0
1965 10.766067028 132.78769 11.256475 0.0084755214 131.117462858 15.180213968 -0.00261610866153 4.26443269303 -0.635503590446 0
1968 10.7585821152 125.9239 10.596074 0.27888777 132.909912586 14.8968418219 -0.0016264290917 8.20371718835 -16.0722797014 0
1971 10.7707250118 93.936275 13.265891 0.84250578 133.361982067 14.9179828105 -0.0111632012142 39.4603064496 -48.9116297248 0
1974 10.7406361103 59.212281 6.4432491 1.3602712 133.394471476 15.3531831954 0.0238691907691 74.7153552447 -76.5701948617 0
1977 10.7159881592 41.747696 3.5851691 1.5088422 138.918925631 13.4315362763 -0.110166721618 97.6688221218 -92.7623782028 0
1980 10.8216891289 40.889782 2.6549702 1.6071612 77.8675430498 133.80916912 2.53528461082 136.267306081 53.1775543075 0
1983 10.8310098648 40.408125 3.8011614 1.6070032 101.553424707 49.756419973 -0.0566803775511 76.4894336935 -95.3220474389 0
1986 10.7119691372 40.388712 5.5337894 1.5172855 75.1513360529 135.571524352 2.62221403915 134.604058418 63.3077419571 0
1989 10.7415339947 40.44034 7.6724587 1.5542124 38.5673085044 89.6528783627 0.288741660567 82.0018137303 -72.5061324668 0
1992 10.659473896 40.554207 9.7439313 1.5604739 70.6832488675 102.212475602 -0.52107217879 97.2532305339 -119.263805177 0
1995 10.6334459782 40.580821 11.876658 1.5652859 37.4374850813 84.171280263 -1.02442214025 72.3629253751 -148.379340877 0
1998 10.7734220028 40.665042 14.024391 1.567666 114.178281319 67.7310697569 -1.03629641636 91.0417689761 -149.196056468 0
2001 10.6442568302 40.771617 16.174621 1.5548315 30.4605977822 82.7199971579 -2.02557176964 67.3394698917 154.858003695 0
2004 10.7566990852 40.847233 18.25792 1.5551713 47.3240620168 109.922236946 1.25599220108 91.8928523624 -17.1416996865 0
2007 10.6982300282 40.88758 20.352438 1.5597309 24.2856192581 97.0356942441 2.94494771717 78.4598425226 79.3670773346 0
2010 10.7439410686 40.971014 22.508388 1.5678505 60.4333530471 77.3758394364 -0.369565864021 58.2170066931 -111.005780818 0
2013 10.7252190113 41.044823 24.54743 1.5705547 135.279092528 42.908761349 0.222080160796 96.0064375047 -77.2618998772 0
2016 10.7090470791 41.105608 26.696222 1.5717508 109.011290108 85.4308519003 1.84688277793 89.7827289188 15.7639011446 0
2019 10.7374448776 41.160404 28.869777 1.5672714 43.5018988784 24.8248624026 -0.502243386991 4.67374928356 -118.574462934 0
2022 10.8347420692 41.204205 31.003136 1.5608691 38.9962353424 30.9363484705 1.76437987075 2.20897953426 11.6603082492 0
2025 10.7564139366 41.244227 33.116661 1.5660557 39.9303619523 32.7032498224 1.82351826756 1.37737074361 14.7515185036 0
2028 10.784277916 41.277887 35.228156 1.5643441 39.1202511635 35.769753849 1.65398399462 2.22457201115 5.1359876377 0
2031 10.6958858967 41.31792 37.33529 1.5797774 39.340698101 37.4375760247 1.66258906496 1.97986587137 4.74475889689 0
2034 10.7453651428 41.419072 39.474789 1.5713492 38.7270735347 39.2981161142 1.66864148862 2.69778965925 5.57443751687 0
2037 10.6221489906 41.429937 41.518923 1.5745722 39.3733416123 41.8335575269 1.64857835432 2.0805238461 4.24024030045 0
2040 10.651350975 41.494048 43.684079 1.5737379 39.253046718 43.1375225208 1.63687470044 2.30668826045 3.61747219706 0
2043 10.6410160065 41.508319 45.798644 1.5762653 39.0707891028 45.7431147243 1.65235086988 2.43816232037 4.35938203597 0
2046 10.6371190548 41.512588 47.943477 1.5772604 39.4703448827 47.913917602 1.62886617854 2.04245702729 2.95679330911 0
2049 10.6127018929 41.583607 50.107906 1.5744728 39.2802848367 50.4167019434 1.64886495814 2.3239294143 4.2623566902 0
2052 10.6558949947 41.632502 52.265699 1.5728612 39.1018210677 51.6519704623 1.62008788544 2.60403700031 2.70588975589 0
2055 10.6441540718 41.660201 54.305408 1.5732479 39.2016358878 54.3521972995 1.62263582721 2.45901029876 2.82971978796 0
2058 10.6228420734 41.689009 56.508616 1.5685378 39.2734802633 56.6178066919 1.60798872824 2.41799538565 2.26037168582 0
2061 10.7007410526 41.794127 58.57462 1.5657057 39.3040189276 58.3010176524 1.62815053504 2.50509410142 3.57782550043 0
2064 10.6793100834 41.856016 60.76704 1.5641567 39.0692772359 60.5268856791 1.62683094058 2.79706757826 3.59096946968 0
2067 10.5603590012 41.858156 62.785084 1.5639758 39.2894108858 62.9775978222 1.62149503736 2.57594895787 3.29560954157 0
2070 10.5561008453 41.958088 65.023529 1.5767642 39.217206571 64.5290376573 1.61857293983 2.78513064254 2.39546433914 0
2073 10.5906851292 41.99726 67.044355 1.5737097 38.7847712051 66.6414957848 1.61771290073 3.23765035247 2.52119768692 0
2076 10.6119089127 42.044947 69.102812 1.5759217 38.6862715436 68.9681096809 1.61572082418 3.36137554229 2.28032184365 0
2079 10.6424748898 42.097902 71.261122 1.5727544 38.8189021754 71.4469436136 1.62012859496 3.28426087902 2.71434142888 0
2082 10.6230700016 42.114798 73.459441 1.5684742 38.5102879585 73.1845704264 1.62613702187 3.61497530721 3.30383632823 0
2085 10.5751719475 42.172982 75.545483 1.5804547 39.0778435452 75.1314244845 1.59234600626 3.12271140338 0.681321661758 0
2088 10.6809799671 42.213453 77.648417 1.5799022 39.0501498009 77.5250957391 1.60873014655 3.16570612392 1.65171966952 0
2091 10.5828790665 42.308345 79.80823 1.5843424 39.108341508 79.8919408425 1.60509594684 3.20109822622 1.1890906438 0
2094 10.6680748463 42.259747 81.948131 1.5870316 38.6416052332 81.8163982419 1.60478966972 3.62053909854 1.01746244698 0
2097 10.5979850292 42.325886 84.065588 1.5841531 38.229536062 84.2503039454 1.60002363709 4.10051250393 0.909314794126 0
2100 10.6289470196 42.338042 86.100283 1.5789413 38.4608649332 86.4219620661 1.62130747209 3.89049860933 2.42740285469 0
