3 1.36184811592 72.513547 45.80148 1.6808269 34.8727293246 72.0682487474 1.30143436673 45.8996110626 -21.7375909354 0
6 1.66799497604 72.505015 45.806851 1.6805552 121.971461088 61.0328612937 2.87484434725 51.7567452417 68.4277276557 0
9 1.3680729866 72.51553 45.801787 1.6811119 113.502445427 130.042741521 -0.461673368264 93.682792736 -122.772552274 0
12 1.63031411171 72.511327 45.798497 1.6805172 98.913326833 117.550262671 1.95370979078 76.455094481 15.6527824458 0
15 1.47224187851 72.518426 45.80176 1.6806948 69.3603499021 130.103880496 1.06698452356 84.3612527452 -35.163008684 0
18 1.37156295776 72.509508 45.806599 1.6825332 89.4327955644 129.832874271 -0.965709242292 85.7135496747 -151.733115071 0
21 1.36991000175 72.510969 45.800989 1.6811293 25.8587230684 41.1507939186 -1.58751410105 46.8834337987 172.720528386 0
24 1.36748194695 72.522343 45.818169 1.6838228 78.1124365693 139.605711864 -1.81747457163 93.9539905627 159.390437785 0
27 1.36820697784 72.508499 45.799812 1.6808804 111.856684172 69.7016084382 0.652103821073 46.0388482622 -58.9445560344 0
30 1.3737590313 72.523901 45.815543 1.6832165 93.4982760651 50.8144709166 0.118016906543 21.5618572875 -89.6793308007 0
33 1.38712596893 72.511009 45.802779 1.6808191 73.3397555795 135.31824996 -0.229086560249 89.5193072033 -109.4295336 0
36 1.3773150444 72.527172 45.853315 1.6851825 70.7569953881 134.272676909 0.37587034301 88.4370798123 -75.0180606607 0
39 1.37239694595 72.188088 49.017093 1.6798669 111.695567005 61.5649902127 -0.0347469809737 41.4522691995 -98.2401388743 0
42 1.37243294716 71.804616 53.279503 1.6643548 74.2491073673 133.107799179 -1.84857850927 79.8657148528 158.723747668 0
45 1.43742108345 71.568933 57.324136 1.642571 75.5379287124 138.280088498 1.16192804798 81.0531873017 -27.5388126037 0
48 1.35310912132 71.37336 61.652431 1.6431927 105.843010589 68.2121526179 2.37045198221 35.0882709667 41.6688874826 0
51 1.35249996185 71.165072 65.844712 1.6344026 47.8493013722 92.8960662966 0.5655605767 35.7127558338 -61.2401369013 0
54 1.37848496437 70.960331 70.343426 1.6128178 88.4597256956 129.455424914 -0.811711092687 61.647848546 -138.915272859 0
57 1.36139082909 70.885213 74.631613 1.6236159 17.0061660516 61.0077479571 1.52658318407 55.5748270242 -5.55956509759 0
60 1.3553249836 70.832043 79.069602 1.6124517 95.2313962135 102.807607648 -0.0542698710739 34.0414651472 -95.4961116459 0
63 1.37164592743 70.841819 83.283634 1.5826474 32.0659508555 125.842037886 -2.92077086993 57.5741755626 101.973139751 0
66 1.36569094658 70.897044 87.066595 1.5142468 50.0724015366 111.439463573 -2.74689096644 32.0577986799 115.854790059 0
69 1.38192796707 70.898205 87.488163 1.2381173 63.1316920818 56.7956995727 2.73367253332 31.659848928 85.6890028977 0
72 1.38486719131 70.648486 87.373684 0.94938085 50.1936677531 71.0070070263 -2.36461771046 26.1967117149 170.121869173 0
75 1.37986183167 70.490448 87.162959 0.64684814 56.6613856424 108.293857663 -3.10019572656 25.2538679015 145.310200796 0
78 1.36481881142 73.090524 88.460194 0.4660111 85.983722882 62.7690673743 1.78232864675 28.7448876273 75.4194399279 0
81 1.37683105469 76.750616 90.291223 0.4640309 40.1976570371 73.3907162821 -2.805247926 40.270906822 172.684121219 0
84 1.37145590782 80.704264 92.172539 0.45240664 76.0293900488 93.0006864082 0.296677736293 4.74765990662 -8.9226089306 0
87 1.37385892868 84.637734 93.972859 0.42386385 59.1836343444 105.879476578 2.84035077878 28.1012229523 138.454502268 0
90 1.35548782349 88.678811 95.730817 0.41656148 20.3281692638 71.1819845583 2.39357556582 72.6254459539 113.274563155 0
93 1.36247396469 92.647535 97.41769 0.40779386 95.8197709781 91.7178423516 -2.19385172343 6.52313914585 -149.06331172 0
96 1.36677694321 96.759828 99.128022 0.39320766 9.72824745716 48.0913077173 2.38952403593 100.892230705 114.380502914 0
99 1.37237906456 100.07577 100.58602 0.32958371 105.826824659 61.2218614754 -1.67332087634 39.7820513051 -114.757979565 0
102 1.37260293961 100.12714 100.52966 0.1390585 3.77358610625 91.6284881636 1.80300070781 96.7638269604 95.3368658609 0
105 1.36173820496 100.08551 100.52401 -0.14356162 136.538238184 20.4912271144 -0.368115667316 87.9434348229 -12.8659991838 0
108 1.37246012688 99.772178 100.71077 -0.40700642 104.0303852 58.9209600736 -2.01495716714 42.0061964744 -92.1287914762 0
111 1.36640691757 99.760338 100.7618 -0.66729138 80.815930574 72.9219833836 -0.195113938511 33.6741141228 27.0537745786 0
114 1.3697450161 99.638101 100.95548 -0.8821311 12.4649883193 68.2038550807 1.82423940771 93.1226100864 155.06360789 0
117 1.35743498802 99.549051 101.11221 -1.1251977 13.5008918392 67.2299330115 1.52343370019 92.4786158465 151.755400717 0
120 1.36466813087 100.80276 98.46873 -1.1938854 41.0030624359 95.306070189 -2.48512928696 59.8832718365 -73.9828250449 0
123 1.40987110138 102.35582 94.496879 -1.1822805 117.811580824 138.331601716 1.75507291425 46.4797101778 168.297953575 0
126 1.38239479065 103.84912 90.431736 -1.1842505 125.362055575 63.546614372 1.90804884193 34.4327774365 177.175701284 0
129 1.3640871048 105.46668 86.336829 -1.1831903 127.790345671 70.9051910114 -0.550366454828 27.1381926446 36.2581355036 0
132 1.37290287018 106.96067 82.891423 -1.1821311 30.1973737259 90.7098719165 2.62616763512 77.1604289667 -141.800555352 0
135 1.36413884163 108.13488 79.987125 -1.1809983 107.968786358 80.7145315737 -1.08575322688 0.746128287418 5.45714070934 0
138 1.36041903496 109.11096 77.465416 -1.174964 82.8463387693 83.6944056452 0.128465912124 26.9931591407 74.6810328558 0
141 1.36209797859 110.00241 75.115832 -1.1797573 111.58056788 75.4342063677 -0.938766416537 1.609951717 13.8077605236 0
144 1.35500907898 110.9669 72.896666 -1.1819268 108.019113246 75.4485752441 -0.892733880664 3.89893415433 16.569533743 0
147 1.43644499779 111.79529 70.750926 -1.1680053 76.3790509903 53.1125820114 2.14960797069 39.5654036281 -169.914761533 0
150 1.38088083267 112.62755 68.634671 -1.166408 109.882329801 72.9463339959 -1.01932296679 5.11142560656 8.4273516324 0
153 1.35479784012 113.50263 66.493746 -1.1746568 111.230512568 70.1725326028 -1.16007012358 4.32388580971 0.835754996056 0
156 1.36031985283 114.39844 64.423702 -1.1690506 112.173078906 66.6564056025 -1.02148167039 3.15233205348 8.45507685393 0
159 1.37387990952 114.9392 62.935672 -1.1627449 113.93275165 63.37450099 -1.0715838772 1.09795681328 5.22314186275 0
162 1.37835597992 115.58582 61.52951 -1.1720902 112.108863674 65.6655502761 -1.09356117226 5.40333734459 4.49938185877 0
165 1.38405990601 116.16312 60.165609 -1.1710096 114.215498722 60.610163814 -1.20756108049 1.99771309903 -2.09424556693 0
168 1.36345791817 116.71267 58.758483 -1.1690165 114.140462048 61.4324969823 -1.06230686771 3.7103375216 6.11401156345 0
171 1.39188098907 117.29804 57.404001 -1.1730259 114.723553372 59.5455386301 -1.16195507253 3.3487557117 0.634311689925 0
174 1.37804198265 117.3062 57.346669 -1.1782941 115.30664431 63.0587324197 -1.1686607884 6.05193287043 0.551948097259 0
177 1.37387704849 117.30973 57.394113 -1.1925087 114.279185562 60.4889308368 -0.793343410094 4.33152363881 22.8704864397 0
180 1.35439991951 117.3509 57.478875 -1.2542253 114.9265387 59.8626540002 -1.10722778039 3.39998971066 8.42233747238 0
183 1.42711997032 117.31554 57.561663 -1.3141336 116.303478016 62.3169015138 -1.56908071137 4.86174482902 -14.6073934804 0
186 1.36824202538 117.31761 57.625945 -1.389572 58.8945401132 104.987451684 -0.305013608672 75.2088253492 62.1406184586 0
189 1.37833714485 117.34247 57.653648 -1.4539696 114.24972377 63.7097058314 -1.3538321386 6.80006733062 5.73745390912 0
192 1.37482714653 117.36058 57.739095 -1.5147103 114.82804845 60.8325377166 -1.48028504718 3.99788742849 1.97242169547 0
195 1.37530899048 117.34118 57.80351 -1.5718326 64.4703805285 98.2201403709 1.61432942295 66.5494210891 -177.44636324 0
198 1.3743929863 117.32521 57.826191 -1.6475747 114.097524042 60.5935497603 -1.47177494094 4.25161512285 10.0725842333 0
201 1.3820078373 117.28663 57.948056 -1.7072698 69.709608342 106.396856699 -2.55066197764 67.9033083071 -48.3228122529 0
204 1.37574100494 117.37131 58.006137 -1.7818651 116.230536564 66.3580490044 -1.65434387878 8.42946013469 7.3064277745 0
207 1.37668299675 117.40314 57.989067 -1.8555926 64.8489429786 104.445976776 -2.97953779149 70.1440524245 -64.3973158765 0
210 1.39560008049 117.02719 57.008887 -1.8977403 65.3676051065 100.182309581 2.41446607091 67.3250111677 -112.928774557 0
213 1.35978579521 116.38504 55.250118 -1.9095407 32.1659618564 81.8129626367 -2.35903661259 88.3087642228 -25.7542186995 0
216 1.35105609894 115.67443 53.450651 -1.9075572 115.072204285 57.2911411887 -1.00761816952 3.88742082898 51.5627082657 0
219 1.39874696732 115.02136 51.574537 -1.9165104 114.962597614 52.9449254935 -1.46738942161 1.37164778321 25.7327365526 0
222 1.35751700401 114.35753 49.684701 -1.9233127 115.738791934 49.1125458549 -1.53076895833 1.49507392485 22.491099672 0
225 1.36066794395 113.59486 47.870819 -1.9110101 112.78981381 47.7149345735 -1.53754497779 0.819999586807 21.3979752982 0
228 1.39661478996 112.87829 45.986656 -1.9118326 112.886931277 47.2329483711 -1.67618436436 1.24632232822 13.5016493519 0
231 1.36234998703 112.17059 44.128463 -1.9122248 113.69863139 44.5590566611 -1.66515293983 1.58755201181 14.1561748242 0
234 1.36221408844 111.43202 42.277019 -1.9027456 113.662182927 41.3904177569 -1.66134625604 2.39993509154 13.8311635859 0
237 1.36127996445 110.82393 40.37458 -1.9174412 129.294689235 61.0090838733 -0.0841370562973 27.6938927712 105.040589998 0
240 1.36737012863 110.14399 38.567468 -1.912432 110.344329325 37.9373519718 -1.5508374619 0.661197439602 20.7178409281 0
243 1.35078406334 109.42625 36.696167 -1.9074722 112.503142504 33.301949543 -1.57959175613 4.58126397688 18.7861656184 0
246 1.36217999458 108.96452 35.308972 -1.917648 109.17116635 37.0478070229 -1.99209692209 1.75107108673 -4.26560902517 0
249 1.37190008163 108.91335 35.330429 -1.9171391 107.229920229 38.4960090827 -1.84114063953 3.58536372684 4.3543910347 0
252 1.36666607857 108.9585 35.348205 -1.9450374 108.085074171 36.8830339347 -1.98728095629 1.76594805652 -2.42037748723 0
255 1.37059688568 108.97674 35.368834 -2.0165302 110.998844556 37.7559533036 -1.9951057703 3.12845735209 1.22752940023 0
258 1.36729502678 108.99865 35.397074 -2.0803106 109.311717301 38.3325847234 -2.02456732461 2.95215757411 3.19385441594 0
261 1.36723303795 109.05048 35.474836 -2.159245 110.091250206 36.347329461 -2.05473017642 1.3581043633 5.98825828795 0
264 1.3707139492 109.09365 35.518169 -2.2238592 109.664382522 37.7204385395 -2.23545556169 2.27502235948 -0.664422582421 0
267 1.43659114838 109.14301 35.568827 -2.2920109 105.043856584 39.7225666123 -2.35173451276 5.83580427119 -3.42191094844 0
270 1.3716750145 109.24021 35.586114 -2.3597618 108.332994459 39.0980360601 -2.27899371332 3.6272078234 4.62767048602 0
273 1.36849403381 109.32691 35.57971 -2.4292889 110.282339803 37.4760945638 -2.39706702089 2.12346898315 1.84617768104 0
276 1.43650388718 109.34422 35.612178 -2.4970016 106.361391875 37.8913174727 -2.39632722362 3.75389668991 5.76821687169 0
279 1.35745191574 109.45255 35.562283 -2.5751384 105.452420754 38.9252542913 -2.26659098757 5.22595540467 17.6784645118 0
282 1.37257599831 109.51035 35.610832 -2.6455993 73.0039753435 109.082988198 -1.97700775124 82.0418986063 38.3074739622 0
285 1.42397785187 109.52669 35.619453 -2.7060079 112.287368435 36.7849361328 -2.48240816791 2.99661414816 12.8113209493 0
288 1.37110495567 109.56751 35.667144 -2.7779359 108.495039169 38.1740525052 -2.50503923168 2.72668002109 15.6358273378 0
291 1.36196684837 109.58407 35.725569 -2.8421247 111.849436731 36.8126193992 -2.57652526402 2.51268083822 15.2177267229 0
294 1.42002391815 109.62066 35.728072 -2.9074408 106.925154238 40.2814878656 -2.48693706758 5.29144095277 24.093089137 0
297 1.36358904839 108.40689 35.538158 -2.9474042 25.6551964291 68.8264156178 3.05731990078 89.1961371589 -15.9546518848 0
300 1.38408708572 106.63579 35.154474 -2.9731605 103.989172165 38.1118164662 -2.55153210205 3.96868497476 24.1575277253 0
303 1.3730340004 104.74277 34.838538 -2.9724974 80.9782047794 87.1632731615 -1.2617610649 57.4685346067 98.0179718609 0
306 1.36743307114 102.71686 34.507066 -2.970186 105.310326559 34.3081860301 -2.92882403994 2.60108093544 2.36986574362 0
309 1.37547111511 100.87602 34.149296 -2.9774562 65.1986457362 101.758858821 2.07716907535 76.4455886179 -70.3913047024 0
312 1.35985708237 98.917573 33.856952 -2.9648121 98.511257524 34.0588220603 -2.86164268865 0.453700107195 5.91117184541 0
315 1.36808800697 96.872255 33.519705 -2.9713846 97.4573152551 34.8531321309 -2.54041477367 1.45613303497 24.692752146 0
318 1.38455295563 94.700759 33.157106 -2.9752463 22.7742482761 102.523051324 2.59212260135 99.9252586465 -41.0132589601 0
321 1.3597509861 92.656194 32.878926 -2.9695623 29.9587796122 87.6314002707 -2.02976549217 83.239408994 53.8463906885 0
324 1.36704802513 90.628889 32.525228 -2.9736018 90.6777313755 33.3788108989 -2.86374507321 0.854979147666 6.294326796 0
327 1.42527699471 88.510396 32.191288 -2.9695852 87.8165355652 35.5812870325 -3.01477247336 3.46027972037 -2.589040051 0
330 1.37927889824 87.334812 32.006658 -2.9896435 85.7359202891 34.055370844 -2.8478951491 2.5987841427 8.12158225941 0
333 1.43973398209 87.328365 31.983283 -3.0015998 86.8954213234 32.6650512424 -2.92451564363 0.807618823077 4.41659682731 0
336 1.35669112206 87.328448 32.00285 -3.0442403 87.0891844353 33.0292215307 3.12664975279 1.05389068338 -6.4340441356 0
339 1.37632989883 87.480424 31.977098 -3.121648 29.6204311094 138.075123225 0.30849951982 120.84936795 -163.467024007 0
342 1.4250869751 87.509332 32.088761 3.0972389 64.7448048651 87.4044003853 -1.43146180852 59.8167506329 100.524562724 0
345 1.36887693405 87.537767 32.004513 3.0032565 50.9736057104 86.9224411107 0.759129542819 65.9766376741 -128.579003338 0
348 1.36350989342 87.588829 31.971963 2.902116 47.0315300563 96.0766615347 0.107021393354 75.8571477966 -160.147124301 0
351 1.40930485725 87.696053 31.883789 2.7788249 50.2053063111 88.7561715679 0.250134608588 68.1177215285 -144.883281394 0
354 1.35433578491 87.777704 31.698119 2.6376296 47.2772631083 92.0228608252 -0.0249862522544 72.6592058083 -152.556650799 0
357 1.36103487015 87.896098 31.65995 2.4917922 48.0555472 93.6064054329 -0.0284184350351 73.6521067503 -144.397432871 0
360 1.39734005928 87.958395 31.594625 2.366513 87.2361259238 93.1974579776 -0.794025506061 61.6070669931 178.914482614 0
363 1.35927200317 87.964094 31.460561 2.2184109 45.9924621582 74.3503579183 -2.42930630754 60.009603891 93.7054196377 0
366 1.36242198944 87.708527 31.831987 2.1125682 48.3505629308 83.5245499059 -0.271442225904 64.970534825 -136.593735719 0
369 1.35378098488 86.721318 33.612273 2.0920166 51.646525859 84.5826775289 -0.699548738146 61.8726367757 -159.944912111 0
372 1.3556368351 85.724716 35.405361 2.0873093 93.5714638945 85.6725907274 0.0265523556498 50.8759848748 -118.072675514 0
375 1.36050987244 84.755772 37.248267 2.0862059 17.6350971012 108.392128556 2.18010470423 97.8091715332 5.38000518353 0
378 1.36463785172 83.690185 39.149374 2.0868314 82.4258155804 96.3326042398 -0.111845479862 57.1972066686 -125.974905729 0
381 1.36532187462 82.666747 40.97523 2.090975 48.0049018756 81.6331340198 -1.04418957929 53.4276021052 -179.631698472 0
384 1.35474085808 81.635815 42.877142 2.0910396 97.240055175 53.5014549411 1.1637222916 18.8777206492 -53.1313680408 0
387 1.35825777054 80.624097 44.699122 2.0805048 78.0714105012 45.492863436 2.23461746068 2.67324406447 8.83000502653 0
390 1.3586909771 79.602515 46.546403 2.0762437 119.548021951 127.792396982 1.52472394065 90.5348279045 -31.5997545287 0
393 1.34805011749 78.599692 48.40129 2.0808805 107.205080182 82.0934550319 0.436163711863 44.1976268322 -94.2353304546 0
396 1.34872603416 77.532669 50.298142 2.0919608 34.7399628808 88.3035736504 1.20651037522 57.2331069569 -50.7325723078 0
399 1.35814213753 76.53881 52.074716 2.0854653 33.6364243153 96.2097051973 1.62418959293 61.5508892615 -26.429151207 0
402 1.35480189323 75.533974 53.92833 2.0838411 73.9398821267 55.310564004 2.23563439523 2.10990515008 8.6971151748 0
405 1.36562609673 74.451304 55.860797 2.0823704 97.9721766034 92.897936382 -2.215595601 43.8746070253 113.744687652 0
408 1.4185731411 73.464188 57.689364 2.0801622 57.3920121525 95.7703130936 -1.69752142249 41.3336850564 143.554672095 0
411 1.38957214355 72.461178 59.521835 2.0808323 122.501565601 24.6919997762 2.10812201233 60.9684985297 1.56358534062 0
414 1.36594080925 71.469371 61.42577 2.0898858 26.6300835133 68.1904119598 -2.39602152268 45.3466876757 102.976443123 0
417 1.42850899696 70.386885 63.322712 2.0827703 27.5611729575 66.1867539384 -1.96639346238 42.9213740248 128.000005858 0
420 1.34887599945 69.38246 65.186025 2.0922796 66.9200088684 64.195563127 2.00397410423 2.65418166247 -5.0595322152 0
423 1.34498596191 68.400253 67.014087 2.0893798 67.320050415 68.6735488806 2.29242944656 1.98006347319 11.6338877796 0
426 1.41266989708 67.30799 68.901204 2.089526 63.1936931935 66.777246547 2.04628848309 4.63018719646 -2.47732723531 0
429 1.35622096062 66.315197 70.741557 2.0869248 123.206968711 113.419082617 -1.08060462025 71.1199330795 178.513932736 0
432 1.34704780579 65.281228 72.464006 2.0745737 62.1941910741 74.3642684414 2.09787868476 3.62502335556 1.33527726862 0
435 1.35588598251 64.283593 74.421326 2.0918621 62.4778147543 76.3820676491 2.14010713228 2.66558490522 2.76423673191 0
438 1.35529899597 63.28447 76.191493 2.091939 62.5463396877 76.6325542947 2.32673744481 0.859867096446 13.4529599241 0
441 1.36717391014 62.204887 78.125252 2.0893553 62.0117700134 78.043264413 2.15595750489 0.209800226207 3.81602524636 0
444 1.36063599586 61.273659 79.948227 2.0960183 57.5868733359 81.0279365659 2.18880743179 3.84163523517 5.31642563617 0
447 1.36464118958 60.19879 81.787566 2.089809 59.0882559435 80.6960980968 2.11022509655 1.55710888323 1.16975616633 0
450 1.39237809181 59.161438 83.629466 2.0974137 57.4499810917 84.7421911404 2.12966867924 2.04138237161 1.84807417896 0
453 1.3601911068 58.11891 85.485673 2.0964985 56.2320597744 84.7353848712 2.09306726125 2.03055067657 -0.196595499096 0
456 1.35397601128 57.036783 87.336936 2.0992423 54.6083221076 85.7577778824 2.04248982527 2.89675036309 -3.25167727874 0
459 1.36512708664 56.357629 88.602308 2.124456 54.6872636945 88.5596099112 2.1479784803 1.67091094332 1.3477388448 0
462 1.35764884949 56.200217 88.720884 2.2094598 56.0273868657 90.5871783512 2.14053523982 1.87427982452 -3.94908640338 0
465 1.41542005539 56.199637 89.07416 2.3631742 54.4035860443 88.569935464 2.40482501329 1.86548691178 2.38641581467 0
468 1.36905789375 56.109511 89.161307 2.4869631 55.7532523341 87.6905463157 2.66382022321 1.51329350339 10.133166737 0
471 1.36950802803 56.023191 89.233423 2.608836 51.9921012938 89.0814969846 2.61219372003 4.03395162756 0.192383186301 0
474 1.42236685753 54.873312 89.789936 2.6823278 51.6329952689 88.3358877848 2.77326756299 3.55160649987 5.2104646094 0
477 1.37202906609 52.997249 90.667048 2.6986067 47.9094890402 90.1274206614 2.75197812185 5.1162973988 3.05795721849 0
480 1.35599517822 51.122563 91.609157 2.7018871 47.045849408 89.2749676214 2.61897127832 4.69766258541 -4.75072663707 0
483 1.415995121 49.137432 92.566213 2.7007601 45.8528045914 91.9369102947 2.80039654441 3.34436826746 5.70874775042 0
486 1.35801410675 47.308569 93.452781 2.7003868 45.1868211227 92.9242092947 2.65846242654 2.18659600809 -2.40208965816 0
489 1.36714482307 45.360782 94.336008 2.7008969 43.3875897854 95.0719649978 2.6007145684 2.10597251126 -5.74002478244 0
492 1.3619799614 43.468079 95.251019 2.7064338 40.8577434885 94.4234871867 2.78746599963 2.73836819744 4.64280304346 0
495 1.36804485321 41.590918 96.131677 2.7064065 37.1322003375 93.3646887606 2.71759820779 5.24751246888 0.641237621801 0
498 1.37451910973 39.606214 97.06058 2.704478 35.7251344075 95.8161286485 2.76954168301 4.0757131854 3.72787443585 0
501 1.37765002251 37.718719 97.944153 2.696243 32.7297778034 96.4302420809 2.88281562578 5.21358423107 10.6898240298 0
504 1.36744403839 35.769603 98.891663 2.7044976 33.8311219713 98.8228127886 2.81309335637 1.93970334076 6.22207851298 0
507 1.37807297707 33.862509 99.822852 2.7013631 30.0839911074 98.0809727784 2.78557111851 4.16068992931 4.82476406192 0
510 1.36928987503 31.979521 100.73965 2.7066945 27.4819760142 99.2695531823 2.80317149726 4.73171169379 5.52772476283 0
513 1.36895394325 30.015598 101.64307 2.7044148 25.5841572994 100.087707818 2.72016276044 4.69646869471 0.902291668892 0
516 1.42242288589 28.083667 102.5122 2.7038251 25.0439246528 100.797395498 2.78112916372 3.49006991597 4.42919659027 0
519 1.36753678322 26.231599 103.44351 2.6987262 22.8978778762 104.018984247 2.72070380986 3.38302632863 1.25922428877 0
522 1.35791492462 24.326425 104.3449 2.7056645 22.3250104462 105.01522982 2.69605382431 2.11068763293 -0.550651155124 0
525 1.36352801323 23.072168 104.95788 2.6888385 19.3340106221 103.511533209 2.69831149674 4.00820902912 0.542762732372 0
528 1.36063408852 23.059574 104.94595 2.6093304 18.4177389435 104.610001275 2.6435289476 4.65397617504 1.95943244288 0
531 1.36125802994 23.148655 105.02795 2.4881616 18.60837407 105.565810872 2.53098188139 4.57202856956 2.45342140134 0
534 1.38274717331 23.15609 104.97342 2.3614352 17.8442695072 105.60099622 2.40514069909 5.34876517156 2.50414063909 0
537 1.43075323105 23.189116 104.80794 2.2179164 18.8400969949 103.889940292 2.2053715195 4.44484980299 -0.718768707046 0
540 1.36247706413 23.170444 104.45908 2.0515088 18.8980450196 103.846173259 2.08803367627 4.31613805626 2.0927212576 0
543 1.35717892647 23.203193 104.36781 1.9241471 18.5075029864 102.813713833 1.92706126267 4.94618232573 0.166969221651 0
546 1.54587888718 23.268475 104.40083 1.8086424 19.384735696 104.80743981 1.88597646753 3.90496639152 4.43091568221 0
549 1.37343192101 23.269141 104.3114 1.6661585 18.989034887 105.452343844 1.66509905043 4.42956670496 -0.0607019892021 0
552 1.43661117554 23.273746 104.22596 1.531085 18.7285536267 103.618424347 1.48378683571 4.58561591065 -2.70998519251 0
555 1.36660885811 23.201513 103.9692 1.3630267 20.4759424978 103.276950253 1.44409188174 2.81210673237 4.64469277923 0
558 1.35947799683 23.573375 105.47089 1.3112874 19.8507554483 105.366485779 1.3574426468 3.72408331917 2.6445008439 0
561 1.34832501411 24.091257 107.45193 1.3021436 21.3018068211 113.10885432 1.40665062258 6.30728349354 5.98781132335 0
564 1.37601113319 24.69734 109.54228 1.2971878 20.2382344703 114.846350669 1.47617979265 6.92941467885 10.2554857457 0
567 1.36693501472 25.24514 111.62222 1.291934 21.0521386577 111.224625646 1.3251052165 4.2118097686 1.90057070654 0
570 1.36860585213 25.838263 113.71051 1.2925571 21.6603775326 114.229798122 1.27548202805 4.21003410113 -0.978329557634 0
573 1.36158585548 26.485855 115.66064 1.2984976 22.0941801443 115.552323911 1.28499988375 4.3930104044 -0.773362174222 0
576 1.36469817162 26.666562 116.70228 1.2516028 21.3355146764 115.357084126 1.23468457989 5.49814673361 -0.969342609011 0
579 1.36265897751 26.671044 116.66524 1.1445574 21.7107499659 116.150476952 1.12260146851 4.98693271468 -1.25798220941 0
582 1.36660408974 26.68282 116.71548 1.0360889 22.0294150524 114.963091615 1.02151866006 4.97242824583 -0.834813254942 0
585 1.35850906372 26.598988 116.54426 0.86252405 22.4602389476 116.024647507 0.795560875534 4.17123972712 -3.83670727968 0
588 1.35945105553 26.490987 116.49462 0.72378221 23.739855032 116.448118112 0.724118296377 2.7515249465 0.0192563309378 0
591 1.36088895798 26.414554 116.44154 0.58967497 20.9610974093 115.325200304 0.634388858599 5.56654319149 2.56191710233 0
594 1.37735199928 26.30131 116.37003 0.43724496 20.8465117848 117.526320604 0.489188656108 5.57600497938 2.97615455929 0
597 1.36460614204 26.176025 116.35464 0.31453037 22.416128529 117.229079854 0.366111353492 3.86024177106 2.95537265722 0
600 1.36548614502 26.088883 116.46581 0.14702743 22.2256150346 118.0822812 0.0936667627169 4.18781786998 -3.05734102732 0
603 1.36863899231 25.977812 116.45377 0.019989929 26.3329371462 120.190346051 0.0570794243008 3.75341370682 2.125071545 0
606 1.36842894554 25.890585 116.45549 -0.11586106 20.3572813024 117.537553179 -0.167692893463 5.63811232 -2.96974530184 0
609 1.36993694305 27.617035 116.21759 -0.13548047 26.0752658363 116.842512953 -0.0846486661641 1.66360477633 2.91244782483 0
612 1.36346793175 29.732468 115.90829 -0.14344069 28.5436066102 115.518995138 -0.119661936806 1.25097637602 1.36242220011 0
615 1.37100791931 31.744289 115.6014 -0.14068963 27.3095611575 115.407907386 -0.0769591876162 4.43894699547 3.6514853751 0
618 1.37358403206 33.87565 115.27561 -0.13567301 27.8359660975 113.106789195 -0.0549451813762 6.41728644578 4.6253638694 0
621 1.3522567749 35.936054 114.9269 -0.14240112 32.5008922617 113.170612608 0.0880527083684 3.85809299662 13.2040317381 0
624 1.36379408836 38.113735 114.67885 -0.14674677 34.8891325116 114.21182846 -0.200041023569 3.25824651109 -3.05353580179 0
627 1.3751001358 40.163768 114.30534 -0.14012204 36.601425471 115.852097836 -0.0867254491558 3.8836508721 3.05939929576 0
630 1.35083913803 42.346763 113.98058 -0.16006212 40.3424711609 115.376315451 -0.10690715672 2.44238883565 3.0455550561 0
633 1.37363815308 44.341947 113.67079 -0.15507802 40.5682638515 115.154648644 -0.0321141169484 4.05493785166 7.04531267731 0
636 1.36067795753 46.544067 113.30502 -0.15009707 41.7890545186 114.44553508 -0.0462560470015 4.88987917495 5.94965235813 0
639 1.36208486557 48.557097 112.97025 -0.14631805 45.9569233039 113.506624146 -0.0412109614848 2.65492005058 6.02219256883 0
642 1.36376214027 50.586062 112.64729 -0.14866611 49.4196180507 113.133389803 -0.024325689036 1.26367895649 7.12418134411 0
645 1.36237883568 52.747394 112.3225 -0.14488479 50.2047297129 113.922357315 -0.0934923005984 3.00411136683 2.94457274138 0
648 1.36544895172 54.919709 111.95097 -0.14565598 51.1548992154 113.051970666 -0.0506249234509 3.92249858891 5.44487846293 0
651 1.36195611954 56.9199 111.70562 -0.14317608 54.567309737 114.338548106 -0.105063466743 3.53086269334 2.18369188581 0
654 1.36076998711 58.963864 111.32719 -0.14485493 56.0583364303 113.4889146 -0.091774241631 3.62148363314 3.04129941719 0
657 1.42022109032 61.070196 111.0267 -0.15209978 58.4676227096 111.475190197 -0.0866349016795 2.64093377205 3.7508612341 0
660 1.36105489731 63.25691 110.67843 -0.1447313 61.6274650369 112.385216697 -0.0468040768183 2.3597058539 5.61081658775 0
663 1.35718798637 65.338645 110.4192 -0.14848438 61.6542440192 111.041533292 -0.156399918222 3.73659060026 -0.453526932669 0
666 1.41046214104 67.412523 110.08404 -0.1445869 62.3638582666 112.331999359 -0.0549747870769 5.52651217954 5.13439586374 0
669 1.36938810349 69.507235 109.73429 -0.15139682 66.3661831287 112.040269353 -0.147192505672 3.89663285877 0.24088946675 0
672 1.35937094688 71.647859 109.39116 -0.14906575 68.0818791897 110.297653865 -0.0790219729941 3.67939439777 4.01321280359 0
675 1.37406897545 73.702975 109.06139 -0.1559357 69.0808571288 112.225893508 -0.0773371611823 5.60161191673 4.50336455015 0
678 1.36289381981 75.754203 108.72815 -0.15045699 72.7154367582 109.97714841 -0.154390845951 3.28543715513 -0.225393343231 0
681 1.39383912086 77.860742 108.43703 -0.15243836 74.2402082025 109.066194605 -0.159812448603 3.67479429064 -0.422504154715 0
684 1.39442396164 79.97813 108.08555 -0.15170568 74.8863514512 109.854328674 -0.167250461826 5.39024923245 -0.890650392068 0
687 1.3497068882 82.120618 107.73965 -0.14888428 77.1561265484 109.358154182 -0.118996649638 5.22165980903 1.71243507939 0
690 1.41682291031 84.192494 107.42985 -0.14593359 81.0787978312 108.083834212 -0.132396958281 3.18163467133 0.775591866302 0
693 1.36933588982 86.28045 107.15458 -0.15823172 82.6904201278 108.503694642 -0.174712393808 3.83515642448 -0.944273052735 0
696 1.35988998413 88.385341 106.75858 -0.15035877 84.8643325531 108.001633725 -0.109334806032 3.73399023132 2.35049999426 0
699 1.36762499809 90.512184 106.42958 -0.15443508 86.9360864059 107.848734336 -0.0699073718535 3.84739821584 4.84308092871 0
702 1.36820411682 92.541412 106.11165 -0.15857271 88.6248665326 108.864722918 -0.084568010275 4.78735197037 4.24015695837 0
705 1.36856603622 94.624435 105.7799 -0.14991569 90.581511211 108.789541268 -0.0887366891999 5.04015608145 3.50529854067 0
708 1.35857605934 96.812614 105.41142 -0.16008539 92.8941769573 107.131043485 -0.0912465708374 4.27916508081 3.94417380468 0
711 1.36962509155 98.833392 105.05687 -0.15857643 94.3349730718 107.753617152 -0.155105516524 5.24482774327 0.198868693211 0
714 1.37403202057 100.9283 104.72764 -0.15390186 95.8130256408 106.167135364 -0.159279853321 5.31396073307 -0.308136319515 0
717 1.37463307381 103.02648 104.38009 -0.15580909 96.8780534734 104.9906207 -0.152918818818 6.17866462019 0.165600340398 0
720 1.35783720016 103.56436 104.3046 -0.21764658 97.256666183 105.817755517 -0.257512440632 6.48665097774 -2.28414556087 0
723 1.37406802177 103.46604 104.39779 -0.32798619 98.8662910048 105.875841403 -0.330224203926 4.83138973486 -0.128228752424 0
726 1.37086892128 103.43166 104.43448 -0.46455789 97.5661784084 106.946682833 -0.50279477054 6.38083359567 -2.19081187667 0
729 1.38223314285 103.35806 104.51276 -0.60050128 97.6762701673 106.324573233 -0.547122285416 5.9636736073 3.05839110432 0
732 1.37010407448 103.30537 104.5712 -0.75278089 99.3713542234 104.466324229 -0.583939666868 3.93541345449 9.6738894933 0
735 1.36946606636 103.24477 104.73622 -0.88717849 98.2702300822 105.700279146 -0.845199195105 5.06709556159 2.4052364244 0
738 1.36549401283 103.11543 104.83266 -1.0218313 97.7127142398 103.627113958 -0.835053034064 5.53558297237 10.7016063429 0
741 1.35879707336 103.3336 104.43355 -1.1359167 98.9088988855 107.431495934 -1.06042845023 5.34468518956 4.32515811443 0
744 1.3650200367 104.18264 102.5184 -1.1499809 100.938000571 104.244300398 -1.09956390437 3.67510778174 2.88868106547 0
747 1.36372900009 105.02068 100.61649 -1.1544373 103.975495944 102.508069745 -1.13325956916 2.16113017724 1.21339459678 0
750 1.36458706856 105.97315 98.645528 -1.1675657 104.360945705 101.174975061 -0.965522748372 2.99955082044 11.5762084086 0
753 1.3641769886 106.66644 96.709247 -1.154133 105.865224182 98.7583615437 -1.00103839748 2.20018571948 8.7716745905 0
756 1.37217712402 107.65453 94.805864 -1.1707179 104.361714277 97.5038291674 -1.14473997578 4.25695330409 1.48842541841 0
759 1.35363984108 108.36584 92.821603 -1.1639211 106.269799335 96.4249642834 -1.05205100256 4.16864474477 6.40968443718 0
762 1.35774803162 109.18739 90.932737 -1.1605274 108.00075904 90.6129665564 -1.16194766084 1.22896142042 -0.0813749519195 0
765 1.3706817627 110.00551 88.971931 -1.1631703 109.21589151 90.8102670091 -1.17986904413 2.00074402233 -0.956767562073 0
768 1.37680602074 110.83946 87.051439 -1.1600004 109.91602758 88.4557481455 -1.12152068364 1.68071758768 2.20472534429 0
771 1.35773396492 111.68317 85.129972 -1.1502451 111.565627218 86.7987986318 -1.10660258453 1.67296103742 2.50053194371 0
774 1.36797904968 112.49307 83.177328 -1.1488654 112.748018632 86.8355233007 -1.04046179799 3.66706853817 6.21106887916 0
777 1.36653208733 113.40329 81.226755 -1.149046 111.892645278 83.4738389511 -1.15022704288 2.70766204663 -0.0676687721806 0
780 1.35873484612 114.20236 79.347389 -1.1522317 114.715474607 80.6910391527 -1.10555706259 1.43829146312 2.67425973407 0
783 1.35011410713 115.10134 77.33273 -1.146946 113.463242305 80.1515718638 -1.09460259586 3.26025052886 2.99905614248 0
786 1.3733549118 115.87569 75.433999 -1.1405871 115.172489129 78.34114336 -1.10594513767 2.99098308179 1.98483823579 0
789 1.36019992828 116.74641 73.521868 -1.1514597 114.814633283 75.2756977148 -1.21629642292 2.60915311031 -3.71487058076 0
792 1.36181092262 117.66191 71.592443 -1.1472421 115.465219293 73.9008834603 -1.04568042274 3.18658868083 5.81905546753 0
795 1.4220430851 118.47567 69.543126 -1.1411103 116.522474057 71.7075703445 -1.08437744606 2.91544056918 3.25055309031 0
798 1.36890292168 119.32773 67.660396 -1.1493947 116.610980171 70.8362951386 -1.12255118057 4.17936179009 1.53802037034 0
801 1.3623790741 120.23613 65.736718 -1.1477983 119.046664026 67.2569992643 -1.06693955054 1.93030682159 4.63286508051 0
804 1.3534591198 121.05504 63.851108 -1.1435448 119.781963286 66.0000733107 -1.13068868722 2.4977542367 0.736601002999 0
807 1.36085009575 121.9387 61.889647 -1.1416966 119.477399888 63.5938303313 -1.05069869004 2.99369989621 5.2137961853 0
810 1.36114883423 122.75206 59.947854 -1.134592 121.726767731 62.4570159449 -1.08104550353 2.71055675137 3.06798825565 0
813 1.42633414268 123.61313 58.017737 -1.1345099 123.361022449 61.8546094295 -1.0820787134 3.84514606447 3.00408570725 0
816 1.36350893974 124.50226 56.14403 -1.1250591 124.249603249 58.963507942 -1.19411138585 2.83077574165 -3.95640454513 0
819 1.3652639389 125.37031 54.195354 -1.1346431 123.638863538 57.2010119736 -1.17597760597 3.46870101105 -2.36829274062 0
822 1.43336987495 126.19009 52.293812 -1.120627 124.418131727 56.399721833 -1.06022285794 4.4719494271 3.46090240508 0
825 1.37466907501 127.09539 50.434417 -1.1252352 126.284553315 54.4489553598 -1.16943656466 4.09560427442 -2.53255164347 0
828 1.36278796196 127.94916 48.435924 -1.125081 127.190834137 52.1831680416 -1.07614636196 3.82320494119 2.80374823187 0
831 1.37765884399 128.83417 46.49897 -1.1135569 127.055298519 49.5400934431 -1.13474812518 3.52318258695 -1.21416776535 0
834 1.61139202118 129.69028 44.561049 -1.1141866 128.535423026 47.5140794381 -1.11105123467 3.17081746539 0.179643200706 0
837 1.36860704422 130.6504 42.689185 -1.1179531 129.242890146 46.1870033249 -1.14381466978 3.77038685304 -1.48175880008 0
840 1.36078190804 131.56218 40.752166 -1.1133477 131.104933613 42.4072699433 -1.0935348826 1.71710317726 1.13519081747 0
843 1.35605502129 131.80181 39.159633 -1.0655485 127.536233646 44.1962648475 -1.19061121548 6.60021226946 -7.16556577137 0
846 1.3686299324 89.526265 39.287264 -0.26055386 133.080363122 40.0741093708 -1.01546388497 43.56120509 -43.2531583428 0
849 1.36462402344 49.129117 22.860079 0.57174269 133.959206646 39.9240833758 -1.03206640312 86.5293265583 -91.8914921806 0
852 1.36013293266 45.693587 19.436118 1.0035584 133.067904519 41.3698404717 -1.10342212629 90.0852903825 -120.721091672 0
855 1.36375498772 46.841947 21.209275 1.0214136 66.6070029202 104.565871514 0.0962658882315 85.6678447142 -53.0070593105 0
858 1.36757516861 48.00008 22.972907 1.0079248 39.3116753946 94.2279315397 -1.58625423345 71.7827757665 -148.635509918 0
861 1.3605890274 49.170996 24.731115 1.014741 37.934729178 92.9613032673 2.05936375233 69.1492030546 59.8524748918 0
864 1.36484909058 50.349541 26.532036 1.0144485 42.8379609172 83.5935979703 -1.52952266888 57.5538503475 -145.75881118 0
867 1.40858697891 51.518278 28.351001 1.0069992 38.2321783169 101.141466346 1.0408867779 73.993055688 1.94161519163 0
870 1.38965988159 52.642563 30.101924 1.0170679 59.2992080783 102.129810226 -2.89991651351 72.3348278349 135.573324687 0
873 1.3617708683 53.80357 31.912095 1.0183648 42.3399478479 112.658221989 0.977401465643 81.5558192689 -2.34702617345 0
876 1.47244501114 54.946688 33.671099 1.0064723 22.0649009415 93.2196613563 2.98058898172 68.0238428705 113.108554129 0
879 1.37123894691 56.161659 35.476636 1.0152563 51.8795016185 102.371539236 1.30697743322 67.0318204344 16.7143897282 0
882 1.36630606651 57.333476 37.252395 1.017552 133.141596347 73.2136278519 1.07179576017 83.9051927999 3.10793852244 0
885 1.36697006226 58.434052 39.044555 1.0099164 86.8565947406 53.9528242905 -2.7251200825 32.0951309248 145.998173226 0
888 1.38556694984 59.558673 40.733157 1.0155176 48.5900196533 108.302720929 -1.0739966469 68.454052662 -119.72034758 0
891 1.36514401436 60.829575 42.673596 1.0256616 123.613886129 29.2415492315 -2.3324019906 64.2050590248 167.597128922 0
894 1.37657213211 61.938983 44.298725 1.0235902 84.046145837 95.4993857161 2.66507975398 55.7694746835 94.0504235576 0
897 1.36622285843 63.08776 46.123861 1.0214801 71.4043181692 30.3881862938 2.97664438659 17.7982189626 112.022661876 0
900 1.36652398109 64.233274 47.872937 1.026201 60.5885053528 68.6604364949 -0.465590622201 21.1046078794 -85.4733638651 0
903 1.37396597862 65.367062 49.701179 1.0288308 90.2297319741 78.7128284857 2.59651578602 38.2076977077 89.8217333048 0
906 1.36403894424 66.47055 51.411163 1.0247772 86.6633274807 78.0708200203 -1.5268192801 33.4437673539 -146.19570933 0
909 1.36183190346 67.601685 53.206336 1.0345375 106.800402869 10.3815866179 0.637872892263 58.0559957474 -22.7272079055 0
912 1.36144185066 68.713633 54.989386 1.0321621 86.8887114242 26.5636496269 2.54393839818 33.7395311775 86.6184014536 0
915 1.35343599319 69.889939 56.860516 1.0335194 18.3195625531 122.887001093 2.82119430474 83.779475175 102.426227183 0
918 1.37423586845 70.97178 58.665246 1.0279054 44.7236690977 101.782817205 1.30885097 50.4785922203 16.0969954341 0
921 1.36685395241 72.083269 60.388926 1.0348295 94.7976885526 80.5069182282 -0.408090683434 30.3426839108 -82.673236685 0
924 1.36161589622 73.21006 62.180545 1.0389104 110.606165512 100.805456623 -2.45350673197 53.7619987105 159.899238039 0
927 1.36842083931 74.211219 63.966291 1.0279221 114.782004294 97.2704748698 1.57618229684 52.4895921362 31.4129953537 0
930 1.36009597778 75.394113 65.876292 1.0355825 132.672246131 113.523439837 0.471085109529 74.5052698269 -32.3433180202 0
933 1.36143302917 76.475569 67.55587 1.0353462 48.8964321253 116.102994057 1.75424061756 55.8339685581 41.1896160418 0
936 1.37160301208 77.652303 69.425792 1.0395167 118.054618709 95.3569753429 2.21928563196 48.0080554094 67.5957806017 0
939 1.36315202713 78.72098 71.209083 1.0347632 138.797989758 56.7019288933 -0.418996492941 61.8037589608 -83.2942948318 0
942 1.35912489891 79.923618 73.070281 1.0406815 32.6022286404 20.5419286369 -0.267556718551 70.7003655783 -74.9565285207 0
945 1.36469602585 80.886825 74.813727 1.0240856 103.465313798 59.7390507688 0.424131551551 27.1483704826 -34.3748348779 0
948 1.36043310165 82.003807 76.66259 1.0354781 81.8170071416 79.8408715693 1.03069494975 3.18376631065 -0.274054322053 0
951 1.36346912384 83.149971 78.458347 1.0359732 81.4518088183 76.8487138418 1.1113269333 2.33980206417 4.31745088856 0
954 1.35250210762 84.209192 80.07724 1.046865 83.3390790461 81.1465090254 1.21677436035 1.37856185977 9.73508924757 0
957 1.35703396797 84.421821 80.346791 1.1291589 82.4955985762 78.7696370577 1.22480525638 2.48952754222 5.48013254629 0
960 1.35550093651 84.549549 80.462185 1.2384433 80.7846698611 77.0390036021 1.26444306889 5.08846595872 1.48967702561 0
963 1.3757390976 84.477315 80.645515 1.377415 83.1227441564 80.046139312 1.3740358576 1.48125399098 -0.193610597821 0
966 1.36461496353 84.491575 80.745704 1.5042297 58.9449330378 102.913812279 0.359750172921 33.8238959938 -65.5738466407 0
969 1.36408901215 84.58151 81.604236 1.6242617 80.8613784251 79.5631663818 1.78074889286 4.24327045108 8.96605569896 0
972 1.37564992905 84.52138 83.606555 1.6450761 80.8792135677 83.6027094545 1.67359422477 3.64216846242 1.63396818921 0
975 1.35677695274 84.450105 85.633891 1.6510189 82.0041599735 86.9391279921 1.77104118756 2.77241603628 6.87677052479 0
978 1.35597991943 84.288283 87.799076 1.6553182 80.4900620781 88.757624033 1.53199183542 3.91730730257 -7.06608019321 0
981 1.36506700516 84.219899 89.940013 1.6574582 81.2582971632 89.3973604082 1.58764908314 3.01090638766 -3.9997677677 0
984 1.3649148941 84.085061 91.960688 1.6559816 82.534007091 93.9668045836 1.68887181968 2.53579809441 1.88447077485 0
987 1.36224579811 83.972707 94.061302 1.6546883 79.1315565859 94.5484495524 1.71330660476 4.86559863428 3.35858146468 0
990 1.38092899323 83.850194 96.236204 1.650278 38.3764791321 81.553713199 -1.79493018575 47.7852935536 162.604111413 0
993 1.37470006943 83.742141 98.372522 1.653672 80.7599623425 99.3287663712 1.68614513796 3.13173958734 1.86057375247 0
996 1.36292886734 83.558608 100.37046 1.6603574 81.4239245621 101.993628526 1.57561441385 2.68170644225 -4.8554154498 0
999 1.37699580193 83.448658 102.54165 1.6520527 77.7025143258 101.200600489 1.95095177267 5.90055767833 17.1256553646 0
1002 1.37925696373 83.308795 104.69204 1.6576029 79.4764891263 105.579087873 1.69900607212 3.93362710973 2.37222702114 0
1005 1.38127708435 83.194681 106.76107 1.661421 78.4135707767 107.68274496 1.66136505465 4.86913746984 -0.00320543221176 0
1008 1.36857795715 83.066158 108.84686 1.6653468 78.8664860085 109.557027282 1.66583877671 4.25929365093 0.0281881893782 0
1011 1.36189484596 82.920912 111.09751 1.6564676 79.9651249301 110.935573639 1.64810421801 2.96021968566 -0.479186490669 0
1014 1.36164617538 82.798446 113.12029 1.6519674 81.1644402888 113.652263448 1.56076059166 1.71842090683 -5.22576518087 0
1017 1.36580896378 82.725101 115.25424 1.6521864 79.4714400984 116.394407029 1.75601692084 3.447649941 5.94905062877 0
1020 1.36233615875 82.605874 115.888 1.7134215 77.4911591577 117.18011175 1.73025865431 5.27540147222 0.964697881197 0
1023 1.35729789734 82.650086 115.98425 1.8265292 78.017449791 115.996485042 1.85104116432 4.63265236566 1.40443210303 0
1026 1.36669301987 82.697137 116.16336 1.9516157 83.9106026501 42.6715262315 1.16942434494 73.5018511981 -44.8162634167 0
1029 1.36427497864 82.611261 116.28116 2.0730733 79.6741754715 116.350746986 2.12774053024 2.93790975868 3.13220157057 0
1032 1.37109494209 82.517518 116.45008 2.1971216 77.1005091246 115.494577243 2.25230645642 5.50063366114 3.16185936602 0
1035 1.35313415527 82.418538 116.4581 2.3123831 78.7337287558 114.162207091 2.55195410109 4.34153698772 13.7264072564 0
1038 1.36652493477 82.414024 116.83182 2.4679277 76.7222182605 114.95632013 2.85769485845 5.99284175826 22.3320131719 0
1041 1.37016916275 82.282962 116.94587 2.5874118 80.5406249264 116.092980833 -2.29664545818 1.93988618446 80.1641322061 0
1044 1.35812592506 82.208722 116.96752 2.707272 78.6894683876 115.824283015 2.99421354267 3.70028874456 16.4405393619 0
1047 1.34902501106 82.043289 117.20312 2.8493508 80.074336335 116.311048714 2.57928235791 2.1616118468 -15.4737819116 0
1050 1.36348605156 81.832352 117.28824 2.9891727 76.5836022109 115.050184495 2.97094425195 5.70598517265 -1.04441314035 0
1053 1.36488986015 81.142386 117.29523 3.0875315 76.0384048606 114.407606992 -2.86136333433 5.86421265861 19.1534332255 0
1056 1.36853408813 79.131234 117.37152 3.1037602 76.2773366245 114.626315664 -2.90883749129 3.95990872049 15.5035283787 0
1059 1.36291599274 77.094643 117.50841 3.1079346 74.9767062098 116.09632538 3.05494753657 2.54551354759 -3.03593510323 0
1062 1.37490010262 74.899205 117.59033 3.115912 72.1944791686 116.041644659 -3.13075408491 3.11672393863 2.09239730703 0
1065 1.369109869 72.824078 117.69503 3.116944 69.0394245297 115.938474392 -3.07184172918 4.17242010043 5.40869740696 0
1068 1.3727118969 70.711208 117.83017 3.1174699 67.8924155704 117.099306186 -2.76381263761 2.91200148969 23.0273324711 0
1071 1.36218118668 68.550781 117.88294 3.1169773 63.7002917785 115.837140897 3.13637297191 5.26427009749 1.11129014137 0
1074 1.36101102829 66.454241 117.99143 3.11617 62.4863621948 117.071313372 -3.13106354859 4.07316545483 2.05988403327 0
1077 1.36406588554 64.352032 118.06903 3.1139299 61.8296175013 118.084047194 -3.12335732601 2.52245920074 2.62976633889 0
1080 1.37108206749 62.204954 118.16997 3.1178991 59.3747986558 119.061294222 3.05991781672 2.96719364742 -3.32208282298 0
1083 1.35736489296 60.134729 118.2293 3.1166836 56.7606648915 117.130668892 3.06317301658 3.54842203237 -3.06593058948 0
1086 1.38689684868 58.034017 118.36643 3.1239361 54.0546683629 117.08135572 -3.12798574065 4.18170198355 1.791264685 0
1089 1.36656999588 55.858025 118.47896 3.1251128 54.3684029083 116.022989317 3.10766692597 2.87241465881 -0.999574951717 0
1092 1.37652301788 53.766425 118.55 3.1243401 50.8441275283 116.943848444 -3.09162480262 3.33459822677 3.85144547835 0
1095 1.36605381966 51.628528 118.603 3.1187628 48.7040085745 118.589651703 -3.12425365825 2.92454988794 2.30150551166 0
1098 1.37371706963 49.494235 118.64783 3.1200968 47.079637699 117.970856694 3.13943961721 2.50770273028 1.10826178991 0
1101 1.36457920074 47.379245 118.80828 3.1260538 45.5038757766 116.840964873 3.10680145653 2.71796588176 -1.10307802676 0
1104 1.35871887207 45.313934 118.87713 3.1250737 46.2282559024 117.236814366 3.06134698456 1.87792968954 -3.651271837 0
1107 1.35025191307 43.229975 118.9845 3.131291 42.6765175374 117.932155072 -3.08592083077 1.18901009663 3.78000175782 0
1110 1.36102700233 41.038059 119.03542 3.1300111 40.4623396117 115.574006666 -3.12743565886 3.50896495927 1.47471018944 0
1113 1.36430478096 38.877743 119.09254 3.1262084 36.7709392127 118.994111386 3.03824424096 2.109101797 -5.03997506153 0
1116 1.35707402229 36.866989 119.17866 3.1252668 33.6639524534 118.694515462 3.10739798408 3.23941955496 -1.023807737 0
1119 1.35731697083 34.67231 119.25843 3.1314701 31.9716868834 119.486910802 3.06895506004 2.71027096342 -3.5818479459 0
1122 1.36099982262 32.567479 119.34722 3.1353596 31.1814590984 118.935973374 3.02621106693 1.44574373779 -6.25375028488 0
1125 1.35930991173 30.502201 119.36971 3.1349527 31.2102040578 119.484076099 3.07343286907 0.717180545214 -3.52482666841 0
1128 1.35854697227 29.15421 119.31018 -3.13185 32.9716605943 121.635630605 3.1377055041 4.46997198606 -0.780930192057 0
1131 1.36670804024 28.938717 119.39146 -3.028318 31.6204832463 119.563483935 3.05100488905 2.68727788554 -11.68045616 0
1134 1.36207008362 28.80706 119.32785 -2.9089456 27.2233804487 118.443350583 -2.88150898768 1.81394050072 1.57200209032 0
1137 1.37137889862 28.607415 119.34948 -2.7753086 27.4334810948 115.056797384 -2.80587960179 4.45030840021 -1.75158937831 0
1140 1.36631584167 28.309413 119.3977 -2.6319404 26.0789117438 116.802278881 -2.5959677497 3.42218448372 2.06108103991 0
1143 1.37837314606 28.176965 119.31562 -2.5155106 34.3020698866 122.370786866 -2.66237640203 6.84477570481 -8.41479061127 0
1146 1.37193703651 28.13257 119.1422 -2.3876282 32.8503359942 120.875564217 -2.36236034888 5.02611853078 1.4477412265 0
1149 1.35725092888 28.071656 119.10664 -2.2643471 47.1647082076 135.662705086 -2.52906927348 25.2714845967 -15.167463284 0
1152 1.36542797089 27.847582 119.05477 -2.1225081 41.7756539599 140.31014007 -3.05464812459 25.4122400688 -53.4076893241 0
1155 1.36620497704 27.651134 118.95518 -2.0012288 42.0463982746 71.0446401465 -0.828192035784 50.0264276417 67.2100558032 0
1158 1.35421299934 27.585975 118.8068 -1.8653126 50.1799634905 70.8688134641 -1.62042136345 52.9956495292 14.0312342942 0
1161 1.374792099 27.545652 118.66047 -1.7395281 28.9123670095 75.2253471402 -1.68623962072 43.4566198382 3.05320495913 0
1164 1.37303900719 27.426878 118.54472 -1.6078392 51.1129511221 93.7758393842 1.76389610979 34.2713802889 -166.813797114 0
1167 1.36523389816 27.408113 118.27266 -1.4907581 46.7086960425 70.1762210014 -0.932516384274 51.8245110939 31.9848942592 0
1170 1.36779689789 27.619078 117.43976 -1.368489 88.9689262029 89.4068500271 1.15576843541 67.451077946 144.629297453 0
1173 1.37174606323 28.00462 115.50954 -1.3464267 50.0179378749 96.9768161724 0.658866606373 28.7758234693 114.894843141 0
1176 1.36523294449 28.352772 113.43776 -1.3439724 53.874367597 90.6271514578 -1.92213336397 34.2297488142 -33.1261831149 0
1179 1.35708498955 28.777386 111.37552 -1.3470791 35.0729907386 139.577279945 -2.26625272747 28.8959149884 -52.6647694937 0
1182 1.41094398499 29.292879 109.18718 -1.3487141 39.9196895232 133.115396138 -2.22650965197 26.1818377786 -50.2939804031 0
1185 1.36758494377 29.664866 107.14961 -1.3582731 48.1766975304 103.124347858 2.84597553627 18.9444092525 -119.114297118 0
1188 1.36559987068 30.155372 105.1583 -1.3627181 52.0462390965 89.3144059099 -1.42521069224 27.022935484 -3.58056178641 0
1191 1.36865592003 30.584999 103.08809 -1.3538609 87.1005821929 113.305936086 2.89316313613 57.431833701 -116.663447239 0
1194 1.35305905342 30.932942 101.04272 -1.3388863 29.9563767236 131.473979053 -2.33224640992 30.4469244308 -56.9153418351 0
1197 1.35879015923 31.46397 98.886394 -1.3633561 30.2613662344 125.511983468 -2.60129052248 26.6527347626 -70.9284177223 0
1200 1.35605096817 31.761459 96.890841 -1.3338862 24.8804852939 126.407611558 -2.45915548642 30.3082091738 -64.4731809277 0
1203 1.35308885574 32.148779 94.808879 -1.340085 33.5968720685 80.976873474 -3.02554503429 13.9076004547 -96.5697465029 0
1206 1.35502696037 32.63242 92.742465 -1.3409888 21.0366653304 123.163878232 -2.53631171133 32.5564726192 -68.4869579744 0
1209 1.36019802094 33.223163 90.635151 -1.3443959 40.0199519975 29.2062940066 -0.214314083287 61.8037281415 64.7489186021 0
1212 1.36478805542 33.480467 88.544154 -1.3400822 17.2579422846 120.224263508 -2.49208010498 35.5921289979 -66.0046179634 0
1215 1.42491292953 33.996344 86.523674 -1.3537744 30.2794981857 85.9311915476 0.411457709067 3.76377181345 101.140349711 0
1218 1.3706870079 34.391099 84.502242 -1.3500462 15.0613251076 116.533365669 -2.51516686665 37.4116698673 -66.7564968227 0
1221 1.37041211128 34.871654 82.311763 -1.3462417 110.86632361 52.1745868984 -2.05187316768 81.7523038973 -40.4297049899 0
1224 1.37141895294 35.319079 80.358924 -1.358939 33.4058593658 80.4866766209 -1.33314851719 1.91748014357 1.47768581665 0
1227 1.36341691017 35.776446 78.250756 -1.3606991 25.5161460447 100.305846099 2.65972635911 24.3248998856 -129.646589346 0
1230 1.36437082291 36.167733 76.160289 -1.3496683 31.8987456695 77.0974526886 -1.34348196679 4.37064395797 0.35445078344 0
1233 1.4377951622 36.593873 74.026216 -1.3452321 36.1390574321 76.1249614254 -0.872948429598 2.14746118971 27.059861047 0
1236 1.37027311325 37.096668 72.068535 -1.358637 36.1608110188 70.9173511671 -1.41346182703 1.48359445484 -3.14123120134 0
1239 1.41967582703 37.456761 70.030489 -1.3570922 35.3107697743 69.1097624469 -1.3453002922 2.33516931433 0.675626549535 0
1242 1.42080712318 37.942935 67.912468 -1.3598503 36.065576102 66.6120567257 -1.32324476962 2.28375697355 2.09734239739 0
1245 1.37400603294 38.381728 65.750541 -1.3597279 35.9838888972 65.5189172722 -1.30967626277 2.40900018976 2.86774757102 0
1248 1.36776900291 38.78715 63.709446 -1.3638712 37.5540588339 63.939268118 -1.32426095285 1.25432532859 2.26949998737 0
1251 1.36861109734 39.284372 61.704874 -1.358189 37.5271047869 62.825727279 -1.3859130108 2.08429847457 -1.58846881029 0
1254 1.40272498131 39.616785 59.610797 -1.3616912 38.9422231583 58.7196660668 -1.20943235839 1.117652906 8.72378901752 0
1257 1.35424590111 40.0981 57.483375 -1.3627524 39.1115306946 59.5914017365 -1.33574139233 2.32746551338 1.54761673994 0
1260 1.34675312042 40.478176 55.366289 -1.371191 40.2121893367 56.798135277 -1.29428904513 1.45634222152 4.40615745036 0
1263 1.36616706848 40.927924 53.368372 -1.3697355 40.5435987755 55.3357737547 -1.15785688412 2.00458862176 12.1397504588 0
1266 1.36502814293 41.311773 51.24524 -1.3687118 39.5241919341 51.3991274091 -1.37782972276 1.79419268807 -0.52241849222 0
1269 1.36383509636 41.752813 49.127024 -1.3690442 42.1602012501 51.1414059712 -1.3700902388 2.05516420568 -0.0599336086796 0
1272 1.4188170433 42.124468 46.999249 -1.3746445 41.346764867 47.3745512137 -1.34209677271 0.863524125148 1.86484740646 0
1275 1.36766600609 42.489069 45.000812 -1.3756167 40.5032586951 46.350768847 -1.3912064349 2.40121345482 -0.893226013627 0
1278 1.370647192 42.919623 42.847052 -1.3693623 41.794279231 44.6458866779 -1.34171507129 2.12183995554 1.58406952033 0
1281 1.42685604095 43.26925 40.76156 -1.3849404 43.2080209677 41.904561246 -1.34393720366 1.14464004944 2.34931009705 0
1284 1.36623311043 43.723057 38.666685 -1.382086 42.3056996089 38.8271558314 -1.37903902714 1.42641258476 0.174578684953 0
1287 1.3718829155 44.069109 36.638541 -1.3748634 43.8368742847 37.2762813881 -1.34217979103 0.678708896087 1.87263285309 0
1290 1.36585783958 44.48264 34.512889 -1.372972 42.3753299595 34.6381642417 -1.31175539047 2.11103043391 3.50745336216 0
1293 1.36759614944 44.660959 33.544964 -1.3339999 44.140545607 33.1060737821 -1.32645552463 0.680775089917 0.432260867766 0
1296 1.3588449955 44.654294 33.324157 -1.2074321 45.337315527 34.4594023829 -1.1970911718 1.32487753614 0.59249154205 0
1299 1.35235500336 44.699557 33.107025 -1.0711259 42.4935800288 32.848060036 -0.849214901109 2.22112522158 12.714563664 0
1302 1.35993599892 44.829945 32.953901 -0.95914547 44.6550552265 34.8588281591 -0.999097065694 1.91293855477 -2.28905781809 0
1305 1.37588191032 44.914184 32.826307 -0.82117543 43.6636079617 34.3751948799 -0.960635133187 1.990727026 -7.99045240478 0
1308 1.37798309326 44.932468 32.690373 -0.70238554 44.170335855 32.5836443944 -0.582806957701 0.769568971336 6.85134808591 0
1311 1.36496090889 45.019913 32.619075 -0.56167342 43.5267122813 32.1571641238 -0.544712997737 1.56301312976 0.971760614444 0
1314 1.36413097382 45.164806 32.47066 -0.44585332 42.4352469407 33.0116348613 -0.579883374189 2.78265097678 -7.67935643291 0
1317 1.37436795235 45.307079 32.373178 -0.30795343 41.9266222503 31.9623542345 -0.592789160513 3.40532876574 -16.3198852129 0
1320 1.37607192993 45.468859 32.25314 -0.19105128 43.7214755468 32.4132673864 -0.429441915362 1.75470502146 -13.6587772817 0
1323 1.3766310215 46.833289 32.057508 -0.10389315 44.0273335214 31.0221862981 -0.172140736377 2.99086562288 -3.91029866134 0
1326 1.35174703598 48.863767 31.868312 -0.084237935 47.0186931706 32.8505267027 0.00934955520543 2.09022562371 5.36216820399 0
1329 1.34817886353 51.033972 31.691587 -0.08198003 47.4980538931 32.43257584 -0.0517739515935 3.61272491617 1.73068080833 0
1332 1.37389111519 53.111195 31.42619 -0.084122232 51.0906073832 32.5988415824 -0.00427803373265 2.33621190198 4.57473557932 0
1335 1.3570728302 55.206155 31.249451 -0.082409142 54.3660031967 32.0811201445 0.0395295119709 1.18217114604 6.98657023204 0
1338 1.36056900024 57.287235 31.07162 -0.080297126 57.2567012081 31.8440467811 0.0631082291058 0.773030041206 8.21652160714 0
1341 1.36147093773 59.516372 30.847745 -0.092608556 58.9059505683 33.2929864707 -0.0499340913703 2.52028176486 2.44506671626 0
1344 1.36137890816 61.567611 30.670937 -0.091677002 61.3132429104 35.2098598131 -0.0174490781406 4.54604481156 4.25294675916 0
1347 1.44302201271 63.68279 30.502969 -0.089332225 63.4637752598 32.9924056963 -0.0695397705598 2.49905232466 1.13402410563 0
1350 1.37103486061 65.773678 30.270465 -0.081918863 65.3873469753 31.5109478159 -0.0166311092443 1.29924950539 3.74071274409 0
1353 1.37678384781 67.870787 30.052005 -0.080757136 67.0031408464 32.3142434049 -0.0475968674339 2.42291816788 1.89994343636 0
1356 1.37477707863 69.978421 29.855203 -0.080851998 68.6339613829 31.0243498271 -0.0422191387323 1.78170591438 2.21349978656 0
1359 1.37570905685 72.04312 29.748383 -0.089661546 70.425750216 30.1462484029 -0.0487209644916 1.6655875531 2.34572253124 0
1362 1.36244392395 74.192216 29.503442 -0.097083695 72.4441745073 28.44868795 0.0376838479127 2.04160602621 7.72161142425 0
1365 1.36994099617 76.337484 29.313327 -0.092202589 76.2792536288 30.679291972 -0.0811908648211 1.3672055737 0.630925320611 0
1368 1.36477780342 78.469083 29.072242 -0.088851811 77.9028069867 30.422146871 -0.0807257270195 1.46386873859 0.465590316053 0
1371 1.3635058403 80.508884 28.860474 -0.08148585 78.1485406404 30.360754524 -0.106883090069 2.79679502749 -1.45515466725 0
1374 1.42725205421 82.648681 28.706332 -0.092016755 81.4651426375 28.3072407182 -0.0976551769902 1.24901437411 -0.323057783153 0
1377 1.40524291992 84.803463 28.469695 -0.089914919 84.460843446 31.142260474 -0.0963574892061 2.69443767264 -0.369132082025 0
1380 1.36938905716 86.909059 28.274418 -0.095059786 85.4728994243 29.4210377978 -0.0395555547843 1.83774081082 3.18015819378 0
1383 1.43542313576 88.999768 28.069648 -0.093100738 88.3819616194 29.9340637765 -0.032875929985 1.96411071775 3.45062732124 0
1386 1.36834621429 91.148907 27.8824 -0.087682683 89.9635523742 29.5640346171 0.0158770701055 2.05741599449 5.93353678036 0
1389 1.37335181236 93.191686 27.680334 -0.085944106 90.4693329716 30.4104466191 -0.0122434260841 3.85547933785 4.22273790643 0
1392 1.36267900467 94.597595 27.536443 -0.026113958 93.1496949495 30.0937262854 -0.0138941861624 2.93872631562 0.700141352907 0
1395 1.37800002098 66.734672 23.138609 0.64678418 95.5134086647 31.1421421972 0.0133833575803 29.8709261265 -36.2911938648 0
1398 1.36871504784 41.954155 8.6979942 1.5862633 97.8441562536 31.8590761635 0.0829144642965 60.4989913788 -86.1355434217 0
1401 1.3622379303 40.498777 7.6026468 1.6671323 100.298898761 30.882480045 -0.0440796460488 64.1716853335 -98.045222361 0
1404 1.3651881218 40.36551 9.5759073 1.6613912 99.1834067371 31.5913169512 0.106206813883 62.8030511893 -89.1055016892 0
1407 1.4163441658 40.15753 11.693798 1.6450717 101.904784672 30.5509922462 0.0208722013173 64.562506413 -93.0597763618 0
1410 1.37370705605 40.017928 13.779826 1.6578436 101.154515893 31.1506354107 -0.0793712534518 63.5564898242 -99.5350792102 0
1413 1.36887311935 39.937066 15.922073 1.6651068 106.643550072 33.2140949545 0.0718785398544 68.911312863 -91.2852551073 0
1416 1.37156200409 39.75755 17.953862 1.6630734 107.32001001 29.6285871932 -0.0139456894003 68.5637310171 -96.0861159855 0
1419 1.37233686447 39.645384 20.177858 1.663423 106.371619149 30.8109446383 0.0948645941355 67.5681358974 -89.8717765758 0
1422 1.3825302124 39.526919 22.292671 1.6684735 111.154018302 33.8314636128 0.048338453955 72.5505691871 -92.8269003796 0
1425 1.37349891663 39.303781 24.413998 1.6572417 113.437461187 32.8735367972 0.156976345984 74.6147863006 -85.9588729348 0
1428 1.37381792068 39.21094 26.55624 1.6661167 112.065139529 34.1791282088 0.119109867384 73.2519133789 -88.6369623868 0
1431 1.37424898148 39.049874 28.673026 1.6660737 115.683736751 34.3706492533 0.160103205223 76.8453761194 -86.285753422 0
1434 1.36277914047 38.816051 30.701859 1.6598041 120.308219703 35.1700893522 0.163712519668 81.6145737134 -85.7197333181 0
1437 1.3598818779 38.695572 32.853799 1.6647394 122.887368323 34.9110705126 0.117082161107 84.2169278359 -88.6742279214 0
1440 1.35500597954 38.58982 35.008607 1.6723781 123.091835477 35.9682413863 -0.0396680632126 84.5074642729 -98.0930194836 0
1443 1.34831404686 38.393816 37.160762 1.6689022 126.145115182 35.5088045277 0.198343956032 87.7668472238 -84.2567809076 0
1446 1.35492706299 38.314928 39.264936 1.6781402 128.494838392 36.1961777909 0.127962292481 90.2321091147 -88.8186515953 0
1449 1.36315512657 38.042909 41.445131 1.6601298 131.763631799 39.1668284108 0.230373105227 93.7484108912 -81.9190243411 0
1452 1.36658811569 37.893052 43.482766 1.6655679 134.760102888 39.8701487661 0.382240721784 96.9343930245 -73.5292310462 0
1455 1.35647797585 37.737395 45.529248 1.6663309 138.473894309 25.6850881937 0.0385340732524 102.672454785 -93.2658880774 0
1458 1.37776899338 37.667375 47.706088 1.6735516 142.274423727 26.1353985121 -0.201929263164 106.807908361 -107.457138017 0
1461 1.37362003326 37.411337 49.793915 1.6717816 142.72859481 23.5008559883 -0.0705999910321 108.549757 -99.8311114674 0
1464 1.36331009865 37.208006 51.943854 1.66906 140.028307541 38.0602670738 0.110022771883 103.753401847 -89.3262532749 0
1467 1.35766100883 37.03196 53.963531 1.6741645 137.807845923 35.1993944935 -0.116612396896 102.507911902 -102.603958242 0
1470 1.35989880562 36.983983 56.143126 1.6856298 139.780032265 36.4152693693 0.992228784575 104.671945008 -39.7289516939 0
1473 1.37360596657 36.720012 58.206076 1.6746777 70.9348020595 115.361599767 -0.0984325491973 66.6138555848 -101.59173389 0
1476 1.36750984192 36.536888 60.398002 1.6787317 58.1923655255 87.5578435416 2.3035802585 34.7363886928 35.8011852371 0
1479 1.36581206322 36.401835 62.417273 1.6766351 79.4533027873 57.2087558478 1.1914105395 43.3653955311 -27.8013194327 0
1482 1.37157487869 36.239068 64.615141 1.6886647 69.5406226293 134.451484977 0.594691812587 77.3699455911 -62.6800293505 0
1485 1.36476516724 35.99676 66.655908 1.678851 95.2703637446 71.7298950987 -0.0339936949471 59.4903811213 -98.1387719818 0
1488 1.36382889748 35.830181 68.859683 1.6854848 53.5007597501 104.054805736 -0.53910018792 39.3820519751 -127.459330976 0
1491 1.36662101746 35.575227 70.898859 1.683738 116.809215242 132.66846638 1.91620311658 102.05118932 13.3192700641 0
1494 1.38164782524 35.463169 73.006353 1.6935188 61.5069227461 97.9862904623 1.84825071751 36.0870390141 8.86548582928 0
1497 1.37655878067 35.205801 75.07321 1.6913976 40.0972211541 83.0528587147 -3.05777620401 9.35952908724 87.8923848561 0
1500 1.37968397141 34.978045 77.287591 1.6912075 71.2726381113 106.091874625 3.05180762482 46.3355613351 77.9566447573 0
1503 1.36070489883 34.814043 79.320098 1.7000185 83.8112519711 81.2412210666 -1.95847777671 49.0348569978 150.38360398 0
1506 1.36805200577 34.580736 81.372215 1.6970036 83.7400229279 82.6199133542 -1.06151998636 49.1751181234 -158.051759186 0
1509 1.37406492233 34.345965 83.441951 1.6955247 130.226414619 119.034499789 0.915918417813 102.273604359 -44.6681496512 0
1512 1.35562801361 34.142398 85.698773 1.7034669 63.4210492047 109.970328814 1.73503301394 38.0308800581 1.80860510442 0
1515 1.36790585518 33.910208 87.748137 1.7016389 41.9323890606 94.8395752643 1.13141938571 10.7071885023 -32.6711715645 0
1518 1.36409211159 33.670818 89.737713 1.6967853 87.5529950533 74.2234457986 -0.928018764333 56.0712180249 -150.390194935 0
1521 1.36633706093 33.472926 91.900649 1.7056804 31.8772848318 92.8277521872 2.00944007565 1.84542435704 17.4041474009 0
1524 1.36681199074 33.217902 94.036516 1.7078464 28.2601481647 93.2571222735 1.79465976647 5.01864301106 4.97403950409 0
1527 1.35712790489 33.034075 96.178482 1.7177188 26.5739577653 95.7264783415 1.72925346317 6.47591090064 0.660887517551 0
1530 1.36875987053 32.713254 98.174723 1.7080491 56.9861519415 120.443158651 -1.03515148515 32.9402003763 -157.173815887 0
1533 1.35850405693 32.45653 100.24821 1.7068362 73.5187090097 30.2377452519 -1.29238554031 81.1638325812 -171.842747543 0
1536 1.3577940464 32.217075 102.39435 1.7082962 68.3848752429 133.883939668 2.84554481341 47.9552294526 65.1595458056 0
1539 1.35699605942 31.955228 104.48204 1.7110577 28.2367457045 102.778228821 1.70365566303 4.09024242739 -0.424105478069 0
1542 1.35360693932 31.741377 106.6002 1.7198575 28.9227934249 106.276756763 1.78838984406 2.83708105229 3.92661407492 0
1545 1.37372899055 31.439656 108.68741 1.7105287 28.8213955861 107.311898622 1.80639646656 2.95758670965 5.49281841552 0
1548 1.36893606186 31.216018 110.75498 1.7177022 9.78576970466 62.1412200828 2.9056997051 53.1277064749 68.0672431141 0
1551 1.36851096153 30.916985 112.90957 1.719675 25.9625330113 113.247022353 1.73426201077 4.96593078878 0.835774152827 0
1554 1.35082507133 30.668641 114.94646 1.716506 25.2751167295 113.833623624 1.75709405732 5.50713254383 2.32552438313 0
1557 1.35748505592 30.419865 117.12266 1.716223 30.0687743956 114.896997666 1.85674596951 2.25318384471 8.05137307731 0
1560 1.36236810684 30.132888 119.21343 1.725557 27.659403906 114.859691351 1.61515228914 5.00731103385 -6.32572397054 0
1563 1.36945104599 29.88258 121.34383 1.72867 27.0058935857 120.43799622 1.77548308676 3.01593427706 2.68219229738 0
1566 1.36963796616 29.981486 120.5055 1.7055843 26.9646306818 120.246467374 1.8726805817 3.02795540123 9.57391171366 0
1569 1.37268209457 30.170653 118.4575 1.6900862 26.6922581335 115.447340235 1.69803814332 4.60003181034 0.455612790896 0
1572 1.37277293205 30.502618 115.6086 1.6745202 26.703466605 113.22385912 1.62105907768 4.48559253483 -3.06309667701 0
1575 1.36069583893 30.699806 113.48782 1.6738205 30.0982056207 112.2793841 2.05020437456 1.34990382638 21.565207489 0
1578 1.36547112465 30.8492 111.36091 1.6697397 24.7552822287 111.296843785 1.69258267588 6.09425453055 1.30880610955 0
1581 1.36423301697 30.973164 109.37107 1.6787837 98.3601952842 51.2354425169 -1.40492002027 88.998669474 -176.683208441 0
1584 1.37025499344 31.204408 107.09871 1.665475 122.301327765 94.1874670256 1.60235239719 92.0073311529 -3.61665873313 0
1587 1.36048817635 31.322843 104.96751 1.6587885 95.0965386118 116.434015891 -2.58343974534 64.7963348448 116.938225811 0
1590 1.37662911415 31.457099 102.91722 1.6541397 31.5612904134 104.395327008 1.83827760111 1.48177467196 10.5503245823 0
1593 1.36897110939 31.546684 101.34427 1.631357 26.8759002194 102.192249423 1.52633828375 4.74713494926 -6.01712921127 0
1596 1.38127207756 31.536552 101.09899 1.5279681 117.54060293 90.293123089 2.84318827179 86.6802372865 75.3565649743 0
1599 1.37600111961 31.522716 100.84711 1.3818466 28.697550294 101.96826012 1.57648570762 3.03949648088 11.1519993946 0
1602 1.36805295944 31.33472 100.81397 1.2437751 118.96484519 87.5529040207 -2.49849091148 88.6278438849 145.583951727 0
1605 1.37561607361 31.335612 100.76499 1.1262837 33.6883584493 99.0478486903 1.30108347419 2.91272898366 10.0152893207 0
1608 1.37286901474 30.238332 99.003137 0.9296569 55.4943791431 62.9661511397 2.70424364048 44.0060480751 101.676330609 0
1611 1.37472891808 28.772289 97.32743 0.78863198 28.0053005269 101.392909792 1.11109410145 4.13719678716 18.4757186118 0
1614 1.3763229847 27.005154 95.945316 0.6582802 125.32166491 88.9897608633 2.60181320679 98.5622446216 111.356238633 0
1617 1.36875605583 26.209553 95.323497 0.64585939 41.4002920946 91.3835581803 2.44548750448 15.6933639524 103.111095653 0
1620 1.36235404015 26.225548 95.299359 0.74214735 22.8376565886 93.9269575634 0.91042815043 3.65531037237 9.64177963774 0
1623 1.37873291969 26.287241 95.304851 0.87876564 79.1591167585 43.5115198538 -0.472338702346 74.0134068763 -77.4125764982 0
1626 1.35604190826 26.503119 95.525486 1.0159202 32.9286308274 90.1408725854 1.40480542969 8.38339214571 22.281482376 0
1629 1.3621070385 26.584147 95.637624 1.1414331 21.0323022844 95.4246125583 1.47585145337 5.55592959099 19.16076024 0
1632 1.3592209816 26.62792 95.717086 1.2595284 42.6868846933 80.6505354484 -2.21417185392 22.0202473316 160.971636157 0
1635 1.36331295967 26.756174 95.797181 1.3910555 89.3223257881 77.9816990122 -1.887757277 65.0531686241 172.137866065 0
1638 1.35574197769 26.381693 93.77201 1.3952992 36.7167712631 47.1346503893 2.11853426197 47.7687884938 41.4383166465 0
1641 1.36475205421 26.011804 91.856332 1.39866 77.5789737955 105.743288006 -2.39522035646 53.4043120714 142.626667597 0
1644 1.37566900253 25.609249 89.727224 1.3968171 35.7151232296 102.707978068 0.544164621516 16.4507954249 -48.8533884085 0
1647 1.36367511749 25.2462 87.568251 1.3940659 26.7628591392 85.0306173563 1.71230075171 2.95632194697 18.2335138972 0
1650 1.36622905731 24.820481 85.505592 1.4017015 46.2603401037 86.6671569219 -0.836854907784 21.4713015781 -128.259834368 0
1653 1.37332010269 24.493958 83.448062 1.398475 22.3385633857 84.2005517622 1.86924145322 2.28297323362 26.9729309056 0
1656 1.37638711929 24.080092 81.345956 1.3962744 21.8577318852 81.9224803983 1.40976683811 2.29592353135 0.773059758866 0
1659 1.36744999886 23.622432 79.208855 1.3888608 19.8391406157 78.4529552369 1.47115583814 3.85806663377 4.71515836056 0
1662 1.36973500252 23.236261 77.182266 1.3737053 17.3486978255 79.6361282949 1.29257252931 6.37846692368 -4.64856534095 0
1665 1.38475584984 22.741503 75.111069 1.3685019 49.967768882 104.602182337 -0.673023194497 40.1372061775 -116.970771685 0
1668 1.35759592056 22.23837 73.007777 1.3690406 16.694495365 72.3617859645 1.45183377639 5.58138427155 4.74369957949 0
1671 1.3557498455 21.796618 70.8705 1.3677106 12.4806863491 25.2608711091 -0.416755504292 46.5513139459 -102.24237646 0
1674 1.36278104782 21.306705 68.900927 1.3588762 19.8750339596 68.5229405395 1.66214192434 1.48072810885 17.3758460757 0
1677 1.36732292175 20.800373 66.796896 1.3509317 20.6845592557 68.0101418266 1.55864127426 1.21876095242 11.9008819693 0
1680 1.35831022263 20.180988 64.758154 1.3339286 23.0676040177 62.1941563706 1.96695585759 3.86091127554 36.2697901766 0
1683 1.36998987198 19.716632 62.635567 1.3210663 18.285523614 63.3730202951 1.1961691884 1.60994055009 -7.15607736805 0
1686 1.37043309212 19.127208 60.642471 1.320188 15.827205622 60.6345796548 1.38245922119 3.30001181333 3.56787815906 0
1689 1.38314008713 18.573484 58.538556 1.3117791 13.0125345266 60.0965120384 1.24736757739 5.77506589255 -3.69050839729 0
1692 1.36674809456 18.03732 56.562177 1.3046299 16.4611043737 57.4345559384 1.37814074909 1.80152732774 4.21186140141 0
1695 1.34697413445 17.470308 54.449011 1.30616 15.3467202427 53.1421740693 1.7110223357 2.49348104596 23.1969031194 0
1698 1.3524980545 16.865167 52.414515 1.2995721 132.500380235 132.4430535 -2.16869673618 140.627413808 161.28283347 0
1701 1.35984706879 16.322269 50.452679 1.2871313 37.6607618392 98.5630516296 -2.23875244276 52.6302121524 157.981742486 0
1704 1.36734294891 15.679585 48.421133 1.2791916 55.3117964718 65.7512927469 0.142054427888 43.2555964356 -65.1531606895 0
1707 1.36819291115 15.049517 46.343459 1.2810584 12.7017814509 46.1868635266 0.747745063002 2.35295226271 -30.556603368 0
1710 1.35782194138 14.370513 44.264129 1.2685694 25.6927062509 128.622285984 0.920858272951 85.1145740154 -19.9223800696 0
1713 1.3646838665 13.728985 42.398373 1.2622613 15.1709405056 42.5390770634 1.40046654068 1.44880409774 7.91857699773 0
1716 1.3546628952 13.116178 40.310007 1.2578142 13.1720072822 39.2375619763 1.44424820589 1.07389721933 10.6818816952 0
1719 1.36046504974 12.482531 38.460523 1.239848 12.4956348311 39.1075053019 1.39865483296 0.647114989241 9.09896128628 0
1722 1.37739109993 12.331027 38.238303 1.1567887 15.6881386509 37.6647152901 1.30876673817 3.40576004696 8.70770016593 0
1725 1.36634087563 12.263795 38.100898 1.043782 94.1170451724 64.1086633244 2.58597630494 85.885728855 88.3612248624 0
1728 1.36590504646 12.231882 38.075858 0.90529637 10.6305833053 44.7968109262 1.1565801753 6.90907850195 14.3975015037 0
1731 1.3632209301 12.170047 37.918491 0.7605547 96.9890889276 42.3632529605 -2.23109985133 84.935421247 -171.409179553 0
1734 1.36604690552 11.9457 37.868652 0.60051086 83.929084151 98.3258705551 -1.75774534613 94.003632213 -135.118127622 0
1737 1.36526799202 11.861848 37.85602 0.47073445 53.8122956999 138.775576935 -3.02271892958 109.291340161 159.839865424 0
1740 1.36786103249 11.68598 37.868337 0.32347919 14.2584446362 38.6119227448 0.55752329869 2.67777782208 13.4097396478 0
1743 1.37423014641 11.634663 37.834152 0.18688423 13.0691361523 37.0535863596 0.135865242371 1.63309397878 -2.9231726662 0
1746 1.37956285477 11.546787 37.799316 0.059161186 13.4331454268 38.1270365734 0.316091114145 1.91461455355 14.7210005133 0
1749 1.3618619442 11.461332 37.784444 -0.088384018 12.0916646362 35.4819183915 0.217394314558 2.38724598862 17.5198079221 0
1752 1.35882592201 11.353119 37.809133 -0.22428348 13.1142361947 37.5899414799 -0.148598524903 1.77470524197 4.33642849967 0
1755 1.36073613167 11.259101 37.929753 -0.36642208 13.1968748383 37.7481851748 -0.0680659517353 1.94626162777 17.0945469414 0
1758 1.38297605515 11.22919 38.083377 -0.50941267 11.8350189162 39.5699580697 -0.11815726268 1.60528874428 22.4172835511 0
1761 1.37370300293 11.185129 38.110347 -0.64618684 14.1520382212 35.839201284 -0.275954619819 3.7363957486 21.2127436561 0
1764 1.37352919579 11.588805 37.741111 -0.76036767 12.71165218 35.3649639929 -0.644027851348 2.62809063556 6.66578059811 0
1767 1.35261178017 13.063467 36.224873 -0.77289998 32.0747939615 86.4788345066 -1.1324379114 53.7297980635 -20.6000060444 0
1770 1.36232590675 14.493375 34.807156 -0.77803694 18.2170611668 34.8863043405 -0.62689164154 3.72452723562 8.65998769502 0
1773 1.3621199131 15.892318 33.28564 -0.77023756 15.5404327686 34.6725667622 -0.725830038255 1.43087003598 2.5443635746 0
1776 1.36827898026 17.405154 31.857105 -0.77891679 20.5930291366 32.505194011 -0.815173020867 3.25308580465 -2.07732900975 0
1779 1.36407589912 19.008966 30.381332 -0.78385491 27.3306640912 27.1278384202 -0.844191300587 8.93509259019 -3.45702053167 0
1782 1.37304806709 20.517371 28.856906 -0.78454873 19.9693910383 27.1923014328 -0.702480695212 1.75248121345 4.70215202626 0
1785 1.36520195007 22.037399 27.308602 -0.78653789 23.3751896275 28.0190251593 -0.537417905418 1.51472269025 14.2735237089 0
1788 1.37044095993 23.470866 25.802264 -0.78746834 28.2470695284 25.3464111464 -0.351980505598 4.79790808261 24.9516149405 0
1791 1.37862801552 25.030138 24.239515 -0.79252133 27.5869172247 22.7408360388 -0.839009758201 2.96363942351 -2.66359073211 0
1794 1.36916089058 26.508975 22.80392 -0.79210599 37.5615122437 24.1079821873 -0.703856860626 11.1292029234 5.05630265886 0
1797 1.3715569973 27.961008 21.312251 -0.79564812 28.8772903271 21.3856562531 -0.79461875082 0.919217946995 0.0589785095563 0
1800 1.37439990044 29.36401 19.750057 -0.78815021 102.216738622 142.651634102 2.35116391677 142.871682715 179.869450029 0
1803 1.36777806282 31.016391 18.179875 -0.79578372 31.3092965612 19.3695420511 -0.780559850924 1.22519441729 0.87226344591 0
1806 1.36887192726 32.405165 16.663972 -0.79079715 29.236314342 16.3362153313 -0.937261700358 3.18575562887 -8.3918005838 0
1809 1.37556600571 33.875627 15.226881 -0.79213801 31.7820157032 14.3965119886 -0.884852375702 2.25227017856 -5.31214185493 0
1812 1.36051607132 34.400964 14.714584 -0.72873329 31.4797507 12.4788847564 -0.914905179597 3.67856469996 -10.6668635379 0
1815 1.37267303467 34.541831 14.529671 -0.59347242 33.9875482199 13.9557591392 -0.840286151184 0.797874817408 -14.1413851227 0
1818 1.36720180511 34.648846 14.435796 -0.47955783 32.8935298451 17.1943557246 -0.534155124987 3.2696768277 -3.12819457558 0
1821 1.36267113686 34.668797 14.324629 -0.34405458 34.7225570213 17.0199535483 -0.65798956429 2.69586063444 -17.9871496413 0
1824 1.35573792458 34.864126 14.20779 -0.22615765 33.7850917198 15.783756811 -0.404259798445 1.90997025294 -10.2045014281 0
1827 1.35202407837 35.017605 14.088235 -0.094353638 34.6272814813 18.0198509467 -0.215992391939 3.95094373557 -6.96938722596 0
1830 1.36166596413 36.599142 14.0692 -0.022879679 37.5344493608 14.9809884444 -0.128271344776 1.30619984177 -6.03849764479 0
1833 1.36298298836 38.63985 14.009333 -0.014813302 40.2912864032 15.3210640813 -0.0859251360357 2.10899991071 -4.07440796368 0
1836 1.37287402153 40.768535 13.925491 -0.0089087199 40.4367648084 14.4002054674 0.0269872295561 0.579159119423 2.05668640545 0
1839 1.35786104202 42.905865 13.952369 -0.011506708 44.9997280618 12.8355554624 -0.062230528904 2.37308554402 -2.90626085858 0
1842 1.36828684807 45.04117 13.838962 -0.010052037 46.4832281762 16.2313344162 0.0449303107779 2.79338102693 3.15025647539 0
1845 1.35852408409 47.095509 13.764363 -0.008210261 45.4225724461 13.7662264068 0.224442383555 1.67293759173 13.3300146255 0
1848 1.37622690201 49.256947 13.750747 -0.012245698 48.052741915 14.6850238604 -0.0691857247438 1.5241335698 -3.26242321778 0
1851 1.37083506584 51.347189 13.680192 -0.017629817 52.0072847067 14.9790457702 -0.0620070186091 1.45696515344 -2.5426263588 0
1854 1.37383294106 53.510554 13.649042 -0.0075411209 53.7960667789 15.7275052676 0.213183669564 2.09798167336 12.6465989275 0
1857 1.36948204041 55.608657 13.581194 -0.0077936973 55.202681844 14.2673383558 0.11780371879 0.797251468711 7.19620185969 0
1860 1.37411594391 57.666716 13.591636 -0.01411162 58.5915532081 15.1116600338 0.0297202976168 1.77926864887 2.51138388741 0
1863 1.37476396561 59.905766 13.533857 -0.012519778 60.0154814122 16.1248467617 0.00544084756578 2.59331166984 1.02906804233 0
1866 1.36783504486 62.027534 13.447994 -0.021676244 60.824659481 15.1266164594 -0.0408082164429 2.06511028029 -1.09618127474 0
1869 1.37415289879 64.181261 13.371995 -0.025327169 63.8837975121 15.7531843032 -0.0292423486904 2.39969727765 -0.224323272295 0
1872 1.37165617943 66.241252 13.310079 -0.024907545 65.2235976866 15.8870610413 -0.0382626880439 2.77064193693 -0.765193331208 0
1875 1.3651869297 68.444119 13.24669 -0.026304862 65.6589048477 16.1853572397 -0.112417674041 4.04884959213 -4.93390069193 0
1878 1.36484599113 70.49734 13.123327 -0.017605166 69.4261747141 14.8823015192 0.0329752677059 2.05946265538 2.89804537729 0
1881 1.3593211174 72.634932 13.039101 -0.019360635 72.3499578706 14.7935960281 -0.0120156304768 1.77748785036 0.420837759685 0
1884 1.35379219055 74.720419 12.994859 -0.019347658 74.6907926361 13.810055746 0.032881769479 0.815734917847 2.99252576093 0
1887 1.36627793312 76.914825 12.90632 -0.036038761 76.5882295464 14.7227721119 0.00745951245781 1.84557927628 2.49226748524 0
1890 1.36612582207 79.004774 12.78569 -0.032634565 77.7525416795 15.0296060844 0.0505129428885 2.56967803005 4.76400127904 0
1893 1.38116407394 81.177999 12.691712 -0.029848436 79.9021783497 14.9337365333 0.0158451600785 2.57961088922 2.61805020607 0
1896 1.37784600258 83.222919 12.597068 -0.02122413 81.6167536254 14.6450353254 -0.0100614971014 2.60267888464 0.639571753341 0
1899 1.37179708481 85.390174 12.538762 -0.021700441 84.1286588428 15.1938319143 -0.0378452188664 2.93952661867 -0.925027632923 0
1902 1.35846304893 87.449986 12.512039 -0.030894579 87.6589905997 14.3511473824 0.00473369767947 1.85094639705 2.04134988506 0
1905 1.3740530014 89.572355 12.414566 -0.034322832 87.4301240348 15.2770289285 0.0494941241176 3.5753108292 4.80235783717 0
1908 1.3688890934 91.713838 12.339838 -0.030338307 90.640023493 14.8421977052 0.0343536526303 2.72302803691 3.70657625525 0
1911 1.36522102356 93.866625 12.234111 -0.027880568 93.5424926294 14.8651037832 -0.000497009151982 2.65088378076 1.56896235004 0
1914 1.36281609535 96.027017 12.118277 -0.016096141 95.1496367058 14.3663820186 0.00272758038281 2.41324933556 1.07851978997 0
1917 1.36737298965 98.003729 12.063433 -0.023465033 98.2442004944 15.188694854 0.022047569078 3.13449967228 2.60768001373 0
1920 1.37268996239 100.1865 11.996018 -0.023536261 99.7209099827 15.2198307822 -0.0391570871886 3.25726003246 -0.895007413115 0
1923 1.35795307159 102.26857 11.921444 -0.023061579 102.333140406 15.3825501996 0.0440380374838 3.46170846002 3.84452483147 0
1926 1.36493301392 104.50291 11.810699 -0.022632517 104.789674322 15.6935475841 -0.00706524970075 3.89342354537 0.891938714799 0
1929 1.36732697487 106.528 11.779433 -0.025937223 105.618038673 15.5600138036 0.0469009262276 3.88854996477 4.17331853828 0
1932 1.35591077805 108.61821 11.737233 -0.017267816 107.836639552 15.7201459969 0.017259101726 4.05887278764 1.9782466653 0
1935 1.36529707909 110.65428 11.638117 -0.015586443 109.08291423 15.1751077284 0.0149156444567 3.87033510111 1.74764087761 0
1938 1.36623907089 112.94226 11.558687 -0.011710616 111.565608386 15.1243993982 -0.000686102771402 3.82223423831 0.631658079185 0
1941 1.37178707123 114.89636 11.528856 -0.01668203 113.528929617 15.236709984 -0.0099022107016 3.95196748708 0.38845503166 0
1944 1.36283302307 117.03777 11.494892 -0.018548407 116.07032636 15.1020554601 -0.0599213519665 3.73464528748 -2.3704951326 0
1947 1.3650560379 119.07747 11.406331 -0.016261061 118.684203311 16.3271035617 -0.0386026977267 4.93646242695 -1.28008149185 0
1950 1.39002895355 121.291 11.334615 -0.012126455 120.680477062 14.4543439586 0.0147512652487 3.1789065782 1.53997993318 0
1953 1.36987614632 123.43737 11.229443 0.0013807468 123.460840069 14.2402658784 0.00684157676368 3.01091435436 0.312882509558 0
1956 1.35991001129 125.58554 11.258252 -0.0049853053 122.92899193 14.018115185 0.0434932130435 3.83067780544 2.77761449813 0
1959 1.35888814926 127.50849 11.183265 -0.012828209 126.369000556 14.532451925 0.0251489450438 3.5377237387 2.17593064463 0
1962 1.37906098366 130.28779 11.390648 -0.01314096 129.222594641 14.9254003839 -0.0229952405338 3.69176320585 -0.564608684723 0
1965 1.36546397209 132.78769 11.256475 0.0084755214 131.65829277 14.9121163536 -0.0504215818951 3.8261275213 -3.37455544436 0
1968 1.36707115173 125.9239 10.596074 0.27888777 131.658863069 15.5719046384 -0.0844736745258 7.59267357009 -20.8190772091 0
1971 1.36265277863 93.936275 13.265891 0.84250578 132.830660618 13.1124204254 -0.0489754600424 38.8946884008 -51.0781125695 0
1974 1.3692741394 59.212281 6.4432491 1.3602712 133.629920719 13.4058375748 -0.0333424923729 74.7426433808 -79.8481828446 0
1977 1.37099194527 41.747696 3.5851691 1.5088422 132.827696069 12.054133467 0.0085663410657 91.4728909027 -85.9594748223 0
1980 1.3655731678 40.889782 2.6549702 1.6071612 137.541893937 10.2206922308 0.00853185628615 96.9477740427 -91.5947144006 0
1983 1.35864090919 40.408125 3.8011614 1.6070032 136.490889539 9.2836638566 -0.204309704556 96.2390537911 -103.780584809 0
1986 1.36393499374 40.388712 5.5337894 1.5172855 136.289153094 13.7361011727 -0.0830418989333 96.2505715333 -91.692005798 0
1989 1.37573885918 40.44034 7.6724587 1.5542124 36.3335529027 88.8377607831 -0.505456383602 81.2691329012 -118.010328495 0
1992 1.37887310982 40.554207 9.7439313 1.5604739 33.938728101 97.7138684135 -3.04898051299 88.2183336774 95.8977162779 0
1995 1.3771469593 40.580821 11.876658 1.5652859 30.9643601145 94.3859931634 -1.56601237069 83.0678440136 -179.410175307 0
1998 1.37779402733 40.665042 14.024391 1.567666 37.7318389284 92.6138065034 2.60524277349 78.6441346155 59.4487700418 0
2001 1.36511898041 40.771617 16.174621 1.5548315 28.3311577331 99.7995686789 -2.77609320339 84.5452358272 111.856293107 0
2004 1.36385297775 40.847233 18.25792 1.5551713 89.3683433095 120.049663184 -1.12554746021 112.764609369 -153.593871022 0
2007 1.37350797653 40.88758 20.352438 1.5597309 114.171220412 48.6288793967 2.0099103019 78.5496600252 25.7933797527 0
2010 1.36752295494 40.971014 22.508388 1.5678505 36.7363472482 31.588807077 -1.95044351722 10.0193020272 158.416601727 0
2013 1.35844707489 41.044823 24.54743 1.5705547 42.0947404199 85.2221938722 0.318056987254 60.6838470891 -71.7628327901 0
2016 1.36228895187 41.105608 26.696222 1.5717508 50.8403350201 118.676772479 2.50821866456 92.4942515862 53.655656289 0
2019 1.36741399765 41.160404 28.869777 1.5672714 135.617743202 41.9577963164 0.375920867345 95.3597670858 -68.2593574418 0
2022 1.36276197433 41.204205 31.003136 1.5608691 106.67858928 19.9115020983 -0.671186858658 66.4072235485 -127.887386068 0
2025 1.36421394348 41.244227 33.116661 1.5660557 102.755942609 16.4393585434 -2.84828888397 63.7324373798 107.076686022 0
2028 1.36769795418 41.277887 35.228156 1.5643441 15.7029576143 114.970275414 2.37930356491 83.7429556546 46.6937378135 0
2031 1.35992503166 41.31792 37.33529 1.5797774 80.7182256431 41.3056094907 2.374292231 39.5998424445 45.5223465771 0
2034 1.36644482613 41.419072 39.474789 1.5713492 121.457177731 129.358246499 0.258944448311 120.354203503 -75.1952532847 0
2037 1.37574291229 41.429937 41.518923 1.5745722 91.3385057304 109.205251579 1.83008240297 84.096993461 14.6396562526 0
2040 1.3669629097 41.494048 43.684079 1.5737379 94.5657728434 62.0518633845 3.07535619301 56.160337259 86.0363906293 0
2043 1.37154698372 41.508319 45.798644 1.5762653 10.1978777254 105.70927782 2.97645513668 67.5990220159 80.2249681588 0
2046 1.36313986778 41.512588 47.943477 1.5772604 87.3875791483 140.949471316 -3.10002002822 103.704531201 92.0115718637 0
2049 1.37484407425 41.583607 50.107906 1.5744728 66.4293449574 23.4898063779 -0.547337372127 36.4120024462 -121.570767791 0
2052 1.36536502838 41.632502 52.265699 1.5728612 65.1151283171 63.023243886 -3.06087086753 25.8294117378 94.506709136 0
2055 1.34325504303 41.660201 54.305408 1.5732479 101.045432976 123.705814973 2.84452618535 91.340145965 72.8388803372 0
2058 1.35837101936 41.689009 56.508616 1.5685378 82.3174873041 139.664041467 -3.12017964383 92.5499758721 91.3562791392 0
2061 1.37437105179 41.794127 58.57462 1.5657057 40.8498701437 57.9319428182 1.58130730689 1.14221494067 0.893906228187 0
2064 1.38597607613 41.856016 60.76704 1.5641567 38.4157736544 59.519158478 1.5557951537 3.65957315676 -0.479081313125 0
2067 1.37388205528 41.858156 62.785084 1.5639758 24.801758034 47.5886537717 -2.85471891096 22.8440846448 106.827442105 0
2070 1.36431002617 41.958088 65.023529 1.5767642 39.2205258483 64.443547049 1.76288698603 2.79832549896 10.6640501105 0
2073 1.36722683907 41.99726 67.044355 1.5737097 84.2763626009 61.7295053264 -2.10194033338 42.6118544984 149.40076612 0
2076 1.38168978691 42.044947 69.102812 1.5759217 39.1439570019 70.0119517823 1.678624541 3.04011152971 5.88443933328 0
2079 1.37084794044 42.097902 71.261122 1.5727544 39.2947553138 71.8406322232 1.67559849402 2.86242265282 5.89253253496 0
2082 1.38597011566 42.114798 73.459441 1.5684742 37.6806783082 72.9195857866 1.67936624675 4.46686255579 6.35364626007 0
2085 1.37065792084 42.172982 75.545483 1.5804547 36.032073938 75.1674907071 1.74818588655 6.15253037368 9.61028908184 0
2088 1.37198901176 42.213453 77.648417 1.5799022 40.5513786646 79.5426641439 1.55023961724 2.52005224918 -1.69954080182 0
2091 1.37086796761 42.308345 79.80823 1.5843424 37.9991588136 78.4696950126 1.71076706705 4.51229005069 7.24359984808 0
2094 1.35793614388 42.259747 81.948131 1.5870316 39.511168984 82.7286777755 1.61320638175 2.85725994242 1.49970452388 0
2097 1.37312698364 42.325886 84.065588 1.5841531 38.1577489978 83.3709001786 1.6431174014 4.22563098698 3.37840561228 0
2100 1.37121200562 42.338042 86.100283 1.5789413 37.130371321 86.9680835312 1.61598668805 5.27948024557 2.12254438549 0
