3 11.0183990002 72.513547 45.80148 1.6808269 98.4890707946 94.4072904667 0.821135969684 55.1112751397 -49.2566619928 0
6 11.7370259762 72.505015 45.806851 1.6805552 124.514149798 58.8168700287 3.05913240287 53.6116656852 78.9866554573 0
9 11.2027921677 72.51553 45.801787 1.6811119 25.8997877058 8.54618356467 2.27306359991 59.6741771369 33.9163340805 0
12 10.9270720482 72.511327 45.798497 1.6805172 119.421604833 142.908510541 -0.32425957298 107.846784358 -114.865247958 0
15 10.9449820518 72.518426 45.80176 1.6806948 137.617505134 111.046577701 -3.09148505201 92.1671109505 86.5742354027 0
18 10.9921250343 72.509508 45.806599 1.6825332 13.8431671316 30.0453420731 1.22445313192 60.7466605732 -26.2460545798 0
21 10.9349730015 72.510969 45.800989 1.6811293 33.4694439827 43.3987892333 -0.521368631126 39.1153581013 -126.19383584 0
24 11.0273509026 72.522343 45.818169 1.6838228 109.921344309 55.9906836425 -0.515203096771 38.7577779684 -125.994902925 0
27 10.9107577801 72.508499 45.799812 1.6808804 110.245041262 92.7850588253 -2.7109685613 60.2632561442 108.365590259 0
30 11.1651768684 72.523901 45.815543 1.6832165 59.2829890353 111.832508411 0.284606328905 67.3317270809 -80.1344599878 0
33 11.1757090092 72.511009 45.802779 1.6808191 68.3414296974 112.019766326 2.04107048824 66.3481333728 20.6408841097 0
36 11.1892879009 72.527172 45.853315 1.6851825 21.8372445799 68.4196026816 -1.30789062764 55.4860890817 -171.490457988 0
39 10.9128608704 72.188088 49.017093 1.6798669 112.137673742 62.4493838254 -0.459112350832 42.1473111574 -122.554483539 0
42 11.0638799667 71.804616 53.279503 1.6643548 19.1937078516 37.892954629 -2.40119384763 54.8147199845 127.061221085 0
45 10.9334189892 71.568933 57.324136 1.642571 46.2084230456 26.8733604691 -1.77291178698 39.6283382894 164.307251307 0
48 11.0393369198 71.37336 61.652431 1.6431927 31.2960840362 87.2689366396 -3.0813464969 47.5646235122 89.3038438735 0
51 11.3909399509 71.165072 65.844712 1.6344026 21.7204384066 67.0679217787 -2.20194797993 49.4597617599 140.193303037 0
54 11.0528051853 70.960331 70.343426 1.6128178 90.3597735985 28.4813160705 0.701280070427 46.1386456334 -52.2272647715 0
57 10.9024980068 70.885213 74.631613 1.6236159 56.3241450063 34.8266650567 0.0346615115295 42.3846503098 -91.0403802982 0
60 10.980465889 70.832043 79.069602 1.6124517 92.2111648308 76.7873976662 2.50201276439 21.5005885239 50.9680946085 0
63 11.0923938751 70.841819 83.283634 1.5826474 70.1074822163 63.7772827858 0.953721614819 19.5201687545 -36.0347931178 0
66 10.9959180355 70.897044 87.066595 1.5142468 86.648241784 82.2427109505 -2.16114759152 16.4733144496 149.41541332 0
69 10.9280259609 70.898205 87.488163 1.2381173 55.5020616534 105.25358755 -2.60780896737 23.5085418392 139.644656561 0
72 11.099241972 70.648486 87.373684 0.94938085 26.6634594979 78.5191182572 -2.35748785699 44.8674257216 170.530379685 0
75 11.0341677666 70.490448 87.162959 0.64684814 25.4839826203 78.5177685552 -2.81029649042 45.8292618727 161.92020351 0
78 10.9359948635 73.090524 88.460194 0.4660111 53.051937044 106.861556389 2.8453141531 27.2057917537 136.324023125 0
81 10.9756331444 76.750616 90.291223 0.4640309 93.2794203995 99.8902527139 2.43246577373 19.113941151 112.783010511 0
84 10.9868679047 80.704264 92.172539 0.45240664 14.7164176933 76.7576268654 -2.91096325722 67.7644108387 167.293099948 0
87 10.918266058 84.637734 93.972859 0.42386385 16.7610110017 67.6619571598 1.13817014528 72.79775464 40.9267359991 0
90 10.9294910431 88.678811 95.730817 0.41656148 23.0999971703 45.2962508816 -3.0094290363 82.7298391323 163.705202764 0
93 11.0677771568 92.647535 97.41769 0.40779386 83.9200652271 114.976856375 2.26696053277 19.6084943942 106.522403761 0
96 11.0688760281 96.759828 99.128022 0.39320766 21.941970037 69.5402717627 -3.05702592425 80.4558688616 162.316177288 0
99 10.9957330227 100.07577 100.58602 0.32958371 84.7752144296 139.478071786 2.11984300306 41.7935245332 102.574301727 0
102 11.1479890347 100.12714 100.52966 0.1390585 96.4649381277 103.037872782 0.157802288315 4.4387896902 1.07393996255 0
105 10.9340109825 100.08551 100.52401 -0.14356162 97.2766924375 103.371494239 -0.147859575922 3.99970281286 -0.246254734851 0
108 10.8999240398 99.772178 100.71077 -0.40700642 97.100834593 103.770970425 -0.505906491208 4.06213025853 -5.66655667377 0
111 11.0190000534 99.760338 100.7618 -0.66729138 97.8956408815 104.602959115 -0.717097953615 4.26984761889 -2.85370646014 0
114 10.94445014 99.638101 100.95548 -0.8821311 96.6197687898 102.801977011 -0.767705747938 3.53834432213 6.55608974246 0
117 11.0098919868 99.549051 101.11221 -1.1251977 97.2066086892 102.073820337 -1.08407323306 2.53213949454 2.35625839045 0
120 11.1415228844 100.80276 98.46873 -1.1938854 98.6187591859 99.3315814634 -1.15374246103 2.34827004492 2.30002098011 0
123 10.9636509418 102.35582 94.496879 -1.1822805 100.431767228 96.3024237097 -1.17410683003 2.63855467386 0.468316792177 0
126 11.1972949505 103.84912 90.431736 -1.1842505 102.079099699 92.4136237744 -1.17432690227 2.65722618855 0.568580267261 0
129 11.4123909473 105.46668 86.336829 -1.1831903 103.893688898 87.905480826 -1.1786777201 2.22147913722 0.258551783022 0
132 11.1280601025 106.96067 82.891423 -1.1821311 105.350637639 84.0316581791 -1.19496932715 1.97290153501 -0.735576232304 0
135 11.1194519997 108.13488 79.987125 -1.1809983 106.619949548 81.6952747205 -1.18497047751 2.28315346457 -0.227589006517 0
138 10.8843870163 109.11096 77.465416 -1.174964 107.768241273 78.2323950522 -1.16899134776 1.54633451962 0.342207765718 0
141 10.8617210388 110.00241 75.115832 -1.1797573 108.395285586 77.3048439223 -1.16641788999 2.7156255406 0.764291894838 0
144 10.937764883 110.9669 72.896666 -1.1819268 109.224840865 75.176077079 -1.1418921337 2.86888216874 2.29381741315 0
147 10.7990419865 111.79529 70.750926 -1.1680053 109.573910145 73.8740988638 -1.16921145842 3.8325888375 -0.069107786881 0
150 10.9013590813 112.62755 68.634671 -1.166408 110.51612782 71.4162668428 -1.16520523049 3.49218829048 0.0689136164316 0
153 10.8439328671 113.50263 66.493746 -1.1746568 111.712364867 69.3403122048 -1.16488509811 3.36273525641 0.559877277009 0
156 10.798014164 114.39844 64.423702 -1.1690506 112.613986162 67.5001985174 -1.16877963865 3.55655821299 0.0155249419619 0
159 10.8061850071 114.9392 62.935672 -1.1627449 113.934208495 65.8286275086 -1.14912771131 3.06254787699 0.780207441049 0
162 10.8131151199 115.58582 61.52951 -1.1720902 114.252092904 64.4383535089 -1.15344622059 3.20003101957 1.06822133373 0
165 10.8261368275 116.16312 60.165609 -1.1710096 114.897948253 62.8363551176 -1.16917588204 2.95525707423 0.105064300024 0
168 10.8348150253 116.71267 58.758483 -1.1690165 115.051112718 61.4511058305 -1.16301661495 3.16401490353 0.343768090879 0
171 10.8268771172 117.29804 57.404001 -1.1730259 115.017921129 60.1522700045 -1.17611366472 3.57098370011 -0.176915886848 0
174 10.7799429893 117.3062 57.346669 -1.1782941 114.947125559 60.214370716 -1.20725748011 3.71334692012 -1.6594794406 0
177 10.8559708595 117.30973 57.394113 -1.1925087 115.033807845 60.726608098 -1.2490113567 4.03551052969 -3.23736376026 0
180 10.8328711987 117.3509 57.478875 -1.2542253 114.801332127 60.5497358672 -1.30419330885 3.99130089137 -2.86295601789 0
183 10.9228618145 117.31554 57.561663 -1.3141336 115.292757817 59.7470188635 -1.3849351055 2.97782269618 -4.05662744844 0
186 10.8980610371 117.31761 57.625945 -1.389572 115.130197295 60.7061454467 -1.41157781962 3.77788421398 -1.26084058907 0
189 10.9291110039 117.34247 57.653648 -1.4539696 114.447278594 60.0512181306 -1.50156298465 3.75905251502 -2.72690007335 0
192 10.9282228947 117.36058 57.739095 -1.5147103 115.255856585 60.8559485995 -1.53652290516 3.76093565695 -1.24977021603 0
195 10.9124078751 117.34118 57.80351 -1.5718326 115.694202797 60.4498477171 -1.59641894114 3.11699169415 -1.4086935808 0
198 10.8679230213 117.32521 57.826191 -1.6475747 115.894381983 60.2952878547 -1.6565346114 2.85371829241 -0.513365108228 0
201 11.0042090416 117.28663 57.948056 -1.7072698 115.215195014 59.6432316777 -1.71823665612 2.67665154222 -0.628354570104 0
204 10.9204559326 117.37131 58.006137 -1.7818651 115.858985471 59.651063379 -1.76579334579 2.23448165649 0.920843685379 0
207 10.9680709839 117.40314 57.989067 -1.8555926 116.01025793 59.443889754 -1.83615917763 2.01410767007 1.11345308335 0
210 10.8942368031 117.02719 57.008887 -1.8977403 116.30571147 58.8734524654 -1.88929308677 1.99928378264 0.483989666677 0
213 10.8899600506 116.38504 55.250118 -1.9095407 115.783246972 56.8369105307 -1.84777796612 1.69707553863 3.5387439827 0
216 10.8088378906 115.67443 53.450651 -1.9075572 115.790596413 55.5029368977 -1.84785209259 2.05557097697 3.42085066977 0
219 10.7884049416 115.02136 51.574537 -1.9165104 114.355168403 53.435042846 -1.87950114752 1.97618148135 2.12047397002 0
222 10.8251900673 114.35753 49.684701 -1.9233127 113.774181674 51.9485597561 -1.8693778203 2.33780917456 3.09024097518 0
225 10.8732688427 113.59486 47.870819 -1.9110101 113.076888962 50.218320818 -1.8571886884 2.40396730047 3.08373973228 0
228 10.8760139942 112.87829 45.986656 -1.9118326 112.021639142 47.8781955313 -1.90864168159 2.07648079475 0.182826157523 0
231 10.8080708981 112.17059 44.128463 -1.9122248 111.775408051 45.9188263874 -1.92042616329 1.83345843471 -0.469903502558 0
234 11.2368421555 111.43202 42.277019 -1.9027456 110.56987355 44.7905809273 -1.91993009572 2.65730880099 -0.98459907799 0
237 11.6333231926 110.82393 40.37458 -1.9174412 109.921846784 42.7752545419 -1.91830450442 2.56456475546 -0.0494636997508 0
240 11.288187027 110.14399 38.567468 -1.912432 109.941701426 40.6952387535 -1.90787202677 2.13736497736 0.261267221054 0
243 11.1681399345 109.42625 36.696167 -1.9074722 109.179480524 38.3354542213 -1.89928731388 1.65775684832 0.468959430517 0
246 11.1051390171 108.96452 35.308972 -1.917648 108.673203425 37.401122807 -1.90448567266 2.11233528263 0.75414580493 0
249 10.9443390369 108.91335 35.330429 -1.9171391 108.779006253 37.790999101 -1.93957991517 2.46423486389 -1.28576399829 0
252 10.926609993 108.9585 35.348205 -1.9450374 108.451424838 37.34971647 -1.99617560911 2.06474535575 -2.93000355363 0
255 10.9736499786 108.97674 35.368834 -2.0165302 108.509869979 37.4947757537 -2.03674873571 2.1766019288 -1.15843676427 0
258 10.9393529892 108.99865 35.397074 -2.0803106 108.44155936 37.5625607744 -2.09744186483 2.23599708217 -0.981549172745 0
261 10.9486010075 109.05048 35.474836 -2.159245 109.213324641 37.6161601913 -2.1771824734 2.14750731525 -1.02774152071 0
264 10.8150229454 109.09365 35.518169 -2.2238592 108.153972307 37.6857975524 -2.24222066245 2.3625426363 -1.05203430411 0
267 10.8909749985 109.14301 35.568827 -2.2920109 108.367201636 38.1973823994 -2.30563700385 2.74065359104 -0.780718241689 0
270 11.0270829201 109.24021 35.586114 -2.3597618 109.06467799 37.829180546 -2.35606141061 2.24992422459 0.212016694885 0
273 10.8701808453 109.32691 35.57971 -2.4292889 108.342426884 37.9397366222 -2.41867984207 2.55713368094 0.607854243955 0
276 10.8782770634 109.34422 35.612178 -2.4970016 109.11533275 37.4923437459 -2.4833153493 1.89404662181 0.784164402272 0
279 10.8688499928 109.45255 35.562283 -2.5751384 109.614897232 37.5554373592 -2.50118899686 1.99975521587 4.2369886974 0
282 10.9074659348 109.51035 35.610832 -2.6455993 109.91504201 37.3279468533 -2.55718925936 1.76415958521 5.0655221955 0
285 10.8561701775 109.52669 35.619453 -2.7060079 108.579417064 36.6813202373 -2.65685381916 1.42298560929 2.81632137782 0
288 10.8980979919 109.56751 35.667144 -2.7779359 109.437694031 36.5373851617 -2.6913796163 0.879870368581 4.95930974662 0
291 10.8680639267 109.58407 35.725569 -2.8421247 109.782146517 36.5089316587 -2.75386626622 0.808016931558 5.05683576226 0
294 10.8670380116 109.62066 35.728072 -2.9074408 108.450708933 37.2598247951 -2.78438898638 1.92744704824 7.05034958196 0
297 10.8772599697 108.40689 35.538158 -2.9474042 107.745415633 37.5954544767 -2.86460939687 2.16102224223 4.74379278488 0
300 10.9878079891 106.63579 35.154474 -2.9731605 106.267200191 36.4360266539 -2.88963681615 1.33350502503 4.78555457423 0
303 10.7720050812 104.74277 34.838538 -2.9724974 104.433771022 36.2808089735 -2.88880596465 1.47500031508 4.7951660269 0
306 10.8429749012 102.71686 34.507066 -2.970186 101.354704028 35.7214221442 -2.90011251136 1.82486430641 4.01491515497 0
309 10.8709890842 100.87602 34.149296 -2.9774562 100.599398836 35.1849813617 -2.89419658886 1.071990409 4.7704243224 0
312 10.8711571693 98.917573 33.856952 -2.9648121 98.2462050524 34.6936670314 -2.88769960373 1.07276603453 4.41822058373 0
315 10.9826419353 96.872255 33.519705 -2.9713846 96.0604221446 34.4441472666 -2.89921896605 1.23031137903 4.13478625144 0
318 11.0006539822 94.700759 33.157106 -2.9752463 94.0615356955 34.3125149257 -2.87755175397 1.3204454622 5.59748516898 0
321 10.8695409298 92.656194 32.878926 -2.9695623 92.1477503636 34.2438487259 -2.91784441278 1.45654693685 2.96321666314 0
324 11.0739080906 90.628889 32.525228 -2.9736018 89.9814727667 33.9707132421 -2.92146335525 1.58384827692 2.98731283448 0
327 10.8264389038 88.510396 32.191288 -2.9695852 87.2144220328 33.6255971415 -2.93071095498 1.93307817665 2.22733017127 0
330 11.141078949 87.334812 32.006658 -2.9896435 86.1866620111 33.2446146781 -2.96905767508 1.68842682214 1.17948088556 0
333 11.3480598927 87.328365 31.983283 -3.0015998 86.3509838182 33.83411556 -3.03095180564 2.09304924448 -1.68174604344 0
336 10.9517040253 87.328448 32.00285 -3.0442403 86.4932974799 33.3043061734 -3.07541653235 1.54637141803 -1.78626653462 0
339 10.8455319405 87.480424 31.977098 -3.121648 86.6009031164 33.6056592719 -3.096703532 1.85088324894 1.42921273877 0
342 10.8953399658 87.509332 32.088761 3.0972389 86.2374515215 33.7527847117 3.0174375036 2.09443425888 -4.57228321324 0
345 10.9417397976 87.537767 32.004513 3.0032565 86.5003163148 33.9497558202 3.05706280289 2.20460281089 3.08287406658 0
348 10.9634268284 87.588829 31.971963 2.902116 86.4606738294 33.9139808887 3.0182251112 2.24592243167 6.6525620345 0
351 11.4933040142 87.696053 31.883789 2.7788249 86.5170676921 33.8018697086 2.91369828108 2.25145285556 7.72767550456 0
354 10.983850956 87.777704 31.698119 2.6376296 86.5447729281 33.650225116 2.82929559721 2.30886060999 10.9816527164 0
357 11.0045540333 87.896098 31.65995 2.4917922 85.9325912435 33.0116463295 2.7188422397 2.38378727029 13.0090090129 0
360 10.9055829048 87.958395 31.594625 2.366513 85.9730015731 34.3141413689 2.57786742215 3.36712879772 12.1097163707 0
363 10.9038200378 87.964094 31.460561 2.2184109 85.4510728323 33.5733062635 2.3520781757 3.28313385921 7.65857075685 0
366 11.0415129662 87.708527 31.831987 2.1125682 85.7915644433 33.6022273024 2.16341371198 2.60930952019 2.91323324336 0
369 11.036534071 86.721318 33.612273 2.0920166 84.5121407834 35.713229671 2.20046321704 3.04868543933 6.21353345892 0
372 10.8867070675 85.724716 35.405361 2.0873093 84.5082440767 36.7440694856 2.08914186832 1.80885166606 0.1049984306 0
375 10.9421927929 84.755772 37.248267 2.0862059 83.1218120394 38.2879007459 2.07139312871 1.93666297494 -0.848709277689 0
378 11.451196909 83.690185 39.149374 2.0868314 81.775569643 40.6234316231 2.12479994372 2.41631906867 2.17543730917 0
381 11.0482549667 82.666747 40.97523 2.090975 80.763989945 41.8772059519 2.15038058682 2.10571722417 3.4036894043 0
384 11.0845339298 81.635815 42.877142 2.0910396 80.3235223256 43.5701893076 2.09895197409 1.48405749008 0.453345641254 0
387 11.0036530495 80.624097 44.699122 2.0805048 79.101245901 45.2708540805 2.1350353949 1.62663857126 3.12437294202 0
390 10.8432970047 79.602515 46.546403 2.0762437 78.1609066718 47.4971097002 2.10835843744 1.7268693644 1.84003891541 0
393 10.9133079052 78.599692 48.40129 2.0808805 77.1948024191 49.1135858042 2.10325239098 1.57514445285 1.28181493263 0
396 10.8732190132 77.532669 50.298142 2.0919608 75.6460168271 51.0828034719 2.11390619668 2.04331839103 1.25737860956 0
399 10.8921329975 76.53881 52.074716 2.0854653 75.2167337523 53.0073895146 2.11542927135 1.61795101578 1.71680909581 0
402 10.8695509434 75.533974 53.92833 2.0838411 74.3168582712 54.896924343 2.08032373231 1.55548889379 -0.201530323482 0
405 10.9404711723 74.451304 55.860797 2.0823704 73.0889723739 55.7756904782 2.09182583054 1.36498739175 0.541756263594 0
408 10.8928937912 73.464188 57.689364 2.0801622 71.1808044653 58.2249861802 2.13528877735 2.34536382815 3.15852022134 0
411 10.808161974 72.461178 59.521835 2.0808323 69.9993216777 60.4628357829 2.13036868931 2.63556806493 2.83822603982 0
414 10.77709198 71.469371 61.42577 2.0898858 69.158175901 62.1124065692 2.09506896721 2.41103557914 0.29697360545 0
417 10.8739631176 70.386885 63.322712 2.0827703 68.1408880412 63.4855487638 2.12286486857 2.25189212679 2.29724956054 0
420 10.8651349545 69.38246 65.186025 2.0922796 67.1028714653 65.4838092303 2.12393254119 2.29895614039 1.81357993962 0
423 10.8944211006 68.400253 67.014087 2.0893798 65.529464599 67.4792605998 2.12071845462 2.90823185479 1.79557264517 0
426 10.9001381397 67.30799 68.901204 2.089526 64.4729415395 68.7573026908 2.11845434824 2.8386981805 1.65747226225 0
429 10.8884251118 66.315197 70.741557 2.0869248 63.5635591754 70.4039758467 2.11431694626 2.77226834072 1.56945437241 0
432 10.8889789581 65.281228 72.464006 2.0745737 62.6349248025 72.4976347035 2.11113819787 2.64651686233 2.09499140784 0
435 10.9075808525 64.283593 74.421326 2.0918621 61.5841060759 74.5401615236 2.11518918163 2.70210131846 1.33654332567 0
438 10.8500189781 63.28447 76.191493 2.091939 60.4465814086 76.0016697295 2.12410248976 2.84423004187 1.84283221771 0
441 10.9835479259 62.204887 78.125252 2.0893553 59.0184218761 77.9175846247 2.12678065889 3.19322497246 2.14431511102 0
444 10.848402977 61.273659 79.948227 2.0960183 58.1622427617 79.7825726636 2.11753105171 3.11582290367 1.23258987879 0
447 10.8494870663 60.19879 81.787566 2.089809 57.1186655064 81.5781935949 2.1338143402 3.08723236895 2.52132026933 0
450 10.8767459393 59.161438 83.629466 2.0974137 56.5617662731 83.3642231546 2.09647212337 2.61316797293 -0.0539483670722 0
453 10.8703122139 58.11891 85.485673 2.0964985 55.5066105977 85.6597396456 2.0840074801 2.61809231394 -0.715682722005 0
456 10.8427770138 57.036783 87.336936 2.0992423 54.6452729743 87.7713978147 2.08084447101 2.43065367167 -1.05411795321 0
459 10.9801011086 56.357629 88.602308 2.124456 53.9464600396 88.6784039737 2.10971961515 2.41236944786 -0.844332657295 0
462 10.8197159767 56.200217 88.720884 2.2094598 53.7917107644 88.1068425606 2.21820790119 2.48554806355 0.501229276777 0
465 10.9614520073 56.199637 89.07416 2.3631742 53.5245637281 87.8392604382 2.3587222257 2.9463526499 -0.255079338128 0
468 10.8788840771 56.109511 89.161307 2.4869631 52.9098251633 88.294179748 2.47301470786 3.31510167643 -0.799184000392 0
471 10.952701807 56.023191 89.233423 2.608836 52.6417285467 88.7036784125 2.60130110577 3.42270618821 -0.431717638394 0
474 10.9346499443 54.873312 89.789936 2.6823278 51.8702646428 89.4060782099 2.68716247772 3.0274808394 0.277006628557 0
477 10.8395321369 52.997249 90.667048 2.6986067 49.5547301004 90.072378758 2.70823453267 3.49350366851 0.551634177654 0
480 10.8175108433 51.122563 91.609157 2.7018871 47.5939207737 91.0004149803 2.72587990989 3.58076567338 1.37468674551 0
483 10.8760709763 49.137432 92.566213 2.7007601 46.8954225252 91.6343928667 2.71133931186 2.42794053589 0.60614419039 0
486 10.7841479778 47.308569 93.452781 2.7003868 44.4553081519 92.685888536 2.71749192419 2.95452559955 0.980051424364 0
489 10.8565731049 45.360782 94.336008 2.7008969 42.7092703918 93.4945619322 2.72977089186 2.78182409466 1.6543578714 0
492 10.886097908 43.468079 95.251019 2.7064338 40.8716767687 93.8364991283 2.72525527725 2.95671625527 1.07839121075 0
495 10.8956420422 41.590918 96.131677 2.7064065 38.1351937184 95.3291373812 2.73117998786 3.54768941011 1.41941629838 0
498 10.8089141846 39.606214 97.06058 2.704478 35.9334970508 96.1945866463 2.72040372249 3.77343269151 0.912476684148 0
501 10.8555128574 37.718719 97.944153 2.696243 34.4925910971 96.5803873887 2.70969697823 3.5025359225 0.770856170082 0
504 10.836769104 35.769603 98.891663 2.7044976 32.5035902346 97.3715159375 2.76116091087 3.60245561737 3.24656856631 0
507 10.9164040089 33.862509 99.822852 2.7013631 31.7158002746 98.8107746949 2.70732668089 2.37332231765 0.341688016055 0
510 10.8745450974 31.979521 100.73965 2.7066945 28.9528825843 99.3712165688 2.73651532218 3.32161860465 1.70860725271 0
513 10.8894109726 30.015598 101.64307 2.7044148 27.3678747785 100.476675764 2.71836657459 2.89325314673 0.799377800698 0
516 10.8551750183 28.083667 102.5122 2.7038251 25.6774891818 101.375436027 2.71810681761 2.66118846049 0.818282143332 0
519 10.8627550602 26.231599 103.44351 2.6987262 23.4272653039 102.535454785 2.72533330085 2.94768583009 1.52447458401 0
522 10.8090519905 24.326425 104.3449 2.7056645 21.5338122177 103.552782052 2.70766465458 2.90278090731 0.114600415843 0
525 10.9483759403 23.072168 104.95788 2.6888385 19.8487773814 104.197786959 2.67772713955 3.31179536055 -0.636634058631 0
528 10.8392450809 23.059574 104.94595 2.6093304 19.4989008739 104.79622076 2.56992817809 3.56381985466 -2.25758101879 0
531 10.9128599167 23.148655 105.02795 2.4881616 19.2822916465 104.55444483 2.47083939673 3.89525002113 -0.992489139042 0
534 10.8108551502 23.15609 104.97342 2.3614352 18.6387674735 104.38170691 2.3313789534 4.55591123588 -1.72209607806 0
537 10.8271830082 23.189116 104.80794 2.2179164 18.762360898 104.624043082 2.18714310843 4.43057319197 -1.76317972869 0
540 10.8376049995 23.170444 104.45908 2.0515088 18.7871521258 104.598812516 2.07058961718 4.38551853614 1.09325029381 0
543 10.8408479691 23.203193 104.36781 1.9241471 18.8500060318 104.815761397 1.91977956163 4.37617381218 -0.25024151553 0
546 10.8967020512 23.268475 104.40083 1.8086424 19.7052501089 102.9474164 1.83377389732 3.84824410848 1.43992872909 0
549 10.9171738625 23.269141 104.3114 1.6661585 19.0988874121 104.353405271 1.67853542535 4.17046513351 0.709145585906 0
552 11.0932760239 23.273746 104.22596 1.531085 19.2357968373 104.965360257 1.53132350407 4.1050878408 0.0136652766124 0
555 10.9348568916 23.201513 103.9692 1.3630267 19.6365118023 104.764485371 1.40174448192 3.65263088217 2.21836549596 0
558 10.8607199192 23.573375 105.47089 1.3112874 20.0834982019 105.578118356 1.37815705254 3.49152373419 3.83134886809 0
561 10.8606290817 24.091257 107.45193 1.3021436 19.9547319361 106.622057434 1.33231681814 4.21894869376 1.72879805373 0
564 11.0029978752 24.69734 109.54228 1.2971878 21.1836628773 108.901773782 1.31665108921 3.57157880184 1.11516432714 0
567 10.9160988331 25.24514 111.62222 1.291934 21.4265327615 110.996483783 1.33331264765 3.86953576735 2.37082187259 0
570 11.1260280609 25.838263 113.71051 1.2925571 21.8718602747 113.704316982 1.3167434225 3.96640756007 1.38577420146 0
573 11.4969909191 26.485855 115.66064 1.2984976 22.6176369356 115.739731562 1.33538894472 3.86902655316 2.11371835327 0
576 10.9387388229 26.666562 116.70228 1.2516028 22.3890766511 116.87485462 1.28225448307 4.28096518437 1.75621207504 0
579 10.90741992 26.671044 116.66524 1.1445574 22.6881290575 116.446457737 1.15689582056 3.98891929196 0.706939423832 0
582 10.8257529736 26.68282 116.71548 1.0360889 22.7000202141 117.044824775 1.01780026613 3.99639363874 -1.04786153354 0
585 10.8638930321 26.598988 116.54426 0.86252405 22.7707033712 116.324672896 0.892490913711 3.83457712084 1.71697481589 0
588 10.7765059471 26.490987 116.49462 0.72378221 22.5176456385 116.182426882 0.766339412959 3.98558729908 2.43834811745 0
591 10.7774980068 26.414554 116.44154 0.58967497 22.5955247517 116.060841709 0.627330244419 3.83795721549 2.1574883006 0
594 10.8702712059 26.30131 116.37003 0.43724496 21.5879179918 116.374276889 0.475798702237 4.71339392144 2.20896671459 0
597 10.735296011 26.176025 116.35464 0.31453037 21.6744507608 116.507271998 0.35977099223 4.50416109363 2.59209671634 0
600 10.7982270718 26.088883 116.46581 0.14702743 21.8295027185 115.973950461 0.225996472932 4.28768541164 4.52459287221 0
603 10.8735229969 25.977812 116.45377 0.019989929 21.7161566582 116.164108066 0.0845912333961 4.27148806493 3.70138209294 0
606 10.8063430786 25.890585 116.45549 -0.11586106 23.2150776222 115.91821454 0.00336083022407 2.72892005174 6.83091113541 0
609 10.8040840626 27.617035 116.21759 -0.13548047 24.6493549695 115.74291945 -0.0575459702359 3.00540128676 4.46531791495 0
612 10.8618431091 29.732468 115.90829 -0.14344069 26.218084768 115.079934216 -0.0742890092499 3.61068730394 3.96209945322 0
615 10.8048570156 31.744289 115.6014 -0.14068963 27.8484896201 115.022050429 -0.118923938706 3.93864173717 1.2470822493 0
618 11.2079949379 33.87565 115.27561 -0.13567301 30.3886829676 114.898127043 -0.127094168474 3.50733979929 0.491531412532 0
621 11.36490798 35.936054 114.9269 -0.14240112 32.9806602378 114.646708892 -0.101933490417 2.96864604598 2.31862438198 0
624 11.353880167 38.113735 114.67885 -0.14674677 34.7343412288 114.695366463 -0.116745963238 3.37943413223 1.71891960943 0
627 10.9780130386 40.163768 114.30534 -0.14012204 36.6278869706 114.441574556 -0.087697573042 3.53850455819 3.00370069991 0
630 11.5016951561 42.346763 113.98058 -0.16006212 39.1452219121 114.37749125 -0.0741320823465 3.22605081763 4.92342849094 0
633 11.1390578747 44.341947 113.67079 -0.15507802 41.1890604153 113.940257544 -0.0817486336257 3.16438091465 4.20146435353 0
636 11.2475278378 46.544067 113.30502 -0.15009707 42.7813377322 114.245712821 -0.0640239035262 3.8785351005 4.93162916828 0
639 11.3134849072 48.557097 112.97025 -0.14631805 45.4247780225 113.876862858 -0.0819626458164 3.26088470374 3.68729304858 0
642 10.9384660721 50.586062 112.64729 -0.14866611 47.3860166003 113.923007901 -0.0816741898269 3.44495961131 3.83835428739 0
645 11.0768179893 52.747394 112.3225 -0.14488479 49.8282197508 114.121186099 -0.0667267622702 3.42882632674 4.47812512399 0
648 11.2664959431 54.919709 111.95097 -0.14565598 51.6419357408 113.874575088 -0.0501830563328 3.80053339334 5.47019558391 0
651 11.2611050606 56.9199 111.70562 -0.14317608 53.9800064561 113.67785604 -0.0633969229095 3.54015381691 4.57100899439 0
654 11.0559811592 58.963864 111.32719 -0.14485493 56.374841548 113.969149677 -0.0488862765422 3.69905233679 5.49859880869 0
657 10.9452819824 61.070196 111.0267 -0.15209978 57.4914986515 112.006556376 -0.12210291533 3.71041685392 1.71869374422 0
660 10.9419250488 63.25691 110.67843 -0.1447313 59.7204517166 112.007647831 -0.127427292123 3.77800969189 0.991446620029 0
663 11.2796669006 65.338645 110.4192 -0.14848438 61.3906237611 111.565297253 -0.129099182091 4.11101089946 1.1106900252 0
666 11.7025949955 67.412523 110.08404 -0.1445869 63.4236299207 111.623420614 -0.120817979695 4.27562400959 1.36185881703 0
669 11.5671889782 69.507235 109.73429 -0.15139682 65.7850874971 110.964937409 -0.114586885995 3.92031568601 2.10905386264 0
672 11.0525181293 71.647859 109.39116 -0.14906575 68.0272592621 111.013765531 -0.108490429643 3.96756741235 2.32479460885 0
675 11.5530869961 73.702975 109.06139 -0.1559357 69.9878209126 111.39056127 -0.0919838933551 4.3849069204 3.66416861299 0
678 10.8871600628 75.754203 108.72815 -0.15045699 72.0773681791 110.336165774 -0.140688268764 4.01308223558 0.559706498061 0
681 11.1039829254 77.860742 108.43703 -0.15243836 74.3931441397 109.760025808 -0.146466258029 3.71140846963 0.342176237769 0
684 11.4091951847 79.97813 108.08555 -0.15170568 75.5321288893 109.166691757 -0.154159809721 4.57556481481 -0.140611275396 0
687 11.5056550503 82.120618 107.73965 -0.14888428 78.3664036577 108.912358184 -0.135957449482 3.93311197556 0.740652831177 0
690 11.6226391792 84.192494 107.42985 -0.14593359 80.8722767378 108.725594633 -0.133348754269 3.56409831835 0.721057973239 0
693 10.9375710487 86.28045 107.15458 -0.15823172 82.421754656 108.615640826 -0.130265681995 4.12604271625 1.60233594738 0
696 11.4983520508 88.385341 106.75858 -0.15035877 84.5713589082 108.775110051 -0.107045745558 4.31426156414 2.48165349845 0
699 11.2053561211 90.512184 106.42958 -0.15443508 87.1345251357 108.711987524 -0.10887996784 4.07651364652 2.61011566202 0
702 11.2602880001 92.541412 106.11165 -0.15857271 89.4876120033 108.325475914 -0.100473323434 3.77183239266 3.32884964254 0
705 11.4429821968 94.624435 105.7799 -0.14991569 90.8715659779 108.301525975 -0.109189968514 4.52135194977 2.33341195876 0
708 11.1827578545 96.812614 105.41142 -0.16008539 93.1337871677 107.144449701 -0.114200940083 4.06659056275 2.62898532551 0
711 11.1556529999 98.833392 105.05687 -0.15857643 94.6812441167 106.829283737 -0.146177233186 4.51461875455 0.710421646821 0
714 10.9482281208 100.9283 104.72764 -0.15390186 96.308512706 107.0626609 -0.114526690992 5.17636525446 2.25603100179 0
717 11.7151610851 103.02648 104.38009 -0.15580909 98.772548651 106.915396584 -0.127370646412 4.95214210171 1.62940279353 0
720 11.5289759636 103.56436 104.3046 -0.21764658 99.7483105111 106.220202238 -0.179033225719 4.26986716858 2.21238223315 0
723 11.6423339844 103.46604 104.39779 -0.32798619 99.5978860184 106.805635517 -0.304327429446 4.55635109034 1.35554712826 0
726 10.9414141178 103.43166 104.43448 -0.46455789 99.2688678424 106.865527574 -0.426985805956 4.8206670549 2.15272184322 0
729 11.0042438507 103.35806 104.51276 -0.60050128 99.4079722477 107.028891122 -0.551955968674 4.68338649613 2.78144145412 0
732 11.0540449619 103.30537 104.5712 -0.75278089 100.809095484 106.788184755 -0.673780094086 3.33862364782 4.52641218406 0
735 10.9975569248 103.24477 104.73622 -0.88717849 99.7143044663 106.855687495 -0.794907361979 4.11780637573 5.28674620652 0
738 10.9756810665 103.11543 104.83266 -1.0218313 100.798044456 106.549025565 -0.952044457312 2.88377990069 3.99849155154 0
741 10.9103410244 103.3336 104.43355 -1.1359167 99.9623696132 106.765271749 -1.06836683283 4.09903898917 3.8703222955 0
744 11.2575080395 104.18264 102.5184 -1.1499809 101.493548108 104.803534159 -1.09156432057 3.52888839888 3.34702345521 0
747 11.1253700256 105.02068 100.61649 -1.1544373 103.160386996 102.85925648 -1.06622921993 2.9138791236 5.05395070682 0
750 10.996024847 105.97315 98.645528 -1.1675657 104.102928476 100.70835189 -1.06451361163 2.7844157291 5.90444973335 0
753 10.8979930878 106.66644 96.709247 -1.154133 104.804121442 99.3075173566 -1.08607165375 3.19675448814 3.89962788805 0
756 10.8301501274 107.65453 94.805864 -1.1707179 105.199601826 96.8239113847 -1.10438161964 3.17792189771 3.80078889322 0
759 11.066160202 108.36584 92.821603 -1.1639211 106.145877006 95.2952735164 -1.11077424555 3.32374510406 3.04509045413 0
762 10.8106999397 109.18739 90.932737 -1.1605274 106.940594275 92.3847426484 -1.1145852157 2.6751469926 2.63229326218 0
765 10.9343240261 110.00551 88.971931 -1.1631703 107.88416815 90.7513938812 -1.12602550374 2.76885886082 2.12824005652 0
768 10.8080961704 110.83946 87.051439 -1.1600004 108.868508767 89.0599726817 -1.10858212403 2.81404625309 2.94605020281 0
771 10.9041640759 111.68317 85.129972 -1.1502451 110.158585862 86.716551551 -1.10952550203 2.20036166667 2.33306110726 0
774 10.9244949818 112.49307 83.177328 -1.1488654 110.890522033 85.8440022535 -1.0979909215 3.1111591991 2.91489290316 0
777 10.9493610859 113.40329 81.226755 -1.149046 111.92404375 83.2940878976 -1.12007142534 2.54205326004 1.66012084145 0
780 10.8861711025 114.20236 79.347389 -1.1522317 111.900497914 82.0609987717 -1.14037608022 3.55840512799 0.67927697709 0
783 10.861246109 115.10134 77.33273 -1.146946 112.820163129 80.0572556548 -1.1230691203 3.55342200705 1.36804443448 0
786 10.9032349586 115.87569 75.433999 -1.1405871 114.005487672 78.2163268398 -1.12014545274 3.35246252115 1.17122011451 0
789 10.914839983 116.74641 73.521868 -1.1514597 114.380569978 76.1090113335 -1.12837235256 3.50578231444 1.32280756841 0
792 10.8778069019 117.66191 71.592443 -1.1472421 115.543527731 74.1275526859 -1.12695855272 3.30368348301 1.16216165266 0
795 10.9392158985 118.47567 69.543126 -1.1411103 116.543238303 71.9157955469 -1.13274705051 3.06004134657 0.479178899018 0
798 10.9805719852 119.32773 67.660396 -1.1493947 117.138646144 70.1984785516 -1.13630038175 3.35170869337 0.750249171608 0
801 10.8403058052 120.23613 65.736718 -1.1477983 118.568938325 68.4393016353 -1.12514228646 3.17545058023 1.29809395621 0
804 10.7403950691 121.05504 63.851108 -1.1435448 119.556812039 66.3906097148 -1.10994300906 2.94851759062 1.92524080507 0
807 10.8523669243 121.9387 61.889647 -1.1416966 120.073469037 64.1944401079 -1.1250650822 2.96498867059 0.952915777061 0
810 11.0112128258 122.75206 59.947854 -1.134592 121.489751733 62.5819431887 -1.1064860762 2.92093273012 1.61035081322 0
813 10.8094050884 123.61313 58.017737 -1.1345099 122.635850614 61.1095063923 -1.10213588064 3.24254729695 1.85489467504 0
816 10.837678194 124.50226 56.14403 -1.1250591 123.07052393 59.3272638181 -1.12550081605 3.49039334681 -0.0253084651586 0
819 10.8096930981 125.37031 54.195354 -1.1346431 123.911926059 57.5606278542 -1.11009189108 3.6676902585 1.40668065316 0
822 10.9583790302 126.19009 52.293812 -1.120627 124.712862162 55.9780284633 -1.10873307813 3.96933911814 0.681471525056 0
825 11.0144569874 127.09539 50.434417 -1.1252352 125.908911362 53.6933379029 -1.12304761189 3.46818353163 0.125339565907 0
828 11.0310471058 127.94916 48.435924 -1.125081 127.133010509 51.4278499604 -1.11010898374 3.1012450636 0.857833342311 0
831 10.8755660057 128.83417 46.49897 -1.1135569 127.360937561 49.8963820801 -1.10838480403 3.70308285927 0.296339270439 0
834 10.9822151661 129.69028 44.561049 -1.1141866 128.006360016 47.5059681542 -1.12736589442 3.39236426955 -0.755117947123 0
837 10.9291398525 130.6504 42.689185 -1.1179531 129.040914131 45.2299937394 -1.13995865113 3.00768246564 -1.26082520545 0
840 10.803207159 131.56218 40.752166 -1.1133477 130.373979033 43.148607331 -1.12998462585 2.6748369279 -0.953225635065 0
843 10.803565979 131.80181 39.159633 -1.0655485 131.502780044 42.0477057159 -1.09898711323 2.90351217092 -1.91589141059 0
846 10.8676609993 89.526265 39.287264 -0.26055386 132.492604967 40.7264767821 -1.09596023428 42.990437351 -47.8652594247 0
849 10.8701372147 49.129117 22.860079 0.57174269 133.716377161 39.7998847321 -1.08689673215 86.2668047387 -95.033038623 0
852 10.85085392 45.693587 19.436118 1.0035584 134.454955377 39.0020142267 -1.0134846976 90.8922703607 -115.568056588 0
855 10.935254097 46.841947 21.209275 1.0214136 37.4730345923 92.0073308774 -1.52333977891 71.4152731264 -145.803628513 0
858 10.9883198738 48.00008 22.972907 1.0079248 36.6308674511 90.388832823 -0.634095259621 68.3678729269 -94.0808192921 0
861 10.9892399311 49.170996 24.731115 1.014741 117.291021467 61.0212432875 -3.09384251235 77.1836205468 124.595504965 0
864 11.0471880436 50.349541 26.532036 1.0144485 35.6543042331 91.683470237 0.32363684728 66.788167865 -39.5805921393 0
867 10.9879629612 51.518278 28.351001 1.0069992 101.672021407 97.0040679936 1.91924899716 85.0214183916 52.2680632388 0
870 10.9498960972 52.642563 30.101924 1.0170679 37.8693045111 98.5339839236 1.72396920934 70.0085422771 40.5024615577 0
873 11.1896409988 53.80357 31.912095 1.0183648 99.2806703907 99.6723535448 1.90809460832 81.6064905385 50.9777629234 0
876 11.1197140217 54.946688 33.671099 1.0064723 94.3121152865 39.3474343586 -3.05985913796 39.772574075 127.016370504 0
879 11.3283901215 56.161659 35.476636 1.0152563 35.707143562 103.424171924 1.61351288988 70.959529592 34.2775776662 0
882 11.7456119061 57.333476 37.252395 1.017552 21.8543219504 72.4330750246 -2.48810256141 49.9644935836 159.1407892 0
885 11.0634958744 58.434052 39.044555 1.0099164 36.7242127639 108.164407941 1.57384880053 72.4490937845 32.3109464809 0
888 10.9057018757 59.558673 40.733157 1.0155176 84.9080356645 48.6178003671 -3.13167419866 26.5472745969 122.383413105 0
891 11.1973619461 60.829575 42.673596 1.0256616 57.9374172593 43.5141848251 0.906425686139 3.01183764007 -6.83171463061 0
894 11.0562729836 61.938983 44.298725 1.0235902 35.9337679355 114.496626786 1.55819986619 74.8599801347 30.6308775598 0
897 11.0203049183 63.08776 46.123861 1.0214801 11.0515164483 66.7047931894 -2.56184559799 55.958425753 154.690560885 0
900 11.0708048344 64.233274 47.872937 1.026201 61.7185388317 47.6758416074 0.925000577148 2.52244713731 -5.79835711438 0
903 10.9662191868 65.367062 49.701179 1.0288308 62.2030296535 52.0225567529 0.891048851789 3.92427004182 -7.8943241256 0
906 10.9358508587 66.47055 51.411163 1.0247772 64.2100657388 52.5081902644 0.914690919636 2.51261973129 -6.30747924716 0
909 10.9355299473 67.601685 53.206336 1.0345375 64.5989575986 54.3691756299 0.954217819708 3.22002606382 -4.60197869258 0
912 10.9746508598 68.713633 54.989386 1.0321621 67.2074347846 55.7672408032 0.882633793176 1.69519649564 -8.56734089875 0
915 10.998128891 69.889939 56.860516 1.0335194 66.9010516141 58.0223421885 0.964884144507 3.20675660096 -3.93251046556 0
918 10.9317829609 70.97178 58.665246 1.0279054 68.1339001114 60.1981966562 0.981131337744 3.22544570197 -2.67995635795 0
921 10.8450989723 72.083269 60.388926 1.0348295 69.0783877605 61.6597230238 0.982600680534 3.26255058795 -2.99249092434 0
924 10.9710199833 73.21006 62.180545 1.0389104 69.9597410163 63.2408063326 0.980786490379 3.41887811847 -3.33025471007 0
927 10.9885420799 74.211219 63.966291 1.0279221 71.2492854187 65.7417456461 0.997996676768 3.45330128148 -1.71460045135 0
930 10.8659009933 75.394113 65.876292 1.0355825 72.3192279374 66.8192327833 0.987825795049 3.21621757174 -2.73625763714 0
933 10.9030869007 76.475569 67.55587 1.0353462 73.5690560952 69.1547077485 0.989135214883 3.31724274238 -2.64769441436 0
936 10.9246940613 77.652303 69.425792 1.0395167 75.1268006762 70.6877273334 0.968763135324 2.8232326814 -4.05388064144 0
939 10.9994108677 78.72098 71.209083 1.0347632 76.0562326483 72.2760452324 0.966571682353 2.87041579807 -3.90708615975 0
942 10.984610796 79.923618 73.070281 1.0406815 77.6264589057 74.1548867173 0.979717073733 2.5403364869 -3.49300432552 0
945 10.9672539234 80.886825 74.813727 1.0240856 78.3313551588 76.0977060555 0.966596028556 2.8599000549 -3.29390980973 0
948 10.8924608231 82.003807 76.66259 1.0354781 80.3781052534 77.343254966 0.944972241414 1.76244459902 -5.18560371818 0
951 10.9844660759 83.149971 78.458347 1.0359732 81.331242975 79.7930730099 0.964537171049 2.25593997046 -4.09298296408 0
954 10.8853020668 84.209192 80.07724 1.046865 82.5100042777 81.1899425905 0.982172612833 2.03109477146 -3.70660075131 0
957 10.8776810169 84.421821 80.346791 1.1291589 82.1677298146 80.9331985065 1.06202658112 2.3291201849 -3.84639854048 0
960 10.795208931 84.549549 80.462185 1.2384433 81.9859465563 81.0116822278 1.18483338507 2.62183231589 -3.07162186579 0
963 10.8603122234 84.477315 80.645515 1.377415 82.092517481 80.6569267105 1.31424692334 2.38482482245 -3.61926419286 0
966 10.9311289787 84.491575 80.745704 1.5042297 81.8828010112 80.6544689489 1.43983073376 2.61036885497 -3.68978897076 0
969 10.9295008183 84.58151 81.604236 1.6242617 80.8917196109 81.934610253 1.55417181956 3.7045512903 -4.01585433579 0
972 10.8815100193 84.52138 83.606555 1.6450761 81.1359295414 84.0176360946 1.6091352021 3.41031706357 -2.05926176138 0
975 10.8870458603 84.450105 85.633891 1.6510189 80.9181401476 86.7817861665 1.61446015143 3.71381731265 -2.09466199723 0
978 10.9163320065 84.288283 87.799076 1.6553182 81.1797830878 88.1411440143 1.6104422717 3.1272643365 -2.57120129326 0
981 10.8020908833 84.219899 89.940013 1.6574582 81.2819852287 90.3263860929 1.5988276862 2.96321134831 -3.35928099122 0
984 10.9212620258 84.085061 91.960688 1.6559816 80.752665735 92.7557477046 1.61072889489 3.42592733961 -2.59278901415 0
987 10.9283459187 83.972707 94.061302 1.6546883 80.346253621 94.8616935887 1.61354768579 3.71373003936 -2.35718356063 0
990 10.8407211304 83.850194 96.236204 1.650278 79.973545889 96.4524496243 1.63533625137 3.88267468981 -0.856099134774 0
993 10.9073569775 83.742141 98.372522 1.653672 79.7969065477 99.1464114528 1.63665046417 4.02042034726 -0.975262163989 0
996 10.8889629841 83.558608 100.37046 1.6603574 80.1129569099 101.198761254 1.62150806268 3.54381071762 -2.22590306504 0
999 10.8251731396 83.448658 102.54165 1.6520527 79.8561475006 102.974449238 1.64353552173 3.61848682039 -0.487998367966 0
1002 10.9365367889 83.308795 104.69204 1.6576029 79.3329236784 104.98584104 1.64614710339 3.98671190542 -0.656368796984 0
1005 10.893362999 83.194681 106.76107 1.661421 78.8946529953 107.567653746 1.66255077085 4.37502207771 0.0647311013186 0
1008 10.8541281223 83.066158 108.84686 1.6653468 78.6461247142 109.310571417 1.66965425242 4.44429100372 0.246798844168 0
1011 10.8720998764 82.920912 111.09751 1.6564676 78.6451254519 111.262872673 1.64910983631 4.27898298885 -0.421568806232 0
1014 11.0165131092 82.798446 113.12029 1.6519674 78.3108365725 113.482784394 1.66109702724 4.50222617818 0.523089109096 0
1017 11.2056820393 82.725101 115.25424 1.6521864 78.334235855 116.710013188 1.65862099433 4.62590232244 0.368675097992 0
1020 10.9496080875 82.605874 115.888 1.7134215 78.6448432588 117.46218944 1.71248776733 4.26237456407 -0.0534989409915 0
1023 10.9155778885 82.650086 115.98425 1.8265292 78.6189971939 117.166493576 1.82984792074 4.20087810286 0.190148691612 0
1026 11.1081697941 82.697137 116.16336 1.9516157 78.3458884397 117.144678318 1.95135433517 4.46053244299 -0.0149751016687 0
1029 11.0324039459 82.611261 116.28116 2.0730733 78.3474670043 117.298541054 2.07780418588 4.38349215201 0.271059794218 0
1032 10.981785059 82.517518 116.45008 2.1971216 78.6859435334 116.850360484 2.22031733568 3.85242616528 1.32901775741 0
1035 10.9026720524 82.418538 116.4581 2.3123831 78.6167998755 116.932133571 2.36844846966 3.83117744221 3.21230905818 0
1038 11.1492800713 82.414024 116.83182 2.4679277 78.6308690822 117.016138073 2.49474621185 3.78764231201 1.53658754189 0
1041 11.628937006 82.282962 116.94587 2.5874118 78.5991287976 117.174903255 2.58759582136 3.69094612466 0.0105436473354 0
1044 10.9205548763 82.208722 116.96752 2.707272 79.0811257994 117.280189355 2.73264198752 3.14318630048 1.45359321132 0
1047 10.9570939541 82.043289 117.20312 2.8493508 78.3869913155 117.566238891 2.8685770565 3.6742847041 1.10158335344 0
1050 11.5703499317 81.832352 117.28824 2.9891727 78.0107313691 117.044136897 2.99367878018 3.82940864514 0.258179376176 0
1053 11.4631650448 81.142386 117.29523 3.0875315 77.720593918 117.1847805 3.11101777061 3.42357417689 1.34566418223 0
1056 11.3342680931 79.131234 117.37152 3.1037602 75.500660952 116.205045863 -3.13556354658 3.8133610593 2.51308230534 0
1059 11.0697741508 77.094643 117.50841 3.1079346 74.1597280889 117.048905425 -3.11928241701 2.97066827331 3.20674681351 0
1062 11.2501161098 74.899205 117.59033 3.115912 72.2293583387 117.131898876 3.1345705946 2.708918657 1.06905872222 0
1065 11.5910980701 72.824078 117.69503 3.116944 69.7961948524 117.278257988 -3.12194687507 3.05643178645 2.53788401571 0
1068 11.1370630264 70.711208 117.83017 3.1174699 68.0024053821 116.705743864 -3.12151170721 2.93290739008 2.53268544707 0
1071 10.9051029682 68.550781 117.88294 3.1169773 65.6495441379 117.337142924 -3.1233932995 2.95212970217 2.45310205115 0
1074 11.0765638351 66.454241 117.99143 3.11617 63.616530261 117.394242725 -3.12872810758 2.89986807966 2.19369494622 0
1077 10.9706499577 64.352032 118.06903 3.1139299 61.2084685635 117.558944863 -3.13892610236 3.18467862209 1.73774116148 0
1080 10.9363660812 62.204954 118.16997 3.1178991 59.196653745 117.359787104 3.13162683959 3.11548820388 0.786541540895 0
1083 10.9407851696 60.134729 118.2293 3.1166836 56.7897291454 117.279923678 3.12882393725 3.47711653931 0.695590086379 0
1086 11.3065550327 58.034017 118.36643 3.1239361 54.5039159552 117.175207991 3.14078929129 3.72567084711 0.965616732073 0
1089 11.2398269176 55.858025 118.47896 3.1251128 52.4999547937 116.810622568 3.12955039523 3.74966469136 0.254255477737 0
1092 10.9993860722 53.766425 118.55 3.1243401 50.606727249 116.950486249 -3.13018419 3.54148755698 1.64215532111 0
1095 11.1052691936 51.628528 118.603 3.1187628 48.4785460859 117.036004342 -3.13829650298 3.51821850518 1.49690977646 0
1098 11.1202530861 49.494235 118.64783 3.1200968 46.6667258398 117.011945404 3.14109204663 3.26663840408 1.20293902194 0
1101 10.9357540607 47.379245 118.80828 3.1260538 44.747955881 117.323595304 3.13587931745 3.02125322886 0.562960681359 0
1104 11.4307799339 45.313934 118.87713 3.1250737 42.4138083359 117.681447863 3.11997242797 3.13693873702 -0.292281357593 0
1107 11.5273268223 43.229975 118.9845 3.131291 40.8926915277 117.444548377 3.1324131683 2.79899000217 0.0642955073976 0
1110 10.9483001232 41.038059 119.03542 3.1300111 38.4968543735 117.616614625 -3.14020055486 2.91045179397 0.743335522671 0
1113 11.044342041 38.877743 119.09254 3.1262084 36.3307181956 117.903069675 3.11373168617 2.81108075446 -0.714863044686 0
1116 11.5893111229 36.866989 119.17866 3.1252668 33.6380350434 118.716816937 3.09955750066 3.26181585447 -1.47303434651 0
1119 11.0654909611 34.67231 119.25843 3.1314701 31.8704391768 118.886886449 3.0883010905 2.82639783466 -2.4734020503 0
1122 11.2910568714 32.567479 119.34722 3.1353596 29.5323902939 118.171262593 3.10725434939 3.25494074847 -1.61031224195 0
1125 11.590900898 30.502201 119.36971 3.1349527 27.1353239526 117.910516145 3.12909324521 3.66948330936 -0.33572202962 0
1128 11.1450669765 29.15421 119.31018 -3.13185 26.2448847058 117.668865295 -3.12358887859 3.3403723787 0.473327391112 0
1131 11.6913878918 28.938717 119.39146 -3.028318 26.2982516518 117.898323525 -3.02346406019 3.03339970781 0.278110265363 0
1134 11.5995659828 28.80706 119.32785 -2.9089456 26.5442833953 117.661646253 -2.89084107614 2.81005211494 1.03731280741 0
1137 11.1625919342 28.607415 119.34948 -2.7753086 26.3660433731 117.95955953 -2.75374881854 2.6373520211 1.23528448487 0
1140 11.4000821114 28.309413 119.3977 -2.6319404 26.2615667613 117.638286923 -2.63034304089 2.69985343903 0.09152193536 0
1143 11.2528569698 28.176965 119.31562 -2.5155106 26.0922905055 117.168958336 -2.50002284417 2.99232752989 0.88738304313 0
1146 11.624890089 28.13257 119.1422 -2.3876282 26.1218154566 117.816710848 -2.37486257426 2.40833040217 0.731416477799 0
1149 11.4786720276 28.071656 119.10664 -2.2643471 25.5351237086 117.922907774 -2.23981121516 2.79914594964 1.40580264822 0
1152 11.0934140682 27.847582 119.05477 -2.1225081 25.74379395 118.252441084 -2.13048915872 2.25158962708 -0.457280980579 0
1155 11.0900068283 27.651134 118.95518 -2.0012288 25.5165045749 118.442494604 -2.02062647858 2.19533348216 -1.11140511473 0
1158 10.9902758598 27.585975 118.8068 -1.8653126 25.4877805244 118.814043161 -1.89513716085 2.09820697756 -1.70882146262 0
1161 11.0073828697 27.545652 118.66047 -1.7395281 25.139943482 118.566599465 -1.76498341257 2.40753923144 -1.45848197627 0
1164 11.1508929729 27.426878 118.54472 -1.6078392 25.1809221402 117.681044042 -1.62329752344 2.40629463807 -0.885696691177 0
1167 10.8441979885 27.408113 118.27266 -1.4907581 25.9092433146 117.395465994 -1.48522350178 1.7366864018 0.317109119038 0
1170 10.9049489498 27.619078 117.43976 -1.368489 26.4559345316 116.886354682 -1.41931348737 1.28808391592 -2.91202862201 0
1173 10.9176239967 28.00462 115.50954 -1.3464267 26.9864255065 115.861989328 -1.34445883369 1.07746951477 0.112750434081 0
1176 10.9111981392 28.352772 113.43776 -1.3439724 26.4275873421 113.809067876 -1.3782825166 1.96066455724 -1.96582487569 0
1179 10.95652318 28.777386 111.37552 -1.3470791 26.9530413156 110.999702668 -1.39380247009 1.86265192512 -2.67705191073 0
1182 10.897329092 29.292879 109.18718 -1.3487141 26.6308246709 109.845800301 -1.41653382314 2.74231908271 -3.88578390386 0
1185 10.9429569244 29.664866 107.14961 -1.3582731 26.7208455163 108.026891962 -1.40261618229 3.07195056113 -2.54067146608 0
1188 10.9319238663 30.155372 105.1583 -1.3627181 27.2382860442 105.512372177 -1.41467979934 2.9384958023 -2.97718606859 0
1191 10.9232130051 30.584999 103.08809 -1.3538609 27.6559667499 103.840411913 -1.41253158877 3.02410617904 -3.36158284748 0
1194 10.8992140293 30.932942 101.04272 -1.3388863 28.5282213193 101.501538162 -1.38967984319 2.44810041817 -2.91025565136 0
1197 10.9321579933 31.46397 98.886394 -1.3633561 29.1533134546 98.8112084891 -1.38933067133 2.31187943717 -1.48823331203 0
1200 11.0118741989 31.761459 96.890841 -1.3338862 29.3713340024 96.9874789475 -1.35170742318 2.39207784093 -1.02108087393 0
1203 10.951789856 32.148779 94.808879 -1.340085 30.6561573403 94.7762933372 -1.34049553305 1.49297730877 -0.0235218109475 0
1206 10.9734420776 32.63242 92.742465 -1.3409888 31.1284703936 92.7142900575 -1.33352895549 1.50421349751 0.427417606099 0
1209 10.9711940289 33.223163 90.635151 -1.3443959 31.5154002214 91.0772015118 -1.33308019472 1.76404715437 0.648342154964 0
1212 10.9475190639 33.480467 88.544154 -1.3400822 31.8730840199 89.0675576227 -1.35307778405 1.6904530153 -0.744592118278 0
1215 11.024698019 33.996344 86.523674 -1.3537744 32.3688605628 86.5465820677 -1.3457508885 1.6276446535 0.459713345687 0
1218 10.9658789635 34.391099 84.502242 -1.3500462 33.1074856679 84.4519336464 -1.34206084613 1.2845988155 0.45752707451 0
1221 11.0218248367 34.871654 82.311763 -1.3462417 32.6736656566 82.834026804 -1.35344464768 2.25918397631 -0.41269850193 0
1224 10.9164638519 35.319079 80.358924 -1.358939 34.1633379109 80.5641498348 -1.34147322341 1.17382073092 1.00071528451 0
1227 10.8912639618 35.776446 78.250756 -1.3606991 34.8192478091 78.2400259395 -1.3416917143 0.95725833026 1.08904298025 0
1230 10.9528598785 36.167733 76.160289 -1.3496683 34.7332631811 76.8294723514 -1.35018846865 1.58288029213 -0.0298034683771 0
1233 10.9839179516 36.593873 74.026216 -1.3452321 35.0026249017 74.465128814 -1.35032844736 1.65067106617 -0.291999194537 0
1236 11.4461159706 37.096668 72.068535 -1.358637 35.4273537968 72.0830827284 -1.37436301821 1.66937759219 -0.901034471783 0
1239 11.0702090263 37.456761 70.030489 -1.3570922 35.2401434529 69.8368457622 -1.38376038537 2.22505978651 -1.52797446913 0
1242 11.08396101 37.942935 67.912468 -1.3598503 35.9107010098 68.3834923561 -1.38487406645 2.08610616584 -1.43375620507 0
1245 11.0999650955 38.381728 65.750541 -1.3597279 37.1124773807 65.4570989477 -1.34507839715 1.30272996923 0.839354685314 0
1248 10.9433319569 38.78715 63.709446 -1.3638712 37.6851216636 63.478883802 -1.36613048363 1.12588870734 -0.129447416882 0
1251 10.9400360584 39.284372 61.704874 -1.358189 37.7390890457 61.6015670443 -1.3527016605 1.54873229969 0.314401394081 0
1254 10.8961720467 39.616785 59.610797 -1.3616912 38.4517206884 59.2868924953 -1.36116161926 1.20925141237 0.0303427411003 0
1257 10.8985638618 40.0981 57.483375 -1.3627524 39.0845242008 57.747395883 -1.34572982797 1.04739817043 0.975321533599 0
1260 10.9019620419 40.478176 55.366289 -1.371191 39.8834206368 56.1043336555 -1.32366147195 0.947862783135 2.72324135972 0
1263 10.8696010113 40.927924 53.368372 -1.3697355 40.1381440841 53.82299927 -1.3396703872 0.911283858177 1.72260407388 0
1266 10.9305500984 41.311773 51.24524 -1.3687118 40.6410353185 51.80284158 -1.34078022456 0.872243406036 1.60036138809 0
1269 11.0602059364 41.752813 49.127024 -1.3690442 41.1363247691 50.2575806129 -1.33354180582 1.28771735787 2.03413734913 0
1272 10.9941840172 42.124468 46.999249 -1.3746445 41.8295387875 47.7907084874 -1.34224567244 0.844624982229 1.8563160805 0
1275 10.9384109974 42.489069 45.000812 -1.3756167 41.6294894539 45.9313434088 -1.35149585645 1.26679347126 1.38202253371 0
1278 10.9158170223 42.919623 42.847052 -1.3693623 41.8982846287 43.6870506817 -1.37927899179 1.32239549829 -0.568184586103 0
1281 10.9335668087 43.26925 40.76156 -1.3849404 42.8648778375 41.7946315949 -1.33966266447 1.10939342252 2.59422315159 0
1284 10.9210090637 43.723057 38.666685 -1.382086 43.5045131107 38.907798663 -1.34823405733 0.325418545953 1.93957344357 0
1287 10.9511520863 44.069109 36.638541 -1.3748634 43.8824608365 36.9076214265 -1.34712363886 0.327477957855 1.58937123805 0
1290 10.9684240818 44.48264 34.512889 -1.372972 43.7202365472 35.6866940597 -1.36408670184 1.3996704409 0.509090084437 0
1293 10.9557118416 44.660959 33.544964 -1.3339999 44.44958398 33.7238482236 -1.3102538528 0.276909668566 1.36054828454 0
1296 10.9635899067 44.654294 33.324157 -1.2074321 44.2429629651 33.7493800339 -1.21111118523 0.591614611705 -0.210796056277 0
1299 10.9794540405 44.699557 33.107025 -1.0711259 43.987066522 33.3040284241 -1.05929497158 0.739224614278 0.677862266013 0
1302 10.929874897 44.829945 32.953901 -0.95914547 43.5706554291 33.2461135501 -0.981486248355 1.29274838919 -1.28003231075 0
1305 10.942193985 44.914184 32.826307 -0.82117543 43.9172828226 33.9350137091 -0.752367422143 1.49098709726 3.94240844688 0
1308 10.9436998367 44.932468 32.690373 -0.70238554 43.6603927612 32.9909176183 -0.80791172788 1.30709696689 -6.04620519362 0
1311 10.9606919289 45.019913 32.619075 -0.56167342 43.3875095691 33.3172905139 -0.719934879188 1.77545652298 -9.06771367105 0
1314 10.8842761517 45.164806 32.47066 -0.44585332 44.144638495 33.1419366798 -0.645455263564 1.22121010442 -11.4363489488 0
1317 10.8905110359 45.307079 32.373178 -0.30795343 43.210008549 32.9242856715 -0.524798526786 2.1682767679 -12.424308854 0
1320 11.0908229351 45.468859 32.25314 -0.19105128 43.5324879528 32.9434064341 -0.463816458854 2.05572385854 -15.6282935465 0
1323 11.0625839233 46.833289 32.057508 -0.10389315 44.8431156323 32.5557065295 -0.340286427211 2.05158275684 -13.5443370895 0
1326 11.6331291199 48.863767 31.868312 -0.084237935 47.4584004058 31.5112331734 -0.416061527961 1.45002088005 -19.0120914195 0
1329 11.1504359245 51.033972 31.691587 -0.08198003 48.6772135792 29.6154796858 -0.587916950062 3.14078522572 -28.9880502194 0
1332 11.1536300182 53.111195 31.42619 -0.084122232 50.8479026473 27.4447796805 -0.631147403304 4.57975112927 -31.3422336031 0
1335 10.891256094 55.206155 31.249451 -0.082409142 53.8731666537 32.7865097852 -0.013537240018 2.03455342536 3.94606931061 0
1338 10.913916111 57.287235 31.07162 -0.080297126 56.2315613693 33.035215895 -0.0404977308255 2.22938459071 2.28033737067 0
1341 10.9473848343 59.516372 30.847745 -0.092608556 58.4470247806 32.9323315444 -0.0088614057776 2.3428624664 4.79835825399 0
1344 10.9854340553 61.567611 30.670937 -0.091677002 60.0927571892 33.2037821658 -0.0291377239022 2.93095520217 3.5832366888 0
1347 10.8284771442 63.68279 30.502969 -0.089332225 62.9549268119 32.3071503096 -0.0695752816565 1.94547038494 1.13198946966 0
1350 10.9065279961 65.773678 30.270465 -0.081918863 65.2727306483 32.1820643875 -0.0786116859221 1.97614788607 0.189487288664 0
1353 10.9504420757 67.870787 30.052005 -0.080757136 67.5152927454 31.7169324037 -0.076006132835 1.70245687891 0.272212429807 0
1356 10.9294731617 69.978421 29.855203 -0.080851998 69.2361397293 31.2648197229 -0.0863481795588 1.59311041369 -0.314908006758 0
1359 10.9356889725 72.04312 29.748383 -0.089661546 70.3782286411 31.0848658654 -0.107824184734 2.13495894256 -1.0406425443 0
1362 11.0041279793 74.192216 29.503442 -0.097083695 72.4407482062 30.6014228935 -0.102926594392 2.06717233804 -0.334773475288 0
1365 10.9301228523 76.337484 29.313327 -0.092202589 74.858379353 30.6031555183 -0.0871436717291 1.96250048743 0.289854608529 0
1368 10.8316619396 78.469083 29.072242 -0.088851811 77.5300300515 30.463730044 -0.0912541861547 1.67870766264 -0.137645957173 0
1371 10.8904020786 80.508884 28.860474 -0.08148585 78.8943484294 30.2997696023 -0.0963912132635 2.16293710949 -0.854014407109 0
1374 10.8722820282 82.648681 28.706332 -0.092016755 81.2406158242 30.4055090952 -0.0705505879425 2.20677374015 1.22992077472 0
1377 11.1058778763 84.803463 28.469695 -0.089914919 83.5521925902 30.453791454 -0.0716425057645 2.34570168124 1.04693215991 0
1380 10.951086998 86.909059 28.274418 -0.095059786 84.9657224992 30.1038047686 -0.0422011017082 2.66893475088 3.02857952053 0
1383 11.0270152092 88.999768 28.069648 -0.093100738 87.3646472945 30.1790378603 -0.0575247062888 2.66892212406 2.03835646887 0
1386 10.8083181381 91.148907 27.8824 -0.087682683 89.4096977851 30.0963310087 -0.053328383026 2.81537549973 1.96835639664 0
1389 10.8429701328 93.191686 27.680334 -0.085944106 91.2118781854 30.0954689023 -0.0541980120301 3.12290178824 1.8189172005 0
1392 10.7357361317 94.597595 27.536443 -0.026113958 93.5659430159 30.3512297449 -0.0419924217196 2.99788762892 -0.909768956286 0
1395 10.7628901005 66.734672 23.138609 0.64678418 94.9280869472 30.5513339554 -0.0361726084877 29.1516232421 -39.1305415702 0
1398 10.7716710567 41.954155 8.6979942 1.5862633 98.0615516468 31.6101004275 0.00718148684379 60.6053180031 -90.4747233997 0
1401 10.9286279678 40.498777 7.6026468 1.6671323 99.8145807457 31.4878489716 0.0204909957644 63.9442527267 -94.3455971046 0
1404 10.8688211441 40.36551 9.5759073 1.6613912 102.132943518 31.1008728778 -0.0214290013673 65.4105495047 -96.4184952177 0
1407 10.8704500198 40.15753 11.693798 1.6450717 102.735135613 30.6243560717 -0.0302377999636 65.3783049123 -95.9881637261 0
1410 10.9847490788 40.017928 13.779826 1.6578436 103.276629854 30.2872070566 -0.0349623084832 65.3770371736 -96.9906340909 0
1413 11.0741119385 39.937066 15.922073 1.6651068 106.716400577 31.2481886045 0.0221271989435 68.5154679328 -94.1357969666 0
1416 11.0318889618 39.75755 17.953862 1.6630734 105.407294576 30.7017023438 -0.0274171157168 66.875977722 -96.8579718575 0
1419 11.1404149532 39.645384 20.177858 1.663423 109.382304795 32.2382769539 0.0421793129409 70.7721119321 -92.8904208307 0
1422 10.9602248669 39.526919 22.292671 1.6684735 111.904594117 32.5569591781 0.046101347165 73.1018704766 -92.955077157 0
1425 11.0636308193 39.303781 24.413998 1.6572417 112.06522783 32.9819421759 0.0706338063624 73.2641645841 -90.9059360476 0
1428 11.3781950474 39.21094 26.55624 1.6661167 116.607752579 34.2520057892 0.104517133307 77.7784765116 -89.473064461 0
1431 10.9022428989 39.049874 28.673026 1.6660737 117.845684815 34.9483454686 0.0993413389654 79.0452999012 -89.7671519139 0
1434 10.921888113 38.816051 30.701859 1.6598041 120.064840665 34.4072832264 0.13403332476 81.3332403802 -87.4202259257 0
1437 10.9925079346 38.695572 32.853799 1.6647394 123.269580349 35.0556212131 0.127564781931 84.6026649067 -88.07361799 0
1440 10.975039959 38.58982 35.008607 1.6723781 124.224485504 34.4664870135 0.106536486157 85.6363814624 -89.7161158592 0
1443 11.0278360844 38.393816 37.160762 1.6689022 126.314019747 35.4388112513 0.11431379113 87.9370646613 -89.0713547082 0
1446 10.8431491852 38.314928 39.264936 1.6781402 129.050101156 36.7882886979 0.1488884204 90.7689673268 -87.6196727839 0
1449 10.88489604 38.042909 41.445131 1.6601298 130.483674279 37.7888331647 0.151813201786 92.5130455625 -86.4201752472 0
1452 11.0576069355 37.893052 43.482766 1.6655679 135.423053977 27.7724426807 -0.0439118056562 98.7872235886 -97.9459722974 0
1455 10.9593839645 37.737395 45.529248 1.6663309 138.307820627 27.5818002008 -0.0834222531774 102.159294209 -100.253470867 0
1458 10.8408031464 37.667375 47.706088 1.6735516 140.929366307 26.5435790838 -0.119421218335 105.408209511 -102.729775272 0
1461 10.9028151035 37.411337 49.793915 1.6717816 142.135393616 25.890395828 -0.12859797399 107.417439287 -103.154151111 0
1464 10.8023130894 37.208006 51.943854 1.66906 26.3594685358 114.655390108 1.66805605092 63.642969181 -0.0575220453681 0
1467 10.9658989906 37.03196 53.963531 1.6741645 141.522650926 38.2516096355 0.060028630169 105.665363119 -92.483172902 0
1470 11.0188999176 36.983983 56.143126 1.6856298 27.4607997702 118.854323048 1.77211813675 63.4301604443 4.95541667289 0
1473 10.9067947865 36.720012 58.206076 1.6746777 34.2322906988 58.3355267612 1.67935917191 2.49108706634 0.268228582432 0
1476 10.9207158089 36.536888 60.398002 1.6787317 33.3983442573 59.7680563432 1.66996361752 3.20113860301 -0.502374120507 0
1479 11.009978056 36.401835 62.417273 1.6766351 32.1964738309 61.9802878617 1.67237277225 4.22800408865 -0.244213391258 0
1482 10.9139661789 36.239068 64.615141 1.6886647 33.3755444558 63.7824789235 1.70252686311 2.98212897473 0.794243441148 0
1485 11.0289239883 35.99676 66.655908 1.678851 34.0674342325 66.0143013719 1.64597554379 2.03321346209 -1.88362489034 0
1488 11.0149760246 35.830181 68.859683 1.6854848 33.1542114273 68.8131672978 1.65394134953 2.6763738275 -1.80730658306 0
1491 10.9135608673 35.575227 70.898859 1.683738 33.2853350992 71.0537883015 1.67689897392 2.29512701304 -0.391847330264 0
1494 10.984167099 35.463169 73.006353 1.6935188 32.5243690459 72.3630670588 1.66551655778 3.0083819525 -1.60441029612 0
1497 11.2643768787 35.205801 75.07321 1.6913976 31.569890253 74.8706377232 1.70812450327 3.64154946247 0.958380961534 0
1500 10.9736030102 34.978045 77.287591 1.6912075 31.2480279641 76.1762648429 1.70728638338 3.89205253249 0.921252156707 0
1503 10.9396719933 34.814043 79.320098 1.7000185 30.8012150583 78.338138951 1.71496217031 4.13122641152 0.856209239425 0
1506 10.998924017 34.580736 81.372215 1.6970036 31.0584493489 80.8426829055 1.69690414627 3.56186853934 -0.00569827912608 0
1509 11.0586531162 34.345965 83.441951 1.6955247 30.5021724103 82.9729717189 1.70193846753 3.87229686859 0.367481810253 0
1512 10.9437839985 34.142398 85.698773 1.7034669 29.9028913088 84.8236587169 1.68528970359 4.32888461311 -1.04147663785 0
1515 11.0373811722 33.910208 87.748137 1.7016389 30.6495813364 87.2639996886 1.67721216706 3.29637303343 -1.39954870497 0
1518 11.0425548553 33.670818 89.737713 1.6967853 30.306862958 89.2965802217 1.67424939939 3.39275576085 -1.29121199221 0
1521 10.8807880878 33.472926 91.900649 1.7056804 29.8615443617 91.6940805183 1.67459117955 3.61728459973 -1.78128112006 0
1524 10.8579211235 33.217902 94.036516 1.7078464 29.4478371871 93.5926169864 1.682982315 3.7961078788 -1.42460713204 0
1527 11.1603088379 33.034075 96.178482 1.7177188 28.4368919692 96.0849771759 1.69594479762 4.59813385742 -1.24755843922 0
1530 11.078248024 32.713254 98.174723 1.7080491 28.3247943925 97.1156413083 1.7017984108 4.51444700453 -0.358138110106 0
1533 10.9312329292 32.45653 100.24821 1.7068362 27.9151636945 99.6063012832 1.70904463964 4.58650790049 0.126534270464 0
1536 10.931645155 32.217075 102.39435 1.7082962 27.7230063214 101.976439116 1.70374250593 4.51345796431 -0.260907451633 0
1539 11.2060699463 31.955228 104.48204 1.7110577 27.983338695 103.547402656 1.69970088231 4.08037395533 -0.650697722226 0
1542 11.0800039768 31.741377 106.6002 1.7198575 27.8827837892 105.529358255 1.6901282878 4.0044280002 -1.70335838752 0
1545 11.3459770679 31.439656 108.68741 1.7105287 27.5225762032 107.7020336 1.69435390932 4.03911881277 -0.926747240515 0
1548 10.8141980171 31.216018 110.75498 1.7177022 27.5083360213 110.247898228 1.69796797482 3.74219689194 -1.13068781505 0
1551 10.939084053 30.916985 112.90957 1.719675 27.1726197696 112.865120607 1.6857057908 3.74462905068 -1.94629232038 0
1554 10.8603231907 30.668641 114.94646 1.716506 26.9500446664 114.493688498 1.67836735234 3.74605935946 -2.1851835472 0
1557 10.8492219448 30.419865 117.12266 1.716223 26.925554189 115.933319566 1.69597280417 3.69117037161 -1.16025075547 0
1560 10.8178339005 30.132888 119.21343 1.725557 26.3285953933 117.44386565 1.69709981177 4.19571212368 -1.6304767824 0
1563 10.8935770988 29.88258 121.34383 1.72867 25.7966616804 119.949909464 1.69555715712 4.31714523452 -1.89722614467 0
1566 11.6433110237 29.981486 120.5055 1.7055843 25.9457441102 119.936082563 1.69830730416 4.0757145164 -0.416941149088 0
1569 11.0807678699 30.170653 118.4575 1.6900862 26.6177113587 117.789253452 1.68859691338 3.61523827091 -0.0853298380841 0
1572 11.079556942 30.502618 115.6086 1.6745202 27.3315295745 114.430433641 1.67863905572 3.38288010013 0.235993049224 0
1575 10.9965360165 30.699806 113.48782 1.6738205 27.9365428792 112.307398534 1.70073798449 3.00483242683 1.54225825657 0
1578 11.4017820358 30.8492 111.36091 1.6697397 27.4250825057 110.817395295 1.6810729938 3.46698555662 0.649349902711 0
1581 11.1340298653 30.973164 109.37107 1.6787837 27.6101422277 108.794076021 1.67272113841 3.41216023845 -0.347359192339 0
1584 11.3062560558 31.204408 107.09871 1.665475 27.8934912929 107.224315629 1.68676461572 3.31329838919 1.21980512842 0
1587 11.1121299267 31.322843 104.96751 1.6587885 27.7998350444 105.321901742 1.67408512132 3.54078784482 0.876431842684 0
1590 11.1002109051 31.457099 102.91722 1.6541397 27.906060499 103.010494212 1.69257918234 3.55226329457 2.20242010482 0
1593 11.3575761318 31.546684 101.34427 1.631357 29.0546458775 101.835621811 1.701502139 2.54001586733 4.01902041783 0
1596 11.0963830948 31.536552 101.09899 1.5279681 28.9009880332 101.645995486 1.58671280311 2.69173037745 3.36582355676 0
1599 11.0299291611 31.522716 100.84711 1.3818466 28.2824949499 101.934701145 1.45157048308 3.41787755072 3.99488423177 0
1602 11.0086009502 31.33472 100.81397 1.2437751 27.8550704141 102.318708638 1.29738825431 3.79106839966 3.07180746849 0
1605 11.1385860443 31.335612 100.76499 1.1262837 28.4240249092 101.659248605 1.18678250288 3.04582301513 3.46632607042 0
1608 11.1779820919 30.238332 99.003137 0.9296569 28.2785643761 99.7944523937 1.03821159399 2.11349691082 6.21972581201 0
1611 11.1005020142 28.772289 97.32743 0.78863198 26.5777786068 98.4195095471 0.870847806183 2.45122695871 4.71061984947 0
1614 11.3537240028 27.005154 95.945316 0.6582802 24.8828728575 97.1155779362 0.731205270855 2.4235491015 4.17829878068 0
1617 11.1010630131 26.209553 95.323497 0.64585939 23.7299671269 95.7799949715 0.692666504337 2.52125692862 2.68185010271 0
1620 11.1034729481 26.225548 95.299359 0.74214735 24.3101635155 95.0025538265 0.82794780056 1.93824431759 4.9160036974 0
1623 11.1402449608 26.287241 95.304851 0.87876564 23.6948347582 94.8606839635 0.939077307901 2.63018145355 3.45560402612 0
1626 11.4402959347 26.503119 95.525486 1.0159202 23.5261543075 94.7630165315 1.06675382588 3.07305686095 2.91255222009 0
1629 10.9769279957 26.584147 95.637624 1.1414331 23.6414754575 95.1828990835 1.18763238554 2.9775981187 2.64702407817 0
1632 11.1271891594 26.62792 95.717086 1.2595284 24.2954114947 95.8500609718 1.28591499502 2.33629584389 1.51184053056 0
1635 11.0752689838 26.756174 95.797181 1.3910555 23.6990105739 96.0164456717 1.4167428662 3.06501634748 1.47177767033 0
1638 10.9129171371 26.381693 93.77201 1.3952992 24.2537490582 93.5998458649 1.53789941369 2.13489716585 8.17039040236 0
1641 10.893237114 26.011804 91.856332 1.39866 22.410145713 92.3606385305 1.42911785326 3.63679357303 1.74510644458 0
1644 10.939675808 25.609249 89.727224 1.3968171 23.3482083926 90.378935627 1.49120222165 2.35309002656 5.40786911962 0
1647 10.8099040985 25.2462 87.568251 1.3940659 23.4491049301 87.9293539278 1.51276520836 1.83301555222 6.80096940017 0
1650 10.8804171085 24.820481 85.505592 1.4017015 22.7177817995 85.5267473903 1.49448996894 2.10280562068 5.31638765751 0
1653 10.9228029251 24.493958 83.448062 1.398475 21.1853738252 83.7624347856 1.46120848918 3.32348604481 3.59436416389 0
1656 10.9347229004 24.080092 81.345956 1.3962744 20.1977854449 81.6877582649 1.40754357081 3.89732382233 0.645675926227 0
1659 10.9482529163 23.622432 79.208855 1.3888608 20.4309819155 79.1543144373 1.44829779929 3.19191608836 3.40548920627 0
1662 10.9158790112 23.236261 77.182266 1.3737053 19.7235065969 77.2457048133 1.41850677712 3.5133271951 2.56693555517 0
1665 10.8727447987 22.741503 75.111069 1.3685019 19.5062744537 75.1822372735 1.41479986277 3.23601122829 2.65267786665 0
1668 10.8285660744 22.23837 73.007777 1.3690406 19.3554955184 72.8112644826 1.42735541215 2.88956440419 3.34119261919 0
1671 10.8459751606 21.796618 70.8705 1.3677106 17.7630668367 71.1109355032 1.39374104498 4.04071085558 1.49143463627 0
1674 10.8610391617 21.306705 68.900927 1.3588762 19.6650846675 69.5240758761 1.45877354205 1.75591339131 5.72369608426 0
1677 10.9076268673 20.800373 66.796896 1.3509317 19.7301559175 66.8098575223 1.45998916986 1.07029556889 6.24853274755 0
1680 10.8227050304 20.180988 64.758154 1.3339286 19.9660521955 65.5123630513 1.47812939213 0.784237650959 8.26209679121 0
1683 10.8614151478 19.716632 62.635567 1.3210663 18.4338726739 63.255834626 1.43386280221 1.42485206833 6.46276352074 0
1686 10.8212761879 19.127208 60.642471 1.320188 17.1051869584 61.3012327654 1.41070383417 2.12662553266 5.18617527725 0
1689 10.9178001881 18.573484 58.538556 1.3117791 17.1769221375 58.7798470564 1.4073582413 1.41725312125 5.47628140596 0
1692 10.8517069817 18.03732 56.562177 1.3046299 16.7395870097 56.4850863063 1.41162270462 1.30002072644 6.13023614326 0
1695 10.9063360691 17.470308 54.449011 1.30616 16.6086823592 54.2488271489 1.42515193987 0.884574654335 6.81773595084 0
1698 10.8814530373 16.865167 52.414515 1.2995721 15.2239293333 52.4169976957 1.39728862718 1.64123954444 5.59874459581 0
1701 10.9005031586 16.322269 50.452679 1.2871313 15.5885222365 50.8797283332 1.41843663139 0.848973171544 7.52324131605 0
1704 10.9126470089 15.679585 48.421133 1.2791916 14.4676531631 48.4119296378 1.38238408651 1.2119667814 5.9124939545 0
1707 10.9290070534 15.049517 46.343459 1.2810584 14.0092215637 46.2232420242 1.39583914869 1.04721856171 6.57645246905 0
1710 10.8541550636 14.370513 44.264129 1.2685694 13.4984371183 44.8335274636 1.37441476046 1.04150417849 6.06449243565 0
1713 10.9424071312 13.728985 42.398373 1.2622613 13.1456032597 42.2100625897 1.38610144336 0.613021260264 7.09551754866 0
1716 10.8785469532 13.116178 40.310007 1.2578142 13.11531009 40.5020750981 1.39786737945 0.192070059028 8.02445608967 0
1719 10.9554429054 12.482531 38.460523 1.239848 12.8423549645 38.7433711842 1.38080733023 0.457685897424 8.0763747049 0
1722 10.8591580391 12.331027 38.238303 1.1567887 10.6667098308 37.9942013615 1.22799835146 1.68212284021 4.0800124892 0
1725 10.9073820114 12.263795 38.100898 1.043782 11.3091158196 37.7208235721 1.1243073123 1.02755482009 4.61376053873 0
1728 10.6990849972 12.231882 38.075858 0.90529637 11.0141018252 37.6959415375 0.991567808936 1.27566652093 4.94298934355 0
1731 10.8552839756 12.170047 37.918491 0.7605547 11.0001067687 38.1121119256 0.876091898446 1.18585378844 6.6197938477 0
1734 10.8458909988 11.9457 37.868652 0.60051086 11.6440765224 37.49103001 0.762276350345 0.48329606828 9.26847986763 0
1737 10.868942976 11.861848 37.85602 0.47073445 11.600343041 37.4303986889 0.666390515497 0.499538130754 11.2102667891 0
1740 10.8782379627 11.68598 37.868337 0.32347919 11.7740565232 37.305229528 0.49467236445 0.56995394459 9.80864637743 0
1743 10.8851408958 11.634663 37.834152 0.18688423 11.5139418644 37.0951264165 0.271849197993 0.748820676556 4.86813407247 0
1746 10.8773920536 11.546787 37.799316 0.059161186 11.5658340736 36.9226029234 0.171261115128 0.876919956217 6.42285282275 0
1749 10.8666229248 11.461332 37.784444 -0.088384018 12.7170263167 37.7251617584 -0.114830760192 1.25709291666 -1.51528670945 0
1752 10.9356808662 11.353119 37.809133 -0.22428348 12.3957984769 36.7525479628 -0.100947297108 1.4844367391 7.06664274094 0
1755 10.9184060097 11.259101 37.929753 -0.36642208 11.9182898846 36.8216521386 -0.15050686348 1.28934770506 12.3710306392 0
1758 10.8688080311 11.22919 38.083377 -0.50941267 12.6651610627 38.4306113812 -0.377765531902 1.47735730564 7.54282539798 0
1761 10.862459898 11.185129 38.110347 -0.64618684 13.4467043106 37.8638818487 -0.480805668366 2.27496548462 9.47564314558 0
1764 10.8928320408 11.588805 37.741111 -0.76036767 11.6535853533 37.7697335848 -0.716308124281 0.0708219354313 2.52442601694 0
1767 10.8793609142 13.063467 36.224873 -0.77289998 12.6283722302 36.2994142861 -0.724120560552 0.441433870536 2.79485486146 0
1770 10.9006199837 14.493375 34.807156 -0.77803694 14.7372978368 35.4275902167 -0.779730892495 0.66666105897 -0.0970563286611 0
1773 10.9543890953 15.892318 33.28564 -0.77023756 15.6103005299 33.5344163702 -0.680320411347 0.376063207217 5.15187312365 0
1776 10.8451058865 17.405154 31.857105 -0.77891679 17.2339694973 32.2048879842 -0.752896313938 0.387630156318 1.49086345926 0
1779 10.9577920437 19.008966 30.381332 -0.78385491 18.6441846648 30.3730040349 -0.748957073949 0.364876386603 1.99949871987 0
1782 10.9310879707 20.517371 28.856906 -0.78454873 20.6146741759 29.068571044 -0.755661589707 0.232959221553 1.65511122099 0
1785 10.9254791737 22.037399 27.308602 -0.78653789 21.8886873799 27.4886258048 -0.773504524766 0.233503139688 0.746756820744 0
1788 10.8704359531 23.470866 25.802264 -0.78746834 23.606190288 25.8317064412 -0.762407642918 0.138490144976 1.43587217447 0
1791 10.957431078 25.030138 24.239515 -0.79252133 24.8912864918 24.5581506087 -0.769146565011 0.347575017016 1.33927538099 0
1794 10.9134259224 26.508975 22.80392 -0.79210599 26.439532118 22.9735865112 -0.769333683926 0.183327681725 1.30475702782 0
1797 10.9668321609 27.961008 21.312251 -0.79564812 27.9064770848 21.5369007919 -0.763828516572 0.231173419084 1.82312898222 0
1800 10.9842739105 29.36401 19.750057 -0.78815021 28.8855541112 20.2667806328 -0.785042659876 0.704218254683 0.178049506748 0
1803 10.9824302197 31.016391 18.179875 -0.79578372 30.7751339751 19.1641606201 -0.778784234568 1.0134214987 0.973998769126 0
1806 10.8512330055 32.405165 16.663972 -0.79079715 32.3527076663 17.0025844583 -0.784884206356 0.342651672623 0.338786715295 0
1809 10.8263738155 33.875627 15.226881 -0.79213801 33.8333593646 15.4411426314 -0.80736321746 0.218390933165 -0.872340129687 0
1812 10.9086410999 34.400964 14.714584 -0.72873329 33.769856024 15.1843275176 -0.758388204281 0.786737726105 -1.6991014301 0
1815 10.9175670147 34.541831 14.529671 -0.59347242 33.4278121151 14.6695158073 -0.647636624751 1.12276206122 -3.10338033292 0
1818 10.8432610035 34.648846 14.435796 -0.47955783 34.1529761354 15.1674458236 -0.499537827002 0.883854279321 -1.14476950288 0
1821 10.9808390141 34.668797 14.324629 -0.34405458 33.8975520422 14.7313015162 -0.362217703371 0.87189524626 -1.04067031195 0
1824 10.9231989384 34.864126 14.20779 -0.22615765 34.0604549704 15.0827819773 -0.231580144864 1.18806484847 -0.310686070129 0
1827 10.9217300415 35.017605 14.088235 -0.094353638 34.9168559767 15.532344747 -0.139357658541 1.44761988352 -2.57854043814 0
1830 10.884139061 36.599142 14.0692 -0.022879679 36.3446693514 14.9469580044 -0.0336584521881 0.9139012218 -0.617578212009 0
1833 10.9652369022 38.63985 14.009333 -0.014813302 38.8172962007 14.6933230024 -0.0289163796008 0.706632491099 -0.808046824673 0
1836 10.8966760635 40.768535 13.925491 -0.0089087199 39.9901924183 14.7587388777 -0.0270425093704 1.14022769663 -1.03898960323 0
1839 10.8667871952 42.905865 13.952369 -0.011506708 42.1044717624 14.5757362879 -0.0027597611667 1.01529202538 0.501163137174 0
1842 10.8701190948 45.04117 13.838962 -0.010052037 44.7231476807 15.0388595248 -0.00665288287258 1.24132681664 0.194757185415 0
1845 10.9374530315 47.095509 13.764363 -0.008210261 46.1309861287 14.9406748253 -0.0132760721904 1.52118831167 -0.290249601021 0
1848 10.8691020012 49.256947 13.750747 -0.012245698 48.5792051006 14.8823274344 0.00111288269511 1.31901795353 0.765390294115 0
1851 10.9341740608 51.347189 13.680192 -0.017629817 50.7601614293 15.2020934388 -0.019671040435 1.63119139223 -0.116953487868 0
1854 10.877338171 53.510554 13.649042 -0.0075411209 52.5899451784 14.8207642107 0.0142077359274 1.49011863331 1.24611770544 0
1857 10.8969199657 55.608657 13.581194 -0.0077936973 54.6806227883 15.1569969647 0.00824016695195 1.828770757 0.918672750922 0
1860 10.9019010067 57.666716 13.591636 -0.01411162 57.0274231839 15.0603056292 0.00554710809836 1.60177582218 1.12636215063 0
1863 10.9590950012 59.905766 13.533857 -0.012519778 59.3799786143 15.2901279787 0.0146054618576 1.83328670032 1.55416176212 0
1866 10.917388916 62.027534 13.447994 -0.021676244 60.8271812756 15.3877429078 0.0127286321073 2.28111211652 1.97125419562 0
1869 10.9283351898 64.181261 13.371995 -0.025327169 63.027833687 14.9291371038 -0.0107316034216 1.93780445292 0.836264307246 0
1872 10.8831911087 66.241252 13.310079 -0.024907545 65.4820908153 15.2386903175 -0.00558802883869 2.07264741777 1.10692673828 0
1875 10.8847289085 68.444119 13.24669 -0.026304862 66.9357495616 14.9171779156 0.00624342755855 2.25071282903 1.86487962207 0
1878 11.0299248695 70.49734 13.123327 -0.017605166 69.1456833295 15.1680744814 0.00241527354889 2.45111566792 1.14708669015 0
1881 11.7340371609 72.634932 13.039101 -0.019360635 71.9395087095 15.0470452539 -0.00256429648107 2.12495968896 0.962359308408 0
1884 11.7103199959 74.720419 12.994859 -0.019347658 73.6117937584 15.2118246089 0.00101660581351 2.47870660576 1.1667863694 0
1887 11.666312933 76.914825 12.90632 -0.036038761 76.1053615977 14.7356322288 0.00516291579377 2.00040351683 2.36068218915 0
1890 11.0725610256 79.004774 12.78569 -0.032634565 77.8605425768 14.9403348598 -0.000524262778897 2.43962292614 1.83978479616 0
1893 11.5817410946 81.177999 12.691712 -0.029848436 80.7846008725 14.6971309109 0.00667006401593 2.04364064722 2.09235592506 0
1896 11.8688700199 83.222919 12.597068 -0.02122413 82.1619772361 14.6145052623 -0.00433691418745 2.27939696713 0.967566193786 0
1899 11.0164051056 85.390174 12.538762 -0.021700441 84.4340154394 15.0804701189 -0.00550084672965 2.71560662738 0.928168381516 0
1902 11.4783480167 87.449986 12.512039 -0.030894579 86.7085733577 14.8335417916 0.0104733432226 2.43702029487 2.37020735058 0
1905 11.2777760029 89.572355 12.414566 -0.034322832 88.3191191604 15.0799614682 -0.00290470519146 2.94532393324 1.80012606634 0
1908 11.689966917 91.713838 12.339838 -0.030338307 90.4967819704 15.0512199976 -0.00621217032258 2.97200567226 1.38232580757 0
1911 11.3992471695 93.866625 12.234111 -0.027880568 92.8800422801 15.3011495707 -0.0028968517029 3.22181176628 1.43146150038 0
1914 13.2932879925 96.027017 12.118277 -0.016096141 94.9928077023 14.6968983282 0.00020813456296 2.77828667092 0.934166177776 0
1917 11.8288447857 98.003729 12.063433 -0.023465033 97.2750723605 14.9368930131 0.00208083342506 2.9644076888 1.46367033016 0
1920 11.1226050854 100.1865 11.996018 -0.023536261 99.201541992 14.9483041663 0.00286390952457 3.11225575514 1.51261834948 0
1923 11.0229768753 102.26857 11.921444 -0.023061579 101.80253423 14.9787180765 0.00986741493617 3.09259019551 1.88669237615 0
1926 11.070608139 104.50291 11.810699 -0.022632517 104.048268165 15.2150161478 0.00955725999245 3.43454137271 1.84433836513 0
1929 11.0806670189 106.528 11.779433 -0.025937223 105.927875123 14.9680654773 0.0113045170309 3.2446150685 2.13379452549 0
1932 10.9277231693 108.61821 11.737233 -0.017267816 107.946586739 14.9021050482 0.00711431200264 3.23535050441 1.3969930301 0
1935 10.9615089893 110.65428 11.638117 -0.015586443 109.473705678 15.128728197 -0.00116567443923 3.68485037133 0.826249175867 0
1938 10.9547328949 112.94226 11.558687 -0.011710616 111.560924381 15.1693543651 0.000500036988408 3.86587725021 0.699618881335 0
1941 11.3435490131 114.89636 11.528856 -0.01668203 113.860441391 15.0677417359 -0.00431371326495 3.68738926833 0.708652348599 0
1944 11.3227159977 117.03777 11.494892 -0.018548407 116.491453601 15.2003342485 0.000434720026183 3.74549914755 1.08765306056 0
1947 11.5597581863 119.07747 11.406331 -0.016261061 118.447410591 15.2724960317 -0.0030226772987 3.91716822603 0.758503513659 0
1950 11.4344141483 121.291 11.334615 -0.012126455 120.221677854 15.0045835668 -0.00858180227072 3.82258016687 0.203093641227 0
1953 11.1171591282 123.43737 11.229443 0.0013807468 122.916036917 15.0959075852 -0.00367160984362 3.90145313595 -0.289478712274 0
1956 10.9342448711 125.58554 11.258252 -0.0049853053 124.350903638 14.9685299534 0.00623310373233 3.91030554286 0.642767490404 0
1959 11.1574010849 127.50849 11.183265 -0.012828209 126.53749873 15.0899937147 0.00404823065289 4.02558732324 0.966948765318 0
1962 10.9530351162 130.28779 11.390648 -0.01314096 128.898862547 15.2732745089 -0.00431951070639 4.12357952239 0.505431813712 0
1965 10.8822610378 132.78769 11.256475 0.0084755214 131.217616172 14.5021072024 -6.72189889648e-05 3.60544868463 -0.489462969764 0
1968 11.0014970303 125.9239 10.596074 0.27888777 132.92790589 15.1789629595 0.00444762612023 8.3701236386 -15.7242619733 0
1971 11.2229690552 93.936275 13.265891 0.84250578 133.199750688 14.5732260202 0.0148697163356 39.2852344771 -47.4200534208 0
1974 11.2679231167 59.212281 6.4432491 1.3602712 133.450311416 14.7040396272 0.0318851743705 74.6962236009 -76.1109128327 0
1977 11.9134600163 41.747696 3.5851691 1.5088422 138.845381911 12.7177723789 -0.0176251400695 97.5262275078 -87.4601361505 0
1980 11.7630181313 40.889782 2.6549702 1.6071612 31.0009406054 97.212098083 -1.1565550355 95.0728121895 -158.349276066 0
1983 11.4606862068 40.408125 3.8011614 1.6070032 36.8215912751 94.7658014923 -1.70694086928 91.0353171647 170.124991288 0
1986 11.4509840012 40.388712 5.5337894 1.5172855 75.8286310922 134.018050427 2.83831332391 133.28238142 75.6893189291 0
1989 11.5021591187 40.44034 7.6724587 1.5542124 77.0777115736 137.329736943 2.45080482351 134.734207969 51.3709618107 0
1992 11.4793250561 40.554207 9.7439313 1.5604739 35.5136889923 86.6477280347 -1.24802710835 77.0688054532 -160.915254537 0
1995 11.4725310802 40.580821 11.876658 1.5652859 111.693657168 69.108655623 -1.10103568082 91.2827312243 -152.768973405 0
1998 11.3977952003 40.665042 14.024391 1.567666 31.0847757771 93.8231584453 -2.7623010091 80.3717909884 111.911164948 0
2001 10.9987199306 40.771617 16.174621 1.5548315 104.040776235 63.764584906 -3.09815088087 79.1693828124 93.4037474276 0
2004 11.3995158672 40.847233 18.25792 1.5551713 57.2275924024 80.2493411446 -0.231168240383 64.1190491951 -102.349716441 0
2007 11.2497138977 40.88758 20.352438 1.5597309 60.2440485093 77.9303132763 -0.423305940863 60.7444202745 -113.6196416 0
2010 11.1005737782 40.971014 22.508388 1.5678505 61.7492867775 78.0174307152 -0.357502642549 59.2704854272 -110.31460914 0
2013 11.5806789398 41.044823 24.54743 1.5705547 21.3120860573 90.1219542849 -2.6280784654 68.479187659 119.436039899 0
2016 11.7187738419 41.105608 26.696222 1.5717508 64.3701673934 76.0622852811 -0.468699216562 54.5733261552 -116.909174256 0
2019 11.4851279259 41.160404 28.869777 1.5672714 64.4852978274 74.8603286966 -0.438099991166 51.5672523741 -114.89931707 0
2022 11.2430920601 41.204205 31.003136 1.5608691 69.2318314364 73.7119614369 -0.373508975975 51.0841620647 -110.831699736 0
2025 11.1578059196 41.244227 33.116661 1.5660557 38.1531033956 32.5662198405 1.643399801 3.13975008684 4.43149055779 0
2028 11.2189040184 41.277887 35.228156 1.5643441 114.090529209 21.4759216471 -0.0714195703048 74.0999650145 -93.7223545893 0
2031 11.0423309803 41.31792 37.33529 1.5797774 113.873277922 21.5823574502 -0.0586631576819 74.2457732611 -93.8757289382 0
2034 10.9255590439 41.419072 39.474789 1.5713492 117.357399319 21.1327550506 -0.0275453923861 78.122082444 -91.60991203 0
2037 10.9634020329 41.429937 41.518923 1.5745722 119.673513202 21.2065804436 -0.014597265495 80.8371726186 -91.0527033039 0
2040 10.9903261662 41.494048 43.684079 1.5737379 121.677769405 21.0082705477 -0.00507825457942 83.3283953245 -90.4595022845 0
2043 11.0419919491 41.508319 45.798644 1.5762653 39.0735623899 45.7615711144 1.5586177879 2.43503883939 -1.01112796252 0
2046 11.7589700222 41.512588 47.943477 1.5772604 39.2429805964 47.7943883098 1.59104097438 2.27449889077 0.789568751402 0
2049 11.3115348816 41.583607 50.107906 1.5744728 38.821957661 49.8968672028 1.57396236275 2.76970114731 -0.0292459001639 0
2052 11.066049099 41.632502 52.265699 1.5728612 39.3936721261 51.7980667677 1.59322150317 2.28714649924 1.16655944106 0
2055 10.9628858566 41.660201 54.305408 1.5732479 39.2559969067 54.1383804348 1.59496250869 2.4099990726 1.24415543178 0
2058 10.8905539513 41.689009 56.508616 1.5685378 38.9292632991 56.7876892767 1.57777376813 2.77382015047 0.52918199353 0
2061 10.8513789177 41.794127 58.57462 1.5657057 39.2921815719 58.2658470813 1.59634473782 2.52092674236 1.75548755561 0
2064 10.8877100945 41.856016 60.76704 1.5641567 38.9431388547 60.3282334918 1.58072755897 2.94574344017 0.949440282067 0
2067 10.9933879375 41.858156 62.785084 1.5639758 39.1711730616 62.8407722597 1.57791934568 2.68755995163 0.798906318893 0
2070 10.8764560223 41.958088 65.023529 1.5767642 39.2047791679 64.6180484911 1.58592714626 2.78300628238 0.524998148335 0
2073 10.9709382057 41.99726 67.044355 1.5737097 39.0206416965 66.3844513306 1.58655495979 3.04888985993 0.735979172796 0
2076 11.036757946 42.044947 69.102812 1.5759217 38.782789857 68.9009661574 1.58358655123 3.26839577928 0.439163626116 0
2079 11.034954071 42.097902 71.261122 1.5727544 39.1075071939 71.368135729 1.60380762159 2.99230898045 1.77921853763 0
2082 10.8477249146 42.114798 73.459441 1.5684742 38.3749396804 72.9749867078 1.6094771265 3.77110543637 2.34929463635 0
2085 10.8870658875 42.172982 75.545483 1.5804547 38.9028361652 75.2495815945 1.57223703507 3.28350596504 -0.47083751803 0
2088 11.0321850777 42.213453 77.648417 1.5799022 39.114902227 77.6544161254 1.57576138696 3.09855658045 -0.237251110862 0
2091 10.9608249664 42.308345 79.80823 1.5843424 38.8465872876 80.0159215582 1.58317377248 3.46798244551 -0.0669574248246 0
2094 10.8258199692 42.259747 81.948131 1.5870316 38.4861929493 82.2053102226 1.5838493818 3.7823076721 -0.182327672533 0
2097 11.2055079937 42.325886 84.065588 1.5841531 38.6685466164 84.4748779194 1.59752960365 3.6801697794 0.766417203995 0
2100 10.8679411411 42.338042 86.100283 1.5789413 37.9494203052 86.1792165699 1.6184174328 4.38933148543 2.26181580086 0
