3 6.08644485474 72.513547 45.80148 1.6808269 26.5406155575 87.4247104929 1.6176845005 62.0161571051 -3.61779299983 0
6 6.18796086311 72.505015 45.806851 1.6805552 54.1554131922 142.75049368 -1.8257470118 98.6649772847 159.103681567 0
9 6.17265796661 72.51553 45.801787 1.6811119 36.273869785 7.32996923173 -2.48197336953 52.8539373892 121.472784303 0
12 6.22049188614 72.511327 45.798497 1.6805172 82.1117490732 54.5465786395 -1.06581427022 12.9883423251 -157.353202388 0
15 6.10225081444 72.518426 45.80176 1.6806948 117.192935645 72.9349182399 -1.94170022779 52.2687295437 152.452053178 0
18 6.23245096207 72.509508 45.806599 1.6825332 77.9844499335 138.642229738 -1.33846381924 92.9969317968 -173.090379124 0
21 6.22469711304 72.510969 45.800989 1.6811293 45.9857154872 19.8433202036 2.81670635932 37.113200391 65.0637728109 0
24 6.21018695831 72.522343 45.818169 1.6838228 146.292391723 8.72864825603 -1.37472867814 82.5690779749 -175.242091121 0
27 6.0819709301 72.508499 45.799812 1.6808804 104.812885963 57.5056790409 -1.61304185456 34.359871074 171.27215677 0
30 6.14622712135 72.523901 45.815543 1.6832165 107.896315341 92.006409661 -3.05003675436 58.179067191 88.8045651585 0
33 6.1205060482 72.511009 45.802779 1.6808191 76.791669158 130.357324785 1.25464177586 84.6628328391 -24.4181619974 0
36 6.19101285934 72.527172 45.853315 1.6851825 52.4726206979 35.3772416469 -1.52395128273 22.6259395568 176.130178357 0
39 6.18128395081 72.188088 49.017093 1.6798669 64.1621325488 105.668124353 -2.31810937716 57.2167398079 130.932832725 0
42 6.08671593666 71.804616 53.279503 1.6643548 61.0616601632 104.912406113 -2.3439080914 52.7386744622 130.343453144 0
45 5.75404500961 71.568933 57.324136 1.642571 21.8927488342 32.6100472706 -1.02325775196 55.4843171986 -152.740736392 0
48 5.7566280365 71.37336 61.652431 1.6431927 26.781316784 38.3883443609 0.187412909564 50.2958054447 -83.4100378924 0
51 5.74662899971 71.165072 65.844712 1.6344026 77.2375123787 120.295601065 0.936433232378 54.7884463375 -39.9906989942 0
54 5.76905488968 70.960331 70.343426 1.6128178 49.9920847425 99.6058895056 0.693076387222 35.999432239 -52.6973011956 0
57 5.76349806786 70.885213 74.631613 1.6236159 59.5361217553 85.679417158 -0.463409219653 15.8384294927 -119.577731094 0
60 5.74963188171 70.832043 79.069602 1.6124517 75.340417504 41.9543522862 1.21553260453 37.3880622925 -22.7417889784 0
63 5.82139992714 70.841819 83.283634 1.5826474 40.4233433632 79.765026519 -2.12926298569 30.6213040002 147.323200969 0
66 5.77510499954 70.897044 87.066595 1.5142468 46.4750855708 52.1984037733 -1.98509511857 42.5702103934 159.502476993 0
69 5.78459715843 70.898205 87.488163 1.2381173 85.7690543916 62.4616579049 2.89634049436 29.1113056888 95.0091905275 0
72 5.84750413895 70.648486 87.373684 0.94938085 56.7122831414 105.401293095 -2.87046544135 22.7862335589 141.138929117 0
75 5.75638198853 70.490448 87.162959 0.64684814 82.7265101251 69.1474743405 -2.17133875422 21.7779453541 -161.470214918 0
78 5.82452201843 73.090524 88.460194 0.4660111 52.5994831855 108.490255058 3.04961050111 28.6545999738 148.029341636 0
81 5.80727910995 76.750616 90.291223 0.4640309 47.713855733 107.847296047 2.79126787323 33.9315361815 133.340856493 0
84 5.76172709465 80.704264 92.172539 0.45240664 87.2493794985 88.6912310191 -2.15126500928 7.41336914947 -149.179396742 0
87 5.88073086739 84.637734 93.972859 0.42386385 67.5979967815 103.828643394 1.72498978324 19.6847435976 74.5490245894 0
90 5.84591794014 88.678811 95.730817 0.41656148 15.3030354772 39.5274376951 2.44683373387 92.4274000438 116.326031409 0
93 5.79349112511 92.647535 97.41769 0.40779386 111.326515798 90.7388141377 -0.769260632682 19.8371294905 -67.4402546876 0
96 5.86369180679 96.759828 99.128022 0.39320766 6.91903808843 43.2776200401 2.60921049621 105.785797397 126.967609904 0
99 5.86609506607 100.07577 100.58602 0.32958371 86.8283365193 63.8794639647 2.70381086196 39.0239125383 136.033195413 0
102 5.82803010941 100.12714 100.52966 0.1390585 83.2523338608 139.710392113 1.94881803019 42.6601553105 103.691583013 0
105 5.80622220039 100.08551 100.52401 -0.14356162 82.7328900994 140.74359617 1.57776747996 43.8032935876 98.6248925805 0
108 5.77295303345 99.772178 100.71077 -0.40700642 112.87177538 99.2272713763 0.353300226789 13.1833311298 43.5623619967 0
111 5.7653260231 99.760338 100.7618 -0.66729138 87.0833954419 92.3954928676 2.58390588451 15.188810607 -173.720118379 0
114 5.785145998 99.638101 100.95548 -0.8821311 75.1443770287 107.645623885 -1.94976796803 25.3909538849 -61.1710865908 0
117 5.74558401108 99.549051 101.11221 -1.1251977 96.4433945849 102.930401757 -0.991688282066 3.59873908941 7.64952617287 0
120 5.80581712723 100.80276 98.46873 -1.1938854 98.5918159902 99.6945901142 -0.971273133572 2.52804399367 12.7547433342 0
123 5.83103203773 102.35582 94.496879 -1.1822805 99.5329019756 95.3213733672 -1.01871063459 2.94085993108 9.37186294342 0
126 5.77314901352 103.84912 90.431736 -1.1842505 34.1620386213 78.0573778806 -0.0609857902971 70.7772142002 64.358327142 0
129 5.77537798882 105.46668 86.336829 -1.1831903 103.523968333 87.89530088 -1.14065385224 2.49057487792 2.43715893201 0
132 5.80674290657 106.96067 82.891423 -1.1821311 104.474145929 85.8684995507 -1.1522706205 3.87888988548 1.71087944951 0
135 5.78793096542 108.13488 79.987125 -1.1809983 106.821102027 80.9148536212 -1.15971151702 1.60831991743 1.21964282396 0
138 5.78777098656 109.11096 77.465416 -1.174964 106.714219679 79.1368515818 -1.16642055992 2.92199607652 0.489503058847 0
141 5.79372501373 110.00241 75.115832 -1.1797573 108.125611884 77.8385326017 -1.15958573877 3.30688217725 1.15574532454 0
144 5.78656101227 110.9669 72.896666 -1.1819268 110.499017192 75.1522844287 -1.12165173611 2.30363382889 3.45350677072 0
147 5.80634713173 111.79529 70.750926 -1.1680053 109.378400638 73.7388739543 -1.15653477021 3.8430700181 0.657212946027 0
150 5.77010822296 112.62755 68.634671 -1.166408 110.478612318 71.7355573844 -1.14281760083 3.77272176679 1.35163030955 0
153 5.83730101585 113.50263 66.493746 -1.1746568 111.498650807 69.4928648265 -1.15248435249 3.60702735533 1.27038766357 0
156 5.78685903549 114.39844 64.423702 -1.1690506 112.067860353 67.3390686274 -1.14924860424 3.73242067048 1.13457078318 0
159 5.75586390495 114.9392 62.935672 -1.1627449 113.652452366 66.3134034961 -1.12908203829 3.6145248006 1.92873990235 0
162 5.74236297607 115.58582 61.52951 -1.1720902 114.491285481 64.6415581029 -1.14678852209 3.29891636888 1.44967935877 0
165 5.8233230114 116.16312 60.165609 -1.1710096 114.365087822 64.4004559301 -1.13072981728 4.60074431321 2.30786154966 0
168 5.72898197174 116.71267 58.758483 -1.1690165 114.540890461 60.9639486885 -1.14571339966 3.09527143722 1.33516929881 0
171 5.74416399002 117.29804 57.404001 -1.1730259 114.995766559 60.2412416332 -1.16507600698 3.65381956419 0.455495317464 0
174 5.79072809219 117.3062 57.346669 -1.1782941 115.033407321 60.5585979521 -1.19277045897 3.9347266936 -0.829434271951 0
177 8.06516718864 117.30973 57.394113 -1.1925087 114.669578106 60.7639478318 -1.22808495736 4.28090981199 -2.03836939737 0
180 10.006538868 117.3509 57.478875 -1.2542253 115.127659895 60.7042952222 -1.29652227883 3.91741396499 -2.42343837289 0
183 9.64190912247 117.31554 57.561663 -1.3141336 115.234634902 61.6663983937 -1.37264510761 4.60206678337 -3.35246243882 0
186 9.64059209824 117.31761 57.625945 -1.389572 114.766420616 61.250850052 -1.37533253162 4.43266329728 0.815861440487 0
189 9.62801408768 117.34247 57.653648 -1.4539696 115.971292039 60.2743312085 -1.49921023994 2.95772031813 -2.59209773084 0
192 9.64314985275 117.36058 57.739095 -1.5147103 114.912913709 59.4369995992 -1.57207251887 2.97891763863 -3.28661304466 0
195 9.70819997787 117.34118 57.80351 -1.5718326 115.291971249 60.302082997 -1.59785208035 3.23142747488 -1.49080640928 0
198 9.63765311241 117.32521 57.826191 -1.6475747 114.76748272 59.6958408432 -1.62392626669 3.1682107531 1.35495542056 0
201 9.66414403915 117.28663 57.948056 -1.7072698 116.23600747 60.0758847816 -1.72984927473 2.37307037919 -1.2937086056 0
204 9.67846703529 117.37131 58.006137 -1.7818651 115.379401747 59.9311857767 -1.72126602573 2.77011033721 3.4720711978 0
207 9.589594841 117.40314 57.989067 -1.8555926 116.547646987 59.5640067549 -1.81370957036 1.79229002296 2.39972083163 0
210 9.63939619064 117.02719 57.008887 -1.8977403 115.830804823 59.4657345201 -1.8582768625 2.73266119883 2.26108841363 0
213 9.65383386612 116.38504 55.250118 -1.9095407 115.202802122 56.6643181186 -1.82746599344 1.84327110759 4.70253429067 0
216 9.62640404701 115.67443 53.450651 -1.9075572 115.972254518 55.6213092156 -1.83828536058 2.1909944163 3.96898403786 0
219 9.69454717636 115.02136 51.574537 -1.9165104 115.134639121 53.1673252623 -1.90650740182 1.59681138765 0.57312957813 0
222 9.70157194138 114.35753 49.684701 -1.9233127 114.82267642 50.9648213255 -1.86046852007 1.36200926573 3.60070627677 0
225 9.70029020309 113.59486 47.870819 -1.9110101 113.479227876 50.3028922865 -1.89936643587 2.43482058052 0.667132812605 0
228 5.93958306313 112.87829 45.986656 -1.9118326 112.18384208 47.9086162005 -1.91730059189 2.04357258874 -0.313292857655 0
231 5.68768906593 112.17059 44.128463 -1.9122248 112.955097944 45.216304707 -1.86089447178 1.34121299373 2.94101116794 0
234 5.74454116821 111.43202 42.277019 -1.9027456 110.464977797 44.5810867214 -1.91758487851 2.49877943944 -0.850228029814 0
237 6.0736310482 110.82393 40.37458 -1.9174412 109.990723657 42.3675486532 -1.95178406099 2.16012889956 -1.96770099088 0
240 6.03433084488 110.14399 38.567468 -1.912432 109.663488321 40.2785034554 -1.88656975725 1.77722373193 1.48179735847 0
243 6.068972826 109.42625 36.696167 -1.9074722 109.043115178 38.720892081 -1.9123755371 2.06065619288 -0.280940521533 0
246 6.06500697136 108.96452 35.308972 -1.917648 109.020826736 37.0608937749 -1.89298176555 1.75282639008 1.41327113028 0
249 6.07148694992 108.91335 35.330429 -1.9171391 108.767979101 37.1133557326 -1.96551793549 1.78884332243 -2.77190309143 0
252 6.17280292511 108.9585 35.348205 -1.9450374 108.743727741 37.8330941372 -2.01378486882 2.49415339291 -3.93893981554 0
255 6.10919213295 108.97674 35.368834 -2.0165302 109.314690589 37.0493952403 -2.03903560469 1.71420438777 -1.28946470504 0
258 6.10258603096 108.99865 35.397074 -2.0803106 109.413832098 37.3389847133 -2.1117093249 1.98579792341 -1.79901441905 0
261 6.14636015892 109.05048 35.474836 -2.159245 109.188391217 38.1650731541 -2.17790645901 2.69376974686 -1.06922284061 0
264 6.05562615395 109.09365 35.518169 -2.2238592 108.181984866 38.6974924365 -2.24044156384 3.30745080532 -0.950099462409 0
267 6.09915494919 109.14301 35.568827 -2.2920109 110.600298108 36.9229590976 -2.2551922456 1.98931203381 2.10955350423 0
270 6.20854711533 109.24021 35.586114 -2.3597618 108.003989046 38.2676320141 -2.33139655748 2.95275822004 1.62520868146 0
273 6.32060003281 109.32691 35.57971 -2.4292889 109.549749704 36.8642813652 -2.44318725817 1.30375654398 -0.796317265075 0
276 6.1565310955 109.34422 35.612178 -2.4970016 109.714565245 37.1772071122 -2.46574354503 1.60825113779 1.79095462564 0
279 6.10143685341 109.45255 35.562283 -2.5751384 110.201236959 37.4690517848 -2.47826087585 2.04848709103 5.55067326323 0
282 6.16292095184 109.51035 35.610832 -2.6455993 109.769593932 37.0403635153 -2.56156032456 1.45284815779 4.81507860748 0
285 6.22834515572 109.52669 35.619453 -2.7060079 110.960104777 35.9524026197 -2.63771051474 1.47157513307 3.91315192698 0
288 6.13677811623 109.56751 35.667144 -2.7779359 109.440993733 37.0619848163 -2.65017679529 1.40056676689 7.32005749401 0
291 6.21350097656 109.58407 35.725569 -2.8421247 111.649892419 36.2037394779 -2.71872313371 2.12044081992 7.07038893359 0
294 6.07122898102 109.62066 35.728072 -2.9074408 110.191043554 36.5858562204 -2.82575064249 1.03011221097 4.68050125298 0
297 6.15528607368 108.40689 35.538158 -2.9474042 109.001781236 37.0405658317 -2.91848958507 1.61589754495 1.65668540146 0
300 6.19560790062 106.63579 35.154474 -2.9731605 107.809526506 36.0296279608 -2.86101398948 1.46408737479 6.42552174011 0
303 6.08695697784 104.74277 34.838538 -2.9724974 105.28420457 36.4309989506 -2.841700227 1.68198789316 7.49412598533 0
306 6.10394215584 102.71686 34.507066 -2.970186 102.920377978 35.97090495 -2.927023984 1.47791882016 2.47300135182 0
309 6.25311303139 100.87602 34.149296 -2.9774562 100.358166997 35.1172208356 -2.86851969717 1.09774779455 6.24160184699 0
312 6.13954305649 98.917573 33.856952 -2.9648121 98.2905672417 34.6276691261 -2.89193565926 0.99354975184 4.17551248043 0
315 6.09896588326 96.872255 33.519705 -2.9713846 96.3906974376 34.3954558964 -2.89554191566 0.999418490175 4.34546571956 0
318 6.08702301979 94.700759 33.157106 -2.9752463 94.2397391426 34.0052094814 -2.88402505384 0.965307631816 5.2265924071 0
321 6.09234213829 92.656194 32.878926 -2.9695623 91.9026214074 33.8711582178 -2.93892948864 1.24595201606 1.75513080536 0
324 6.14063405991 90.628889 32.525228 -2.9736018 90.113584622 33.8597547792 -2.92580999688 1.43055944527 2.73826861411 0
327 6.13578295708 88.510396 32.191288 -2.9695852 87.127793355 33.7854804361 -2.95718003887 2.11022264163 0.710763376946 0
330 6.13666200638 87.334812 32.006658 -2.9896435 86.1960440117 33.7773744233 -3.00624452954 2.10528600978 -0.951168927954 0
333 6.17085409164 87.328365 31.983283 -3.0015998 86.6234351726 34.0132242531 -3.04729665099 2.1488572667 -2.61823669879 0
336 6.18367981911 87.328448 32.00285 -3.0442403 86.288227245 33.6784310048 -3.09800001389 1.97221472532 -3.0802047136 0
339 6.16938185692 87.480424 31.977098 -3.121648 86.5023216775 33.7585528034 -3.06504550246 2.03230543225 3.24308421867 0
342 6.09215807915 87.509332 32.088761 3.0972389 86.4583904856 33.970815618 3.05742981125 2.15559913987 -2.2808927717 0
345 6.067663908 87.537767 32.004513 3.0032565 86.1012689026 34.0992495585 3.04868796535 2.53997008513 2.60303122143 0
348 6.13591194153 87.588829 31.971963 2.902116 86.3496802757 34.4548958589 3.06109454959 2.7749675931 9.10879992479 0
351 6.11522006989 87.696053 31.883789 2.7788249 86.0438075685 34.0983122591 2.9093616859 2.76297452593 7.47920690346 0
354 6.11741900444 87.777704 31.698119 2.6376296 85.9844700819 34.3035535572 2.88771627133 3.16290643508 14.3289107797 0
357 6.09573316574 87.896098 31.65995 2.4917922 86.423536723 33.3784503186 2.72757915977 2.26311291358 13.5095976588 0
360 6.19445705414 87.958395 31.594625 2.366513 86.2346719585 33.1458338733 2.46687389576 2.31893727648 5.75025575538 0
363 6.26565694809 87.964094 31.460561 2.2184109 85.7187339357 34.430029763 2.47140971285 3.72281970456 14.4957641981 0
366 6.13775014877 87.708527 31.831987 2.1125682 86.4096644664 34.6781135844 2.3158391891 3.12849491222 11.646569773 0
369 6.0961971283 86.721318 33.612273 2.0920166 84.8815106411 35.9666521087 2.2288766922 2.9879745824 7.84150566657 0
372 6.14205503464 85.724716 35.405361 2.0873093 84.4520269166 36.8626016296 2.14111637841 1.93475780282 3.08291850103 0
375 6.21369409561 84.755772 37.248267 2.0862059 83.490220967 39.1584682168 2.05538529851 2.2913943584 -1.76589038751 0
378 6.19721317291 83.690185 39.149374 2.0868314 82.1453089743 40.2525271734 2.11793308494 1.89831210787 1.78199528286 0
381 6.16698813438 82.666747 40.97523 2.090975 81.1287299278 41.7157844174 2.15829407604 1.7070200232 3.85709893805 0
384 6.19377803802 81.635815 42.877142 2.0910396 79.9865159054 44.0812109802 2.08567359703 2.0420503452 -0.307449323108 0
387 6.13315701485 80.624097 44.699122 2.0805048 78.9627196476 45.0075475108 2.13547977698 1.68976359376 3.14983416005 0
390 6.13915705681 79.602515 46.546403 2.0762437 77.7973346339 47.384010929 2.10817266576 1.99004100383 1.82939498215 0
393 6.11021995544 78.599692 48.40129 2.0808805 77.0452414626 49.528317715 2.10188023295 1.92002811015 1.20319606889 0
396 6.08171200752 77.532669 50.298142 2.0919608 76.4933548825 50.9006173112 2.10899064266 1.20131192261 0.975738110247 0
399 6.13183307648 76.53881 52.074716 2.0854653 75.4840903813 52.8975808811 2.08262665046 1.33773692733 -0.162642638361 0
402 6.08548998833 75.533974 53.92833 2.0838411 74.2777523823 54.3178262252 2.09375754977 1.31521863667 0.5681707196 0
405 6.09030079842 74.451304 55.860797 2.0823704 72.998088098 56.1290504993 2.08961763576 1.47776736926 0.415236022112 0
408 6.12689399719 73.464188 57.689364 2.0801622 71.169581015 57.7188917981 2.11736762639 2.29479696409 2.13171390726 0
411 6.3523080349 72.461178 59.521835 2.0808323 70.145918779 60.4636718708 2.15699241569 2.49949633961 4.36365319649 0
414 6.11862683296 71.469371 61.42577 2.0898858 69.3866767773 61.8654943225 2.11086371303 2.12860816147 1.20194587978 0
417 6.07447695732 70.386885 63.322712 2.0827703 68.1085150786 63.5170025946 2.13354349424 2.28663909132 2.90908974219 0
420 6.13321709633 69.38246 65.186025 2.0922796 66.7595015325 65.3506916008 2.11871167756 2.62812218358 1.51444648818 0
423 6.06750392914 68.400253 67.014087 2.0893798 65.8772417275 67.3224110514 2.12622784119 2.54178079345 2.1112372436 0
426 6.11173987389 67.30799 68.901204 2.089526 64.4509253505 69.008365496 2.12450896026 2.85907362574 2.00437597759 0
429 6.0846889019 66.315197 70.741557 2.0869248 63.6516507165 70.5168112514 2.12128609802 2.67301130857 1.96875735537 0
432 6.16688299179 65.281228 72.464006 2.0745737 62.6292601477 72.275575376 2.11485887151 2.65865371753 2.30817030466 0
435 6.11982989311 64.283593 74.421326 2.0918621 61.2636266088 73.9841431513 2.10143576193 3.05144651722 0.548530423155 0
438 6.14059901237 63.28447 76.191493 2.091939 60.1798228955 75.9825641336 2.10703624212 3.11166915255 0.865008255831 0
441 6.11323189735 62.204887 78.125252 2.0893553 59.0059743756 78.0502453389 2.12160936104 3.1997918648 1.8480215698 0
444 6.1339700222 61.273659 79.948227 2.0960183 58.5261498122 80.0259596365 2.13234594343 2.74860857526 2.08142064827 0
447 6.08273005486 60.19879 81.787566 2.089809 56.6104909925 81.8774314836 2.13017439062 3.58942412822 2.312766521 0
450 6.06466913223 59.161438 83.629466 2.0974137 56.7906041391 84.1941770889 2.08467601346 2.43716060403 -0.729815679407 0
453 6.18751692772 58.11891 85.485673 2.0964985 55.8712813763 85.1802841969 2.0670631492 2.26828057153 -1.68652136927 0
456 6.16641807556 57.036783 87.336936 2.0992423 54.614393984 88.3462699774 2.07896168887 2.62425677534 -1.16199342345 0
459 6.11122894287 56.357629 88.602308 2.124456 54.6003312556 87.8700949081 2.09687728265 1.90374141481 -1.58014410856 0
462 6.02977895737 56.200217 88.720884 2.2094598 53.5491761644 88.3781834607 2.21583793005 2.67309954387 0.36543993319 0
465 6.11297702789 56.199637 89.07416 2.3631742 53.2335676405 88.4004856772 2.35109786716 3.04161216105 -0.691922903888 0
468 6.10672283173 56.109511 89.161307 2.4869631 53.4219538166 87.6290283393 2.45593814775 3.09367766716 -1.77759882354 0
471 6.09031701088 56.023191 89.233423 2.608836 52.7433176974 88.6820393735 2.6107379801 3.32589729016 0.108975432231 0
474 6.57840299606 54.873312 89.789936 2.6823278 51.8472501837 89.4323482944 2.67530957777 3.04711651946 -0.402114513628 0
477 6.03740501404 52.997249 90.667048 2.6986067 49.3405225863 89.621367688 2.68822632242 3.80330059025 -0.59475182483 0
480 6.08404707909 51.122563 91.609157 2.7018871 47.7496744586 91.0261399099 2.72695856194 3.42290608106 1.43648895531 0
483 6.14839100838 49.137432 92.566213 2.7007601 46.5578450867 91.5260400063 2.69256401349 2.78140764723 -0.469601165792 0
486 6.12319207191 47.308569 93.452781 2.7003868 44.7417858215 92.497887931 2.7101277409 2.7386486921 0.558114802163 0
489 6.11516809464 45.360782 94.336008 2.7008969 42.8282514647 92.9848810949 2.72161946743 2.87041021914 1.18731565469 0
492 6.12300300598 43.468079 95.251019 2.7064338 40.4725754986 94.2206995703 2.72779503867 3.16774357452 1.2239088211 0
495 6.10427498817 41.590918 96.131677 2.7064065 38.5561341318 95.3587581609 2.71720167078 3.13166356092 0.618517725097 0
498 6.04527807236 39.606214 97.06058 2.704478 36.5391368137 96.0281432772 2.72928936547 3.23618418101 1.42158652567 0
501 6.0983440876 37.718719 97.944153 2.696243 35.2256978465 96.4453342829 2.7136195199 2.90888501292 0.995601253136 0
504 6.13903903961 35.769603 98.891663 2.7044976 32.9678191511 96.879388418 2.74663385423 3.44952775454 2.41422953177 0
507 6.06044411659 33.862509 99.822852 2.7013631 31.1743486225 98.604028794 2.72197974869 2.95156504633 1.18124695746 0
510 6.0919649601 31.979521 100.73965 2.7066945 28.6562822647 99.0709040761 2.75110335437 3.71868641463 2.54443992838 0
513 6.03623795509 30.015598 101.64307 2.7044148 27.2013447269 100.840713174 2.72155727235 2.92639675402 0.982191316335 0
516 6.06499195099 28.083667 102.5122 2.7038251 25.6959926883 101.565400245 2.71122332663 2.56854402255 0.423887161717 0
519 6.10000300407 26.231599 103.44351 2.6987262 23.3703960634 103.028695048 2.71230729331 2.8911163396 0.778139327988 0
522 6.13549804688 24.326425 104.3449 2.7056645 21.5663261176 103.721275796 2.69988364878 2.82967365418 -0.33121837707 0
525 6.11847496033 23.072168 104.95788 2.6888385 19.7306015103 104.60752184 2.67534597823 3.35988354641 -0.77306455258 0
528 6.16595196724 23.059574 104.94595 2.6093304 19.5056895539 104.568059998 2.58054478499 3.5739187889 -1.64929425058 0
531 6.17621016502 23.148655 105.02795 2.4881616 18.5472981543 104.726660589 2.45357213518 4.6112102674 -1.98183034984 0
534 6.11115193367 23.15609 104.97342 2.3614352 18.6394920914 104.003060447 2.34508319044 4.61965954699 -0.936901134214 0
537 6.29349994659 23.189116 104.80794 2.2179164 19.0028395692 103.966754576 2.20236277383 4.26995354463 -0.891157135884 0
540 6.149559021 23.170444 104.45908 2.0515088 18.4017011809 104.23050627 2.03736175248 4.77421763479 -0.810566115256 0
543 6.0983581543 23.203193 104.36781 1.9241471 19.3102051231 104.108104368 1.95233596421 3.90164088874 1.61510294876 0
546 6.09480595589 23.268475 104.40083 1.8086424 19.7133154943 104.115254571 1.82576110696 3.56661077727 0.980829659785 0
549 6.15541005135 23.269141 104.3114 1.6661585 19.0797493588 103.31972292 1.69065380254 4.30516268618 1.40347745342 0
552 6.10425400734 23.273746 104.22596 1.531085 19.3586096305 105.705683968 1.53313100479 4.18543615575 0.117227439551 0
555 6.05570006371 23.201513 103.9692 1.3630267 19.9213646824 104.918704658 1.44457084746 3.41481069467 4.67213549356 0
558 6.01768493652 23.573375 105.47089 1.3112874 19.0512516931 105.985418629 1.32893708596 4.55130079349 1.01125251523 0
561 6.23561096191 24.091257 107.45193 1.3021436 19.2408421744 106.980192537 1.33605390807 4.87330075147 1.94291753446 0
564 6.09985208511 24.69734 109.54228 1.2971878 20.6591267418 108.97195071 1.28801243949 4.07828907977 -0.525709432486 0
567 6.12983608246 25.24514 111.62222 1.291934 21.243810161 111.36092814 1.31341306593 4.00985210656 1.23065982569 0
570 6.00106501579 25.838263 113.71051 1.2925571 22.4822231228 113.909273132 1.31615021906 3.36192064747 1.35178614763 0
573 6.07798695564 26.485855 115.66064 1.2984976 22.3386741728 115.636805732 1.30316602895 4.1472493156 0.267481275546 0
576 6.05924391747 26.666562 116.70228 1.2516028 22.3383166935 116.859202239 1.29318694682 4.33108901111 2.38259610746 0
579 6.18482494354 26.671044 116.66524 1.1445574 22.8509469768 115.971581749 1.15979916218 3.88256397696 0.873288645433 0
582 6.25704193115 26.68282 116.71548 1.0360889 22.8054733046 115.910584131 1.02134611302 3.96000943882 -0.844699472082 0
585 6.05517220497 26.598988 116.54426 0.86252405 22.847483626 116.201842347 0.878621057272 3.76709900552 0.92229057945 0
588 6.13435220718 26.490987 116.49462 0.72378221 22.5472874663 115.283234896 0.772306589358 4.12555691769 2.78024214073 0
591 6.06761002541 26.414554 116.44154 0.58967497 21.88848935 116.371970525 0.597313360062 4.52659928952 0.437647512836 0
594 6.07215595245 26.30131 116.37003 0.43724496 21.159672913 116.012218715 0.475154429475 5.15407225886 2.1720526045 0
597 6.09634780884 26.176025 116.35464 0.31453037 22.5181392485 116.326411404 0.375585809307 3.65799467258 3.49821898859 0
600 6.06842899323 26.088883 116.46581 0.14702743 21.8327136248 115.891746324 0.245491368263 4.29470916997 5.6415680967 0
603 6.05403399467 25.977812 116.45377 0.019989929 20.6127425344 115.246687067 0.103068125298 5.49918353744 4.76003001745 0
606 6.10665297508 25.890585 116.45549 -0.11586106 23.0127646956 115.956562045 6.37942339204e-06 2.92074969978 6.63871526195 0
609 6.15548205376 27.617035 116.21759 -0.13548047 24.1915674492 115.852475377 -0.0671702866906 3.44487106138 3.9138852014 0
612 6.0679359436 29.732468 115.90829 -0.14344069 26.0758252611 115.081409844 -0.0741744126537 3.7489687798 3.96866535452 0
615 6.12477588654 31.744289 115.6014 -0.14068963 28.4256657721 115.018189697 -0.109898526002 3.36947983913 1.76420030566 0
618 6.15623092651 33.87565 115.27561 -0.13567301 30.1361864523 114.740281506 -0.107897120884 3.77758708971 1.59144121857 0
621 6.1051440239 35.936054 114.9269 -0.14240112 33.1345707851 114.466194653 -0.0787698620906 2.83911211829 3.64580252332 0
624 6.16714096069 38.113735 114.67885 -0.14674677 34.3656216658 114.804111013 -0.134991316427 3.75020584603 0.673537875999 0
627 6.07415485382 40.163768 114.30534 -0.14012204 36.3558132485 114.565253173 -0.0883237403081 3.81681467286 2.9678239583 0
630 6.22513103485 42.346763 113.98058 -0.16006212 38.9197665419 114.596973705 -0.102025223375 3.48198878845 3.32526923268 0
633 6.18706488609 44.341947 113.67079 -0.15507802 40.9142323749 114.014404846 -0.0654873846543 3.44489458665 5.13316528921 0
636 6.3693048954 46.544067 113.30502 -0.15009707 42.7453520486 114.889360773 -0.0801391712853 4.11586819124 4.00829233996 0
639 6.16911888123 48.557097 112.97025 -0.14631805 45.2731564071 114.015052421 -0.0799227145409 3.44613956713 3.80417250116 0
642 6.09693598747 50.586062 112.64729 -0.14866611 47.6060446488 113.458398739 -0.0718870004705 3.08843015148 4.39911893081 0
645 6.10461091995 52.747394 112.3225 -0.14488479 49.7718069864 113.815061452 -0.0692005313616 3.32894243933 4.33638859556 0
648 6.17833304405 54.919709 111.95097 -0.14565598 51.8306844924 113.865201306 -0.0663482452374 3.63405474659 4.54399848464 0
651 6.20891785622 56.9199 111.70562 -0.14317608 53.9233034357 114.085183365 -0.0773913302781 3.82647524166 3.76918851539 0
654 6.15378308296 58.963864 111.32719 -0.14485493 56.8916440341 114.041312225 -0.0460371456532 3.4147554876 5.66184198391 0
657 6.10159897804 61.070196 111.0267 -0.15209978 57.9274508733 111.861111095 -0.120315137383 3.25162863906 1.82112587528 0
660 6.20742797852 63.25691 110.67843 -0.1447313 59.1591191352 111.658489036 -0.127599773701 4.21336037922 0.981564153555 0
663 6.10571408272 65.338645 110.4192 -0.14848438 61.3403147017 111.200120233 -0.114712589927 4.07387795407 1.93498103778 0
666 6.13023996353 67.412523 110.08404 -0.1445869 63.0471323067 111.617809514 -0.107426464076 4.62699522665 2.12913614328 0
669 6.09012794495 69.507235 109.73429 -0.15139682 66.129463563 111.256360851 -0.119295849107 3.70486700938 1.83925015042 0
672 6.09571313858 71.647859 109.39116 -0.14906575 68.3493045056 111.160105524 -0.112628891934 3.74294403082 2.08767818592 0
675 6.08349704742 73.702975 109.06139 -0.1559357 70.0492964183 111.369941194 -0.102388964478 4.32189493109 3.06800195211 0
678 6.15785908699 75.754203 108.72815 -0.15045699 72.2249129035 110.199971227 -0.130070341014 3.82389151374 1.16806894534 0
681 6.10917782784 77.860742 108.43703 -0.15243836 74.2247097495 109.881409254 -0.147483736331 3.91241127147 0.283879025324 0
684 6.11373281479 79.97813 108.08555 -0.15170568 75.6710276938 109.116880316 -0.168315578686 4.42885679345 -0.95167709284 0
687 6.12161302567 82.120618 107.73965 -0.14888428 77.9918328396 109.164786566 -0.1696138616 4.36782338603 -1.18771753675 0
690 6.17099714279 84.192494 107.42985 -0.14593359 80.7686558468 108.537039 -0.138419865645 3.59840731173 0.430504693944 0
693 6.1180138588 86.28045 107.15458 -0.15823172 82.4436679745 108.563263178 -0.120145905038 4.08720988065 2.18215645666 0
696 6.14277601242 88.385341 106.75858 -0.15035877 84.4451286954 108.647948841 -0.106881148705 4.36978118697 2.4910842035 0
699 5.98572492599 90.512184 106.42958 -0.15443508 86.6902005631 108.262186632 -0.0866139336226 4.23863238079 3.88586544916 0
702 6.064868927 92.541412 106.11165 -0.15857271 89.4216638326 107.929303751 -0.0994534990544 3.61063620232 3.38728127533 0
705 6.06991314888 94.624435 105.7799 -0.14991569 91.4089939584 107.91510062 -0.117925369282 3.85981123611 1.8329103624 0
708 6.05385994911 96.812614 105.41142 -0.16008539 93.1321931032 107.362489933 -0.1371978725 4.16559381852 1.3113581563 0
711 6.09974789619 98.833392 105.05687 -0.15857643 94.3989125234 107.061677762 -0.154453176543 4.86660686627 0.236245020921 0
714 6.11603617668 100.9283 104.72764 -0.15390186 95.4950768263 106.975793661 -0.107939198469 5.87997524994 2.63346652094 0
717 6.07310390472 103.02648 104.38009 -0.15580909 99.1661348473 107.00921349 -0.132731452126 4.67060542362 1.32225125129 0
720 6.11277103424 103.56436 104.3046 -0.21764658 99.164278607 106.685996094 -0.182412403393 5.00317535398 2.01876961418 0
723 6.1914961338 103.46604 104.39779 -0.32798619 99.5107262583 107.017943268 -0.297662079366 4.74443989788 1.7374435568 0
726 6.13753581047 103.43166 104.43448 -0.46455789 99.1130649471 107.140607615 -0.402804790213 5.09640951041 3.53819198964 0
729 6.03361392021 103.35806 104.51276 -0.60050128 98.6310719917 106.81073499 -0.543987357267 5.25595896906 3.23800925634 0
732 6.11478304863 103.30537 104.5712 -0.75278089 100.407472134 106.299081599 -0.618562278683 3.37392751329 7.69015996059 0
735 6.14918804169 103.24477 104.73622 -0.88717849 100.576722267 107.241893872 -0.790306821778 3.66017489438 5.55033774351 0
738 6.18504595757 103.11543 104.83266 -1.0218313 100.018659805 106.203800772 -0.940193896034 3.38674071315 4.67747869765 0
741 6.08671212196 103.3336 104.43355 -1.1359167 100.29948765 106.872715809 -1.08590543674 3.8929895442 2.8654343128 0
744 6.1608068943 104.18264 102.5184 -1.1499809 101.402177596 104.474527607 -1.08622889773 3.39961856574 3.65272066573 0
747 6.1314561367 105.02068 100.61649 -1.1544373 102.729148751 102.601205064 -1.06780308271 3.0315358067 4.96377501187 0
750 6.07308292389 105.97315 98.645528 -1.1675657 103.716520398 101.353540315 -1.03564544693 3.52501175287 7.55847373336 0
753 6.1446249485 106.66644 96.709247 -1.154133 104.661864951 98.9762370254 -1.07256430405 3.02614687406 4.67354201829 0
756 6.15101599693 107.65453 94.805864 -1.1707179 105.448073704 97.0069233866 -1.1313306605 3.11658656399 2.25672258984 0
759 6.07226896286 108.36584 92.821603 -1.1639211 106.590594026 95.4687036553 -1.13887887408 3.18726217114 1.43481385503 0
762 6.07032895088 109.18739 90.932737 -1.1605274 106.957683709 92.5159024868 -1.12307666574 2.7345937727 2.14576901267 0
765 6.10237598419 110.00551 88.971931 -1.1631703 107.701242595 90.6224600172 -1.09251884922 2.83441251625 4.04802994636 0
768 6.22041893005 110.83946 87.051439 -1.1600004 109.376810096 89.1240224004 -1.14238707991 2.53671967201 1.00916890454 0
771 6.12031698227 111.68317 85.129972 -1.1502451 110.230589899 87.3947138684 -1.09078186103 2.69054728273 3.4069926289 0
774 6.07992196083 112.49307 83.177328 -1.1488654 111.868269255 85.7884891363 -1.1082022393 2.68487214794 2.32982748987 0
777 6.0689599514 113.40329 81.226755 -1.149046 112.004745963 83.4226494872 -1.10979573971 2.60343581123 2.24887425967 0
780 6.0732319355 114.20236 79.347389 -1.1522317 111.833690234 82.0304665784 -1.13370324734 3.57903642785 1.0616021385 0
783 6.0452849865 115.10134 77.33273 -1.146946 113.669052736 79.6518085679 -1.13582219298 2.72572416265 0.637347194562 0
786 6.13987112045 115.87569 75.433999 -1.1405871 113.61404185 78.0764599809 -1.12233169779 3.47816796443 1.04595750014 0
789 6.08322715759 116.74641 73.521868 -1.1514597 114.499640499 76.2156944991 -1.13461502153 3.50780193257 0.965128983771 0
792 6.16555500031 117.66191 71.592443 -1.1472421 115.343949167 74.6030981644 -1.11238617746 3.7996035243 1.9970972525 0
795 6.1666469574 118.47567 69.543126 -1.1411103 116.695726699 71.6679480417 -1.10408404355 2.77183456652 2.12144822599 0
798 6.0785241127 119.32773 67.660396 -1.1493947 117.219110149 70.4264457818 -1.14055028221 3.47811861078 0.506747811724 0
801 5.99930596352 120.23613 65.736718 -1.1477983 118.744366921 68.5641711428 -1.09711741779 3.19684975531 2.9038006527 0
804 6.07628893852 121.05504 63.851108 -1.1435448 119.91821385 66.6284431901 -1.09844700749 3.00099391089 2.58391317622 0
807 6.13573002815 121.9387 61.889647 -1.1416966 120.219724945 64.2264932356 -1.13177697473 2.90098699901 0.568352662528 0
810 6.27650690079 122.75206 59.947854 -1.134592 121.583413915 62.2122172409 -1.12436193654 2.54815120392 0.586139460193 0
813 6.34772086143 123.61313 58.017737 -1.1345099 122.22051337 61.0726807183 -1.0992257135 3.35738919387 2.0216349699 0
816 6.07358288765 124.50226 56.14403 -1.1250591 122.751331438 59.6470779466 -1.09063312844 3.91626042892 1.97246287592 0
819 6.09147500992 125.37031 54.195354 -1.1346431 123.590975915 58.1370692257 -1.10936122211 4.32471371388 1.44854490119 0
822 6.15718412399 126.19009 52.293812 -1.120627 124.853872195 55.7787970879 -1.1071501726 3.73237177748 0.772165331256 0
825 6.14040708542 127.09539 50.434417 -1.1252352 125.696286751 53.3936812892 -1.11078806178 3.27333698763 0.827760045891 0
828 6.19033098221 127.94916 48.435924 -1.125081 126.942833116 51.4233043536 -1.11366030685 3.15232218755 0.654357516395 0
831 6.09973716736 128.83417 46.49897 -1.1135569 127.086925669 49.6754862753 -1.12360322688 3.62534390094 -0.575612129868 0
834 6.12133908272 129.69028 44.561049 -1.1141866 128.374463471 47.466375587 -1.13409430938 3.18940366146 -1.1406277273 0
837 6.09944605827 130.6504 42.689185 -1.1179531 128.92544152 45.3384779677 -1.11760809207 3.16136600017 0.0197674981438 0
840 6.1301779747 131.56218 40.752166 -1.1133477 130.185521782 43.3635787446 -1.10832284093 2.95206103793 0.287903217258 0
843 6.0723991394 131.80181 39.159633 -1.0655485 131.472111738 42.7098820071 -1.09354155553 3.56552506041 -1.60388393726 0
846 6.0919880867 89.526265 39.287264 -0.26055386 132.453465204 40.7088703267 -1.09263809442 42.9507331938 -47.6749148314 0
849 5.83257484436 49.129117 22.860079 0.57174269 134.020309001 40.0899442827 -1.06519260717 86.6220684175 -93.7894838637 0
852 5.79526305199 45.693587 19.436118 1.0035584 134.823363289 40.0449435652 -1.01157775138 91.4813681165 -115.458796618 0
855 5.83323311806 46.841947 21.209275 1.0214136 132.740422206 38.7771150668 -0.973453957425 87.6765478756 -114.297491728 0
858 5.80204701424 48.00008 22.972907 1.0079248 134.883076331 27.6940311943 -1.05667982102 87.0111720711 -118.293131147 0
861 5.82260799408 49.170996 24.731115 1.014741 37.552673929 86.0874668143 -1.33023998616 62.4466757778 -134.357513545 0
864 5.86021018028 50.349541 26.532036 1.0144485 37.4908723885 88.952330006 -1.38325939269 63.7309851034 -137.378542756 0
867 5.95473885536 51.518278 28.351001 1.0069992 41.4067281312 101.895787457 0.756173107985 74.2366422717 -14.3712764642 0
870 5.89788985252 52.642563 30.101924 1.0170679 35.5371926936 97.7956413347 1.70105638709 69.8214369653 39.1896535457 0
873 5.99100899696 53.80357 31.912095 1.0183648 35.397691885 99.2730892815 1.61202841034 69.83036517 34.0144193231 0
876 5.80026602745 54.946688 33.671099 1.0064723 35.0750699022 103.295503321 1.59591668426 72.4046882661 33.7726754761 0
879 5.76019191742 56.161659 35.476636 1.0152563 35.0655936556 105.330643197 1.71705599614 72.9700369638 40.2101606524 0
882 5.82178902626 57.333476 37.252395 1.017552 21.1001057311 71.7345655558 -2.58577986152 50.0187685502 153.54429215 0
885 5.79244589806 58.434052 39.044555 1.0099164 90.3507681018 65.5698874287 2.39736145464 41.5002412906 79.4947459369 0
888 5.82879900932 59.558673 40.733157 1.0155176 59.3111179048 107.343852128 0.390635634644 66.6111551395 -35.8030993087 0
891 5.75506281853 60.829575 42.673596 1.0256616 90.3401058476 69.7146131082 2.42838065193 40.0260919546 80.3698815179 0
894 5.82302308083 61.938983 44.298725 1.0235902 37.7500775818 114.127658365 1.59482276102 73.8998178634 32.7292148669 0
897 5.79976701736 63.08776 46.123861 1.0214801 35.0481802292 116.780475237 1.64232746141 76.0169400149 35.5719335304 0
900 5.87795996666 64.233274 47.872937 1.026201 123.317937785 83.5576482858 -1.33277739552 69.0246051359 -135.159506026 0
903 5.79177284241 65.367062 49.701179 1.0288308 15.2236659146 66.9727386675 1.90951401361 53.0345825318 50.4594312278 0
906 5.89117193222 66.47055 51.411163 1.0247772 64.1944097301 50.6477237746 0.936128208293 2.40076112495 -5.07921308289 0
909 5.85013198853 67.601685 53.206336 1.0345375 65.6991853232 53.1993746025 1.32599316709 1.90251241293 16.6991796395 0
912 5.77785611153 68.713633 54.989386 1.0321621 66.6530290013 55.8216754332 0.971442201734 2.22233987956 -3.47899390312 0
915 5.82034301758 69.889939 56.860516 1.0335194 67.857439724 58.7820990232 1.00238660718 2.79705820859 -1.78377763323 0
918 5.83326601982 70.97178 58.665246 1.0279054 69.0099284719 60.6137405785 1.06497021387 2.76504837945 2.12365740347 0
921 5.7567460537 72.083269 60.388926 1.0348295 68.7888057075 62.4935101295 0.994107033351 3.90931742684 -2.33322547036 0
924 5.81170201302 73.21006 62.180545 1.0389104 69.8595881376 64.0441877577 1.07480776961 3.83390480174 2.05676777401 0
927 5.79930305481 74.211219 63.966291 1.0279221 71.6377171348 65.0954110663 1.06633536908 2.81030674022 2.20091819557 0
930 5.81819009781 75.394113 65.876292 1.0355825 73.2056330718 66.3670180017 1.02029015803 2.24282331112 -0.876186653888 0
933 5.84616279602 76.475569 67.55587 1.0353462 73.984863216 69.4785120677 0.993134189803 3.14645321321 -2.41857002908 0
936 5.92843914032 77.652303 69.425792 1.0395167 75.2403340001 70.9695955213 1.01441095864 2.86372550514 -1.43845302149 0
939 5.79601216316 78.72098 71.209083 1.0347632 76.0254569318 72.4203989945 1.01059171655 2.9551871429 -1.38492398606 0
942 5.92173290253 79.923618 73.070281 1.0406815 77.7708203959 74.925804175 1.00007845711 2.84209496275 -2.32638299319 0
945 5.89393591881 80.886825 74.813727 1.0240856 78.0911068321 75.500959267 1.00349675842 2.87894568606 -1.17965372778 0
948 5.83260297775 82.003807 76.66259 1.0354781 79.7919354943 78.5392424431 0.980073822167 2.90072403892 -3.1744312868 0
951 5.82802295685 83.149971 78.458347 1.0359732 80.8520355218 79.8112186134 1.00225833387 2.66660253216 -1.93171953608 0
954 5.73772478104 84.209192 80.07724 1.046865 82.4002484182 81.3070553473 0.999533383704 2.18740089383 -2.71190185128 0
957 5.76178312302 84.421821 80.346791 1.1291589 81.9435140672 80.8673413551 1.11432064025 2.53238581687 -0.850169659158 0
960 5.79322314262 84.549549 80.462185 1.2384433 81.6238472419 80.7060371432 1.23660548773 2.93584649546 -0.105298886809 0
963 5.75531220436 84.477315 80.645515 1.377415 82.5309293508 80.2809763018 1.33178938647 1.98022866305 -2.61415509288 0
966 5.76417088509 84.491575 80.745704 1.5042297 81.5756753205 81.4308363507 1.48519302301 2.99530921257 -1.09072124776 0
969 5.77532911301 84.58151 81.604236 1.6242617 81.2274416103 80.8931724055 1.58507913096 3.42861286791 -2.2449958364 0
972 5.76788187027 84.52138 83.606555 1.6450761 81.6577798352 83.0559819223 1.64694603665 2.91604811652 0.107139477747 0
975 5.74620509148 84.450105 85.633891 1.6510189 80.7979193856 86.9397652425 1.62496947686 3.8786295646 -1.49252200472 0
978 5.79456996918 84.288283 87.799076 1.6553182 81.7321041138 88.1631829332 1.61636824526 2.58198070429 -2.23166801892 0
981 5.75315284729 84.219899 89.940013 1.6574582 81.1354520032 90.7769179912 1.61052239576 3.19596984346 -2.68922349125 0
984 5.76356506348 84.085061 91.960688 1.6559816 80.7838997503 92.5024218018 1.63907505436 3.34531629427 -0.96867371145 0
987 5.77338004112 83.972707 94.061302 1.6546883 80.2795052226 95.2287464438 1.62721357076 3.87332749685 -1.57418602885 0
990 5.79033207893 83.850194 96.236204 1.650278 80.1992986055 96.4632882344 1.67689546798 3.65795085142 1.52506857676 0
993 5.78544616699 83.742141 98.372522 1.653672 79.8917073569 98.9274227883 1.68145039542 3.89021260659 1.5915848191 0
996 5.83091807365 83.558608 100.37046 1.6603574 79.8507382422 100.90286514 1.62691231497 3.7458982066 -1.91626221755 0
999 5.78217983246 83.448658 102.54165 1.6520527 79.7640238009 103.143329437 1.6468252355 3.73343639651 -0.29951165335 0
1002 5.83079218864 83.308795 104.69204 1.6576029 79.5590654345 105.23971461 1.63072441655 3.78951438742 -1.54002366146 0
1005 5.79961299896 83.194681 106.76107 1.661421 78.6367976149 107.800993106 1.6637092694 4.67501240842 0.131108178871 0
1008 5.86221218109 83.066158 108.84686 1.6653468 78.6169571902 109.319161789 1.6700484357 4.47419901498 0.269383882345 0
1011 5.81780982018 82.920912 111.09751 1.6564676 78.3266750493 111.129775872 1.66678165454 4.59435025287 0.590951794955 0
1014 5.78693389893 82.798446 113.12029 1.6519674 78.4844301499 113.550291616 1.66288679116 4.33539319376 0.625635028461 0
1017 5.74233794212 82.725101 115.25424 1.6521864 78.7057837021 116.254411212 1.66486867677 4.14189014759 0.726640933425 0
1020 5.80607819557 82.605874 115.888 1.7134215 78.4852816516 117.455630682 1.6961412209 4.40871265319 -0.990087060954 0
1023 5.77649188042 82.650086 115.98425 1.8265292 78.6263978218 116.98154628 1.82859923197 4.14543923188 0.118604095602 0
1026 5.80206298828 82.697137 116.16336 1.9516157 78.1442743918 116.428804649 1.95066032812 4.56059412695 -0.0547387765984 0
1029 6.04461693764 82.611261 116.28116 2.0730733 78.4784565862 116.707748686 2.09219247203 4.15476235536 1.09544786519 0
1032 5.73881411552 82.517518 116.45008 2.1971216 78.2388591508 117.444569147 2.22063451052 4.39271330865 1.34719053676 0
1035 5.82041501999 82.418538 116.4581 2.3123831 78.6599830711 116.545236782 2.36821036735 3.75956486475 3.1986668008 0
1038 7.07344198227 82.414024 116.83182 2.4679277 78.6087741009 116.037200248 2.53041561457 3.88733164842 3.58029377561 0
1041 11.91614604 82.282962 116.94587 2.5874118 78.5694675043 117.288157164 2.6279753206 3.72923609776 2.32411853231 0
1044 11.8914949894 82.208722 116.96752 2.707272 78.9077762362 116.365211628 2.76077748426 3.35544606729 3.06563842889 0
1047 11.9124150276 82.043289 117.20312 2.8493508 78.2029422445 117.587858409 2.87251108509 3.85957081102 1.32698658777 0
1050 11.9251010418 81.832352 117.28824 2.9891727 78.1601116657 117.161544587 2.99949314158 3.67442523405 0.591317745124 0
1053 11.9011378288 81.142386 117.29523 3.0875315 77.1384903465 115.804685511 3.11893756583 4.27234166204 1.79943502332 0
1056 11.8203020096 79.131234 117.37152 3.1037602 75.5716799655 115.850013879 -3.11641152251 3.87109878465 3.61041245351 0
1059 8.65670704842 77.094643 117.50841 3.1079346 74.2607267552 115.336681555 -3.11898748365 3.57036212744 3.22364525005 0
1062 5.68095898628 74.899205 117.59033 3.115912 72.3218465853 116.272944485 3.14097355516 2.89452603935 1.4359213385 0
1065 5.77569818497 72.824078 117.69503 3.116944 69.4620689352 116.809526613 -3.12345260205 3.47666811753 2.45161221472 0
1068 6.00905680656 70.711208 117.83017 3.1174699 68.4373542515 116.580337676 3.13509428266 2.59470455113 1.00980274286 0
1071 6.17712211609 68.550781 117.88294 3.1169773 66.0924591282 116.869164885 -3.13932025665 2.65915144528 1.5405546259 0
1074 6.14067792892 66.454241 117.99143 3.11617 63.2156695864 117.000832246 -3.1410990445 3.38668402873 1.48489247227 0
1077 6.19021701813 64.352032 118.06903 3.1139299 61.1758884669 117.259819769 3.12887350546 3.27760719747 0.856205523332 0
1080 6.12096786499 62.204954 118.16997 3.1178991 59.546097 117.164327523 3.10400854413 2.84268136414 -0.795870226592 0
1083 6.26067900658 60.134729 118.2293 3.1166836 57.2120567488 117.490549581 3.11677588036 3.01459205685 0.00528727541297 0
1086 6.10931992531 58.034017 118.36643 3.1239361 54.8832312424 117.075570531 3.12993529646 3.40496241655 0.343728637816 0
1089 6.03916883469 55.858025 118.47896 3.1251128 52.3778705176 116.983618194 -3.13308179789 3.78781234199 1.43186216938 0
1092 6.0953578949 53.766425 118.55 3.1243401 50.4241021157 116.828719252 3.13174041224 3.75951189346 0.424006658575 0
1095 6.08597302437 51.628528 118.603 3.1187628 48.001574251 116.831326509 -3.13323477405 4.03653569966 1.78692548067 0
1098 6.1105298996 49.494235 118.64783 3.1200968 47.0841696095 117.562652516 3.12878633188 2.64310903266 0.497873502622 0
1101 6.07277202606 47.379245 118.80828 3.1260538 45.4085804578 117.317338055 3.1243116784 2.47111849597 -0.0998162149537 0
1104 6.09493494034 45.313934 118.87713 3.1250737 43.5242279722 117.645430393 -3.13874402257 2.17258638211 1.10968085721 0
1107 6.11570286751 43.229975 118.9845 3.131291 40.7770255638 117.868425941 3.13613617193 2.69491785446 0.277607902515 0
1110 6.02229380608 41.038059 119.03542 3.1300111 38.6558308198 117.491370447 -3.12689251198 2.83885542507 1.50583021366 0
1113 6.0869011879 38.877743 119.09254 3.1262084 35.8115011181 118.08649943 3.12542217323 3.22706630042 -0.0450474755142 0
1116 6.06466984749 36.866989 119.17866 3.1252668 33.8262002153 118.485302532 3.08295183805 3.11883648374 -2.42446872994 0
1119 6.12004685402 34.67231 119.25843 3.1314701 32.0133514495 118.44865959 3.0695000908 2.77953030037 -3.55061998373 0
1122 6.08080101013 32.567479 119.34722 3.1353596 30.898633644 119.028099584 3.06727883248 1.69908288854 -3.90074064517 0
1125 6.09660100937 30.502201 119.36971 3.1349527 26.8616931851 117.695262386 3.12457322672 4.00712764469 -0.594700012482 0
1128 6.08243083954 29.15421 119.31018 -3.13185 26.5313403419 117.929816809 -3.11898183875 2.96392438892 0.73729132967 0
1131 6.09247612953 28.938717 119.39146 -3.028318 26.9394572121 118.371084631 -3.00864819828 2.24459475047 1.12699662234 0
1134 6.11334490776 28.80706 119.32785 -2.9089456 26.6071472532 116.951883111 -2.88776481163 3.23802945462 1.21356978009 0
1137 6.12100982666 28.607415 119.34948 -2.7753086 26.5575283311 118.421931492 -2.7602188879 2.24997368639 0.864576817445 0
1140 6.28452920914 28.309413 119.3977 -2.6319404 26.297648543 117.048790503 -2.63701285791 3.09266423284 -0.290630429884 0
1143 6.13288211823 28.176965 119.31562 -2.5155106 26.2754991805 117.297033257 -2.49756822214 2.77313265114 1.02802252604 0
1146 6.1274869442 28.13257 119.1422 -2.3876282 25.7272278539 117.379633062 -2.34161944977 2.98199816419 2.63610720875 0
1149 6.06416106224 28.071656 119.10664 -2.2643471 26.6842096989 117.700178709 -2.27992271299 1.9756367587 -0.892416887777 0
1152 6.10317182541 27.847582 119.05477 -2.1225081 25.0848326666 118.182050497 -2.12915241191 2.89731310181 -0.380691030493 0
1155 6.17525410652 27.651134 118.95518 -2.0012288 25.4310139157 118.007546189 -2.04164265632 2.41390617638 -2.31554340076 0
1158 6.10314202309 27.585975 118.8068 -1.8653126 25.2073374698 118.273777767 -1.91250617444 2.43762778152 -2.70399263533 0
1161 6.20705103874 27.545652 118.66047 -1.7395281 24.5754717823 119.3094856 -1.76268784033 3.04026179376 -1.3269553756 0
1164 6.14863300323 27.426878 118.54472 -1.6078392 24.514144218 117.639704163 -1.62675142382 3.05009372816 -1.0835906062 0
1167 6.26459622383 27.408113 118.27266 -1.4907581 26.8290156189 117.1471442 -1.43834450518 1.26575653012 3.00307777212 0
1170 6.16386294365 27.619078 117.43976 -1.368489 26.4140435887 116.658398623 -1.42885457611 1.43618715125 -3.45869273888 0
1173 6.22060108185 28.00462 115.50954 -1.3464267 27.9250978265 115.522340679 -1.37230613586 0.0805458468635 -1.48278245074 0
1176 6.09144616127 28.352772 113.43776 -1.3439724 26.7062783725 113.113028999 -1.38712696961 1.67821079973 -2.47257470518 0
1179 6.06541013718 28.777386 111.37552 -1.3470791 26.3625455125 110.949871161 -1.40334704844 2.45206678421 -3.22391596736 0
1182 6.12043404579 29.292879 109.18718 -1.3487141 26.5599586305 109.935884662 -1.34290159366 2.83362178452 0.333032081412 0
1185 6.08792901039 29.664866 107.14961 -1.3582731 27.1961752827 107.685077579 -1.44027025054 2.52609568027 -4.69809065811 0
1188 6.13724517822 30.155372 105.1583 -1.3627181 27.5935996366 105.608327582 -1.43348964669 2.60100028197 -4.05491093485 0
1191 6.18439793587 30.584999 103.08809 -1.3538609 27.3348167269 103.915798582 -1.41823932941 3.35392103445 -3.68861229702 0
1194 6.13983821869 30.932942 101.04272 -1.3388863 28.6788883144 101.234846277 -1.38896763469 2.26222689483 -2.86944911012 0
1197 6.16298890114 31.46397 98.886394 -1.3633561 28.6483849106 99.004240851 -1.39388248432 2.81805026146 -1.74903298537 0
1200 6.06821322441 31.761459 96.890841 -1.3338862 30.3682251793 96.5975736652 -1.34254023142 1.42376480107 -0.49583947592 0
1203 6.0927131176 32.148779 94.808879 -1.340085 30.6950840924 94.6906595917 -1.35907599228 1.45849398792 -1.08810370648 0
1206 6.09102797508 32.63242 92.742465 -1.3409888 31.2460709599 92.1057836274 -1.34701705387 1.5255578754 -0.345393504526 0
1209 6.14852595329 33.223163 90.635151 -1.3443959 31.6440666403 90.8615848178 -1.30237411596 1.59524844058 2.40767087299 0
1212 6.09765315056 33.480467 88.544154 -1.3400822 31.4373268229 89.2640677862 -1.33408267849 2.16626352107 0.343747261482 0
1215 6.12593102455 33.996344 86.523674 -1.3537744 32.1175229016 86.0245753392 -1.32743192044 1.94398255984 1.50931290068 0
1218 6.20261907578 34.391099 84.502242 -1.3500462 32.7191511715 84.6988086147 -1.35825912189 1.68346309001 -0.470565761834 0
1221 6.1154050827 34.871654 82.311763 -1.3462417 32.5566187521 82.8019394499 -1.36095803746 2.36636031728 -0.843184026334 0
1224 6.35688185692 35.319079 80.358924 -1.358939 33.6379594736 80.6975903523 -1.33349880558 1.7148929297 1.45761577006 0
1227 6.1451048851 35.776446 78.250756 -1.3606991 34.3340541469 77.8951070756 -1.35247562092 1.48559093139 0.471170644158 0
1230 6.15947604179 36.167733 76.160289 -1.3496683 34.73335788 76.7989213674 -1.35423615424 1.57012206066 -0.261718769456 0
1233 6.12692093849 36.593873 74.026216 -1.3452321 34.8769192995 74.5150736474 -1.35290955626 1.78519237313 -0.439885841139 0
1236 6.16170096397 37.096668 72.068535 -1.358637 34.8826336534 72.2443691007 -1.38307110009 2.22100556483 -1.39997081158 0
1239 6.0994849205 37.456761 70.030489 -1.3570922 35.6065379398 69.8743301285 -1.3894467763 1.85680127251 -1.85378066978 0
1242 6.11052393913 37.942935 67.912468 -1.3598503 36.198684463 68.0098965907 -1.35836271933 1.746969452 0.0852320937976 0
1245 6.06430506706 38.381728 65.750541 -1.3597279 37.3712487248 64.9559931117 -1.37305375914 1.28544728107 -0.763515487067 0
1248 6.13712406158 38.78715 63.709446 -1.3638712 37.5742226544 63.4264971521 -1.33973836964 1.24549299329 1.3827093274 0
1251 6.09501791 39.284372 61.704874 -1.358189 37.8785667845 61.7814720162 -1.35871596752 1.4078904645 -0.0301930147974 0
1254 6.18896889687 39.616785 59.610797 -1.3616912 38.0753036905 59.8188276413 -1.36160757649 1.55545535941 0.00479127406841 0
1257 6.20234680176 40.0981 57.483375 -1.3627524 38.7296098447 57.9017229728 -1.35453117492 1.43100675447 0.471041499741 0
1260 6.1378569603 40.478176 55.366289 -1.371191 40.0968308691 56.4338997891 -1.31930724047 1.13367407386 2.97272044618 0
1263 6.13548493385 40.927924 53.368372 -1.3697355 40.4388095993 53.8732292576 -1.32018665283 0.702932249622 2.83893982256 0
1266 6.1320810318 41.311773 51.24524 -1.3687118 40.9992810934 51.6531528632 -1.35071833949 0.51385221189 1.03094934594 0
1269 6.12831997871 41.752813 49.127024 -1.3690442 40.7235874134 50.2972449041 -1.34648461384 1.5584358416 1.29256907438 0
1272 6.17919588089 42.124468 46.999249 -1.3746445 41.3512330094 47.8803199292 -1.34262505426 1.17225352761 1.83457910336 0
1275 6.11894392967 42.489069 45.000812 -1.3756167 41.8071614292 45.396243776 -1.38524822349 0.788266594855 -0.55184564615 0
1278 6.15395402908 42.919623 42.847052 -1.3693623 41.463284859 44.0592984174 -1.37655992347 1.89485148695 -0.412393447224 0
1281 6.16177201271 43.26925 40.76156 -1.3849404 43.231860313 41.7354793686 -1.36322187108 0.974636817065 1.24438004436 0
1284 6.19174098969 43.723057 38.666685 -1.382086 43.4890113688 38.6712585224 -1.33057722323 0.23409031293 2.95123551692 0
1287 6.15494203568 44.069109 36.638541 -1.3748634 44.4732055577 36.2977689407 -1.32629624859 0.528601574258 2.78269279904 0
1290 6.21925878525 44.48264 34.512889 -1.372972 43.7951097991 35.7815123957 -1.3712379825 1.44294944376 0.0993518841447 0
1293 6.2374818325 44.660959 33.544964 -1.3339999 44.5505578748 33.6098961578 -1.31296750886 0.128080418363 1.20506724545 0
1296 6.19315099716 44.654294 33.324157 -1.2074321 44.4032280638 33.6528308203 -1.19187305373 0.413594710405 0.891467684568 0
1299 6.20119285583 44.699557 33.107025 -1.0711259 44.9094548826 33.7208113163 -1.11969517781 0.648683870031 -2.78281463223 0
1302 6.21009302139 44.829945 32.953901 -0.95914547 43.905871877 33.8369010775 -0.94937733069 1.27812373172 0.55967315618 0
1305 6.22190499306 44.914184 32.826307 -0.82117543 42.6990443308 33.3352000137 -0.734884324003 2.27284312117 4.94411618316 0
1308 6.11325597763 44.932468 32.690373 -0.70238554 43.5907422696 33.0990942918 -0.794555333683 1.40259795733 -5.28094017664 0
1311 6.12780189514 45.019913 32.619075 -0.56167342 43.9040974367 34.2854449462 -0.729980763645 2.00545086419 -9.6433004519 0
1314 6.19540810585 45.164806 32.47066 -0.44585332 43.356924948 32.3355736739 -0.616602299691 1.81292090666 -9.78319589248 0
1317 6.15698719025 45.307079 32.373178 -0.30795343 43.7862115491 33.9644149415 -0.591687545373 2.20115260883 -16.2567673148 0
1320 6.06303596497 45.468859 32.25314 -0.19105128 42.8967770926 31.6659216693 -0.381258553467 2.63826281982 -10.8980740023 0
1323 6.11484599113 46.833289 32.057508 -0.10389315 44.4688710727 32.2930870595 -0.311285693753 2.37612491845 -11.8827174595 0
1326 6.20929503441 48.863767 31.868312 -0.084237935 47.7253071244 33.0817080453 -0.237766298433 1.66385722078 -8.79652726027 0
1329 6.21617698669 51.033972 31.691587 -0.08198003 48.7745836868 29.1182093725 -0.57499367406 3.42448652553 -28.247601047 0
1332 6.09293699265 53.111195 31.42619 -0.084122232 51.5036730663 32.9331975685 0.000526434964346 2.20345151501 4.85001135847 0
1335 6.09810805321 55.206155 31.249451 -0.082409142 53.8823391516 33.293915241 -0.0861419661356 2.43563594024 -0.213875068634 0
1338 6.10793304443 57.287235 31.07162 -0.080297126 56.6751939352 32.5908377344 -0.0767536775066 1.63786958869 0.203024643593 0
1341 6.08642482758 59.516372 30.847745 -0.092608556 58.6718597124 33.0981799846 -0.0192217112268 2.40367606466 4.20475647729 0
1344 6.10121512413 61.567611 30.670937 -0.091677002 60.5399696537 33.6634466483 -0.0601424490489 3.16404183467 1.80679679293 0
1347 6.02463984489 63.68279 30.502969 -0.089332225 63.4145687735 32.1360109042 -0.0765855490951 1.65492250189 0.730330732174 0
1350 6.14799499512 65.773678 30.270465 -0.081918863 65.2566965649 32.0597544147 -0.0702446466975 1.86247856733 0.668883323259 0
1353 6.06733608246 67.870787 30.052005 -0.080757136 67.3475455376 31.7040861032 -0.115349082164 1.73296093426 -1.98197252036 0
1356 6.1183412075 69.978421 29.855203 -0.080851998 69.3817122135 31.3777460108 -0.0689666041104 1.63529770851 0.680982907726 0
1359 6.04926991463 72.04312 29.748383 -0.089661546 70.2463826684 31.9833725824 -0.102984201697 2.86765469895 -0.763331943353 0
1362 6.10339093208 74.192216 29.503442 -0.097083695 72.5864761902 30.5760077919 -0.0857067135792 1.93100950661 0.651853019008 0
1365 6.02082490921 76.337484 29.313327 -0.092202589 74.9371189601 30.3661495776 -0.0943785057047 1.75198676507 -0.124670843754 0
1368 6.13609099388 78.469083 29.072242 -0.088851811 77.2004505719 30.3194792576 -0.104958408501 1.77905284193 -0.922840059104 0
1371 6.07195115089 80.508884 28.860474 -0.08148585 78.9870386145 29.9705076304 -0.0929841429954 1.88366346203 -0.65880366024 0
1374 6.17054200172 82.648681 28.706332 -0.092016755 81.2998879909 30.3539074823 -0.086019928098 2.12925985997 0.343592871955 0
1377 5.99205803871 84.803463 28.469695 -0.089914919 83.4811172272 30.5579151633 -0.0908325810955 2.47169209113 -0.0525781650937 0
1380 6.13991379738 86.909059 28.274418 -0.095059786 84.7844631321 30.273539996 -0.0550706070737 2.91725836309 2.29121117867 0
1383 6.07951807976 88.999768 28.069648 -0.093100738 86.9426775512 30.3483668584 -0.0692291235933 3.06988285611 1.36774275567 0
1386 6.12772989273 91.148907 27.8824 -0.087682683 89.8670463771 30.4408247152 -0.0546044884702 2.86159110986 1.89524094047 0
1389 6.09979510307 93.191686 27.680334 -0.085944106 91.0261941645 30.1017888117 -0.0565147964335 3.24850708708 1.68617523215 0
1392 6.09822010994 94.597595 27.536443 -0.026113958 93.4506108375 29.8071583367 -0.0485736529663 2.54395770585 -1.28684573072 0
1395 6.10139608383 66.734672 23.138609 0.64678418 94.5547061773 30.6554492798 -0.0478671647893 28.8176541276 -39.8005902895 0
1398 6.10168790817 41.954155 8.6979942 1.5862633 98.2559692208 31.4185508681 0.0212203596069 60.7134085673 -89.6703552413 0
1401 6.06052589417 40.498777 7.6026468 1.6671323 99.1440574744 31.0362695772 -0.00473533075088 63.1538090568 -95.7909591466 0
1404 6.13436603546 40.36551 9.5759073 1.6613912 101.669285307 31.065859642 -0.0117264731113 64.9613032396 -95.862581298 0
1407 6.07538318634 40.15753 11.693798 1.6450717 102.138899148 30.4917350194 -0.0177479312835 64.7692253903 -95.272546964 0
1410 6.19018006325 40.017928 13.779826 1.6578436 103.496536946 30.7434576441 -0.0258877267468 65.706153382 -96.4706988566 0
1413 6.18910813332 39.937066 15.922073 1.6651068 106.743219963 31.2860321463 -0.0205878290757 68.5500798544 -96.5831877939 0
1416 6.2548429966 39.75755 17.953862 1.6630734 105.552890326 30.912712482 -0.0090469108994 67.0593663442 -95.8054366526 0
1419 6.33098912239 39.645384 20.177858 1.663423 107.653665805 29.4195766724 -0.0193359259467 68.6333429038 -96.4149843947 0
1422 6.20326399803 39.526919 22.292671 1.6684735 111.722437214 32.334505477 0.0602642011142 72.8905432125 -92.1436053998 0
1425 6.33678603172 39.303781 24.413998 1.6572417 111.935400692 32.92102153 0.0809041801839 73.1281179052 -90.3174869736 0
1428 6.11723017693 39.21094 26.55624 1.6661167 116.041924657 34.3061373524 0.126656380134 77.2208593089 -88.2045790562 0
1431 6.07481193542 39.049874 28.673026 1.6660737 117.260972554 35.1569313067 0.122480811883 78.4794047193 -88.4413577755 0
1434 6.13444185257 38.816051 30.701859 1.6598041 119.67211781 34.9038226626 0.124108840753 80.9651779381 -87.9888569731 0
1437 6.07249903679 38.695572 32.853799 1.6647394 123.372039227 35.3658901274 0.0773897730211 84.7137220523 -90.9484342376 0
1440 6.1036658287 38.58982 35.008607 1.6723781 123.966461481 35.3564171951 0.057154637668 85.3773499379 -92.5454873621 0
1443 6.026004076 38.393816 37.160762 1.6689022 126.409876239 35.8746709234 0.118107239514 88.0254559214 -88.854006126 0
1446 6.14304018021 38.314928 39.264936 1.6781402 128.863905344 36.8510287056 0.161330671323 90.5811473017 -86.9067843184 0
1449 6.06877708435 38.042909 41.445131 1.6601298 130.587091327 38.5909167961 0.156076302305 92.588186186 -86.1759175798 0
1452 6.13415718079 37.893052 43.482766 1.6655679 136.136159486 27.9528129802 -0.0945619804981 99.4629961807 -100.848013547 0
1455 6.04592704773 37.737395 45.529248 1.6663309 138.236954464 27.3727772007 -0.0920149938171 102.126484735 -100.74579864 0
1458 6.12729310989 37.667375 47.706088 1.6735516 140.83175861 26.7095872415 -0.0966363151223 105.279357377 -101.424296482 0
1461 6.09330821037 37.411337 49.793915 1.6717816 142.466581552 26.0613645482 -0.137161266873 107.70254574 -103.644791652 0
1464 6.14447212219 37.208006 51.943854 1.66906 138.019949587 37.6623848393 0.0889884261508 101.81850682 -90.5314325101 0
1467 6.07664012909 37.03196 53.963531 1.6741645 140.869445397 38.878816561 0.256137128834 104.927460577 -81.2469836018 0
1470 6.25290799141 36.983983 56.143126 1.6856298 27.2476422784 118.926173508 1.67056202302 63.5335138734 -0.863320027392 0
1473 6.16367793083 36.720012 58.206076 1.6746777 82.7577134176 65.0234629387 2.5915616416 46.5397326645 52.5335801569 0
1476 6.23069500923 36.536888 60.398002 1.6787317 33.7637422768 58.6425790513 1.68723358422 3.28204919692 0.487122083956 0
1479 6.14023399353 36.401835 62.417273 1.6766351 94.8567451766 16.6012310759 2.51427398295 74.2703589687 47.9931727489 0
1482 6.11640286446 36.239068 64.615141 1.6886647 33.0304062981 64.2177784497 1.66480568381 3.23317288642 -1.36702093114 0
1485 6.15311312675 35.99676 66.655908 1.678851 33.1795479538 65.4120276417 1.68970215825 3.07959771059 0.621725570558 0
1488 6.07787585258 35.830181 68.859683 1.6854848 33.9298233863 68.9185529063 1.70061375688 1.90126924071 0.866825377612 0
1491 6.16716098785 35.575227 70.898859 1.683738 32.6312295417 70.3886229179 1.64124088118 2.9878858569 -2.43490555009 0
1494 6.14461898804 35.463169 73.006353 1.6935188 33.4711721614 72.7322126086 1.69728113508 2.01077208041 0.215565921022 0
1497 6.17115497589 35.205801 75.07321 1.6913976 31.9344192537 74.593371828 1.73481335785 3.30638521673 2.48753968892 0
1500 6.21092295647 34.978045 77.287591 1.6912075 31.4676843074 75.7077046793 1.71466650966 3.84950295216 1.34410224492 0
1503 6.1558470726 34.814043 79.320098 1.7000185 31.0686019707 78.774628224 1.72749930805 3.78495254666 1.57453431903 0
1506 6.06934094429 34.580736 81.372215 1.6970036 31.1042761789 80.8141932298 1.70104499316 3.5209602644 0.231554771495 0
1509 6.16775798798 34.345965 83.441951 1.6955247 30.6151216651 83.5238962746 1.70603949231 3.73174316076 0.602453221941 0
1512 6.18098497391 34.142398 85.698773 1.7034669 29.8158480732 84.8757235426 1.73087536333 4.40413949357 1.57038927181 0
1515 6.08412599564 33.910208 87.748137 1.7016389 30.6030293621 87.6580895312 1.67274805803 3.30840431171 -1.65532331157 0
1518 6.0742650032 33.670818 89.737713 1.6967853 30.252061174 89.7944196146 1.68136746382 3.41922708743 -0.883376942163 0
1521 6.10717487335 33.472926 91.900649 1.7056804 29.9314549336 91.9980365181 1.68519797571 3.54280985137 -1.17355646626 0
1524 6.07793402672 33.217902 94.036516 1.7078464 29.9855165891 93.5561465916 1.68713126528 3.26788466948 -1.18688979137 0
1527 6.0089468956 33.034075 96.178482 1.7177188 28.244543443 96.0846253918 1.7012000131 4.79045108509 -0.946456771959 0
1530 6.10272979736 32.713254 98.174723 1.7080491 27.7928069054 97.2351574849 1.71168618897 5.0093495554 0.208389847598 0
1533 6.09523487091 32.45653 100.24821 1.7068362 27.7576696558 99.6421322669 1.72941151264 4.73778627137 1.29347013544 0
1536 6.05517601967 32.217075 102.39435 1.7082962 27.9922648207 101.974487789 1.70086366254 4.2456219011 -0.42585302759 0
1539 6.02935385704 31.955228 104.48204 1.7110577 27.8172819226 103.379443655 1.69835971415 4.28232605482 -0.72754099764 0
1542 6.06464004517 31.741377 106.6002 1.7198575 27.9593513566 105.365921725 1.67951091398 3.97833643971 -2.31168909677 0
1545 6.02733898163 31.439656 108.68741 1.7105287 27.5400280273 108.122767865 1.67291288107 3.94029428681 -2.15522766746 0
1548 6.08422207832 31.216018 110.75498 1.7177022 27.4374994661 110.802144653 1.67711333146 3.77881288448 -2.32557086234 0
1551 6.10456299782 30.916985 112.90957 1.719675 27.1495510106 112.762641268 1.6948646691 3.77029798784 -1.42152724866 0
1554 6.0748770237 30.668641 114.94646 1.716506 27.5203190608 114.348389378 1.67311094275 3.20462470525 -2.48635363215 0
1557 6.1207048893 30.419865 117.12266 1.716223 27.3604892745 115.64453609 1.678022119 3.39773897235 -2.18874925508 0
1560 6.12871384621 30.132888 119.21343 1.725557 26.430174136 117.556597838 1.72164467691 4.05649883177 -0.224159601011 0
1563 6.13299798965 29.88258 121.34383 1.72867 26.0865850944 119.744232284 1.70976225229 4.11925844982 -1.08333414379 0
1566 6.09248614311 29.981486 120.5055 1.7055843 25.4074817431 119.7526844 1.68836688937 4.63554163712 -0.986484963213 0
1569 6.07145905495 30.170653 118.4575 1.6900862 27.2854098647 117.959253927 1.71125201525 2.92794759153 1.21271188357 0
1572 6.13802981377 30.502618 115.6086 1.6745202 28.0818452031 115.20110048 1.6925567108 2.45483131654 1.03341594611 0
1575 6.11783695221 30.699806 113.48782 1.6738205 26.7667153112 111.879541404 1.65305202018 4.24920726817 -1.18994624071 0
1578 6.16488194466 30.8492 111.36091 1.6697397 27.8553344392 111.213384886 1.67366532161 2.99749806599 0.224921550148 0
1581 6.17891097069 30.973164 109.37107 1.6787837 27.6569994597 108.544342527 1.68095457363 3.41766375942 0.124381896763 0
1584 6.06626391411 31.204408 107.09871 1.665475 28.0747065439 107.251753457 1.71531109639 3.13344116013 2.8553979908 0
1587 6.21004486084 31.322843 104.96751 1.6587885 27.678859205 105.396658135 1.66645929521 3.66916693818 0.439504191117 0
1590 6.13312506676 31.457099 102.91722 1.6541397 27.6553238938 102.70973459 1.65519896754 3.80743275101 0.0606915596423 0
1593 6.18045902252 31.546684 101.34427 1.631357 28.6004641448 101.74772123 1.66719567923 2.9737155766 2.05340506303 0
1596 6.2114109993 31.536552 101.09899 1.5279681 28.8794741669 102.246460803 1.59379841905 2.89426188407 3.77179944543 0
1599 6.19059514999 31.522716 100.84711 1.3818466 28.1154350422 101.83765726 1.45160880792 3.54834431806 3.9970800831 0
1602 6.1576051712 31.33472 100.81397 1.2437751 27.8757202546 102.218093686 1.29758710359 3.73312771856 3.08320069296 0
1605 6.12366890907 31.335612 100.76499 1.1262837 28.4925638312 102.028391438 1.2149844201 3.11112617596 5.08217690177 0
1608 6.14394497871 30.238332 99.003137 0.9296569 28.222377065 100.720756096 1.04900426807 2.64845042596 6.83810048618 0
1611 6.1688849926 28.772289 97.32743 0.78863198 25.6922446623 99.4395426178 0.815402703652 3.73466100633 1.53384947976 0
1614 6.07774114609 27.005154 95.945316 0.6582802 24.6875968087 97.2098419819 0.72311988767 2.64009418274 3.71504044843 0
1617 6.14837503433 26.209553 95.323497 0.64585939 24.1555940769 95.7692916009 0.715709043428 2.10178021784 4.00209034189 0
1620 6.01361298561 26.225548 95.299359 0.74214735 24.339106514 95.1409794897 0.789553971968 1.89307832631 2.71619935976 0
1623 6.06932997704 26.287241 95.304851 0.87876564 24.0903783002 94.90378992 0.916059487516 2.23317167086 2.13678006447 0
1626 6.01986503601 26.503119 95.525486 1.0159202 24.1282814802 94.138433223 1.12291363172 2.75023065424 6.13027207345 0
1629 6.10038399696 26.584147 95.637624 1.1414331 23.86187316 94.6858261502 1.22985525034 2.88386789 5.06621602969 0
1632 6.13019800186 26.62792 95.717086 1.2595284 24.710844287 95.8813116323 1.31823638326 1.92409702137 3.36371966446 0
1635 6.0588889122 26.756174 95.797181 1.3910555 23.6860388435 96.521255064 1.42982946906 3.15436414028 2.22158478232 0
1638 6.14385890961 26.381693 93.77201 1.3952992 23.0071610704 93.4201133323 1.45588154128 3.39283023571 3.47111246854 0
1641 6.36309409142 26.011804 91.856332 1.39866 22.9717999057 92.712646581 1.46545500211 3.15830643775 3.82707171335 0
1644 6.15998196602 25.609249 89.727224 1.3968171 22.8962641615 90.0183796623 1.47006283342 2.72856342303 4.19667139251 0
1647 6.1278128624 25.2462 87.568251 1.3940659 22.662015808 87.447869519 1.45165418 2.58698659427 3.29956539355 0
1650 6.10426402092 24.820481 85.505592 1.4017015 22.1713413442 84.7861374919 1.45197244571 2.74509666595 2.88031302115 0
1653 6.11597299576 24.493958 83.448062 1.398475 21.1790098879 84.5225974514 1.44462807935 3.4847535669 2.64437665829 0
1656 6.14390206337 24.080092 81.345956 1.3962744 21.2703513168 81.36723624 1.47241382925 2.80982126755 4.36246795078 0
1659 6.06198501587 23.622432 79.208855 1.3888608 20.6387161265 78.7656782076 1.46954890815 3.01644925086 4.62308805362 0
1662 5.75639104843 23.236261 77.182266 1.3737053 19.7285411297 77.6071796928 1.41623974779 3.53336246864 2.43704434229 0
1665 5.77291798592 22.741503 75.111069 1.3685019 19.9923698695 75.681159601 1.44004698296 2.8076211038 4.09923129826 0
1668 5.81858706474 22.23837 73.007777 1.3690406 19.4199700392 72.7888946614 1.44411057223 2.82688659437 4.30119257698 0
1671 5.73847579956 21.796618 70.8705 1.3677106 17.363504371 71.7605239233 1.36257806914 4.52157483978 -0.294072356537 0
1674 5.76894688606 21.306705 68.900927 1.3588762 19.1515748796 69.3430132916 1.43180877446 2.20000593748 4.17872870533 0
1677 5.81256914139 20.800373 66.796896 1.3509317 20.3678186761 67.0833807184 1.48733292119 0.518822452356 7.81521429481 0
1680 5.83055710793 20.180988 64.758154 1.3339286 20.4942475076 65.8374084685 1.49881806512 1.123797903 9.44747043754 0
1683 5.77623295784 19.716632 62.635567 1.3210663 18.2331253031 63.645292052 1.42493538509 1.79452968784 5.95126019734 0
1686 6.0702149868 19.127208 60.642471 1.320188 17.6675564802 61.0479857419 1.47544302165 1.51493391444 8.895457489 0
1689 5.79463505745 18.573484 58.538556 1.3117791 16.4460070628 58.7022677206 1.40187172114 2.13376653966 5.16192695669 0
1692 5.96850895882 18.03732 56.562177 1.3046299 17.1500613634 56.4441211004 1.43946530209 0.895078255579 7.72549946865 0
1695 5.79874587059 17.470308 54.449011 1.30616 16.5954047975 54.5597246103 1.42579008543 0.881880443843 6.85429899799 0
1698 5.78479599953 16.865167 52.414515 1.2995721 14.6835304589 52.4650268008 1.38056332461 2.18222121685 4.64045534781 0
1701 5.76575899124 16.322269 50.452679 1.2871313 14.9386024778 50.9145473651 1.4030519315 1.45871704979 6.64176294328 0
1704 5.80758500099 15.679585 48.421133 1.2791916 14.2265303139 48.741220771 1.3718110345 1.48789250346 5.30670269763 0
1707 5.77095007896 15.049517 46.343459 1.2810584 14.1704040121 46.0677206708 1.38757689903 0.921342103467 6.10306043431 0
1710 5.76976799965 14.370513 44.264129 1.2685694 13.2129383203 44.5854926596 1.3587964275 1.20135496036 5.16962787373 0
1713 5.75904989243 13.728985 42.398373 1.2622613 13.2050009677 42.2100744637 1.38508298852 0.556790449732 7.03716438502 0
1716 5.77419996262 13.116178 40.310007 1.2578142 13.0770756775 40.2902995451 1.40255179779 0.043787845388 8.29285349001 0
1719 5.79083704948 12.482531 38.460523 1.239848 12.59178559 39.0595210046 1.34892669081 0.608880263242 6.24974861849 0
1722 5.76842284203 12.331027 38.238303 1.1567887 10.3244603317 37.988851278 1.2185940627 2.02201284758 3.54118643376 0
1725 5.74925088882 12.263795 38.100898 1.043782 11.3435823007 37.6092929662 1.1367162396 1.04329618096 5.32473970118 0
1728 5.79107880592 12.231882 38.075858 0.90529637 11.4199093921 37.6419993482 1.02051638946 0.920615471104 6.60162083029 0
1731 5.80920290947 12.170047 37.918491 0.7605547 11.0250925262 37.6623182174 0.903354318345 1.17326264815 8.18181544723 0
1734 5.77713489532 11.9457 37.868652 0.60051086 11.5810560833 37.3873257675 0.755656168494 0.60385439311 8.88917138795 0
1737 5.7589738369 11.861848 37.85602 0.47073445 11.872016792 38.0689025053 0.657289781847 0.213125234061 10.6888331605 0
1740 5.76360297203 11.68598 37.868337 0.32347919 11.7968442052 37.5302662204 0.485589797829 0.355784659597 9.28825364291 0
1743 5.79182291031 11.634663 37.834152 0.18688423 10.8289534594 37.5286943421 0.211357701771 0.86166829147 1.40222664249 0
1746 5.7719399929 11.546787 37.799316 0.059161186 11.3443156762 37.6936874225 -0.0108492992111 0.228368196939 -4.01130532426 0
1749 5.77402305603 11.461332 37.784444 -0.088384018 12.935136966 37.5149561659 -0.0716921885229 1.49824055827 0.956371381387 0
1752 5.81467485428 11.353119 37.809133 -0.22428348 12.6215255586 37.7963851787 -0.159316387196 1.26847061649 3.72234022493 0
1755 5.83930492401 11.259101 37.929753 -0.36642208 11.0921000374 37.9537966399 -0.185316633001 0.168722903355 10.3765777599 0
1758 5.8099501133 11.22919 38.083377 -0.50941267 13.1859295058 39.2810850994 -0.358232434357 2.29419575995 8.66198944815 0
1761 5.8199031353 11.185129 38.110347 -0.64618684 12.3217725468 37.7911300055 -0.345021493657 1.18061765276 17.255503281 0
1764 5.75105381012 11.588805 37.741111 -0.76036767 11.8129073686 37.4199619959 -0.741269935712 0.391610207259 1.09421957298 0
1767 5.82102608681 13.063467 36.224873 -0.77289998 12.6671350438 37.2708484897 -0.788245321069 1.11854536987 -0.879223278421 0
1770 5.8133919239 14.493375 34.807156 -0.77803694 14.3006714837 34.7219116008 -0.682890411566 0.210716047755 5.45149451457 0
1773 5.76968288422 15.892318 33.28564 -0.77023756 16.129193796 34.1105970453 -0.788415387028 0.858291482721 -1.04151276945 0
1776 5.79244804382 17.405154 31.857105 -0.77891679 17.4077792527 32.2316645154 -0.751631556485 0.37456871536 1.56332872344 0
1779 5.86365008354 19.008966 30.381332 -0.78385491 18.8518100139 30.7435499906 -0.755162658442 0.39484158428 1.64394491902 0
1782 5.88792419434 20.517371 28.856906 -0.78454873 20.3486666823 28.7793476035 -0.749315009073 0.185678355459 2.01874350564 0
1785 5.80835294724 22.037399 27.308602 -0.78653789 21.8902024974 27.3737292995 -0.761808090909 0.160960788759 1.41691311612 0
1788 5.79201483727 23.470866 25.802264 -0.78746834 23.8804796959 25.9097003669 -0.778784813632 0.423468951404 0.497529412168 0
1791 5.79049396515 25.030138 24.239515 -0.79252133 25.1457367487 24.6452678484 -0.800338537629 0.421898618973 -0.447893004698 0
1794 5.77079892159 26.508975 22.80392 -0.79210599 26.3258173964 23.2844281669 -0.751698578298 0.514232249296 2.31517415155 0
1797 5.80245995522 27.961008 21.312251 -0.79564812 27.9220000456 21.3684251034 -0.775921483945 0.0683896951046 1.13025298997 0
1800 5.79748415947 29.36401 19.750057 -0.78815021 29.1998849786 20.600331527 -0.801610586734 0.865969857423 -0.771222777512 0
1803 5.81176114082 31.016391 18.179875 -0.79578372 30.849278684 18.9946812305 -0.782762040417 0.83176662561 0.746087282261 0
1806 5.79897403717 32.405165 16.663972 -0.79079715 32.0667335004 17.5965491985 -0.793218192949 0.992086745769 -0.138715543022 0
1809 5.78377389908 33.875627 15.226881 -0.79213801 33.6164230039 15.1609574677 -0.797624330861 0.267455835032 -0.314343030391 0
1812 5.80493211746 34.400964 14.714584 -0.72873329 33.3674984919 14.9420685831 -0.767015199329 1.05820611982 -2.19339183624 0
1815 5.78672599792 34.541831 14.529671 -0.59347242 33.4742765151 14.2194063955 -0.680144942775 1.11172690126 -4.96596975475 0
1818 5.80181884766 34.648846 14.435796 -0.47955783 33.890477002 15.1640042947 -0.509771388554 1.05138520895 -1.7311093892 0
1821 5.80736804008 34.668797 14.324629 -0.34405458 34.1746870223 15.3388007483 -0.410181377462 1.12813518921 -3.78878640729 0
1824 5.76424908638 34.864126 14.20779 -0.22615765 34.7587120863 14.8592777427 -0.224922537801 0.659960886756 0.0707667162398 0
1827 5.82458996773 35.017605 14.088235 -0.094353638 35.0548452797 15.4501035073 -0.154176688517 1.36237757965 -3.42760831221 0
1830 5.89012598991 36.599142 14.0692 -0.022879679 37.6989048431 14.9944282982 -0.107249128843 1.43719369428 -4.83401339582 0
1833 5.81851887703 38.63985 14.009333 -0.014813302 38.7846920168 14.965356846 -0.0603826800992 0.966933712269 -2.61093304012 0
1836 5.73759293556 40.768535 13.925491 -0.0089087199 39.8552317883 15.0868152297 -0.0723004936174 1.47742909238 -3.63208108985 0
1839 5.74833798409 42.905865 13.952369 -0.011506708 42.2788505474 14.9324065964 -0.0525427562312 1.16345211083 -2.35119237154 0
1842 5.76550102234 45.04117 13.838962 -0.010052037 44.8045093466 14.4684146541 0.00233503511176 0.672472236344 0.709726952528 0
1845 5.78007388115 47.095509 13.764363 -0.008210261 46.2157712751 15.2662996112 -0.0210761153039 1.74061829494 -0.737159151445 0
1848 5.7680170536 49.256947 13.750747 -0.012245698 48.4548205182 15.0475682185 -0.000885476320512 1.52484496441 0.650892756568 0
1851 6.06535005569 51.347189 13.680192 -0.017629817 50.9188485038 15.3842814275 -0.0240563544987 1.75709884682 -0.368213475559 0
1854 6.16372299194 53.510554 13.649042 -0.0075411209 52.2995099593 14.9757749616 -0.0015258493579 1.79634295723 0.344649671988 0
1857 6.13471102715 55.608657 13.581194 -0.0077936973 54.9787492176 14.8460678592 0.0226680124755 1.41304270773 1.74532740689 0
1860 6.1468129158 57.666716 13.591636 -0.01411162 56.893372376 15.1192659265 0.0200409638287 1.71222473789 1.95679891285 0
1863 6.11532592773 59.905766 13.533857 -0.012519778 59.0921663027 15.3571722526 -0.004748482456 1.99660285936 0.44526243602 0
1866 6.24748301506 62.027534 13.447994 -0.021676244 60.9497446087 15.2391119372 -0.000656132484108 2.09039073783 1.20436367475 0
1869 6.06929397583 64.181261 13.371995 -0.025327169 63.3859777622 15.2087499849 0.00355118701267 2.00153548625 1.6546079188 0
1872 6.13026118279 66.241252 13.310079 -0.024907545 65.4410289133 14.9443007821 -0.00050874012008 1.8196257367 1.39794854478 0
1875 6.08251595497 68.444119 13.24669 -0.026304862 66.7398073091 15.2249454737 -0.00171121509444 2.61116316211 1.40911217052 0
1878 6.23605394363 70.49734 13.123327 -0.017605166 69.0050836685 15.1610530972 -0.00662170288424 2.52569923109 0.62930608097 0
1881 6.09899187088 72.634932 13.039101 -0.019360635 71.8196563405 15.2163261138 -0.0149710974383 2.32486205985 0.251501976297 0
1884 6.21739912033 74.720419 12.994859 -0.019347658 73.6047962795 14.6817723046 -0.00140745579014 2.02244667464 1.02789787024 0
1887 6.05015802383 76.914825 12.90632 -0.036038761 76.1327000671 15.278806735 0.0105716550846 2.49808180777 2.670580123 0
1890 6.10815906525 79.004774 12.78569 -0.032634565 77.9597997015 15.2222863897 0.0126455152564 2.65122108679 2.5943574947 0
1893 6.1274330616 81.177999 12.691712 -0.029848436 80.8859797369 15.1084116726 -0.000359029735266 2.43427865244 1.68961851932 0
1896 6.14480996132 83.222919 12.597068 -0.02122413 81.7778933432 14.5910907125 -0.0108012343808 2.46256486753 0.597187929287 0
1899 6.1387720108 85.390174 12.538762 -0.021700441 84.4876324619 14.9212759025 0.00390998941151 2.54773501828 1.46736957409 0
1902 6.15406918526 87.449986 12.512039 -0.030894579 87.2544215052 14.7953298789 0.0062620332017 2.2916506517 2.12891706016 0
1905 6.11313509941 89.572355 12.414566 -0.034322832 88.1363892203 15.1841347152 0.0186906702574 3.11969687452 3.03744993656 0
1908 6.14610409737 91.713838 12.339838 -0.030338307 90.5622212328 15.0503900998 0.0120959506514 2.9450490428 2.4313038702 0
1911 6.12414097786 93.866625 12.234111 -0.027880568 92.8542220805 14.8631026764 -0.00357295510851 2.81718954028 1.39272362872 0
1914 6.0938680172 96.027017 12.118277 -0.016096141 95.6205699053 15.1811154647 -0.00948837254304 3.0896890947 0.378597244583 0
1917 6.12939596176 98.003729 12.063433 -0.023465033 97.0889016695 15.2059075813 -0.000141587873495 3.27292767082 1.33633496945 0
1920 6.13831496239 100.1865 11.996018 -0.023536261 98.7732660889 15.1276148812 0.00646302101386 3.43571377062 1.71883224782 0
1923 6.12350201607 102.26857 11.921444 -0.023061579 101.984706915 14.9894980208 0.0104823147834 3.08115785469 1.92192354222 0
1926 6.09470200539 104.50291 11.810699 -0.022632517 104.40709291 15.0471499664 0.0232274002388 3.23786901717 2.6275797066 0
1929 6.10823893547 106.528 11.779433 -0.025937223 105.687688788 15.335372018 0.0192457128862 3.65387810868 2.58879153229 0
1932 6.13791298866 108.61821 11.737233 -0.017267816 108.386831252 14.7936014996 0.00173202950259 3.06511411372 1.0886109587 0
1935 6.12422800064 110.65428 11.638117 -0.015586443 109.573084139 15.3583672301 0.00300644436923 3.8741768499 1.06529397522 0
1938 6.0668900013 112.94226 11.558687 -0.011710616 111.176384096 15.1800813612 0.00179225453227 4.02899675182 0.77365749281 0
1941 6.1386089325 114.89636 11.528856 -0.01668203 114.035297817 15.2029789883 0.00688230039275 3.77367298743 1.35013667856 0
1944 6.14015007019 117.03777 11.494892 -0.018548407 116.740237649 15.2755777754 0.0123658058372 3.79237530213 1.77125392254 0
1947 6.13453388214 119.07747 11.406331 -0.016261061 118.140078006 15.150936191 0.0185804918118 3.86015178299 1.9962739278 0
1950 6.10934495926 121.291 11.334615 -0.012126455 120.274210116 15.2522260109 -0.0111555025911 4.04741123448 0.055631475138 0
1953 6.11658501625 123.43737 11.229443 0.0013807468 122.744110648 14.9843189906 0.0222364735856 3.8183376269 1.19494512349 0
1956 6.19110107422 125.58554 11.258252 -0.0049853053 124.385510441 15.1688368257 0.0161628565239 4.09056776287 1.21170041697 0
1959 6.11441493034 127.50849 11.183265 -0.012828209 126.492811004 15.0645336272 -0.000218834151349 4.0119633572 0.722463961126 0
1962 6.0489051342 130.28779 11.390648 -0.01314096 128.754081209 15.1466249246 -0.00177867459016 4.05704637795 0.651010999607 0
1965 6.13675785065 132.78769 11.256475 0.0084755214 131.016323788 14.5092681892 0.00843109371058 3.70383609078 -0.00254551909746 0
1968 6.0751888752 125.9239 10.596074 0.27888777 132.873758616 14.630186376 0.00449916738462 8.03583209442 -15.7213088764 0
1971 6.09354615211 93.936275 13.265891 0.84250578 133.358410019 14.3688274276 0.0267889559902 39.4375607537 -46.7371312936 0
1974 6.18344187737 59.212281 6.4432491 1.3602712 133.279777983 15.5077604871 0.0294133660646 74.6201010184 -76.2525370164 0
1977 6.1461789608 41.747696 3.5851691 1.5088422 138.114611211 13.268949807 -0.00487933584097 96.8522480692 -86.7298553617 0
1980 6.09043288231 40.889782 2.6549702 1.6071612 138.740250786 12.7399409665 0.00318780993506 98.3688003235 -91.900905702 0
1983 6.1262409687 40.408125 3.8011614 1.6070032 39.7619540886 87.618856498 -1.30397893953 83.820185805 -166.786990833 0
1986 6.15613913536 40.388712 5.5337894 1.5172855 27.179100486 92.9651643371 -1.58809708156 88.4236346219 -177.925315697 0
1989 6.14390206337 40.44034 7.6724587 1.5542124 68.9893612264 102.695606274 0.309270256015 99.2191775208 -71.3299305883 0
1992 6.13032412529 40.554207 9.7439313 1.5604739 34.8033238944 110.73255073 -0.692256749556 101.152231369 -129.071958599 0
1995 6.07512903214 40.580821 11.876658 1.5652859 103.607681923 51.1214657275 2.38860404422 74.2464822826 47.1726548606 0
1998 6.0722489357 40.665042 14.024391 1.567666 33.1487152851 92.9711850388 -1.00422070271 79.3037921937 -147.358253451 0
2001 6.06785106659 40.771617 16.174621 1.5548315 32.6618049849 77.8837353169 -1.89614988879 62.2397287968 162.273331244 0
2004 6.10651707649 40.847233 18.25792 1.5551713 56.7040581118 78.5107613581 -0.200334942189 62.304444419 -100.583098586 0
2007 6.10883402824 40.88758 20.352438 1.5597309 28.5056256905 80.1427278108 -2.22334477657 61.0589186621 143.245730154 0
2010 6.11449384689 40.971014 22.508388 1.5678505 63.0584507267 118.167800822 2.26474848663 98.1762604842 39.9293133852 0
2013 6.07090902328 41.044823 24.54743 1.5705547 134.303613245 43.3403779394 0.198789205742 95.1334686119 -78.5963733027 0
2016 6.08261108398 41.105608 26.696222 1.5717508 109.982776527 84.658332245 1.88145069457 90.0203897367 17.7444968745 0
2019 6.11212015152 41.160404 28.869777 1.5672714 107.641056665 87.6415239287 1.89570364064 88.7344094242 18.8177812446 0
2022 6.1472568512 41.204205 31.003136 1.5608691 109.382119923 84.9539635694 2.01329367589 86.9420489676 25.9220187465 0
2025 6.12962293625 41.244227 33.116661 1.5660557 38.9858888822 31.9557441313 1.54435370063 2.53925560557 -1.24343297067 0
2028 6.1168179512 41.277887 35.228156 1.5643441 58.3958513896 133.76572066 1.94863294822 100.013380874 22.018129117 0
2031 6.11061000824 41.31792 37.33529 1.5797774 38.8130513004 36.357547518 1.86081574336 2.68893056123 16.102310956 0
2034 6.0650370121 41.419072 39.474789 1.5713492 38.9192978544 38.7445571498 1.60824914605 2.60424832418 2.11421117289 0
2037 6.0787460804 41.429937 41.518923 1.5745722 39.7336350357 41.681939004 1.60069475356 1.70411694781 1.49671206909 0
2040 6.08236885071 41.494048 43.684079 1.5737379 38.3557055067 42.9781188366 1.61901696094 3.21676442371 2.5942990919 0
2043 6.10294294357 41.508319 45.798644 1.5762653 39.2056764362 45.6868484559 1.62080271843 2.3053548578 2.55180610666 0
2046 6.12061095238 41.512588 47.943477 1.5772604 39.1326237924 48.1034178361 1.61200461419 2.38533240882 1.99069683568 0
2049 6.09644603729 41.583607 50.107906 1.5744728 39.5510703822 49.9694886289 1.58050353215 2.03724433279 0.345535499523 0
2052 6.10363602638 41.632502 52.265699 1.5728612 38.6952909843 51.7850882773 1.57151929604 2.9762720335 -0.0768854333298 0
2055 6.08772587776 41.660201 54.305408 1.5732479 39.5222453972 54.5056339577 1.6020824952 2.14731101468 1.65210060916 0
2058 6.10731291771 41.689009 56.508616 1.5685378 39.371013261 57.0182176912 1.58345893721 2.37335166583 0.854918187527 0
2061 6.06290411949 41.794127 58.57462 1.5657057 39.3555957489 58.1360808762 1.60782647829 2.47765034368 2.41334282564 0
2064 6.09152603149 41.856016 60.76704 1.5641567 38.9205973911 60.3418129211 1.59369163309 2.96605807058 1.69222701418 0
2067 6.07367682457 41.858156 62.785084 1.5639758 39.0183822602 63.1452799794 1.58632373893 2.86252616348 1.28044258157 0
2070 6.08095312119 41.958088 65.023529 1.5767642 38.7301882958 64.3213785244 1.57986751518 3.303384899 0.177806862087 0
2073 6.0761590004 41.99726 67.044355 1.5737097 39.2866910157 66.488059397 1.57530702897 2.76706505461 0.0915202083544 0
2076 6.09009504318 42.044947 69.102812 1.5759217 38.8933677538 68.9381431702 1.60446801571 3.15587825633 1.63558341081 0
2079 6.08574914932 42.097902 71.261122 1.5727544 38.8016679444 70.7749067389 1.60347648394 3.33190099332 1.76024574773 0
2082 6.08230996132 42.114798 73.459441 1.5684742 38.5309065552 72.621071929 1.61900737863 3.68064404518 2.89533786109 0
2085 6.19995713234 42.172982 75.545483 1.5804547 39.3796886996 74.9066489294 1.58302007689 2.86541383255 0.146985268536 0
2088 6.2338681221 42.213453 77.648417 1.5799022 38.9378302719 78.0930743093 1.57801014661 3.30566549723 -0.108406674033 0
2091 6.22919988632 42.308345 79.80823 1.5843424 38.9348581547 80.1630593559 1.59325499095 3.39209630864 0.510653846067 0
2094 6.10900497437 42.259747 81.948131 1.5870316 38.3302982371 82.4081418048 1.59769159998 3.95628329628 0.610773008227 0
2097 6.21241188049 42.325886 84.065588 1.5841531 38.5261578711 84.6974177289 1.60087406843 3.85190117469 0.958040920246 0
2100 6.07596492767 42.338042 86.100283 1.5789413 38.0885235952 86.9496504068 1.62175995864 4.33357031376 2.45332842439 0
