3 5.39631605148 72.513547 45.80148 1.6808269 73.3742566951 132.516634091 1.55462676345 86.7194255645 -7.23073519812 0
6 5.42683386803 72.505015 45.806851 1.6805552 29.1240579611 8.89287792332 1.76980587714 56.9609413714 5.11368711882 0
9 5.36632800102 72.51553 45.801787 1.6811119 79.1442766511 76.4339405691 -0.440312447485 31.3411728313 -121.548661667 0
12 5.432254076 72.511327 45.798497 1.6805172 74.8756253425 140.947444133 -1.07817455715 95.1783171062 -158.061394663 0
15 5.40754103661 72.518426 45.80176 1.6806948 27.0348421789 34.5116826033 3.08877458527 46.86386929 80.6770289137 0
18 5.40035295486 72.509508 45.806599 1.6825332 33.927498163 89.3290134847 -0.454715121089 58.1616028462 -122.45530857 0
21 5.45222711563 72.510969 45.800989 1.6811293 30.9621539952 85.9151422111 -0.461568401084 57.7533489605 -122.767535044 0
24 5.47875881195 72.522343 45.818169 1.6838228 59.3660819501 109.680334602 -0.920773773373 65.2032468534 -149.232390989 0
27 5.42041301727 72.508499 45.799812 1.6808804 138.699529506 137.142121615 0.478216404772 112.803679219 -68.9075710989 0
30 5.41103601456 72.523901 45.815543 1.6832165 26.8893476571 108.344212637 -0.505040679172 77.4102511649 -125.377900856 0
33 5.43759584427 72.511009 45.802779 1.6808191 132.629526483 117.262443663 -0.558241224158 93.3847943627 -128.288706649 0
36 5.46828198433 72.527172 45.853315 1.6851825 78.027296086 87.4061599207 -0.520957333995 41.9152750912 -126.402501504 0
39 5.4133579731 72.188088 49.017093 1.6798669 78.5141202991 130.679223961 1.87245522925 81.9067904246 11.0344984492 0
42 5.41137003899 71.804616 53.279503 1.6643548 18.3624503166 38.2209560551 -1.46563560972 55.5231925327 -179.335240393 0
45 5.41511797905 71.568933 57.324136 1.642571 100.743854639 47.8704335439 -1.77007129105 30.6683638754 164.469999735 0
48 5.39307904243 71.37336 61.652431 1.6431927 80.9476644416 125.36812489 -1.14636088074 64.4310247744 -159.829646902 0
51 5.40106010437 71.165072 65.844712 1.6344026 37.2542453746 60.8180684347 1.38892021074 34.2813551067 -14.0651048494 0
54 5.451390028 70.960331 70.343426 1.6128178 86.3840999659 64.6122721064 -2.79076371259 16.4541415475 107.693364587 0
57 5.41189885139 70.885213 74.631613 1.6236159 17.64305743 61.1522782287 -2.74472624184 54.9219409309 109.712431803 0
60 5.43651294708 70.832043 79.069602 1.6124517 139.881085944 22.2135507327 0.44840521961 89.4448483548 -66.6949504834 0
63 5.3710091114 70.841819 83.283634 1.5826474 53.0125609588 58.1036541956 -0.755279251512 30.8531007397 -133.953329943 0
66 5.40028905869 70.897044 87.066595 1.5142468 21.9948105435 78.9315360076 -1.2071741258 49.5742637045 -155.925933327 0
69 5.40417289734 70.898205 87.488163 1.2381173 42.8134838801 61.7485949326 0.623188383058 38.095628682 -35.2328316413 0
72 5.44031405449 70.648486 87.373684 0.94938085 49.3319048273 70.9693110071 -2.32315337218 26.8979569146 172.497600757 0
75 5.39502000809 70.490448 87.162959 0.64684814 51.5979745905 71.4694664447 -2.51586117449 24.5603595273 178.790104453 0
78 5.42221999168 73.090524 88.460194 0.4660111 90.0755262272 45.1874330285 -0.796239597332 46.4867953591 -72.3216376446 0
81 5.37500405312 76.750616 90.291223 0.4640309 20.1684543721 75.6526483791 -2.84992567862 58.4450928772 170.124274556 0
84 5.38467788696 80.704264 92.172539 0.45240664 15.1663024163 76.6971405607 -2.85548142157 67.3402729828 170.47197497 0
87 5.41524004936 84.637734 93.972859 0.42386385 29.7748232785 141.826621974 1.25505918428 72.8005604622 47.623984605 0
90 5.44247484207 88.678811 95.730817 0.41656148 35.1074436681 109.873337861 3.12876250144 55.4066990003 155.39767172 0
93 5.42218708992 92.647535 97.41769 0.40779386 84.8520147612 114.32887893 2.25218637162 18.6214512541 105.675906681 0
96 5.39641308784 96.759828 99.128022 0.39320766 21.4741687344 69.8372578195 -3.13049201584 80.7829150089 158.106880303 0
99 5.38607287407 100.07577 100.58602 0.32958371 84.4903167143 138.802817611 2.1176896938 41.2726298385 102.450926194 0
102 5.44312095642 100.12714 100.52966 0.1390585 79.2170940273 73.2656526883 -0.000361720309393 34.359221721 -7.98819020251 0
105 5.45330309868 100.08551 100.52401 -0.14356162 82.6457984129 121.582819242 1.52205877576 27.3425855937 95.4330189482 0
108 5.45640611649 99.772178 100.71077 -0.40700642 11.5295045302 69.127213555 1.93169036319 93.724545658 133.997455238 0
111 5.37540912628 99.760338 100.7618 -0.66729138 81.8122236264 123.214130995 1.0262769242 28.7444251405 97.0343161479 0
114 5.3631541729 99.638101 100.95548 -0.8821311 13.6646700219 71.2270907219 1.9456068289 90.9681700554 162.017448895 0
117 5.39690303802 99.549051 101.11221 -1.1251977 55.5796247245 19.8688569618 2.38986338392 92.3785302973 -158.601835161 0
120 5.40414190292 100.80276 98.46873 -1.1938854 99.1135950803 99.6331618509 -1.15273073479 2.05162853887 2.35798862355 0
123 5.44695305824 102.35582 94.496879 -1.1822805 100.383948311 96.8097406164 -1.11098576243 3.03934315536 4.08488756398 0
126 5.3816640377 103.84912 90.431736 -1.1842505 102.14245271 91.9149453621 -1.18211378106 2.2611110653 0.122424977435 0
129 5.42067694664 105.46668 86.336829 -1.1831903 104.358503925 87.0327711744 -1.19294761054 1.30858309778 -0.559052713266 0
132 5.41476011276 106.96067 82.891423 -1.1821311 105.596808282 84.5507528727 -1.14558917999 2.14790465619 2.0936977918 0
135 5.42738699913 108.13488 79.987125 -1.1809983 105.786441488 81.6900646956 -1.12834407092 2.90089073454 3.01686509954 0
138 5.45423388481 109.11096 77.465416 -1.174964 107.672592618 78.7921832263 -1.16116612825 1.95683724349 0.790559817309 0
141 5.46055817604 110.00241 75.115832 -1.1797573 108.240416697 77.5328243008 -1.1260135561 2.99106539273 3.07928970061 0
144 5.42036700249 110.9669 72.896666 -1.1819268 110.085005489 75.4079804229 -1.12568559321 2.66166077086 3.22238378384 0
147 5.39279508591 111.79529 70.750926 -1.1680053 108.648394294 74.1403990483 -1.16593195603 4.62509244527 0.118793858999 0
150 5.35461807251 112.62755 68.634671 -1.166408 110.431474156 71.3121626376 -1.1571049389 3.4629049342 0.53302613764 0
153 5.34568309784 113.50263 66.493746 -1.1746568 111.720798034 69.117643182 -1.1534901771 3.17171271991 1.21275815848 0
156 5.41293787956 114.39844 64.423702 -1.1690506 111.995681273 68.0758710106 -1.14650657867 4.3716802243 1.29167727536 0
159 5.38667201996 114.9392 62.935672 -1.1627449 114.160174623 65.7950524693 -1.13213941184 2.96360206616 1.75356530164 0
162 5.38372397423 115.58582 61.52951 -1.1720902 114.450052948 64.6277644518 -1.16284801453 3.29987082234 0.529538221116 0
165 5.38511991501 116.16312 60.165609 -1.1710096 114.017829151 63.11145489 -1.14361459584 3.6442119633 1.56961811785 0
168 5.41968393326 116.71267 58.758483 -1.1690165 114.912456457 61.4823175918 -1.15769374476 3.26497223299 0.648746087441 0
171 5.4018599987 117.29804 57.404001 -1.1730259 115.014242932 60.1722927942 -1.16125819589 3.58875584377 0.674239780085 0
174 5.3654358387 117.3062 57.346669 -1.1782941 114.968525159 59.9796088326 -1.19465497632 3.52095098311 -0.93740916201 0
177 5.38771390915 117.30973 57.394113 -1.1925087 114.932324734 60.7792065923 -1.24058387857 4.13653410828 -2.75450483168 0
180 5.38628602028 117.3509 57.478875 -1.2542253 114.93545559 59.9859884326 -1.30511374496 3.48137752353 -2.9156931223 0
183 5.39421391487 117.31554 57.561663 -1.3141336 115.344782613 60.8186796802 -1.36344343826 3.80684151691 -2.82524562064 0
186 5.35379314423 117.31761 57.625945 -1.389572 115.24827362 60.4267680345 -1.41382526661 3.48235017271 -1.38960981634 0
189 5.39478898048 117.34247 57.653648 -1.4539696 114.427494408 59.5746158261 -1.46331605908 3.49101705687 -0.535512658755 0
192 5.39886498451 117.36058 57.739095 -1.5147103 114.950620321 59.9371918741 -1.54036730458 3.26183008762 -1.47003807719 0
195 5.43579888344 117.34118 57.80351 -1.5718326 114.72132472 60.0416136322 -1.58419225383 3.44568564422 -0.708156000863 0
198 5.41536998749 117.32521 57.826191 -1.6475747 115.046370351 60.0271081229 -1.63912192883 3.16814556601 0.484308113333 0
201 5.35002398491 117.28663 57.948056 -1.7072698 116.101542291 59.9123101503 -1.70803657126 2.29406347887 -0.0439327572351 0
204 5.41887998581 117.37131 58.006137 -1.7818651 115.803981433 60.3963111286 -1.70512798132 2.858225184 4.39671303235 0
207 5.42157793045 117.40314 57.989067 -1.8555926 116.940033705 60.5765456142 -1.76937058813 2.62859525588 4.94015738114 0
210 5.38830709457 117.02719 57.008887 -1.8977403 116.794208487 59.5609721949 -1.81688745526 2.56269764647 4.63252676534 0
213 5.4464840889 116.38504 55.250118 -1.9095407 115.713705367 56.9994254237 -1.87205680547 1.87370399264 2.14766895655 0
216 5.41242909431 115.67443 53.450651 -1.9075572 116.604395865 55.7536217052 -1.84496710843 2.48364864226 3.58614808623 0
219 5.45718216896 115.02136 51.574537 -1.9165104 114.485170664 53.8835291485 -1.88388536065 2.37043113068 1.86927706102 0
222 5.43729090691 114.35753 49.684701 -1.9233127 113.98636468 51.9196153258 -1.86778622682 2.26552548836 3.18143256437 0
225 5.39961194992 113.59486 47.870819 -1.9110101 112.701614831 50.4792789864 -1.84493381554 2.75716347579 3.78589222539 0
228 5.41205191612 112.87829 45.986656 -1.9118326 112.902682777 47.4786334305 -1.92346405633 1.49217681954 -0.666433357248 0
231 5.43795490265 112.17059 44.128463 -1.9122248 112.5254598 44.7630779812 -1.84834782138 0.727096107132 3.6598812832 0
234 5.37798810005 111.43202 42.277019 -1.9027456 110.644489355 44.5859462461 -1.93020010309 2.4395387974 -1.57302715562 0
237 5.41593813896 110.82393 40.37458 -1.9174412 110.242676226 43.3751765101 -1.93592443794 3.05637618203 -1.05901152562 0
240 5.42570900917 110.14399 38.567468 -1.912432 112.485879721 37.6641611438 -1.81458187862 2.51006189982 5.60639897986 0
243 5.42924118042 109.42625 36.696167 -1.9074722 108.273365515 38.8372716329 -1.88496885206 2.43176308154 1.28934686214 0
246 5.38246798515 108.96452 35.308972 -1.917648 109.102145852 37.4261467379 -1.91935958099 2.12164317115 -0.0980663671194 0
249 5.43090510368 108.91335 35.330429 -1.9171391 108.550990176 37.572036081 -1.91647252044 2.27070626619 0.0381921953659 0
252 5.40409588814 108.9585 35.348205 -1.9450374 108.182651145 37.6193821546 -1.98858900402 2.40003898164 -2.49532310135 0
255 5.44340705872 108.97674 35.368834 -2.0165302 109.641082692 37.6023044347 -2.06352159096 2.33018055002 -2.69240837569 0
258 5.37752604485 108.99865 35.397074 -2.0803106 108.95419708 37.8270693458 -2.11594279654 2.43040190972 -2.04157447643 0
261 5.43540287018 109.05048 35.474836 -2.159245 108.775591646 38.3437678515 -2.20623682822 2.88207105668 -2.69243342878 0
264 5.4062769413 109.09365 35.518169 -2.2238592 110.321313142 37.198330845 -2.23649380594 2.08088938107 -0.723909596077 0
267 5.43204903603 109.14301 35.568827 -2.2920109 108.292870838 38.1721393472 -2.28306386691 2.73860763381 0.512627235181 0
270 5.42667508125 109.24021 35.586114 -2.3597618 110.220558162 37.3378598821 -2.38466246878 2.00741031039 -1.42670322816 0
273 5.44439411163 109.32691 35.57971 -2.4292889 109.109812115 38.1202921875 -2.39049692462 2.54984104271 2.22261646847 0
276 5.44802594185 109.34422 35.612178 -2.4970016 108.728758777 37.7299055352 -2.44946142952 2.20534859605 2.72385112586 0
279 5.45063495636 109.45255 35.562283 -2.5751384 110.013031405 37.3054941105 -2.48184057298 1.83109922762 5.34557172613 0
282 5.40960407257 109.51035 35.610832 -2.6455993 108.50900037 37.1137915519 -2.56494214279 1.80598684836 4.62131469541 0
285 5.46503806114 109.52669 35.619453 -2.7060079 110.520664843 36.644773426 -2.65622427108 1.42802939888 2.85239182577 0
288 5.46764087677 109.56751 35.667144 -2.7779359 109.65592004 36.2677065355 -2.6846483482 0.607035167232 5.34498299952 0
291 5.5195941925 109.58407 35.725569 -2.8421247 111.864548027 35.8985513623 -2.79439063721 2.28702928006 2.73496033705 0
294 5.43925404549 109.62066 35.728072 -2.9074408 110.598454375 36.4616020599 -2.80773457507 1.22235354471 5.71274587991 0
297 5.40325808525 108.40689 35.538158 -2.9474042 108.275323777 37.7517828987 -2.8189900854 2.21753125417 7.3575867965 0
300 5.42140507698 106.63579 35.154474 -2.9731605 105.357279707 37.2013980348 -2.8578499357 2.41339730974 6.60680866766 0
303 5.41479802132 104.74277 34.838538 -2.9724974 104.49159715 37.1216070195 -2.87965726144 2.2968439103 5.31934810879 0
306 5.42589902878 102.71686 34.507066 -2.970186 102.393490239 36.1132468113 -2.88025119107 1.63840922871 5.15288498325 0
309 5.48163795471 100.87602 34.149296 -2.9774562 101.184725734 35.0649515736 -2.89672746471 0.966294137142 4.62541581764 0
312 5.48686790466 98.917573 33.856952 -2.9648121 98.8063895456 34.9032602539 -2.89537891268 1.05219899388 3.97822859136 0
315 5.47090506554 96.872255 33.519705 -2.9713846 96.0709818018 34.6867956619 -2.87093823887 1.41567628757 5.75515256015 0
318 5.45218682289 94.700759 33.157106 -2.9752463 93.9530540616 34.0831763077 -2.88678193114 1.1902390053 5.06863497271 0
321 5.42416381836 92.656194 32.878926 -2.9695623 92.0884348101 34.068688929 -2.90678603693 1.31828916591 3.59681492733 0
324 5.42057013512 90.628889 32.525228 -2.9736018 89.9819459509 33.8392153412 -2.92798098182 1.4646153221 2.61388033993 0
327 5.44733500481 88.510396 32.191288 -2.9695852 87.5146424886 33.6476700486 -2.9315686512 1.76424877131 2.17818779807 0
330 5.40799593925 87.334812 32.006658 -2.9896435 86.3575533525 33.1826735351 -3.0074562193 1.52906736376 -1.02059363741 0
333 5.44544696808 87.328365 31.983283 -3.0015998 85.828780227 33.6913713445 -3.04554674075 2.27295408751 -2.51797422724 0
336 5.419932127 87.328448 32.00285 -3.0442403 86.4450565255 33.7503654791 -3.0766166022 1.95810899775 -1.85502547228 0
339 5.46110701561 87.480424 31.977098 -3.121648 86.9053920797 34.1298075125 -2.98321948833 2.22818759415 7.93136948292 0
342 5.42170095444 87.509332 32.088761 3.0972389 86.165127916 34.390800631 -3.05605917055 2.66575900678 7.44199047145 0
345 5.43024587631 87.537767 32.004513 3.0032565 86.661160618 33.5952688206 3.0806793814 1.81629921263 4.43600434168 0
348 5.47238206863 87.588829 31.971963 2.902116 86.3296894367 33.8499796143 3.02294734773 2.26105701905 6.92312625773 0
351 5.50940608978 87.696053 31.883789 2.7788249 86.2015355954 34.1909717318 2.98845282345 2.74894060149 12.0107952819 0
354 5.44294905663 87.777704 31.698119 2.6376296 86.5438006644 34.6171824504 2.8535369591 3.16914008357 12.3705804421 0
357 5.47790694237 87.896098 31.65995 2.4917922 85.8654518798 32.0524330611 2.69523238483 2.06822789338 11.6562639744 0
360 5.42139196396 87.958395 31.594625 2.366513 85.740503082 36.1742536892 2.69569064955 5.08842249533 18.8604900295 0
363 5.44370985031 87.964094 31.460561 2.2184109 85.9827979199 34.4988757306 2.48478995545 3.62724283161 15.2623956278 0
366 5.4270169735 87.708527 31.831987 2.1125682 86.0741026536 34.0296848814 2.25528188402 2.73883532221 8.17689177289 0
369 5.43418598175 86.721318 33.612273 2.0920166 84.8185694201 36.2912421541 2.30903591224 3.28592877081 12.4342906644 0
372 5.45759797096 85.724716 35.405361 2.0873093 83.6251226231 36.4158152223 2.03032283493 2.33008799915 -3.26508393769 0
375 5.41338586807 84.755772 37.248267 2.0862059 83.1558213177 38.5403629862 2.07074664747 2.05653938044 -0.885749924179 0
378 5.4465739727 83.690185 39.149374 2.0868314 82.0152658533 40.3769897283 2.13985079729 2.07663057004 3.03778769707 0
381 5.42170000076 82.666747 40.97523 2.090975 80.5168700544 41.9617024234 2.13693276493 2.36539610282 2.63318596609 0
384 5.45894312859 81.635815 42.877142 2.0910396 79.6764992234 43.3305042995 2.04509993452 2.01108321236 -2.63214894443 0
387 5.42563581467 80.624097 44.699122 2.0805048 78.9440849264 45.6692513621 2.13738320309 1.9399978213 3.25889244237 0
390 5.49082708359 79.602515 46.546403 2.0762437 78.0904039935 47.0554083855 2.13085420323 1.59548305493 3.12895135237 0
393 5.37701201439 78.599692 48.40129 2.0808805 77.4947872877 49.1891015698 2.09848804034 1.35700460307 1.00883774901 0
396 5.35753488541 77.532669 50.298142 2.0919608 76.3817942294 50.7105678855 2.10417656483 1.2225415529 0.699911768035 0
399 5.37287402153 76.53881 52.074716 2.0854653 75.0592048659 52.6003467271 2.08301751451 1.57019712591 -0.14024777766 0
402 5.37984395027 75.533974 53.92833 2.0838411 74.3978416633 54.4452553942 2.10746721344 1.24820212691 1.35367658622 0
405 5.38057303429 74.451304 55.860797 2.0823704 73.3572098878 55.4748345417 2.09874362155 1.16017625629 0.938116492041 0
408 5.38488292694 73.464188 57.689364 2.0801622 71.4434953775 57.4726946017 2.13841684804 2.03227564632 3.33774546963 0
411 5.37094902992 72.461178 59.521835 2.0808323 70.4054862709 59.4030169774 2.1648524471 2.0591226791 4.8139998231 0
414 5.39455413818 71.469371 61.42577 2.0898858 69.1413257704 62.8222947617 2.09772268148 2.71478838974 0.449020233541 0
417 5.39490795135 70.386885 63.322712 2.0827703 67.9603327524 63.6599225021 2.11312616596 2.44987075849 1.73926300295 0
420 5.46301698685 69.38246 65.186025 2.0922796 66.8041391516 65.0682786552 2.12556223113 2.58100805874 1.90695429462 0
423 5.40831398964 68.400253 67.014087 2.0893798 66.3061261386 67.3107956142 2.1270132945 2.11504215409 2.15624040319 0
426 5.43108296394 67.30799 68.901204 2.089526 64.8617079096 68.8086664743 2.14646324171 2.44803171125 3.26226364715 0
429 5.40476989746 66.315197 70.741557 2.0869248 63.4246458139 70.7521568537 2.12705712324 2.89057062124 2.2994127439 0
432 5.40489602089 65.281228 72.464006 2.0745737 62.5831863792 72.5342854455 2.11003231797 2.69895679628 2.03162915704 0
435 5.35423898697 64.283593 74.421326 2.0918621 61.5280582755 74.5401230969 2.12380404443 2.75809433636 1.83013860542 0
438 5.35223293304 63.28447 76.191493 2.091939 60.3671692669 75.5532024578 2.101672057 2.98631183634 0.557663087946 0
441 5.35340189934 62.204887 78.125252 2.0893553 59.2136442106 77.719171555 2.1160558234 3.01868096243 1.52982730185 0
444 5.35873413086 61.273659 79.948227 2.0960183 57.9266543386 79.4556435914 2.11421485322 3.38305758421 1.04258570122 0
447 5.36494398117 60.19879 81.787566 2.089809 56.8763256834 81.7283123541 2.09967320782 3.32299264666 0.565177476063 0
450 5.33984398842 59.161438 83.629466 2.0974137 56.9519889897 83.3984033052 2.0899635556 2.22149834531 -0.426861831042 0
453 5.3782479763 58.11891 85.485673 2.0964985 55.2639939101 86.3257028875 2.07037528146 2.97593617071 -1.49675016941 0
456 5.33049201965 57.036783 87.336936 2.0992423 54.5476872219 87.3155988851 2.08963394507 2.48918722979 -0.550518185573 0
459 5.36316895485 56.357629 88.602308 2.124456 54.7120295741 88.6615087822 2.09247223289 1.64666396185 -1.83253486836 0
462 5.32969284058 56.200217 88.720884 2.2094598 54.4256156035 88.512442666 2.21347498257 1.78680102592 0.230053015507 0
465 5.37494087219 56.199637 89.07416 2.3631742 53.2520288854 88.0122156393 2.35515200387 3.13306869098 -0.459637980782 0
468 5.3490960598 56.109511 89.161307 2.4869631 53.2994482228 88.8570041396 2.47942787675 2.82649129538 -0.431736489855 0
471 5.44070601463 56.023191 89.233423 2.608836 52.2723815992 88.7498889972 2.60974001912 3.78184826413 0.0517964804381 0
474 5.39507699013 54.873312 89.789936 2.6823278 52.2957056577 89.6393562107 2.70481202127 2.5820009157 1.2882509846 0
477 5.40460705757 52.997249 90.667048 2.6986067 49.4733648164 89.7599582219 2.68952612325 3.63875962446 -0.520278723545 0
480 5.3727350235 51.122563 91.609157 2.7018871 47.9423206232 90.5046872567 2.72001956988 3.36657021149 1.03891399617 0
483 5.38202309608 49.137432 92.566213 2.7007601 46.9403292657 91.5924820121 2.70866103819 2.40320878451 0.45269041243 0
486 5.39128994942 47.308569 93.452781 2.7003868 44.415940855 92.5567736611 2.72558173484 3.02822171195 1.44356343164 0
489 5.42485594749 45.360782 94.336008 2.7008969 42.826697095 93.4188806341 2.69971147206 2.69494135578 -0.0679200178256 0
492 5.40176701546 43.468079 95.251019 2.7064338 41.4840637459 94.1834569046 2.69868754899 2.25299919134 -0.443827489685 0
495 5.411413908 41.590918 96.131677 2.7064065 37.9890671667 94.949195544 2.69790861163 3.7909882378 -0.486893138417 0
498 5.41498303413 39.606214 97.06058 2.704478 36.6611340671 96.1172381662 2.72671449428 3.09247305996 1.27405727365 0
501 5.40353989601 37.718719 97.944153 2.696243 35.1054784925 96.8316534321 2.7436901924 2.84019035252 2.71852387428 0
504 5.36706495285 35.769603 98.891663 2.7044976 33.5417753555 96.6266711488 2.7526701701 3.17701181923 2.76008495524 0
507 5.40152907372 33.862509 99.822852 2.7013631 31.4472139659 98.3734389182 2.73817957531 2.81681529096 2.10942865192 0
510 5.39016509056 31.979521 100.73965 2.7066945 29.1424491926 99.3742556417 2.73998994753 3.14853588097 1.90768862046 0
513 5.4062359333 30.015598 101.64307 2.7044148 27.3074968715 100.364081934 2.73475502188 2.99493275322 1.73836666293 0
516 5.39378499985 28.083667 102.5122 2.7038251 25.9876762686 101.726210729 2.71266942502 2.23851653558 0.506742496342 0
519 5.3723988533 26.231599 103.44351 2.6987262 23.6383553618 102.612141238 2.74288514431 2.72324926981 2.530121137 0
522 5.38885784149 24.326425 104.3449 2.7056645 21.1256474001 103.575099236 2.69378183003 3.29204654589 -0.680826838658 0
525 5.42960095406 23.072168 104.95788 2.6888385 20.0062792107 104.423315854 2.67128809551 3.112142814 -1.00556410611 0
528 5.37258696556 23.059574 104.94595 2.6093304 19.3337522098 104.283382104 2.59021866792 3.78427591882 -1.0950215872 0
531 5.42385601997 23.148655 105.02795 2.4881616 18.8623300956 103.874679729 2.47261632469 4.43876260958 -0.890678666767 0
534 5.37317895889 23.15609 104.97342 2.3614352 18.4699647712 104.418229511 2.33343347492 4.71889882692 -1.60438066606 0
537 5.4169511795 23.189116 104.80794 2.2179164 19.0726924913 104.357789316 2.20463756262 4.14096343161 -0.760821338812 0
540 5.35433793068 23.170444 104.45908 2.0515088 19.3674625592 104.861398025 2.11743246007 3.8242028754 3.77714749229 0
543 5.39687490463 23.203193 104.36781 1.9241471 19.0613805298 105.927301337 1.95318093493 4.42567777521 1.66351620444 0
546 5.36358904839 23.268475 104.40083 1.8086424 19.4571017926 103.718751968 1.81100968205 3.87192409121 0.13563527029 0
549 5.38919520378 23.269141 104.3114 1.6661585 19.2562642264 104.380696297 1.67671183159 4.01347505001 0.604661359848 0
552 5.36406993866 23.273746 104.22596 1.531085 19.4267345126 104.203022292 1.55428611186 3.8470798695 1.32932578957 0
555 5.39963889122 23.201513 103.9692 1.3630267 19.115715848 103.935010336 1.39705031503 4.08594019781 1.94940954509 0
558 5.36921310425 23.573375 105.47089 1.3112874 19.6321965937 105.644868858 1.33631849021 3.9450165872 1.43417582587 0
561 5.36870002747 24.091257 107.45193 1.3021436 19.4156029508 106.000983425 1.3744113651 4.89560892559 4.14063793522 0
564 5.37115502357 24.69734 109.54228 1.2971878 20.9204788704 108.63823825 1.28825696601 3.8835514001 -0.511699095283 0
567 5.37570810318 25.24514 111.62222 1.291934 21.589651209 111.414564435 1.33031053992 3.66138213448 2.19881376962 0
570 5.3587448597 25.838263 113.71051 1.2925571 22.0903095702 113.27117018 1.29749847236 3.77361555927 0.283119781176 0
573 5.39659500122 26.485855 115.66064 1.2984976 22.7351420635 115.73811803 1.33142910239 3.7515130784 1.88683610015 0
576 5.3252761364 26.666562 116.70228 1.2516028 22.5008632823 116.965136257 1.28392650763 4.17398361498 1.85201202534 0
579 5.41310501099 26.671044 116.66524 1.1445574 22.9720533635 116.503622008 1.15612738888 3.70251969667 0.662911531666 0
582 5.36029100418 26.68282 116.71548 1.0360889 22.6023531181 116.288579028 1.00105937953 4.10273742941 -2.00704368133 0
585 5.38788509369 26.598988 116.54426 0.86252405 22.6626063107 115.999891094 0.871534793305 3.97384427352 0.516277561648 0
588 5.38659214973 26.490987 116.49462 0.72378221 22.536553393 115.64438248 0.762335176976 4.04480518595 2.20892229541 0
591 5.38259506226 26.414554 116.44154 0.58967497 22.1378990762 116.417212884 0.611333918348 4.27672411381 1.24096632902 0
594 5.3458878994 26.30131 116.37003 0.43724496 21.6918398046 116.729696968 0.485820873691 4.62348091916 2.78319484048 0
597 5.3414349556 26.176025 116.35464 0.31453037 21.7996822904 116.601217962 0.346547204739 4.38328372375 1.83442950389 0
600 5.34965085983 26.088883 116.46581 0.14702743 21.9905770404 116.324991222 0.205287058295 4.1007245295 3.33803081731 0
603 5.34771990776 25.977812 116.45377 0.019989929 21.7732968371 115.239280045 0.154172136537 4.37640647164 7.68807417763 0
606 5.38273596764 25.890585 116.45549 -0.11586106 22.6172494112 115.955820193 -0.00926291889078 3.31125290372 6.1076235895 0
609 5.38928508759 27.617035 116.21759 -0.13548047 24.4180285022 116.090300782 -0.0578065438353 3.20153793007 4.45038814745 0
612 5.34691691399 29.732468 115.90829 -0.14344069 26.5302647578 115.574454079 -0.103012424709 3.21955773765 2.3163689742 0
615 5.37705397606 31.744289 115.6014 -0.14068963 28.1077831281 115.26374869 -0.125273087014 3.6521477741 0.88330284776 0
618 5.33916401863 33.87565 115.27561 -0.13567301 30.3212332065 114.943130657 -0.113648675495 3.56993294839 1.26190141374 0
621 5.42714715004 35.936054 114.9269 -0.14240112 33.157268498 114.927243889 -0.117922038777 2.77878552324 1.40254804046 0
624 5.35876202583 38.113735 114.67885 -0.14674677 34.5295966629 114.487115012 -0.115328773861 3.58926314512 1.80011857951 0
627 5.37605285645 40.163768 114.30534 -0.14012204 36.4044195435 114.19861487 -0.0740269239175 3.7608630752 3.78697119795 0
630 5.34530186653 42.346763 113.98058 -0.16006212 38.9050798233 114.724098674 -0.0837874936852 3.52107982125 4.37021417177 0
633 5.34775996208 44.341947 113.67079 -0.15507802 41.3357630064 114.614739481 -0.0982244403613 3.1509019068 3.25747016351 0
636 5.32201504707 46.544067 113.30502 -0.15009707 42.897382663 114.390100594 -0.0447075712645 3.80469532925 6.03837348254 0
639 5.33730006218 48.557097 112.97025 -0.14631805 44.7358627951 113.900765104 -0.0577411651913 3.93289832159 5.07508166196 0
642 5.34066915512 50.586062 112.64729 -0.14866611 47.5537259184 113.74251558 -0.0749633781926 3.22406283785 4.22285547115 0
645 5.34848499298 52.747394 112.3225 -0.14488479 49.6330063804 113.967597459 -0.0555671087804 3.5221805598 5.11752616978 0
648 5.3307659626 54.919709 111.95097 -0.14565598 51.2501411325 114.032000825 -0.0662432999892 4.218580049 4.55001140444 0
651 5.36280584335 56.9199 111.70562 -0.14317608 54.0322048117 113.76305123 -0.0614315235029 3.54567437417 4.68361808545 0
654 5.33384084702 58.963864 111.32719 -0.14485493 56.4321852846 113.798161111 -0.0427065348279 3.53766806624 5.8526719274 0
657 5.36433792114 61.070196 111.0267 -0.15209978 57.6114179602 112.000192217 -0.107960042957 3.593164709 2.52902064141 0
660 5.38029384613 63.25691 110.67843 -0.1447313 59.4197430765 112.026718833 -0.11330041758 4.06715290772 1.80085690902 0
663 5.37369203568 65.338645 110.4192 -0.14848438 61.6029405979 111.496519239 -0.115707181618 3.88794343096 1.87799513156 0
666 5.3489151001 67.412523 110.08404 -0.1445869 63.4827288153 111.663575767 -0.120087988747 4.23535306373 1.40368421747 0
669 5.30532097816 69.507235 109.73429 -0.15139682 66.1246940357 111.099688953 -0.120696783654 3.64772500012 1.75898251352 0
672 5.33165192604 71.647859 109.39116 -0.14906575 68.3861870001 111.473225588 -0.107813296899 3.86956087255 2.36359145726 0
675 5.31996297836 73.702975 109.06139 -0.1559357 70.0656042759 111.598465377 -0.0963111485947 4.43477364165 3.41623515089 0
678 5.32217001915 75.754203 108.72815 -0.15045699 72.2958908628 110.661610755 -0.138656818617 3.9620945634 0.676100017784 0
681 5.38131594658 77.860742 108.43703 -0.15243836 74.2455618549 109.299722278 -0.137694258737 3.71668742945 0.844774775108 0
684 5.32441306114 79.97813 108.08555 -0.15170568 75.8445442333 109.260052659 -0.16617727141 4.29720697495 -0.829161110633 0
687 5.36426305771 82.120618 107.73965 -0.14888428 78.0583069825 109.008608727 -0.143258055655 4.25589321441 0.322358909567 0
690 5.35954999924 84.192494 107.42985 -0.14593359 81.1347975296 108.467601258 -0.137990764658 3.22899912968 0.455090369489 0
693 5.32892799377 86.28045 107.15458 -0.15823172 82.2543510038 108.615801796 -0.131235568489 4.28306458809 1.54676554467 0
696 5.32449507713 88.385341 106.75858 -0.15035877 84.5740998507 108.8180775 -0.109691064443 4.33209984303 2.3300878909 0
699 5.32530379295 90.512184 106.42958 -0.15443508 86.9438021643 108.584154339 -0.0977500071458 4.1683977146 3.24781543594 0
702 5.30225896835 92.541412 106.11165 -0.15857271 89.3259981553 108.217218556 -0.102980563127 3.84347565845 3.18519538992 0
705 5.33384799957 94.624435 105.7799 -0.14991569 91.2731462923 107.878627191 -0.111004900202 3.95421190929 2.22942403297 0
708 5.29574584961 96.812614 105.41142 -0.16008539 93.3388627087 107.143854191 -0.129454327314 3.88178776593 1.75503061393 0
711 5.33214879036 98.833392 105.05687 -0.15857643 94.4492908991 107.099658952 -0.145465226571 4.83666508739 0.751216620809 0
714 5.32189702988 100.9283 104.72764 -0.15390186 96.2974186514 107.211726302 -0.134566027699 5.25506867904 1.10786158422 0
717 5.3660929203 103.02648 104.38009 -0.15580909 99.206252652 106.737266518 -0.120977414775 4.48892171081 1.99570798378 0
720 5.31033587456 103.56436 104.3046 -0.21764658 99.1322950806 106.737216969 -0.21364487349 5.05577143151 0.229280893891 0
723 5.35217189789 103.46604 104.39779 -0.32798619 99.6821553618 106.66072013 -0.285326113385 4.40892682256 2.44424234372 0
726 5.34964299202 103.43166 104.43448 -0.46455789 99.055024691 106.933713605 -0.448411723958 5.03995091634 0.925107169534 0
729 5.35836195946 103.35806 104.51276 -0.60050128 99.1273014666 107.116256352 -0.609128076035 4.96764642699 -0.494279003503 0
732 5.30469608307 103.30537 104.5712 -0.75278089 101.052278188 105.905741021 -0.622857793809 2.61866806787 7.44404507301 0
735 5.38265705109 103.24477 104.73622 -0.88717849 100.370504409 106.875644371 -0.769641174176 3.58309075035 6.73439213201 0
738 5.36393594742 103.11543 104.83266 -1.0218313 100.105318372 106.070660859 -0.914542038031 3.25475316072 6.14722189792 0
741 5.37943100929 103.3336 104.43355 -1.1359167 99.7566487479 106.435849531 -1.05929638 4.09924184088 4.39002096105 0
744 5.38905000687 104.18264 102.5184 -1.1499809 101.008749011 104.542439521 -1.05118547882 3.76434854814 5.66056066885 0
747 5.3877928257 105.02068 100.61649 -1.1544373 102.602660778 103.205400401 -1.05746052213 3.54249545077 5.55636008271 0
750 5.38288092613 105.97315 98.645528 -1.1675657 104.372561931 101.272874547 -1.05187852564 3.07649671588 6.62838683475 0
753 5.39828586578 106.66644 96.709247 -1.154133 105.185344936 98.8006465693 -1.09033216062 2.56273189116 3.65551882589 0
756 5.4170999527 107.65453 94.805864 -1.1707179 105.091627558 96.8505164477 -1.1055462121 3.27857782535 3.73406266059 0
759 5.38286685944 108.36584 92.821603 -1.1639211 105.944666738 95.3325332035 -1.10779049415 3.48810126719 3.21604681694 0
762 5.39829897881 109.18739 90.932737 -1.1605274 107.200496577 92.3367490819 -1.14161566311 2.43289855953 1.08356270684 0
765 5.37663984299 110.00551 88.971931 -1.1631703 107.813332145 90.3420549816 -1.13121210207 2.58512736082 1.83106986236 0
768 5.34975981712 110.83946 87.051439 -1.1600004 109.241478665 88.5087447587 -1.10715379664 2.1627030355 3.02788733432 0
771 5.4015917778 111.68317 85.129972 -1.1502451 109.761449531 87.4288461195 -1.10846353369 2.99630301871 2.39390741119 0
774 5.33714914322 112.49307 83.177328 -1.1488654 110.961803155 86.0235019387 -1.08112224838 3.23194743775 3.8813966788 0
777 5.36330580711 113.40329 81.226755 -1.149046 111.970862263 83.4903720815 -1.08905526636 2.67877052284 3.43721584762 0
780 5.35444188118 114.20236 79.347389 -1.1522317 111.381610193 82.0556531607 -1.11913688541 3.9104122847 1.89619319976 0
783 5.38097691536 115.10134 77.33273 -1.146946 112.972274722 80.0920686945 -1.09610786516 3.48523585839 2.91281056456 0
786 5.39653587341 115.87569 75.433999 -1.1405871 113.931283203 78.173080971 -1.12806381634 3.35906055841 0.717531299255 0
789 5.39385700226 116.74641 73.521868 -1.1514597 114.102139599 75.7371698381 -1.12620847313 3.44959826475 1.44678872707 0
792 5.37391400337 117.66191 71.592443 -1.1472421 115.576942792 74.6257248129 -1.11142722572 3.68074541547 2.05204114006 0
795 5.41788291931 118.47567 69.543126 -1.1411103 116.440173843 72.0088501964 -1.13024314264 3.19734896682 0.622642251919 0
798 5.36460494995 119.32773 67.660396 -1.1493947 117.293079479 70.3948883921 -1.12965826354 3.40840892257 1.13081451201 0
801 5.38470697403 120.23613 65.736718 -1.1477983 118.483049217 67.942091185 -1.12332228154 2.81726163467 1.40237255687 0
804 5.38158202171 121.05504 63.851108 -1.1435448 119.675435435 65.9455004301 -1.10071010513 2.50794505644 2.45424723251 0
807 5.3985850811 121.9387 61.889647 -1.1416966 119.971614607 64.5974016179 -1.11773785469 3.34684329108 1.37273498893 0
810 5.34668493271 122.75206 59.947854 -1.134592 121.53611766 63.0375314021 -1.12730474513 3.32033465526 0.417528948395 0
813 5.3704829216 123.61313 58.017737 -1.1345099 122.659319436 60.9348632979 -1.08683017829 3.06910091569 2.73184682258 0
816 5.38121199608 124.50226 56.14403 -1.1250591 122.963191658 59.0370742565 -1.11250909039 3.27695535992 0.71906258334 0
819 5.40603590012 125.37031 54.195354 -1.1346431 123.727249704 57.8569959161 -1.13098134502 4.01338618328 0.209803105768 0
822 5.37558412552 126.19009 52.293812 -1.120627 124.7290737 55.8766694851 -1.09615517898 3.86929404271 1.40213206134 0
825 5.41315197945 127.09539 50.434417 -1.1252352 125.691888391 54.1337398146 -1.0938042123 3.9566154797 1.80086294119 0
828 5.39162015915 127.94916 48.435924 -1.125081 126.802410776 51.747339725 -1.11555995869 3.50435555949 0.545515483853 0
831 5.37459087372 128.83417 46.49897 -1.1135569 127.757160789 49.4629195819 -1.12312373004 3.15356083905 -0.548138984462 0
834 5.37243199348 129.69028 44.561049 -1.1141866 128.363216604 47.4397585441 -1.12649333475 3.169868435 -0.705123960843 0
837 5.38520383835 130.6504 42.689185 -1.1179531 128.992398429 45.8599903673 -1.12915524399 3.57812463278 -0.641835572119 0
840 5.34671401978 131.56218 40.752166 -1.1133477 130.481782624 42.6623518437 -1.13746314295 2.19455427067 -1.38171310197 0
843 5.35706877708 131.80181 39.159633 -1.0655485 131.785191018 42.5959989306 -1.11566551028 3.43640611677 -2.87149317113 0
846 5.38593292236 89.526265 39.287264 -0.26055386 132.15291882 40.729833523 -1.0962224013 42.6510565248 -47.8802804883 0
849 5.39038300514 49.129117 22.860079 0.57174269 133.808283151 40.5833545578 -1.06557394746 86.5140201151 -93.811333053 0
852 5.39592289925 45.693587 19.436118 1.0035584 134.405815483 39.2785335771 -1.02988137784 90.9042404865 -116.507517164 0
855 5.43602395058 46.841947 21.209275 1.0214136 39.8725367057 83.0132186922 1.94702648727 62.1956601038 53.0337119038 0
858 5.41080498695 48.00008 22.972907 1.0079248 34.7182450951 94.1917301828 1.23164968043 72.4467246602 12.818491421 0
861 5.40398287773 49.170996 24.731115 1.014741 110.905533484 76.925299807 -2.13921300946 80.8417345562 179.29174648 0
864 5.40594506264 50.349541 26.532036 1.0144485 93.7435044253 123.421732087 -1.82895684014 106.163314142 -162.915125435 0
867 5.41487598419 51.518278 28.351001 1.0069992 33.3529996729 74.1573989849 -2.25417984719 49.276804209 173.148204359 0
870 5.4110429287 52.642563 30.101924 1.0170679 59.1746217885 102.331562235 -2.68135903059 72.5243988707 148.09574604 0
873 5.43757605553 53.80357 31.912095 1.0183648 55.3030809603 103.354589123 -2.51810145455 71.4582290551 157.375409224 0
876 5.394302845 54.946688 33.671099 1.0064723 54.681539231 99.6137542655 -2.7246080781 65.9431883316 146.224841311 0
879 5.44268989563 56.161659 35.476636 1.0152563 104.89778915 37.5939537072 -2.1288586283 48.7821013927 179.855484305 0
882 5.43113183975 57.333476 37.252395 1.017552 92.1967212878 64.4930511019 2.37302594108 44.2436347609 77.6629360641 0
885 5.41610407829 58.434052 39.044555 1.0099164 91.3210847322 66.7542312152 2.349925844 43.0044541633 76.7768856486 0
888 5.36686706543 59.558673 40.733157 1.0155176 91.5884030349 68.5772808691 2.15695707806 42.4405329861 65.3996646627 0
891 5.34608316422 60.829575 42.673596 1.0256616 16.7144282804 81.9007407873 1.60727704583 59.0331691362 33.3241103459 0
894 5.35412406921 61.938983 44.298725 1.0235902 88.8893658596 72.2928631636 2.08813693649 38.8586529334 60.9940350954 0
897 5.32399392128 63.08776 46.123861 1.0214801 60.1445349787 47.1589529297 1.22103109341 3.11993410646 11.43342972 0
900 5.38976097107 64.233274 47.872937 1.026201 45.9885953128 77.6817703046 0.0708678068314 34.9490320807 -54.7365599973 0
903 5.3851878643 65.367062 49.701179 1.0288308 63.0295034622 51.700694919 0.954306167106 3.07607604395 -4.26994693457 0
906 5.34492397308 66.47055 51.411163 1.0247772 64.3075341084 51.9628074922 1.0828142355 2.23225208993 3.3252771894 0
909 5.36539006233 67.601685 53.206336 1.0345375 65.8873440615 53.2395164999 1.00037576432 1.71466200723 -1.95732327547 0
912 5.3951690197 68.713633 54.989386 1.0321621 66.0361106515 55.8227269218 1.02099598711 2.80420809118 -0.639771141885 0
915 5.41937994957 69.889939 56.860516 1.0335194 67.7046222992 57.0689877864 0.983107470674 2.19523792979 -2.88839078752 0
918 5.38742089272 70.97178 58.665246 1.0279054 67.908297151 59.8481677687 0.996392705907 3.28393530344 -1.80554437259 0
921 5.44363117218 72.083269 60.388926 1.0348295 69.0848944555 62.6283722427 1.03528681997 3.74237483195 0.0262025042038 0
924 5.44082999229 73.21006 62.180545 1.0389104 69.9614164204 64.8370654086 1.03934008906 4.19652067659 0.0246193695826 0
927 5.47282791138 74.211219 63.966291 1.0279221 70.8017993412 65.3140115723 1.03527162413 3.66612781435 0.421096714066 0
930 5.46453285217 75.394113 65.876292 1.0355825 71.753851221 67.9624653355 1.05982722561 4.19566740876 1.38912045313 0
933 5.50994801521 76.475569 67.55587 1.0353462 74.1383874223 69.1843252165 1.00599937441 2.84855825273 -1.6814492485 0
936 5.54586696625 77.652303 69.425792 1.0395167 74.4149567495 70.4576425544 1.01615840739 3.39781198896 -1.33833158336 0
939 5.52549695969 78.72098 71.209083 1.0347632 76.0538184898 72.638691608 0.981426047687 3.02614132082 -3.05599371877 0
942 5.5435898304 79.923618 73.070281 1.0406815 77.1122054756 74.5892582483 0.994938152435 3.19551752665 -2.62090075627 0
945 5.51499319077 80.886825 74.813727 1.0240856 78.7688718351 75.9831205972 1.01613310846 2.41934019806 -0.455644201626 0
948 5.4471681118 82.003807 76.66259 1.0354781 80.1877164621 77.5890370756 0.995170813893 2.03874692538 -2.30943737758 0
951 5.36108493805 83.149971 78.458347 1.0359732 81.3935961432 80.594906356 1.00749283638 2.76581606747 -1.63180463447 0
954 5.37278008461 84.209192 80.07724 1.046865 82.5906618242 80.7927597158 0.989029872502 1.76963510189 -3.31370871322 0
957 5.38396000862 84.421821 80.346791 1.1291589 81.4637618773 80.9183686074 1.10392400385 3.0127752546 -1.44585304566 0
960 5.3671631813 84.549549 80.462185 1.2384433 82.0411580097 81.2117008302 1.2453392652 2.61797619163 0.395109701557 0
963 5.33721089363 84.477315 80.645515 1.377415 82.1686998245 80.1147241792 1.35219606549 2.36884843839 -1.44493851111 0
966 5.35111999512 84.491575 80.745704 1.5042297 81.3811111878 80.7218187358 1.45185451408 3.11055551836 -3.00087710461 0
969 5.32810091972 84.58151 81.604236 1.6242617 81.022327518 80.5035910028 1.57437974388 3.72547974761 -2.85802555958 0
972 5.35516500473 84.52138 83.606555 1.6450761 81.028184835 83.6964649564 1.59912405486 3.49435205169 -2.63285824664 0
975 5.36261415482 84.450105 85.633891 1.6510189 81.1976795515 87.011607496 1.63077281786 3.53219111056 -1.16001505833 0
978 5.35505104065 84.288283 87.799076 1.6553182 80.6596056147 87.8780141296 1.6152306485 3.62953589248 -2.29684751198 0
981 5.37312293053 84.219899 89.940013 1.6574582 81.0173577906 90.4168363442 1.59567570247 3.23784352609 -3.53987635636 0
984 5.33143687248 84.085061 91.960688 1.6559816 80.7065141752 92.7806768584 1.62935246369 3.47663060667 -1.5257371226 0
987 5.34316587448 83.972707 94.061302 1.6546883 80.4876036806 94.9567726378 1.65565365503 3.59830693664 0.0553107689174 0
990 5.36496186256 83.850194 96.236204 1.650278 80.1721757594 96.7621089062 1.6493608926 3.71542650964 -0.0525463834162 0
993 5.36441898346 83.742141 98.372522 1.653672 79.5873863016 99.230897755 1.65378651843 4.24249873783 0.00656142255691 0
996 5.37563300133 83.558608 100.37046 1.6603574 79.8782497214 100.739091416 1.64689260699 3.69877360487 -0.771475811422 0
999 5.38387584686 83.448658 102.54165 1.6520527 79.6369462165 102.617583625 1.65766135659 3.81246805047 0.321352351502 0
1002 5.36943602562 83.308795 104.69204 1.6576029 79.2477525049 105.485404192 1.65593081612 4.13781257287 -0.0958033490431 0
1005 5.38365697861 83.194681 106.76107 1.661421 78.8831781003 107.971008236 1.64748949577 4.4780584844 -0.79821639447 0
1008 5.3535349369 83.066158 108.84686 1.6653468 78.1991945719 109.223450264 1.64465355342 4.88151136815 -1.18563569322 0
1011 5.37503504753 82.920912 111.09751 1.6564676 78.2236858123 111.541927641 1.66434577724 4.718203143 0.451386306188 0
1014 5.42812514305 82.798446 113.12029 1.6519674 78.1358623179 113.794397844 1.6461453748 4.7110622982 -0.333577472392 0
1017 5.35787892342 82.725101 115.25424 1.6521864 78.4894753728 116.684211624 1.65610697728 4.47049698569 0.224632531432 0
1020 5.39702606201 82.605874 115.888 1.7134215 78.6827439377 117.274640352 1.6948847121 4.1609759613 -1.06207971213 0
1023 5.30828094482 82.650086 115.98425 1.8265292 78.9507946806 117.655226104 1.84379995307 4.05917693694 0.989541260139 0
1026 5.30839586258 82.697137 116.16336 1.9516157 78.5175072086 117.062977164 1.97120052218 4.27534983773 1.12212765334 0
1029 5.35821795464 82.611261 116.28116 2.0730733 78.7531181782 116.624359436 2.09689417845 3.87337732299 1.36483579934 0
1032 5.33545804024 82.517518 116.45008 2.1971216 78.3215024484 116.552722848 2.20183727122 4.19727078753 0.270188058718 0
1035 5.35616707802 82.418538 116.4581 2.3123831 78.6207935535 116.966722647 2.36268103692 3.8316523692 2.88185950399 0
1038 5.37730312347 82.414024 116.83182 2.4679277 78.7128293877 116.547947772 2.49819402076 3.71206478929 1.73413244095 0
1041 5.3647840023 82.282962 116.94587 2.5874118 78.8475578546 118.374724451 2.63350798978 3.72070244496 2.64111712626 0
1044 5.37011885643 82.208722 116.96752 2.707272 78.8995621838 115.930147208 2.77760410069 3.46795054738 4.02973253354 0
1047 5.37094187737 82.043289 117.20312 2.8493508 78.7710046603 117.596535 2.89127613211 3.29584892895 2.40214458476 0
1050 5.34817481041 81.832352 117.28824 2.9891727 77.478498083 117.246586706 2.96749015027 4.35405316081 -1.24231858864 0
1053 5.37994503975 81.142386 117.29523 3.0875315 77.3623161046 116.192238089 3.11289085905 3.93770486073 1.45298424478 0
1056 5.38017296791 79.131234 117.37152 3.1037602 74.9300138005 116.628530787 -3.1218935853 4.26641349796 3.29631339268 0
1059 5.39393186569 77.094643 117.50841 3.1079346 73.8663431768 116.44039151 3.1304069171 3.40037986768 1.2875689256 0
1062 5.36404395103 74.899205 117.59033 3.115912 71.9544796699 116.999822498 -3.12068655181 3.00334919372 2.66922446409 0
1065 5.37215709686 72.824078 117.69503 3.116944 69.5623783786 116.619995126 3.13492512526 3.43429532797 1.03024258837 0
1068 5.38661313057 70.711208 117.83017 3.1174699 67.9319898464 117.248308527 -3.11895016962 2.8394746555 2.67945074033 0
1071 5.34754920006 68.550781 117.88294 3.1169773 65.872703262 116.799586656 3.13460398316 2.88890201274 1.00993455204 0
1074 5.3414080143 66.454241 117.99143 3.11617 63.5790968627 117.132686039 -3.13259186481 3.0006490966 1.97231796384 0
1077 5.35688209534 64.352032 118.06903 3.1139299 61.3181719385 117.312643097 3.12689767022 3.12672800534 0.742998503416 0
1080 5.40265989304 62.204954 118.16997 3.1178991 59.6180631977 117.892344983 3.13771354167 2.60174550506 1.13528388103 0
1083 5.39555382729 60.134729 118.2293 3.1166836 56.8158549381 117.478327555 3.13290056098 3.40277602151 0.929163420885 0
1086 5.37031412125 58.034017 118.36643 3.1239361 54.8872267859 117.228357126 3.13982119414 3.34626635479 0.91014885156 0
1089 5.3676199913 55.858025 118.47896 3.1251128 52.4874711338 117.117435012 -3.14046644697 3.63515937176 1.00875294385 0
1092 5.36324501038 53.766425 118.55 3.1243401 50.2983254195 117.026718913 -3.12273322758 3.78788858993 2.06906402078 0
1095 5.35473299026 51.628528 118.603 3.1187628 48.084517269 117.267833033 3.13968781716 3.78717346984 1.19891516947 0
1098 5.3506500721 49.494235 118.64783 3.1200968 47.1217027727 117.550439664 3.11777361706 2.61403418484 -0.133108577604 0
1101 5.36225295067 47.379245 118.80828 3.1260538 44.9088372632 117.009403249 3.12182937574 3.05595679775 -0.242041680966 0
1104 5.35335111618 45.313934 118.87713 3.1250737 42.7158513051 117.39415247 3.12045392627 2.9915307194 -0.264693536875 0
1107 5.37561702728 43.229975 118.9845 3.131291 41.4948044836 117.323045039 3.13056864123 2.40234246303 -0.0413881088581 0
1110 5.3633210659 41.038059 119.03542 3.1300111 38.6624616809 117.15773258 -3.13578320478 3.02806417868 0.996431038993 0
1113 5.38120818138 38.877743 119.09254 3.1262084 36.1335530184 118.836785202 3.13333969419 2.7560822143 0.408593059373 0
1116 5.41346406937 36.866989 119.17866 3.1252668 33.8482984008 118.866765305 3.09937044288 3.03476049053 -1.48375196753 0
1119 5.38122701645 34.67231 119.25843 3.1314701 32.3027877194 119.0392676 3.06814031646 2.37963610572 -3.62852931453 0
1122 5.38558983803 32.567479 119.34722 3.1353596 30.778784238 119.072701389 3.08242406145 1.80963792495 -3.03298294539 0
1125 5.38473892212 30.502201 119.36971 3.1349527 27.5319526486 117.754040826 3.11408319973 3.38123677809 -1.19573428585 0
1128 5.42084002495 29.15421 119.31018 -3.13185 25.9332267473 117.977350367 -3.10742902467 3.48585254191 1.39921881797 0
1131 5.38732981682 28.938717 119.39146 -3.028318 26.4508105236 117.611308539 -3.03050913536 3.05918581643 -0.125542808207 0
1134 5.35497903824 28.80706 119.32785 -2.9089456 26.0492777733 117.333198715 -2.87609860267 3.40352707597 1.88199431667 0
1137 5.40358090401 28.607415 119.34948 -2.7753086 26.6170646884 117.34841157 -2.77906907042 2.82236943475 -0.215459084261 0
1140 5.40930390358 28.309413 119.3977 -2.6319404 26.1867657745 117.647174526 -2.61402102476 2.75135797028 1.02670457276 0
1143 5.41199707985 28.176965 119.31562 -2.5155106 26.7283173676 117.314283539 -2.54316413547 2.47061279676 -1.58443087125 0
1146 5.40479493141 28.13257 119.1422 -2.3876282 24.8999996861 118.708923812 -2.29189709035 3.2614780528 5.48498855082 0
1149 5.38966298103 28.071656 119.10664 -2.2643471 26.0944899027 118.550574246 -2.26407844176 2.05387314585 0.015392983068 0
1152 5.46425914764 27.847582 119.05477 -2.1225081 25.4167943249 118.337271637 -2.12473252507 2.53446890343 -0.127450168397 0
1155 5.43887495995 27.651134 118.95518 -2.0012288 25.3028555249 118.657330706 -2.00273341042 2.36709230881 -0.0862078271278 0
1158 5.41797780991 27.585975 118.8068 -1.8653126 24.6092058438 118.869041203 -1.85936792525 2.97741978514 0.340604773679 0
1161 5.39245390892 27.545652 118.66047 -1.7395281 25.2927982981 117.824069777 -1.85334173527 2.40310531084 -6.52104095199 0
1164 5.4150159359 27.426878 118.54472 -1.6078392 26.4035786532 117.777016363 -1.71805402504 1.27926167281 -6.31484431477 0
1167 5.4182369709 27.408113 118.27266 -1.4907581 25.4942823848 117.233182563 -1.46541425264 2.17790288245 1.45209549049 0
1170 5.39065480232 27.619078 117.43976 -1.368489 26.4432306994 117.043066347 -1.35372268513 1.24096040579 0.846047521218 0
1173 5.39534592628 28.00462 115.50954 -1.3464267 28.5384535021 115.361395427 -1.38025136554 0.554008142974 -1.93801057865 0
1176 5.46682906151 28.352772 113.43776 -1.3439724 25.9468080176 113.26705428 -1.35467540035 2.4120122569 -0.613236747963 0
1179 5.37782597542 28.777386 111.37552 -1.3470791 27.0642287046 111.533083807 -1.32918494164 1.72038782601 1.02525975182 0
1182 5.43136405945 29.292879 109.18718 -1.3487141 26.8430859014 109.825784013 -1.46075411231 2.53165979389 -6.41941984172 0
1185 5.39394497871 29.664866 107.14961 -1.3582731 27.6388392245 107.276169517 -1.43427234114 2.02997581417 -4.35443576369 0
1188 5.44969081879 30.155372 105.1583 -1.3627181 27.3732455758 104.477910785 -1.42559538823 2.86411538243 -3.6026032428 0
1191 5.3919699192 30.584999 103.08809 -1.3538609 27.5891875264 103.092549095 -1.42663792809 2.99581479219 -4.1698165552 0
1194 5.39052987099 30.932942 101.04272 -1.3388863 28.2829751449 101.331191327 -1.38421781999 2.66562188606 -2.59730477421 0
1197 5.36877679825 31.46397 98.886394 -1.3633561 28.5418600986 99.2564148677 -1.38299599237 2.94544423109 -1.12528294306 0
1200 5.38881611824 31.761459 96.890841 -1.3338862 30.4300338479 96.7276861139 -1.35327337266 1.34138452824 -1.11080317014 0
1203 5.34148001671 32.148779 94.808879 -1.340085 30.7437880006 94.9711655431 -1.33076025204 1.41433257418 0.534268703154 0
1206 5.39747905731 32.63242 92.742465 -1.3409888 30.9865767009 92.7754472864 -1.32846067259 1.64617374431 0.717808825804 0
1209 5.36892795563 33.223163 90.635151 -1.3443959 31.0436774783 89.9685931108 -1.35292484239 2.27913504627 -0.488672402778 0
1212 5.34809613228 33.480467 88.544154 -1.3400822 31.5630843754 88.4595360987 -1.33766729108 1.91924889434 0.138364088761 0
1215 5.40169596672 33.996344 86.523674 -1.3537744 32.2600130824 86.5229867747 -1.34403094176 1.73633105359 0.558259035044 0
1218 5.40704011917 34.391099 84.502242 -1.3500462 32.8916926722 84.7227998499 -1.34536460089 1.51554119079 0.268235870661 0
1221 5.7012398243 34.871654 82.311763 -1.3462417 32.9628419325 83.330383523 -1.34552072494 2.16359683836 0.0413088282953 0
1224 5.45618700981 35.319079 80.358924 -1.358939 33.7601467201 80.8508357704 -1.32114290595 1.6347009033 2.16555667102 0
1227 5.70557999611 35.776446 78.250756 -1.3606991 34.5558153864 78.2903113738 -1.34421160138 1.22127135501 0.944664085657 0
1230 5.41726613045 36.167733 76.160289 -1.3496683 34.4614849715 76.9443478017 -1.34447891951 1.87777276025 0.297329600167 0
1233 5.65365099907 36.593873 74.026216 -1.3452321 35.3810472518 74.2961153901 -1.35221153273 1.24249425606 -0.399892039042 0
1236 5.33079791069 37.096668 72.068535 -1.358637 35.1488751833 71.9562331299 -1.37094805638 1.95102756689 -0.705371571929 0
1239 5.35425710678 37.456761 70.030489 -1.3570922 35.8428457616 69.722602215 -1.38257913732 1.64302059303 -1.46029394133 0
1242 5.36272192001 37.942935 67.912468 -1.3598503 36.0307844545 68.1565676959 -1.38930575221 1.92766811725 -1.68767309535 0
1245 5.33291888237 38.381728 65.750541 -1.3597279 37.2225688968 65.11864389 -1.3363837282 1.3202059628 1.33752252026 0
1248 5.38480782509 38.78715 63.709446 -1.3638712 37.4145781979 63.9040145847 -1.36058540339 1.38629372291 0.188262277957 0
1251 5.33260297775 39.284372 61.704874 -1.358189 37.8568095035 61.9685877265 -1.36458824288 1.45171609174 -0.36664960924 0
1254 5.35381603241 39.616785 59.610797 -1.3616912 38.5807959218 59.4663717905 -1.35731354162 1.04600765353 0.250821349608 0
1257 5.38740205765 40.0981 57.483375 -1.3627524 38.9686278146 58.496271704 -1.34580986105 1.51712463252 0.970735975954 0
1260 5.37838292122 40.478176 55.366289 -1.371191 40.0247997267 56.5293239198 -1.3286677812 1.24827892311 2.43640096864 0
1263 5.40214800835 40.927924 53.368372 -1.3697355 40.1579691986 54.0175044247 -1.34297577859 1.00707661125 1.53321909763 0
1266 5.40243887901 41.311773 51.24524 -1.3687118 40.5571592797 51.56934366 -1.31069199269 0.821270387416 3.32429008719 0
1269 5.40909409523 41.752813 49.127024 -1.3690442 40.8668223133 50.3571135725 -1.34923042578 1.51594849958 1.13524563924 0
1272 5.35533499718 42.124468 46.999249 -1.3746445 40.9568401027 47.7129011174 -1.34385450239 1.36844957936 1.76413691436 0
1275 5.35269188881 42.489069 45.000812 -1.3756167 41.3094352294 45.9975330798 -1.36426318876 1.54434087677 0.650508276599 0
1278 5.33416104317 42.919623 42.847052 -1.3693623 41.5577089396 44.1926566481 -1.39401616014 1.9145395731 -1.41256213489 0
1281 5.35130786896 43.26925 40.76156 -1.3849404 42.9590303448 41.7651970847 -1.33488745068 1.05048733086 2.86782274841 0
1284 5.37439203262 43.723057 38.666685 -1.382086 43.7605801687 39.0721049596 -1.3534136363 0.407152713124 1.64280542871 0
1287 5.37598204613 44.069109 36.638541 -1.3748634 44.3248432853 35.9861419032 -1.33734166126 0.700731479358 2.14983726999 0
1290 5.38864207268 44.48264 34.512889 -1.372972 44.0535030172 35.5881864497 -1.36813627404 1.1577664511 0.277066688413 0
1293 5.40781188011 44.660959 33.544964 -1.3339999 44.2937011379 33.9456908462 -1.31271875579 0.543562639055 1.2193197466 0
1296 5.41837000847 44.654294 33.324157 -1.2074321 44.6148882026 34.0117131332 -1.2021909121 0.688684436593 0.300297946325 0
1299 5.36310696602 44.699557 33.107025 -1.0711259 44.372030864 33.6833779167 -1.00385560184 0.662914816792 3.85430417121 0
1302 5.36074113846 44.829945 32.953901 -0.95914547 44.2064188826 33.3188470351 -1.06613803854 0.722475208994 -6.1302226168 0
1305 5.35466909409 44.914184 32.826307 -0.82117543 43.7707779094 32.9748238314 -0.999704486961 1.15301116095 -10.2289614843 0
1308 5.44854307175 44.932468 32.690373 -0.70238554 43.9520372965 33.3826755709 -0.847520940847 1.2002196524 -8.31564592647 0
1311 5.30897116661 45.019913 32.619075 -0.56167342 43.5788476404 33.0004705423 -0.624937639998 1.49068169988 -3.6247728001 0
1314 5.36285090446 45.164806 32.47066 -0.44585332 44.6282512937 33.4881959383 -0.663257422265 1.15033488102 -12.4563375086 0
1317 5.32556295395 45.307079 32.373178 -0.30795343 44.2973458307 32.550699882 -0.576219248601 1.0252195335 -15.3704991935 0
1320 5.4738202095 45.468859 32.25314 -0.19105128 43.4124461554 33.3295154675 -0.459545578536 2.32108119944 -15.3835901294 0
1323 5.39045500755 46.833289 32.057508 -0.10389315 45.0934684814 33.7872972363 -0.356397049109 2.4533948396 -14.4674077295 0
1326 5.3756518364 48.863767 31.868312 -0.084237935 47.19041585 32.5272397884 -0.256873088335 1.79841316204 -9.89126568168 0
1329 5.40386605263 51.033972 31.691587 -0.08198003 48.2899908177 33.8756246418 0.0436110093145 3.50705761993 7.19583649738 0
1332 5.37090182304 53.111195 31.42619 -0.084122232 50.9827248189 27.8851968326 -0.599812552172 4.13146680048 -29.5468788816 0
1335 5.40709900856 55.206155 31.249451 -0.082409142 53.8889107605 32.9958881789 -0.0480012777048 2.18750433286 1.97142540617 0
1338 5.43017506599 57.287235 31.07162 -0.080297126 56.6560620914 33.5121117156 -0.0278762603287 2.52078937133 3.00349436139 0
1341 5.34511590004 59.516372 30.847745 -0.092608556 58.45660655 33.2470832927 -0.0126435166951 2.62296150409 4.58165926077 0
1344 5.37401390076 61.567611 30.670937 -0.091677002 60.3688898058 33.042983687 -0.0210291824614 2.65773173718 4.04782189136 0
1347 5.26765704155 63.68279 30.502969 -0.089332225 62.6706270076 32.5926440787 -0.0832529265529 2.32189919198 0.348318143419 0
1350 5.30947399139 65.773678 30.270465 -0.081918863 65.5215274691 32.1844201991 -0.100987258669 1.93049330335 -1.09253859392 0
1353 5.32785010338 67.870787 30.052005 -0.080757136 67.7463310217 31.8896228048 -0.0868337113191 1.84182748571 -0.348162119676 0
1356 5.32157802582 69.978421 29.855203 -0.080851998 69.4712947875 31.0847798844 -0.12442543128 1.3300512434 -2.49657382582 0
1359 5.28555393219 72.04312 29.748383 -0.089661546 70.5753358444 31.2491079815 -0.118233643795 2.0991821735 -1.63706061548 0
1362 5.2595911026 74.192216 29.503442 -0.097083695 72.4778808567 30.9240103432 -0.0920705114239 2.22642300594 0.287234260833 0
1365 5.34049487114 76.337484 29.313327 -0.092202589 74.784241234 30.8664110884 -0.0982136306876 2.19650478625 -0.344407319177 0
1368 5.28335094452 78.469083 29.072242 -0.088851811 77.6599562982 30.5056364284 -0.103843048032 1.64599684294 -0.858934611614 0
1371 5.31605601311 80.508884 28.860474 -0.08148585 79.1329771168 29.8773922286 -0.0868149490826 1.7109185939 -0.305334886041 0
1374 5.28202199936 82.648681 28.706332 -0.092016755 81.5169561735 30.2846779897 -0.0762408692448 1.94215785813 0.903891671856 0
1377 5.29162287712 84.803463 28.469695 -0.089914919 83.3972158922 30.335396315 -0.0517230552365 2.33631597289 2.18823260539 0
1380 5.28000807762 86.909059 28.274418 -0.095059786 84.9065683495 30.1148039539 -0.0562818094241 2.71974066128 2.22181439586 0
1383 5.32773208618 88.999768 28.069648 -0.093100738 86.7694501906 30.2451789765 -0.0518533189691 3.11564641134 2.36330302628 0
1386 5.28944396973 91.148907 27.8824 -0.087682683 89.9558350642 29.9632587537 -0.0536318807194 2.39862331283 1.95096725971 0
1389 5.28228807449 93.191686 27.680334 -0.085944106 91.3132519924 30.3363105486 -0.0673540319524 3.25311016526 1.06513278377 0
1392 5.34662699699 94.597595 27.536443 -0.026113958 93.3082697842 30.0492406733 -0.0351483277455 2.82427188121 -0.517631256978 0
1395 5.31082201004 66.734672 23.138609 0.64678418 95.2412748774 30.9645992465 -0.00217451591967 29.5613350671 -37.1825943545 0
1398 5.29315710068 41.954155 8.6979942 1.5862633 97.980097934 31.7089479532 0.0487690980447 60.5674027368 -88.0919287979 0
1401 5.30882906914 40.498777 7.6026468 1.6671323 99.6143327404 31.2931577881 0.00784812791183 63.6858637484 -95.0699800735 0
1404 5.35796904564 40.36551 9.5759073 1.6613912 101.054641938 31.0596972372 0.00973930265073 64.3795306401 -94.6326829429 0
1407 5.32727193832 40.15753 11.693798 1.6450717 102.610300948 31.10948922 -0.0272485720785 65.4012053757 -95.8168935843 0
1410 5.31308794022 40.017928 13.779826 1.6578436 103.361240925 30.5838486852 -0.0140662511952 65.5343457334 -95.7933781998 0
1413 5.31020712852 39.937066 15.922073 1.6651068 105.779009637 31.068490899 0.0245682771535 67.5616423508 -93.9959334877 0
1416 5.37329411507 39.75755 17.953862 1.6630734 106.055256928 30.4054819135 0.00956851418408 67.4568660875 -94.7388513615 0
1419 5.36496090889 39.645384 20.177858 1.663423 107.95431463 30.1770362196 -0.0499546216257 69.0369000523 -98.1693064313 0
1422 5.38949513435 39.526919 22.292671 1.6684735 110.826615993 32.0673067369 0.0711388128711 71.9665915203 -91.5205360423 0
1425 5.36969304085 39.303781 24.413998 1.6572417 113.076387601 32.5150774969 0.0689066242298 74.2160695116 -91.0048962942 0
1428 5.39309501648 39.21094 26.55624 1.6661167 114.78080359 32.9354380231 0.115715096531 75.838634286 -88.8314684291 0
1431 5.35538482666 39.049874 28.673026 1.6660737 118.400429087 34.5677979054 0.134743896245 79.5692084192 -87.7387347978 0
1434 5.40078806877 38.816051 30.701859 1.6598041 120.02353095 35.2902802579 0.138735880641 81.3370051665 -87.1507893207 0
1437 5.40100097656 38.695572 32.853799 1.6647394 123.320115941 34.9157323229 0.122933088064 84.649660402 -88.3389945006 0
1440 5.4132578373 38.58982 35.008607 1.6723781 123.93104476 34.7499975391 0.0740512124169 85.3416165911 -91.5773849408 0
1443 5.34283494949 38.393816 37.160762 1.6689022 126.674130139 36.120853371 0.117207406474 88.2864387916 -88.9055627614 0
1446 5.38318300247 38.314928 39.264936 1.6781402 128.841611113 36.6381560374 0.16272542313 90.5647852557 -86.8268709264 0
1449 5.35695695877 38.042909 41.445131 1.6601298 130.4542987 37.1078687388 0.176184660705 92.5131168552 -85.0237935106 0
1452 5.40749192238 37.893052 43.482766 1.6655679 135.888332073 27.3695120122 -0.0595759711011 99.3111870369 -98.843462867 0
1455 5.43371582031 37.737395 45.529248 1.6663309 137.926364851 27.3058139036 -0.077379029657 101.832820005 -99.9072196644 0
1458 5.38005495071 37.667375 47.706088 1.6735516 141.201251207 26.8634757139 -0.0928581124721 105.610974853 -101.207821416 0
1461 5.37726688385 37.411337 49.793915 1.6717816 141.782603416 25.4020868424 -0.115337574998 107.183592654 -102.394386214 0
1464 5.41382598877 37.208006 51.943854 1.66906 137.748151656 37.5373490243 0.153608709903 101.56706294 -86.8289629802 0
1467 5.30099391937 37.03196 53.963531 1.6741645 141.314086927 38.2376022653 0.149213943287 105.461210077 -87.3732308658 0
1470 5.33980512619 36.983983 56.143126 1.6856298 141.871612975 38.7663080601 0.185350588575 106.317302089 -85.9596669059 0
1473 5.34811997414 36.720012 58.206076 1.6746777 107.988764329 6.43489246136 0.2923740162 88.0879702543 -79.2001670871 0
1476 5.36233592033 36.536888 60.398002 1.6787317 33.1615003442 59.7056711403 1.75725880316 3.44565869553 4.49927158832 0
1479 5.39151501656 36.401835 62.417273 1.6766351 32.2095660949 63.0764341898 1.79698378971 4.2437733265 6.89547199042 0
1482 5.41144919395 36.239068 64.615141 1.6886647 33.8601418342 63.3389290136 1.78601654113 2.69963085195 5.5778496245 0
1485 5.38026404381 35.99676 66.655908 1.678851 33.2457876285 65.6003999253 1.68234749689 2.94651426004 0.200334514798 0
1488 5.34598493576 35.830181 68.859683 1.6854848 33.5101163848 68.6691767929 1.68295840342 2.32787294192 -0.144751861613 0
1491 5.34995317459 35.575227 70.898859 1.683738 33.6465242966 71.4638807653 1.7048072973 2.00976210367 1.20718181247 0
1494 5.40385007858 35.463169 73.006353 1.6935188 32.7043614178 72.199624714 1.68171340647 2.87433988992 -0.676399225013 0
1497 5.3264400959 35.205801 75.07321 1.6913976 31.7833094509 74.9854861596 1.75666841433 3.42361561445 3.73974218671 0
1500 5.32974600792 34.978045 77.287591 1.6912075 31.9156757556 75.9047204178 1.7296270986 3.36012446739 2.20128085052 0
1503 5.37514805794 34.814043 79.320098 1.7000185 30.8932166455 78.1692402305 1.76047569022 4.08623945793 3.46394184097 0
1506 5.33301997185 34.580736 81.372215 1.6970036 31.1054344846 81.5405563987 1.71425069867 3.47937630179 0.98818596264 0
1509 5.39970111847 34.345965 83.441951 1.6955247 30.5147360158 83.6060312568 1.70010901706 3.83474091176 0.262662019399 0
1512 5.34291696548 34.142398 85.698773 1.7034669 29.9320809499 85.1761958644 1.70719690564 4.24262377842 0.213713580727 0
1515 5.41051793098 33.910208 87.748137 1.7016389 30.5549005994 86.8764202252 1.68476197821 3.46669552857 -0.966976389768 0
1518 5.32761693001 33.670818 89.737713 1.6967853 30.3816749954 89.8144214856 1.7032771315 3.29003737003 0.371954546422 0
1521 5.38393902779 33.472926 91.900649 1.7056804 29.5599006479 91.7108294949 1.69249459781 3.91762668596 -0.755490814782 0
1524 5.35433387756 33.217902 94.036516 1.7078464 29.8341261189 93.644654574 1.69942959284 3.40639025812 -0.482247527306 0
1527 5.38097405434 33.034075 96.178482 1.7177188 28.3736463766 96.0655021979 1.71148966748 4.66179787094 -0.356903003267 0
1530 5.33694601059 32.713254 98.174723 1.7080491 28.2523326975 97.1183285833 1.71715207654 4.5842979867 0.521562136595 0
1533 5.39963293076 32.45653 100.24821 1.7068362 27.9139577192 99.5160768005 1.72862414158 4.60119353521 1.24835709704 0
1536 5.3716609478 32.217075 102.39435 1.7082962 28.1847053374 101.801966205 1.71416395476 4.07565009009 0.336197582808 0
1539 5.4054338932 31.955228 104.48204 1.7110577 28.1227739471 103.692998319 1.67665969746 3.91283667463 -1.97086036931 0
1542 5.37214589119 31.741377 106.6002 1.7198575 27.7438431881 105.332690223 1.68844672882 4.19366875334 -1.79970461965 0
1545 5.37806892395 31.439656 108.68741 1.7105287 27.63795966 107.625311774 1.68600457622 3.94727091846 -1.40512878886 0
1548 5.3775498867 31.216018 110.75498 1.7177022 27.0409218151 110.114626108 1.70188198393 4.22391776203 -0.906431611788 0
1551 5.40722203255 30.916985 112.90957 1.719675 26.9187425879 112.545469676 1.6953244067 4.01478659856 -1.3951862245 0
1554 5.32978200912 30.668641 114.94646 1.716506 27.5661053102 114.964912193 1.68808101835 3.10259056112 -1.62863148126 0
1557 5.42610001564 30.419865 117.12266 1.716223 26.8156013447 115.879995027 1.67280639705 3.81247068603 -2.48758810982 0
1560 5.33499097824 30.132888 119.21343 1.725557 26.4722928382 116.934293769 1.70966251332 4.31212463839 -0.910687004096 0
1563 5.4065721035 29.88258 121.34383 1.72867 25.9504204817 120.160550577 1.70065175073 4.10634005775 -1.60532743242 0
1566 5.38862514496 29.981486 120.5055 1.7055843 26.5125894663 119.745098112 1.69928055904 3.55126093 -0.361177751906 0
1569 5.39879703522 30.170653 118.4575 1.6900862 26.8986285722 117.64527556 1.69331743688 3.37132798726 0.185136235668 0
1572 5.37078213692 30.502618 115.6086 1.6745202 28.2344887121 114.731050649 1.71364950089 2.43197519099 2.24194379601 0
1575 5.3457159996 30.699806 113.48782 1.6738205 27.9327276477 112.8793152 1.69182424537 2.83319619851 1.03153862518 0
1578 5.30835199356 30.8492 111.36091 1.6697397 27.3812623792 111.006427183 1.69222223174 3.48600766058 1.28815418142 0
1581 5.28845000267 30.973164 109.37107 1.6787837 27.8542360154 108.578547716 1.64387784341 3.21804340298 -1.99995826272 0
1584 5.37688493729 31.204408 107.09871 1.665475 27.9671836631 107.493165745 1.68479907419 3.26116800271 1.10718789412 0
1587 5.35136699677 31.322843 104.96751 1.6587885 27.8177925423 104.972026134 1.68420016129 3.50505336715 1.45598094235 0
1590 5.36535716057 31.457099 102.91722 1.6541397 28.1053659137 102.985067471 1.70156417978 3.35241971729 2.71722253688 0
1593 5.30569314957 31.546684 101.34427 1.631357 28.9337273685 101.880077222 1.66817322083 2.66732670251 2.10941407143 0
1596 5.33753013611 31.536552 101.09899 1.5279681 28.4144050705 102.150121838 1.57478918525 3.29434053939 2.68265057686 0
1599 5.28408002853 31.522716 100.84711 1.3818466 28.6262182206 101.793503842 1.4547692066 3.04718898173 4.17815758932 0
1602 5.33311200142 31.33472 100.81397 1.2437751 28.396024301 102.06413666 1.34042044394 3.1935636972 5.5373703173 0
1605 5.35122299194 31.335612 100.76499 1.1262837 27.9617135358 102.338355434 1.18410967129 3.72272341644 3.31318410112 0
1608 5.33484601974 30.238332 99.003137 0.9296569 28.0903927739 100.548011965 1.01386582984 2.64580452335 4.82481627697 0
1611 5.33904290199 28.772289 97.32743 0.78863198 26.5257550975 98.5620976847 0.86518489891 2.56345838012 4.38615916294 0
1614 5.33811497688 27.005154 95.945316 0.6582802 24.6130177737 97.786812946 0.71342850594 3.01884526385 3.15976517767 0
1617 5.32095003128 26.209553 95.323497 0.64585939 23.837410888 95.796992206 0.696977887663 2.41893693793 2.92887417115 0
1620 5.3422601223 26.225548 95.299359 0.74214735 24.2970337628 94.940057382 0.786871511034 1.96169947131 2.56250566954 0
1623 5.33293390274 26.287241 95.304851 0.87876564 24.2098432512 94.3710084497 0.958078337538 2.27763985636 4.54428283075 0
1626 5.37590885162 26.503119 95.525486 1.0159202 23.9929511428 94.7168129936 1.08558005529 2.63721343517 3.99121570961 0
1629 5.34731411934 26.584147 95.637624 1.1414331 22.5842918139 95.0908158231 1.15791740426 4.03705842072 0.944481062577 0
1632 5.39805698395 26.62792 95.717086 1.2595284 23.9461135825 95.7792489394 1.28829006674 2.68252677373 1.64792211569 0
1635 5.35384106636 26.756174 95.797181 1.3910555 24.0561588286 96.1991063192 1.45404031428 2.72976663615 3.60876403192 0
1638 5.36137199402 26.381693 93.77201 1.3952992 22.812903189 93.7319292621 1.45083700815 3.56901487537 3.18208201025 0
1641 5.36606287956 26.011804 91.856332 1.39866 22.3096325516 91.7302705285 1.48632030051 3.7043170663 5.02256525027 0
1644 5.35596609116 25.609249 89.727224 1.3968171 23.2843764808 90.1483387188 1.4823182902 2.36270392492 4.89885734182 0
1647 5.36750602722 25.2462 87.568251 1.3940659 22.8743751205 87.3527725564 1.46159637249 2.38159279031 3.86921106217 0
1650 5.37721514702 24.820481 85.505592 1.4017015 22.6081538802 85.9131213028 1.50118117844 2.24954915871 5.69976572165 0
1653 5.33358502388 24.493958 83.448062 1.398475 20.0491049457 84.8057156784 1.37918570555 4.64757379552 -1.10519516183 0
1656 5.33788299561 24.080092 81.345956 1.3962744 19.9108922729 81.4194374855 1.4013556203 4.16984722659 0.291132477764 0
1659 5.41681599617 23.622432 79.208855 1.3888608 20.5091820336 78.9190487876 1.45629557987 3.12670961144 3.86372827917 0
1662 5.3885679245 23.236261 77.182266 1.3737053 20.14542007 77.5003509038 1.44633639324 3.107165213 4.161455104 0
1665 5.37321591377 22.741503 75.111069 1.3685019 19.2544872614 75.6419611379 1.39781358238 3.52719792799 1.67943569101 0
1668 5.34347200394 22.23837 73.007777 1.3690406 18.893272827 72.82804963 1.41589997732 3.34992194307 2.68484455092 0
1671 5.36052298546 21.796618 70.8705 1.3677106 19.2773468212 71.6151159282 1.44942542636 2.62700973595 4.68191467401 0
1674 5.36135411263 21.306705 68.900927 1.3588762 19.8091365012 68.9774630911 1.47556218471 1.49952298481 6.68561445207 0
1677 5.39446091652 20.800373 66.796896 1.3509317 20.4117511193 66.9333869603 1.51874243118 0.4118940985 9.61484665381 0
1680 5.333329916 20.180988 64.758154 1.3339286 20.0821128696 65.6064621296 1.46856895055 0.854050920104 7.71432383865 0
1683 5.36869716644 19.716632 62.635567 1.3210663 18.3548330713 63.5392198849 1.45132191626 1.63434539142 7.46309706971 0
1686 5.40164113045 19.127208 60.642471 1.320188 17.2197361981 60.6705606906 1.41826894096 1.90767861695 5.61962396752 0
1689 5.37161111832 18.573484 58.538556 1.3117791 17.274901632 58.4634922183 1.43492540687 1.30075006737 7.05576364618 0
1692 5.43016290665 18.03732 56.562177 1.3046299 16.8400501535 56.4717392456 1.41446653047 1.20068067062 6.29317536194 0
1695 5.40813803673 17.470308 54.449011 1.30616 15.8565723939 54.4749713918 1.38756372247 1.61394440681 4.66408973411 0
1698 5.40740394592 16.865167 52.414515 1.2995721 14.083448588 52.4701180909 1.33288557767 2.78227407481 1.90872167145 0
1701 5.35670208931 16.322269 50.452679 1.2871313 15.1200990986 51.0465599918 1.41111942936 1.34086058344 7.10399652217 0
1704 5.41879606247 15.679585 48.421133 1.2791916 14.7061917375 48.8390727752 1.39854536586 1.05932435976 6.83846705265 0
1707 5.36166477203 15.049517 46.343459 1.2810584 13.5905477738 46.1704862651 1.37840024694 1.46918711198 5.57727699992 0
1710 5.41092395782 14.370513 44.264129 1.2685694 13.6647628453 44.6390210378 1.3693228249 0.799141615059 5.77274601838 0
1713 5.40332102776 13.728985 42.398373 1.2622613 12.9421764146 42.5057644192 1.36749984286 0.794103687809 6.02972434794 0
1716 5.36182403564 13.116178 40.310007 1.2578142 13.1182865181 39.9308781893 1.41410927717 0.379134673878 8.95504828065 0
1719 5.28838300705 12.482531 38.460523 1.239848 12.3959035563 38.6066555684 1.35989353453 0.16987949129 6.87810247812 0
1722 5.31729602814 12.331027 38.238303 1.1567887 10.8402876361 38.0570768138 1.23984615821 1.5017146139 4.75884181243 0
1725 5.3058218956 12.263795 38.100898 1.043782 11.46228475 37.8989036978 1.15203174514 0.826571460306 6.20225352999 0
1728 5.34459209442 12.231882 38.075858 0.90529637 11.2648943582 38.1143509277 0.998162964678 0.967753483517 5.32086393279 0
1731 5.35179710388 12.170047 37.918491 0.7605547 11.2313085282 38.1726213865 0.905041411339 0.972528751093 8.27847875546 0
1734 5.33624100685 11.9457 37.868652 0.60051086 12.0533419159 37.9677025191 0.786037656236 0.146279825689 10.6299024109 0
1737 5.3150780201 11.861848 37.85602 0.47073445 11.505642999 37.578268115 0.657560579078 0.451694711464 10.7043486989 0
1740 5.32876801491 11.68598 37.868337 0.32347919 12.8998840185 38.1675931917 0.498803734851 1.25024686933 10.045356465 0
1743 5.39395689964 11.634663 37.834152 0.18688423 11.5051251968 36.9698493418 0.189931645526 0.873956021444 0.174604048077 0
1746 5.3544178009 11.546787 37.799316 0.059161186 12.9392514045 37.7739450333 0.0869886060927 1.39269551726 1.59439372605 0
1749 5.35746693611 11.461332 37.784444 -0.088384018 11.7601833871 36.772859433 0.0759007083249 1.05480590056 9.41282145688 0
1752 5.39335298538 11.353119 37.809133 -0.22428348 13.2616500201 38.0862415863 -0.195850254327 1.92854344606 1.62910382899 0
1755 5.3652279377 11.259101 37.929753 -0.36642208 13.3104849308 37.5952866982 -0.255989129242 2.0784714909 6.32734199763 0
1758 5.40233898163 11.22919 38.083377 -0.50941267 12.4870833177 37.7712342628 -0.269125474822 1.29604347422 13.7674421547 0
1761 5.38598203659 11.185129 38.110347 -0.64618684 12.7479043922 37.9402368895 -0.457542776902 1.57200648094 10.8085086457 0
1764 5.39601182938 11.588805 37.741111 -0.76036767 12.6661248337 37.6979392817 -0.678606242997 1.0781845025 4.68458469422 0
1767 5.34168291092 13.063467 36.224873 -0.77289998 14.2014675294 35.2671776396 -0.65083202764 1.48735523948 6.99397848403 0
1770 5.41642594337 14.493375 34.807156 -0.77803694 12.6952816659 36.2238276669 -0.706073031862 2.28912608866 4.12322821356 0
1773 5.39414978027 15.892318 33.28564 -0.77023756 15.6185218004 33.612383386 -0.709305033528 0.426292856166 3.49117660191 0
1776 5.41366696358 17.405154 31.857105 -0.77891679 17.1643147213 32.0504738556 -0.720640352885 0.308860927408 3.33899389176 0
1779 5.35232901573 19.008966 30.381332 -0.78385491 18.7537271486 30.8822934571 -0.792907174057 0.562235940484 -0.518656525495 0
1782 5.40209698677 20.517371 28.856906 -0.78454873 20.1544821493 29.4310083637 -0.741533967011 0.679177327389 2.46456437601 0
1785 5.37757205963 22.037399 27.308602 -0.78653789 21.988597259 27.644086467 -0.791502346337 0.339015394247 -0.284442395706 0
1788 5.41912412643 23.470866 25.802264 -0.78746834 23.8682691063 25.996272805 -0.786732220507 0.442231438607 0.0421765401825 0
1791 5.40451407433 25.030138 24.239515 -0.79252133 24.8220904202 24.9033502372 -0.778736567278 0.695673068094 0.789808725565 0
1794 5.408162117 26.508975 22.80392 -0.79210599 26.1234866549 23.6022093661 -0.787398274618 0.886491498065 0.269732222528 0
1797 5.39273905754 27.961008 21.312251 -0.79564812 27.980632903 21.6227305902 -0.773809715424 0.31109920079 1.25124841351 0
1800 5.42161798477 29.36401 19.750057 -0.78815021 29.1105197035 19.9949250316 -0.800932854993 0.352445291213 -0.7323916091 0
1803 5.38293099403 31.016391 18.179875 -0.79578372 30.7501524337 18.850638193 -0.770979084401 0.721669062171 1.42120093219 0
1806 5.43282008171 32.405165 16.663972 -0.79079715 32.1089836236 17.3497957169 -0.779972508051 0.747045901111 0.620206298411 0
1809 5.36509013176 33.875627 15.226881 -0.79213801 33.871373106 15.2803334396 -0.832502959563 0.053621440769 -2.31274125025 0
1812 5.40428090096 34.400964 14.714584 -0.72873329 33.6574584819 14.8897645083 -0.76368508401 0.763864298109 -2.00259028317 0
1815 5.34546613693 34.541831 14.529671 -0.59347242 33.0419526056 14.7714416468 -0.689762602113 1.51923936356 -5.51702104364 0
1818 5.3958439827 34.648846 14.435796 -0.47955783 33.5038715563 15.8652703029 -0.556311769455 1.83149208553 -4.39767679175 0
1821 5.3723590374 34.668797 14.324629 -0.34405458 33.7852759373 15.3474181214 -0.412984404291 1.35155727039 -3.94938801445 0
1824 5.40939593315 34.864126 14.20779 -0.22615765 34.2011675119 15.1558313909 -0.25278740296 1.1568476286 -1.52577245409 0
1827 5.32669496536 35.017605 14.088235 -0.094353638 34.715340669 15.1786017 -0.128882067043 1.13148719228 -1.97833325737 0
1830 5.39764380455 36.599142 14.0692 -0.022879679 36.75404967 15.9106955913 -0.0835390482927 1.84799956679 -3.4755258484 0
1833 5.36313581467 38.63985 14.009333 -0.014813302 38.7313967767 15.2884807464 -0.0823211338521 1.28241949827 -3.8679138492 0
1836 5.40858912468 40.768535 13.925491 -0.0089087199 39.9168154454 14.1465035221 -0.0519452503312 0.879927687164 -2.4658115586 0
1839 5.37713098526 42.905865 13.952369 -0.011506708 42.4526270217 14.9483143433 -0.0347067013151 1.09422657247 -1.32926170169 0
1842 5.42519116402 45.04117 13.838962 -0.010052037 44.8100741898 15.3042888986 -0.0387187122836 1.48343796412 -1.64247950642 0
1845 5.35208487511 47.095509 13.764363 -0.008210261 46.1836232248 15.0618561081 -0.0150035573899 1.58588272977 -0.389227212121 0
1848 5.38638401031 49.256947 13.750747 -0.012245698 48.5665218536 15.3076591288 -0.0326954989192 1.70313307161 -1.17168728455 0
1851 5.32527208328 51.347189 13.680192 -0.017629817 50.7897921573 15.0732945642 -0.0238083306048 1.50047525626 -0.354002753218 0
1854 5.34643697739 53.510554 13.649042 -0.0075411209 52.1243822562 14.9873701474 0.00706531333433 1.92680936615 0.836887035362 0
1857 5.34617710114 55.608657 13.581194 -0.0077936973 54.5499900422 15.7643302745 -0.0111164566199 2.42628516884 -0.190380085368 0
1860 5.37840509415 57.666716 13.591636 -0.01411162 57.1210489823 15.3188107044 0.0173796598516 1.81132132812 1.80431742696 0
1863 5.35675287247 59.905766 13.533857 -0.012519778 59.0584991292 14.9232046166 -0.00551113890123 1.62731310756 0.40156544049 0
1866 5.36588597298 62.027534 13.447994 -0.021676244 60.596687081 15.0397694951 0.000277930743107 2.1403439285 1.25788155547 0
1869 5.33229899406 64.181261 13.371995 -0.025327169 63.1698411499 14.938110174 -0.00129579522103 1.86431940699 1.37689629344 0
1872 5.35922789574 66.241252 13.310079 -0.024907545 65.5666270376 15.2120718764 -0.0184719477311 2.01809210437 0.368732562153 0
1875 5.3207719326 68.444119 13.24669 -0.026304862 66.5986793858 14.585380292 0.00389709756965 2.27985505405 1.73044481637 0
1878 5.38794112206 70.49734 13.123327 -0.017605166 69.3148490295 14.8702604904 0.0086603975906 2.10951689142 1.50490594027 0
1881 5.34632301331 72.634932 13.039101 -0.019360635 71.8264806218 15.0818187031 -0.0194502284199 2.19688170945 -0.00513332483078 0
1884 5.35008811951 74.720419 12.994859 -0.019347658 73.4344532424 15.203245385 -0.0066065439891 2.55551919486 0.73001205912 0
1887 5.42494606972 76.914825 12.90632 -0.036038761 75.5896745046 15.0144167672 0.015089406791 2.48999915976 2.92942822866 0
1890 5.37920093536 79.004774 12.78569 -0.032634565 78.0352196348 15.1145342372 -0.00562402240744 2.52260800524 1.54759009291 0
1893 5.30806612968 81.177999 12.691712 -0.029848436 80.7931461648 14.8181590361 0.00560081073604 2.16099252707 2.03109222489 0
1896 5.316437006 83.222919 12.597068 -0.02122413 82.2854139328 14.7014097186 0.00113882892364 2.30372954569 1.28130316375 0
1899 5.33908414841 85.390174 12.538762 -0.021700441 84.1442865432 14.669111548 -0.00279505539958 2.46791911365 1.08319880497 0
1902 5.32150197029 87.449986 12.512039 -0.030894579 86.5666478654 14.9652951518 0.00319732535459 2.60744165921 1.95332223508 0
1905 5.32481408119 89.572355 12.414566 -0.034322832 88.4153556182 14.520946133 -0.00127887513987 2.40322384192 1.8932792665 0
1908 5.33813595772 91.713838 12.339838 -0.030338307 90.1453511514 14.8387686082 0.0166972087282 2.95039068237 2.69493653845 0
1911 5.3516869545 93.866625 12.234111 -0.027880568 92.573433619 14.8732797338 0.0011051700976 2.93897185311 1.66076045906 0
1914 5.30191683769 96.027017 12.118277 -0.016096141 94.8773873723 14.7556720381 -0.0101756024551 2.87706462702 0.339221871069 0
1917 5.32968902588 98.003729 12.063433 -0.023465033 96.8498906926 15.1100053818 0.00145601773912 3.25775169672 1.42787102838 0
1920 5.3573319912 100.1865 11.996018 -0.023536261 99.2149817886 14.7691043604 0.0208800595895 2.93834232129 2.54486771128 0
1923 5.35471391678 102.26857 11.921444 -0.023061579 101.907105408 15.5360172851 0.0131313454004 3.63260191667 2.07370181638 0
1926 5.33918190002 104.50291 11.810699 -0.022632517 104.206838575 15.3043291198 0.00565839706642 3.50615312032 1.62094997457 0
1929 5.35466694832 106.528 11.779433 -0.025937223 105.729630763 15.2609381313 0.00883818657836 3.57187225664 1.99248419968 0
1932 5.35551810265 108.61821 11.737233 -0.017267816 108.278865096 14.9375284716 0.0180120400228 3.21823648444 2.02138685194 0
1935 5.32326388359 110.65428 11.638117 -0.015586443 109.004492804 14.7956241102 0.0179081612213 3.56253406211 1.91909945834 0
1938 5.38237714767 112.94226 11.558687 -0.011710616 111.360428382 15.1487741154 0.00162606866821 3.92312589196 0.764135744185 0
1941 5.35150408745 114.89636 11.528856 -0.01668203 113.863511067 15.1589060156 0.00722135654035 3.77412771829 1.36956316483 0
1944 5.35072803497 117.03777 11.494892 -0.018548407 116.556139928 14.8323299412 0.0166889591101 3.37201120068 2.01895235927 0
1947 5.32279801369 119.07747 11.406331 -0.016261061 118.050278389 15.8071360233 -0.000668262553955 4.51909365461 0.893401541757 0
1950 5.32115101814 121.291 11.334615 -0.012126455 120.573600735 15.1646847632 0.00237196673771 3.89667757158 0.830698375172 0
1953 5.30875897408 123.43737 11.229443 0.0013807468 122.90520274 14.8524700881 0.0206671158285 3.66190213878 1.10502754746 0
1956 5.32755994797 125.58554 11.258252 -0.0049853053 124.469976208 15.5803303119 0.0233175355363 4.46372529487 1.62163332815 0
1959 5.37026786804 127.50849 11.183265 -0.012828209 126.429491338 15.0936232699 -0.00895246745325 4.05649354878 0.222063633112 0
1962 5.34631896019 130.28779 11.390648 -0.01314096 128.930467287 15.141733931 0.0109668422561 3.98910649276 1.38127532261 0
1965 5.35260009766 132.78769 11.256475 0.0084755214 131.18383573 15.014393704 0.00455781516943 4.08586606557 -0.224468032384 0
1968 5.37082910538 125.9239 10.596074 0.27888777 132.886181998 14.5839333041 -0.00641086038857 8.02349004151 -16.3464074221 0
1971 5.37616491318 93.936275 13.265891 0.84250578 133.117879623 14.7489137793 0.00721695015444 39.2096607662 -47.8585246246 0
1974 5.36118412018 59.212281 6.4432491 1.3602712 133.715088145 15.0380567215 -0.0109371747012 74.9969265403 -78.5644527034 0
1977 5.38715386391 41.747696 3.5851691 1.5088422 138.574207567 11.2704302684 -0.0334423211465 97.131027903 -88.36639387 0
1980 5.40007686615 40.889782 2.6549702 1.6071612 139.268244787 11.9614211473 -0.0579324741435 98.8176703308 -95.4028400224 0
1983 5.36197400093 40.408125 3.8011614 1.6070032 35.6225237531 96.2881395138 -2.48956298385 92.6107072639 125.284047169 0
1986 5.32624006271 40.388712 5.5337894 1.5172855 77.2651180956 134.744505388 1.3481239842 134.369931357 -9.69224091128 0
1989 5.3383140564 40.44034 7.6724587 1.5542124 36.2284491765 86.6484513253 -0.207669035695 79.0882256437 -100.948370268 0
1992 5.32982897758 40.554207 9.7439313 1.5604739 33.674905914 96.6453415258 2.21900388447 87.1732750484 37.7309887931 0
1995 5.35678911209 40.580821 11.876658 1.5652859 27.9708992825 39.0923684028 -2.07792938585 29.9950832379 151.259140263 0
1998 5.34180808067 40.665042 14.024391 1.567666 101.529302688 53.7015481323 2.50676545789 72.6549036693 53.8064354799 0
2001 5.39419412613 40.771617 16.174621 1.5548315 34.6440067528 38.0381070155 -2.93423469887 22.705938168 102.79545285 0
2004 5.39066791534 40.847233 18.25792 1.5551713 36.6390137979 79.2971274135 -1.22498007733 61.1840988372 -159.290940329 0
2007 5.39730286598 40.88758 20.352438 1.5597309 38.6570657043 76.4123845292 -1.2873752877 56.1043028553 -163.127168381 0
2010 5.4340569973 40.971014 22.508388 1.5678505 61.8279755835 77.4467601848 -0.272621412939 58.7642543117 -105.451272924 0
2013 5.41776013374 41.044823 24.54743 1.5705547 82.6194963659 45.7330204343 1.73058105563 46.6613620411 9.16883478855 0
2016 5.33216905594 41.105608 26.696222 1.5717508 63.9778967014 74.200568967 -0.302762857606 52.7238520141 -107.40172122 0
2019 5.38233590126 41.160404 28.869777 1.5672714 139.667406161 46.1545225393 0.428034146605 100.011958801 -65.2734864836 0
2022 5.40144705772 41.204205 31.003136 1.5608691 128.367954842 55.1501516959 1.30078076692 90.4466563975 -14.9019637859 0
2025 5.37243390083 41.244227 33.116661 1.5660557 40.6366969733 32.865040032 1.6443544519 0.657575733162 4.48618802475 0
2028 5.38032603264 41.277887 35.228156 1.5643441 39.1862018394 35.6317812951 1.61900820242 2.13027232763 3.13202235957 0
2031 5.42097091675 41.31792 37.33529 1.5797774 37.620692289 37.1914059944 1.67123375181 3.70002639911 5.24006296817 0
2034 5.41612410545 41.419072 39.474789 1.5713492 39.068798898 38.5076618776 1.55429889617 2.54147959366 -0.976910448772 0
2037 5.44640803337 41.429937 41.518923 1.5745722 39.1665595655 42.5532222544 1.63101658198 2.48850404037 3.23402486459 0
2040 5.37799501419 41.494048 43.684079 1.5737379 39.9703580506 43.2947793558 1.683161856 1.57263640897 6.26953085633 0
2043 5.41457986832 41.508319 45.798644 1.5762653 38.8816584335 45.7099381035 1.67150074179 2.62815799898 5.45658887466 0
2046 5.40320611 41.512588 47.943477 1.5772604 39.4666473064 48.1617274322 1.60103150294 2.05754868055 1.36198387268 0
2049 5.33415985107 41.583607 50.107906 1.5744728 39.1697455476 49.7525345481 1.58928798934 2.43988032085 0.848847821961 0
2052 5.34288191795 41.632502 52.265699 1.5728612 38.8601508955 51.7829061134 1.55633408361 2.8140752687 -0.946934016652 0
2055 5.31976604462 41.660201 54.305408 1.5732479 38.8692863708 54.261397243 1.60014464059 2.79126161697 1.54106971833 0
2058 5.31870007515 41.689009 56.508616 1.5685378 39.5024759837 56.889433812 1.61709262117 2.21944786762 2.78198632779 0
2061 5.33690595627 41.794127 58.57462 1.5657057 39.1399552092 57.9257454521 1.61927999408 2.73233710838 3.06958094123 0
2064 5.30696511269 41.856016 60.76704 1.5641567 38.650626118 60.4035586244 1.60040786508 3.22593288922 2.0770387618 0
2067 5.33408999443 41.858156 62.785084 1.5639758 39.2488438705 63.011741548 1.59567765364 2.61913791796 1.81638241648 0
2070 5.3063519001 41.958088 65.023529 1.5767642 38.6575919321 64.1967385614 1.57534074296 3.40247802692 -0.0815580806746 0
2073 5.33673405647 41.99726 67.044355 1.5737097 39.2385430596 66.3075341195 1.59526122983 2.85542013852 1.23481170126 0
2076 5.35438084602 42.044947 69.102812 1.5759217 39.0943463586 69.1783662975 1.60287619973 2.95156782011 1.5443790732 0
2079 5.34393000603 42.097902 71.261122 1.5727544 38.9449554884 71.5402390844 1.58647916952 3.16527693131 0.786371368181 0
2082 5.28753709793 42.114798 73.459441 1.5684742 38.6743502321 72.8130741471 1.61125004974 3.50063864916 2.45087565501 0
2085 5.30463218689 42.172982 75.545483 1.5804547 38.9019581026 75.6388775414 1.59332219567 3.27235693003 0.737253194644 0
2088 5.32190203667 42.213453 77.648417 1.5799022 38.8830856975 78.0384191693 1.60218556426 3.35312511871 1.27674272526 0
2091 5.32288599014 42.308345 79.80823 1.5843424 38.466936648 80.2950104977 1.57938483128 3.87212775873 -0.284047764083 0
2094 5.33199191093 42.259747 81.948131 1.5870316 38.6374502335 82.0553021514 1.60643964341 3.62388183033 1.11199897589 0
2097 5.3695101738 42.325886 84.065588 1.5841531 38.1447408526 84.392841848 1.61008073153 4.19393250124 1.48554385955 0
2100 5.31802797318 42.338042 86.100283 1.5789413 38.3812926872 86.1569484675 1.62243151374 3.95715505122 2.49180569757 0
