3 6.06610918045 72.513547 45.80148 1.6808269 57.4483784504 49.1942164817 -2.43238785447 15.442472738 124.330154338 0
6 6.03468203545 72.505015 45.806851 1.6805552 114.314307255 96.0461418605 1.70782347036 65.3605635307 1.56235680642 0
9 6.01867485046 72.51553 45.801787 1.6811119 13.8936751571 107.050241499 2.1939482006 84.7814545981 29.3833556052 0
12 6.02363085747 72.511327 45.798497 1.6805172 80.6250135908 14.2046993537 1.6773621845 32.6190122445 -0.180769072403 0
15 6.98781895638 72.518426 45.80176 1.6806948 136.475613737 145.211979282 -0.186304644645 118.207079149 -106.971188531 0
18 5.96388506889 72.509508 45.806599 1.6825332 11.6314914474 69.7345427627 0.810218890648 65.411615116 -49.9799283347 0
21 8.22237014771 72.510969 45.800989 1.6811293 119.627861867 131.354437593 0.367297540397 97.6698221542 -75.2770148155 0
24 11.7466931343 72.522343 45.818169 1.6838228 51.5186919659 128.240853172 -0.492055098177 85.0567588313 -124.668620301 0
27 6.6457798481 72.508499 45.799812 1.6808804 131.561784379 53.6642766289 2.02841815478 59.5746617104 19.9124465702 0
30 5.70919108391 72.523901 45.815543 1.6832165 105.299081614 57.4209814306 1.94894878027 34.7692200871 15.22533814 0
33 6.02845907211 72.511009 45.802779 1.6808191 34.5871096094 95.9660176765 -1.41726944313 62.8853930536 -177.507398079 0
36 6.03806710243 72.527172 45.853315 1.6851825 37.4317312378 116.523204923 -0.763112615979 78.9045201747 -140.276977148 0
39 6.1493139267 72.188088 49.017093 1.6798669 66.8175700379 104.011003844 -2.98553087452 55.255521834 92.69239777 0
42 5.94584584236 71.804616 53.279503 1.6643548 77.5453321931 132.561613955 2.27424960246 79.4896781976 34.944398128 0
45 7.37552404404 71.568933 57.324136 1.642571 132.582913457 60.0202465987 -0.668209979905 61.0735198231 -132.397997528 0
48 5.95533514023 71.37336 61.652431 1.6431927 53.0948148641 100.488200296 -2.23033932092 42.9222808002 138.062963393 0
51 6.04712295532 71.165072 65.844712 1.6344026 48.2766818731 97.2880849321 1.88150612336 38.8916971081 14.1579889914 0
54 5.99806308746 70.960331 70.343426 1.6128178 93.3793883026 47.5707437452 0.13686451797 31.9563638015 -84.5658938188 0
57 5.99877500534 70.885213 74.631613 1.6236159 17.8664242961 74.1704630923 -2.39451344689 53.0207941742 129.778146885 0
60 6.0049059391 70.832043 79.069602 1.6124517 51.36083316 81.0091030278 -1.96442087009 19.5675669635 155.060297878 0
63 10.2468008995 70.841819 83.283634 1.5826474 97.9999113356 73.9913022442 2.78180031924 28.7038221979 68.7064012633 0
66 9.9469139576 70.897044 87.066595 1.5142468 39.4072177956 63.7265058364 1.80746836703 39.1965421504 16.8003582529 0
69 6.31284093857 70.898205 87.488163 1.2381173 46.3086493467 129.640486819 2.39980697656 48.800252567 66.5599155707 0
72 11.5636188984 70.648486 87.373684 0.94938085 49.8095097564 70.4686061562 -2.17882785688 26.8336465615 -179.23315634 0
75 6.29004001617 70.490448 87.162959 0.64684814 48.9997332382 71.4957615613 -2.51279017884 26.5953359925 178.966059543 0
78 5.6626560688 73.090524 88.460194 0.4660111 46.3901210115 72.9752911673 -1.61392895951 30.8657372419 -119.17178705 0
81 5.8864839077 76.750616 90.291223 0.4640309 94.1736206791 99.6466655925 2.40484566439 19.7758792004 111.200494816 0
84 5.97489500046 80.704264 92.172539 0.45240664 92.9513713947 102.066017788 2.32117827363 15.7439690694 107.072727481 0
87 5.9392209053 84.637734 93.972859 0.42386385 39.221268185 108.990271613 -2.50052813663 47.834904084 -167.555318476 0
90 5.95345497131 88.678811 95.730817 0.41656148 29.3204762703 70.951240031 -3.07088326102 64.3229300999 160.184135055 0
93 9.15545797348 92.647535 97.41769 0.40779386 67.6031145728 114.932991377 2.36337275929 30.5615571735 112.046417434 0
96 8.09468388557 96.759828 99.128022 0.39320766 86.9904036679 135.532972008 2.16263305723 37.6929971857 101.380607425 0
99 5.6733648777 100.07577 100.58602 0.32958371 84.7988129851 140.334707848 2.12930011772 42.5833723568 103.116154483 0
102 6.01516079903 100.12714 100.52966 0.1390585 82.856975202 141.376964702 1.86283910246 44.3481780185 98.7653533277 0
105 6.01407814026 100.08551 100.52401 -0.14356162 82.0593988543 140.297973788 1.57023322102 43.6681677934 98.1932113418 0
108 5.97508096695 99.772178 100.71077 -0.40700642 81.9564948058 123.668095672 1.28273281621 29.0592045606 96.8149267122 0
111 6.61054587364 99.760338 100.7618 -0.66729138 83.0751999545 123.896767144 1.03434095038 28.5240343629 97.496350814 0
114 6.01133799553 99.638101 100.95548 -0.8821311 13.6965568819 67.5277100745 1.84512089574 92.2136909986 156.260029025 0
117 8.3916580677 99.549051 101.11221 -1.1251977 13.4237772747 69.3453243229 1.60650730072 91.7970467928 156.515167416 0
120 11.7322499752 100.80276 98.46873 -1.1938854 98.7036668334 99.747427306 -1.14523110836 2.45789725633 2.78768556596 0
123 11.6837160587 102.35582 94.496879 -1.1822805 99.5521214782 95.1366383233 -1.18856870973 2.87576379296 -0.36028787794 0
126 11.6440930367 103.84912 90.431736 -1.1842505 101.321296388 92.099321845 -1.21012669611 3.02832210399 -1.48259682686 0
129 6.94045901299 105.46668 86.336829 -1.1831903 103.456896928 88.7204911895 -1.13728549455 3.11786360023 2.63015161141 0
132 11.6541399956 106.96067 82.891423 -1.1821311 105.619664218 84.7989966557 -1.2105734053 2.33176623195 -1.62962405317 0
135 11.6974129677 108.13488 79.987125 -1.1809983 107.103432744 80.9960315828 -1.20484709912 1.44283607317 -1.36643553588 0
138 11.6538009644 109.11096 77.465416 -1.174964 108.326585593 79.0845109301 -1.17058149188 1.79908632453 0.2510992191 0
141 11.7883028984 110.00241 75.115832 -1.1797573 109.691739381 77.276733298 -1.15013620043 2.18311947748 1.69716398994 0
144 11.6789429188 110.9669 72.896666 -1.1819268 110.864000473 74.1450920214 -1.14727772682 1.25265950822 1.98524565733 0
147 11.5135622025 111.79529 70.750926 -1.1680053 109.758694208 73.4143698681 -1.17403289929 3.35285783453 -0.345356000086 0
150 7.16469717026 112.62755 68.634671 -1.166408 110.733771513 71.4899762612 -1.16800850134 3.42624650211 -0.0917019716764 0
153 5.66398406029 113.50263 66.493746 -1.1746568 111.580317976 68.9843543649 -1.16535466897 3.14617442992 0.532972848228 0
156 8.38812398911 114.39844 64.423702 -1.1690506 111.722628842 68.1643409326 -1.19116554051 4.59916785725 -1.26709275561 0
159 6.12721514702 114.9392 62.935672 -1.1627449 113.813881778 66.0316592163 -1.13791259324 3.29415815407 1.42278637296 0
162 5.67121887207 115.58582 61.52951 -1.1720902 114.780184624 63.6283606746 -1.15312090132 2.24815980587 1.08686075478 0
165 5.91933202744 116.16312 60.165609 -1.1710096 114.09021484 62.794614669 -1.14238223759 3.34792571775 1.64022704473 0
168 6.83455300331 116.71267 58.758483 -1.1690165 114.474490092 61.6756302124 -1.15253233035 3.67684608871 0.944473349956 0
171 6.01744198799 117.29804 57.404001 -1.1730259 115.148570317 60.3421032466 -1.18364588522 3.64042095478 -0.608480331641 0
174 5.94967699051 117.3062 57.346669 -1.1782941 114.9496406 60.6413758727 -1.20886361598 4.05073642478 -1.75150424737 0
177 5.99037790298 117.30973 57.394113 -1.1925087 114.452702124 60.7255951698 -1.2455307997 4.38877907074 -3.03794253386 0
180 5.95473790169 117.3509 57.478875 -1.2542253 114.694343475 60.9147129537 -1.30414897043 4.34307207096 -2.86041561324 0
183 5.98859190941 117.31554 57.561663 -1.3141336 115.321974683 60.2334535466 -1.37304031886 3.33358176695 -3.37510637539 0
186 5.99107909203 117.31761 57.625945 -1.389572 115.112950929 60.0829765828 -1.44437793349 3.30114007886 -3.14014868128 0
189 5.97992014885 117.34247 57.653648 -1.4539696 114.505657331 60.4718576879 -1.48163251994 3.99872629286 -1.58496856133 0
192 6.01448202133 117.36058 57.739095 -1.5147103 115.858843943 60.1559283342 -1.56638041882 2.84539883824 -2.96047973524 0
195 5.99695110321 117.34118 57.80351 -1.5718326 115.077518054 60.1142718318 -1.57865554358 3.23477752694 -0.390925871073 0
198 6.42711186409 117.32521 57.826191 -1.6475747 115.734009646 60.3169301917 -1.6427378956 2.95562181045 0.277128478602 0
201 6.12541890144 117.28663 57.948056 -1.7072698 117.377166023 62.1606062141 -1.70728871141 4.21352300076 -0.00108354419129 0
204 11.5749549866 117.37131 58.006137 -1.7818651 116.268661462 59.8536423864 -1.72943145678 2.15153664857 3.00422646083 0
207 8.50830698013 117.40314 57.989067 -1.8555926 116.956743855 59.7695523041 -1.8208476481 1.83559184915 1.99073910326 0
210 5.62065577507 117.02719 57.008887 -1.8977403 116.6970614 59.1457129927 -1.85793554938 2.16217719334 2.28064421514 0
213 5.76609301567 116.38504 55.250118 -1.9095407 115.816225044 57.1015926256 -1.88975391569 1.9368811899 1.13369923132 0
216 7.68876194954 115.67443 53.450651 -1.9075572 116.081060875 55.3101612742 -1.8802946323 1.90345137286 1.56203006773 0
219 11.5777261257 115.02136 51.574537 -1.9165104 114.642291547 53.2142061483 -1.8917459791 1.68291645896 1.41889679957 0
222 11.6918959618 114.35753 49.684701 -1.9233127 114.73246552 51.3540525918 -1.91481366882 1.71093874276 0.486958616351 0
225 6.24184298515 113.59486 47.870819 -1.9110101 112.907344211 50.2554398312 -1.85748815111 2.48175229792 3.06658178255 0
228 5.62992191315 112.87829 45.986656 -1.9118326 112.126370491 47.6346219996 -1.90802643714 1.81140135919 0.218077068064 0
231 5.7508790493 112.17059 44.128463 -1.9122248 111.905050734 45.6699257887 -1.91094125736 1.56416707241 0.0735415758619 0
234 5.98909902573 111.43202 42.277019 -1.9027456 111.0886101 43.5535341698 -1.92006488615 1.3219006536 -0.992322000763 0
237 10.3281779289 110.82393 40.37458 -1.9174412 110.195779419 42.5934501395 -1.92786108708 2.30606978403 -0.597015552767 0
240 5.71707081795 110.14399 38.567468 -1.912432 109.950548715 40.2658363259 -1.90926142423 1.70934914555 0.181660610412 0
243 5.92016601562 109.42625 36.696167 -1.9074722 108.935655502 38.1791073978 -1.88252566664 1.56198437398 1.42933107475 0
246 10.9827730656 108.96452 35.308972 -1.917648 109.575715205 36.7908672107 -1.88737426252 1.602988769 1.73455738765 0
249 7.69328689575 108.91335 35.330429 -1.9171391 108.211269579 37.2875593122 -1.93056027988 2.07924889715 -0.768976963212 0
252 5.61873912811 108.9585 35.348205 -1.9450374 108.134078887 37.5724197613 -2.00430722563 2.37208799927 -3.39591086128 0
255 5.82402801514 108.97674 35.368834 -2.0165302 109.786631031 37.5405853885 -2.06184145553 2.31784977424 -2.59614370631 0
258 6.00189805031 108.99865 35.397074 -2.0803106 108.548496739 37.2653620392 -2.08591344103 1.92175392707 -0.321019144045 0
261 5.94968819618 109.05048 35.474836 -2.159245 108.020315402 38.5639879333 -2.15193492272 3.25639352133 0.418836575957 0
264 5.96921801567 109.09365 35.518169 -2.2238592 108.680573594 37.9323549535 -2.22946500097 2.44927049036 -0.321188736236 0
267 10.7082710266 109.14301 35.568827 -2.2920109 109.988551499 37.4422015984 -2.29184872278 2.05535223557 0.00929207049849 0
270 8.56973385811 109.24021 35.586114 -2.3597618 109.287339874 37.2148342648 -2.36285077182 1.62940201489 -0.176985048168 0
273 5.99443602562 109.32691 35.57971 -2.4292889 108.571989751 37.8771485721 -2.41099229524 2.41829042409 1.0483182322 0
276 6.01615405083 109.34422 35.612178 -2.4970016 110.273438577 37.8657221217 -2.45881823514 2.43760297675 2.18774565403 0
279 5.98424601555 109.45255 35.562283 -2.5751384 109.79929755 37.573095708 -2.50459597875 2.04049053176 4.04178301436 0
282 8.56888008118 109.51035 35.610832 -2.6455993 108.992369733 37.6915673293 -2.55222255274 2.14423950791 5.35009352276 0
285 11.7909920216 109.52669 35.619453 -2.7060079 109.524930583 36.598616101 -2.62998562498 0.979164681742 4.35575550777 0
288 11.7956140041 109.56751 35.667144 -2.7779359 109.046045414 36.4982637535 -2.66037306451 0.981165306698 6.73585430145 0
291 11.7381350994 109.58407 35.725569 -2.8421247 110.985898818 36.8019514127 -2.68291708076 1.76740576347 9.12192464902 0
294 10.5407719612 109.62066 35.728072 -2.9074408 110.752761226 36.9914676973 -2.79920859241 1.6964144168 6.20124870244 0
297 5.62896108627 108.40689 35.538158 -2.9474042 109.190315789 38.0691291099 -2.82303818168 2.64944724924 7.12564796466 0
300 7.50940108299 106.63579 35.154474 -2.9731605 106.452702037 36.4455445154 -2.88311954807 1.30398783661 5.15896652884 0
303 6.29147315025 104.74277 34.838538 -2.9724974 105.014639124 36.5452640884 -2.86743407891 1.72824383738 6.01968488 0
306 6.21424913406 102.71686 34.507066 -2.970186 102.220655319 36.4996499336 -2.88079247458 2.05343853527 5.12187172239 0
309 6.57179808617 100.87602 34.149296 -2.9774562 100.39481533 35.4984069671 -2.83670664886 1.43236110547 8.06435524843 0
312 7.17432689667 98.917573 33.856952 -2.9648121 98.6312518151 34.667436082 -2.89865183612 0.859572142497 3.79070389205 0
315 6.04970788956 96.872255 33.519705 -2.9713846 96.3523422815 34.4942675296 -2.90677175421 1.10457293055 3.70204336607 0
318 9.31716609001 94.700759 33.157106 -2.9752463 94.7328026655 33.7523627905 -2.87991842187 0.596118648553 5.46188508668 0
321 11.6030399799 92.656194 32.878926 -2.9695623 92.6798695731 34.0198891523 -2.92441367652 1.14120876608 2.5868255764 0
324 7.10241699219 90.628889 32.525228 -2.9736018 90.294109264 33.9379773361 -2.93664123603 1.45187401598 2.11768432378 0
327 6.14727091789 88.510396 32.191288 -2.9695852 87.1252376128 33.45982546 -2.93651272323 1.87825744906 1.89491333703 0
330 6.8694357872 87.334812 32.006658 -2.9896435 86.1878490701 33.7409979332 -2.98108444303 2.07929290062 0.49039784095 0
333 10.2037529945 87.328365 31.983283 -3.0015998 86.1320949718 33.7012353917 -3.03928903772 2.09342360753 -2.15943425429 0
336 9.90063881874 87.328448 32.00285 -3.0442403 86.5196810721 34.2454865942 -3.08316458825 2.38401401786 -2.23019743727 0
339 5.6767411232 87.480424 31.977098 -3.121648 86.6312045682 33.8353111628 -2.95954044755 2.04306872173 9.28807858273 0
342 6.98767995834 87.509332 32.088761 3.0972389 86.3863298157 34.1408937384 -3.13510652815 2.33931243788 2.91291049947 0
345 11.7041621208 87.537767 32.004513 3.0032565 86.4635590765 33.8874970975 -3.13494147307 2.16784496085 8.30716232737 0
348 11.7801549435 87.588829 31.971963 2.902116 86.6295605417 33.1914971608 2.99268097267 1.5515990282 5.18899070552 0
351 9.82119607925 87.696053 31.883789 2.7788249 86.5721909275 33.1464450522 2.9261032027 1.69037459285 8.43842515862 0
354 5.67929410934 87.777704 31.698119 2.6376296 86.526204894 34.9249385685 2.93417688793 3.4610135134 16.9909080242 0
357 5.72293806076 87.896098 31.65995 2.4917922 86.297719975 33.5763333289 2.81223592731 2.49546335857 18.3600731464 0
360 5.82405996323 87.958395 31.594625 2.366513 86.8795643305 34.0542493477 2.54345470117 2.68581971576 10.1380126967 0
363 6.06621098518 87.964094 31.460561 2.2184109 85.6331421973 33.2173319826 2.46140469665 2.91883205949 13.9225189959 0
366 6.64687991142 87.708527 31.831987 2.1125682 85.2521565721 35.0227672248 2.35467730775 4.02676472149 13.8718300557 0
369 5.94313907623 86.721318 33.612273 2.0920166 84.2433380117 37.3363857906 2.37749249539 4.47318688408 16.3565639586 0
372 7.69474101067 85.724716 35.405361 2.0873093 84.2922509608 37.0076959169 2.14452065017 2.14928668968 3.27796890523 0
375 5.78871202469 84.755772 37.248267 2.0862059 82.3962869868 38.349731484 2.03748600363 2.60391888067 -2.79144444024 0
378 6.01192712784 83.690185 39.149374 2.0868314 82.1138859091 40.6772383915 2.11534572895 2.19524222412 1.63375070457 0
381 6.00417208672 82.666747 40.97523 2.090975 80.5763113869 42.0111660168 2.15971915197 2.33304189492 3.93874977385 0
384 6.01864099503 81.635815 42.877142 2.0910396 80.081885096 43.8113645403 2.12801787316 1.81313813633 2.11869898559 0
387 10.7489588261 80.624097 44.699122 2.0805048 79.5040512297 45.3231871442 2.16284671049 1.28216996992 4.71784394812 0
390 6.29241895676 79.602515 46.546403 2.0762437 78.2216891065 47.2659598739 2.12388456451 1.55706205494 2.72962046862 0
393 6.7373380661 78.599692 48.40129 2.0808805 76.6400337818 49.4428036412 2.11771357846 2.2192365798 2.11037994205 0
396 5.9085419178 77.532669 50.298142 2.0919608 75.0962622285 51.2980757076 2.12673078488 2.63361830487 1.99217338753 0
399 10.7195799351 76.53881 52.074716 2.0854653 75.3067779852 52.8552848421 2.09922047283 1.45848915071 0.788113349857 0
402 11.2807791233 75.533974 53.92833 2.0838411 74.4871552325 54.737957412 2.08620792392 1.32337677109 0.135609021435 0
405 5.67211484909 74.451304 55.860797 2.0823704 72.7154117348 56.2281225225 2.11478872699 1.77433085858 1.85743331555 0
408 5.67692780495 73.464188 57.689364 2.0801622 71.449853434 58.077348689 2.14479117208 2.05135951575 3.70296733464 0
411 5.87472605705 72.461178 59.521835 2.0808323 70.2456828428 59.7648162727 2.15076898984 2.2287796415 4.00707716078 0
414 5.90640497208 71.469371 61.42577 2.0898858 69.4434327687 61.1746255346 2.12010771942 2.04144538488 1.73158843139 0
417 5.94976019859 70.386885 63.322712 2.0827703 67.7584170436 63.3800018338 2.10353722504 2.6290922241 1.18985715811 0
420 7.26341295242 69.38246 65.186025 2.0922796 67.169847633 65.8198288013 2.13538885148 2.30159960577 2.46997816799 0
423 5.94854402542 68.400253 67.014087 2.0893798 65.1801728461 67.1971894557 2.12730246866 3.22528180274 2.17280886181 0
426 5.94329714775 67.30799 68.901204 2.089526 64.6015444773 68.8225526785 2.13375533527 2.7075881145 2.53415424154 0
429 6.80355906487 66.315197 70.741557 2.0869248 63.9722304226 70.9724598225 2.13612373314 2.3543169914 2.81889122567 0
432 10.6941699982 65.281228 72.464006 2.0745737 62.5307718955 72.5148338392 2.1025727427 2.75092570823 1.60422697721 0
435 11.7425529957 64.283593 74.421326 2.0918621 61.4125867499 74.631004731 2.12538205293 2.87865282004 1.9205518324 0
438 11.6652071476 63.28447 76.191493 2.091939 60.9649504717 75.5566475281 2.11869761527 2.40482839622 1.53315572078 0
441 11.5303881168 62.204887 78.125252 2.0893553 59.1710917937 77.9083956977 2.11783738008 3.04153579783 1.63190298016 0
444 11.7464718819 61.273659 79.948227 2.0960183 58.5006533848 80.1162402563 2.12913259234 2.77809081857 1.89730919238 0
447 11.7064948082 60.19879 81.787566 2.089809 57.1225373726 81.7458384239 2.12258977827 3.07653561953 1.87820024383 0
450 11.5949499607 59.161438 83.629466 2.0974137 56.7277870742 83.726354497 2.09333493755 2.43557882431 -0.233695874243 0
453 11.6186959743 58.11891 85.485673 2.0964985 55.7006005602 85.169807589 2.08988947073 2.43885044736 -0.378669483965 0
456 11.6276400089 57.036783 87.336936 2.0992423 55.3627943035 87.0187579437 2.07866469937 1.70395875287 -1.17900966889 0
459 11.5492978096 56.357629 88.602308 2.124456 54.9071167389 88.1333081082 2.10176770103 1.52444964435 -1.29994377552 0
462 6.07654500008 56.200217 88.720884 2.2094598 54.2948918496 89.2362989419 2.19998338406 1.97380761252 -0.542958638108 0
465 5.64563798904 56.199637 89.07416 2.3631742 53.0230727824 88.0189108389 2.3413886984 3.347254251 -1.24821729619 0
468 7.66222786903 56.109511 89.161307 2.4869631 53.0952953466 87.8998027793 2.46728646559 3.26755090304 -1.12738810662 0
471 7.78928780556 56.023191 89.233423 2.608836 52.4116654196 88.7395818181 2.59660196771 3.64513321164 -0.700958416661 0
474 6.62673187256 54.873312 89.789936 2.6823278 51.9525003309 89.1982731897 2.67083088041 2.98013517941 -0.6587249699 0
477 6.91048502922 52.997249 90.667048 2.6986067 49.4681542193 89.8794354322 2.69082825373 3.61591530988 -0.445672142352 0
480 6.3769299984 51.122563 91.609157 2.7018871 47.9279562287 90.5582069699 2.69940474254 3.36303559139 -0.14222860545 0
483 7.97594285011 49.137432 92.566213 2.7007601 46.5644015746 91.5134798941 2.70967000187 2.78005981272 0.510499772804 0
486 11.8196110725 47.308569 93.452781 2.7003868 44.7062117636 92.8825633997 2.71064499345 2.66409671325 0.587751189843 0
489 6.806609869 45.360782 94.336008 2.7008969 42.4233720594 93.8741186024 2.70754795944 2.97350281226 0.381077635133 0
492 6.31630706787 43.468079 95.251019 2.7064338 41.0634942087 94.0926044461 2.71841417885 2.66907330309 0.686425144838 0
495 6.87573409081 41.590918 96.131677 2.7064065 38.0425087876 95.4326081401 2.73184523737 3.61661515919 1.45753228726 0
498 9.85535597801 39.606214 97.06058 2.704478 35.8390307303 96.7058216286 2.7361740655 3.78385032596 1.81605078057 0
501 8.08808398247 37.718719 97.944153 2.696243 35.0785799215 96.678293267 2.73123842825 2.92792336266 2.00509034113 0
504 8.42972922325 35.769603 98.891663 2.7044976 32.7756124084 97.0558723755 2.75420370195 3.5119947152 2.84794985778 0
507 9.56367087364 33.862509 99.822852 2.7013631 30.6955507449 98.0885309914 2.72944286921 3.61074700725 1.60885226566 0
510 5.70371007919 31.979521 100.73965 2.7066945 29.0983207468 99.1987771578 2.73203812282 3.26735428368 1.4520826253 0
513 5.84253787994 30.015598 101.64307 2.7044148 27.332209596 100.161582819 2.73603480647 3.06518801942 1.81169291918 0
516 5.99033284187 28.083667 102.5122 2.7038251 25.6844763866 101.62466554 2.6760809523 2.558091675 -1.58962256956 0
519 9.22515082359 26.231599 103.44351 2.6987262 23.3546991921 102.068755116 2.71023145456 3.18849549094 0.659202528239 0
522 5.62970709801 24.326425 104.3449 2.7056645 21.6676875645 103.302094952 2.7087588582 2.85592841636 0.177293665101 0
525 8.88605999947 23.072168 104.95788 2.6888385 19.3328388037 103.946937068 2.65636790769 3.87357566719 -1.86042789758 0
528 6.42679715157 23.059574 104.94595 2.6093304 18.8234636062 104.381511006 2.58255136956 4.27354918614 -1.53432542354 0
531 5.8502099514 23.148655 105.02795 2.4881616 18.9337606209 103.437702432 2.4619707608 4.50491087098 -1.50062454785 0
534 5.92736697197 23.15609 104.97342 2.3614352 18.9275500286 104.305521304 2.34868369912 4.28096238693 -0.730607182892 0
537 5.99299407005 23.189116 104.80794 2.2179164 19.1444220668 105.647100252 2.22227056037 4.13082787608 0.249475012438 0
540 5.98878002167 23.170444 104.45908 2.0515088 19.081367968 104.077046064 2.08705343867 4.10688357809 2.03655778029 0
543 10.5908219814 23.203193 104.36781 1.9241471 19.0280912627 104.670153641 1.94294329596 4.18603466229 1.0769426995 0
546 11.6641280651 23.268475 104.40083 1.8086424 19.7129797379 104.694806252 1.81944067106 3.56762786677 0.618695357582 0
549 11.7044370174 23.269141 104.3114 1.6661585 18.9597668934 104.304856519 1.6742910702 4.30937907451 0.465961948988 0
552 10.3387479782 23.273746 104.22596 1.531085 19.6231053129 105.52733192 1.52832712938 3.87566075673 -0.158014346697 0
555 5.65299391747 23.201513 103.9692 1.3630267 19.4574291556 104.815590987 1.40636039069 3.83855982575 2.48283758752 0
558 5.66977000237 23.573375 105.47089 1.3112874 19.6084714127 105.89843949 1.31347085803 3.98788904347 0.12510292967 0
561 5.74992609024 24.091257 107.45193 1.3021436 19.1077013278 106.859729525 1.34069880073 5.01861819039 2.20905028 0
564 6.00170612335 24.69734 109.54228 1.2971878 20.8777036756 108.482942955 1.29958473245 3.96381339443 0.137334113184 0
567 9.12371993065 25.24514 111.62222 1.291934 21.2629297362 111.728681415 1.30549334926 3.98363309277 0.776893485729 0
570 5.77207708359 25.838263 113.71051 1.2925571 21.8541586426 113.42650447 1.28621878221 3.99421414952 -0.36315885856 0
573 7.05365800858 26.485855 115.66064 1.2984976 22.2301381493 116.349830204 1.33111683534 4.31116098642 1.86894451591 0
576 8.58627796173 26.666562 116.70228 1.2516028 22.2532707341 116.49729816 1.28129489514 4.41804904373 1.70123173669 0
579 5.75914120674 26.671044 116.66524 1.1445574 23.0402720013 116.241523829 1.1553262601 3.65541252125 0.617010233734 0
582 5.90219402313 26.68282 116.71548 1.0360889 23.0176429886 115.885116079 1.02421078355 3.7580615702 -0.680565941342 0
585 5.91668510437 26.598988 116.54426 0.86252405 22.3778283297 116.078832482 0.880856736834 4.24674130794 1.0503855827 0
588 5.9598031044 26.490987 116.49462 0.72378221 22.7346419371 115.83434442 0.76850751118 3.81393393666 2.56257099506 0
591 5.96069288254 26.414554 116.44154 0.58967497 21.9092831872 116.364655639 0.613291107504 4.50592679715 1.3531050074 0
594 9.1405749321 26.30131 116.37003 0.43724496 21.6915098265 116.419099387 0.487628045407 4.61006132759 2.88673815264 0
597 5.64541482925 26.176025 116.35464 0.31453037 22.0234771859 116.302274375 0.361927953471 4.15287797882 2.71568149199 0
600 5.93702316284 26.088883 116.46581 0.14702743 21.8306538403 115.649491265 0.242766644717 4.33576888846 5.48545293715 0
603 5.93179702759 25.977812 116.45377 0.019989929 21.5201414761 116.102518188 0.0806007567736 4.47148793295 3.47274462422 0
606 5.93289089203 25.890585 116.45549 -0.11586106 21.5362297801 116.21486071 -0.0419182018194 4.36099894936 4.23661369888 0
609 5.97684192657 27.617035 116.21759 -0.13548047 24.402576147 115.211557506 -0.0499658624618 3.36821126064 4.89962609866 0
612 5.96740913391 29.732468 115.90829 -0.14344069 26.121319518 114.94226197 -0.0927094344026 3.7381283436 2.90668683513 0
615 6.00067710876 31.744289 115.6014 -0.14068963 27.6955013268 114.972753277 -0.12758378604 4.09730134661 0.750909545878 0
618 8.62777709961 33.87565 115.27561 -0.13567301 30.3048143055 115.253983909 -0.164575729933 3.57090118111 -1.65600386862 0
621 11.6260299683 35.936054 114.9269 -0.14240112 32.9589845698 114.536781892 -0.0965827967381 3.00252136217 2.62519654727 0
624 11.612347126 38.113735 114.67885 -0.14674677 34.6047362393 114.639971456 -0.120639100436 3.50921413473 1.49585927896 0
627 6.08474111557 40.163768 114.30534 -0.14012204 36.8259346473 114.788699941 -0.122227867697 3.37265004459 1.02526055086 0
630 5.62511301041 42.346763 113.98058 -0.16006212 39.3621461683 114.464595414 -0.0920356108074 3.02360853174 3.89763187174 0
633 5.63473391533 44.341947 113.67079 -0.15507802 40.8858191675 114.258437619 -0.104645781922 3.50573092499 2.88955439327 0
636 7.69228887558 46.544067 113.30502 -0.15009707 42.715247386 114.51350326 -0.0670688164397 4.01500827233 4.75716850935 0
639 10.1603069305 48.557097 112.97025 -0.14631805 44.6788398002 114.272637073 -0.0799082709011 4.09109899596 3.80500006076 0
642 11.6344230175 50.586062 112.64729 -0.14866611 47.3725049318 113.806150679 -0.0808656842884 3.41612457371 3.88467824246 0
645 11.541533947 52.747394 112.3225 -0.14488479 49.990835045 113.757184485 -0.0489126012676 3.1075612372 5.498801365 0
648 11.7013709545 54.919709 111.95097 -0.14565598 51.6365058309 113.807411165 -0.0734727560544 3.77171006956 4.13579408373 0
651 10.0357689857 56.9199 111.70562 -0.14317608 53.9016459353 113.790987912 -0.0801248939075 3.66859876878 3.61256685639 0
654 5.69751596451 58.963864 111.32719 -0.14485493 56.3474823264 113.629959925 -0.0311897136151 3.48542714581 6.5125371763 0
657 8.67133498192 61.070196 111.0267 -0.15209978 57.8754825429 112.648866708 -0.131866782902 3.58296230829 1.15926534062 0
660 11.6332740784 63.25691 110.67843 -0.1447313 59.7196476873 111.895262297 -0.136831457845 3.74070922537 0.452627614281 0
663 11.6501510143 65.338645 110.4192 -0.14848438 61.1731838392 111.820934186 -0.15493716576 4.39498867022 -0.369717390148 0
666 11.6219677925 67.412523 110.08404 -0.1445869 63.2801402523 111.879482847 -0.130388095053 4.50557456842 0.813531597582 0
669 11.5509171486 69.507235 109.73429 -0.15139682 66.1694776897 111.545650736 -0.105589746752 3.79758496644 2.62455196898 0
672 7.82782006264 71.647859 109.39116 -0.14906575 67.968365453 110.873784002 -0.101551547245 3.96696945961 2.72236328479 0
675 5.6117579937 73.702975 109.06139 -0.1559357 70.220784181 111.542564221 -0.0772507626702 4.27573133097 4.50831482025 0
678 6.22458791733 75.754203 108.72815 -0.15045699 72.1264731754 109.937984934 -0.128871373937 3.82415013414 1.23676469861 0
681 5.64795589447 77.860742 108.43703 -0.15243836 74.8429782596 109.906983328 -0.162591433077 3.35673364752 -0.581728236397 0
684 5.95141506195 79.97813 108.08555 -0.15170568 75.7017730335 109.177542555 -0.157299277662 4.41357866653 -0.32048953831 0
687 5.9662129879 82.120618 107.73965 -0.14888428 78.0522571686 108.433419081 -0.128483482252 4.12709042692 1.16887960967 0
690 5.99873685837 84.192494 107.42985 -0.14593359 80.9737076424 108.692705916 -0.135080427556 3.45765681921 0.621840402428 0
693 5.99774694443 86.28045 107.15458 -0.15823172 82.3903842059 109.074220592 -0.125473737364 4.33792944678 1.87689415041 0
696 6.01118993759 88.385341 106.75858 -0.15035877 84.3715758929 108.624334913 -0.110288416145 4.42621189387 2.29586215951 0
699 9.69177699089 90.512184 106.42958 -0.15443508 87.0508263749 108.870766859 -0.120001416711 4.23560974226 1.97290357962 0
702 11.6223490238 92.541412 106.11165 -0.15857271 89.3480956044 108.783471032 -0.0954671717524 4.16363990133 3.61568100549 0
705 11.6497101784 94.624435 105.7799 -0.14991569 90.9498735618 108.017426145 -0.082812762658 4.30220002009 3.84471452967 0
708 11.5909509659 96.812614 105.41142 -0.16008539 93.3790375887 106.907642981 -0.125590889765 3.74541455409 1.97638927987 0
711 9.82999706268 98.833392 105.05687 -0.15857643 94.8352983417 106.857401037 -0.143752422942 4.3848221075 0.849353039883 0
714 10.7993490696 100.9283 104.72764 -0.15390186 96.1413389868 107.340271716 -0.129871344266 5.45351631734 1.3768471311 0
717 6.48756289482 103.02648 104.38009 -0.15580909 99.0500073648 106.489485396 -0.103152646904 4.50132020146 3.0169919536 0
720 5.58399701118 103.56436 104.3046 -0.21764658 99.6947868641 106.593846201 -0.196648825163 4.49602540283 1.20308273138 0
723 6.77337694168 103.46604 104.39779 -0.32798619 99.3731068118 106.80508022 -0.281781710184 4.74838375504 2.64732168807 0
726 5.75075697899 103.43166 104.43448 -0.46455789 99.0050715511 106.790425518 -0.427859889951 5.01449544627 2.1026405194 0
729 7.25896215439 103.35806 104.51276 -0.60050128 98.988656044 106.371002076 -0.576486864184 4.74813168989 1.37592467373 0
732 5.87752199173 103.30537 104.5712 -0.75278089 100.959592545 106.16623453 -0.643004808179 2.83668944668 6.28970617985 0
735 7.77734398842 103.24477 104.73622 -0.88717849 100.276134845 106.962822794 -0.813798441439 3.71086980183 4.20436708299 0
738 5.97994399071 103.11543 104.83266 -1.0218313 100.295239063 106.311362255 -0.92958256127 3.18434251882 5.28546339466 0
741 7.45579004288 103.3336 104.43355 -1.1359167 99.3027377108 106.664210831 -1.06012608907 4.60691855126 4.34248213309 0
744 10.1877250671 104.18264 102.5184 -1.1499809 102.084289445 104.594888425 -1.10943357054 2.95209742868 2.32319084874 0
747 6.69105601311 105.02068 100.61649 -1.1544373 103.091047454 102.490694041 -1.0560850369 2.69000419187 5.63516958141 0
750 5.78910899162 105.97315 98.645528 -1.1675657 104.361293507 101.027071241 -1.06706139512 2.87573113567 5.75847249272 0
753 5.99764513969 106.66644 96.709247 -1.154133 105.072325894 98.8328750221 -1.08725749624 2.65537111529 3.83168411815 0
756 6.01305699348 107.65453 94.805864 -1.1707179 105.084222168 97.6248764845 -1.11889342232 3.81488056674 2.96932384678 0
759 5.98046112061 108.36584 92.821603 -1.1639211 106.056167852 95.0459232312 -1.11511009021 3.20658477523 2.79666485473 0
762 6.67968392372 109.18739 90.932737 -1.1605274 106.933005562 92.5513356487 -1.12304242585 2.77526769492 2.14773081382 0
765 11.6002781391 110.00551 88.971931 -1.1631703 108.197539598 90.3854781525 -1.13136057299 2.29496678104 1.8225631049 0
768 7.9799220562 110.83946 87.051439 -1.1600004 109.28327581 88.800691026 -1.11633869603 2.34127996665 2.50163136357 0
771 5.6881301403 111.68317 85.129972 -1.1502451 110.670292004 86.9654090199 -1.10908320517 2.09636611519 2.35840285041 0
774 5.8709192276 112.49307 83.177328 -1.1488654 111.251286132 85.7653364276 -1.08074825954 2.8705077594 3.90282466059 0
777 7.31715393066 113.40329 81.226755 -1.149046 111.85620681 83.6601265193 -1.10518024202 2.88353313634 2.51332279735 0
780 11.599627018 114.20236 79.347389 -1.1522317 111.283133307 82.2034969305 -1.15078745326 4.08402215936 0.0827492430217 0
783 11.648059845 115.10134 77.33273 -1.146946 113.419106291 79.9987598725 -1.12650402544 3.15239996372 1.17123886695 0
786 6.12441301346 115.87569 75.433999 -1.1405871 113.899339441 78.2113010742 -1.11360204689 3.40871945791 1.54612965301 0
789 5.66235113144 116.74641 73.521868 -1.1514597 114.63538014 75.7117363721 -1.15035157672 3.04170520554 0.0634907868473 0
792 5.78692889214 117.66191 71.592443 -1.1472421 115.650592515 74.3305366952 -1.13000948706 3.39743360633 0.987355991247 0
795 6.00275206566 118.47567 69.543126 -1.1411103 116.600413822 71.970993031 -1.12824859863 3.06775553999 0.736921205904 0
798 6.96518588066 119.32773 67.660396 -1.1493947 117.268714815 70.3510880574 -1.12571686321 3.38812149721 1.35664011607 0
801 6.16570115089 120.23613 65.736718 -1.1477983 118.95999277 68.387518403 -1.12850166531 2.9419838554 1.1056157264 0
804 9.25487804413 121.05504 63.851108 -1.1435448 120.105733031 66.3406789785 -1.12028065458 2.66442252267 1.3329373463 0
807 11.7420051098 121.9387 61.889647 -1.1416966 120.362008166 63.7098861767 -1.12554996061 2.40815859082 0.925134290202 0
810 10.0570511818 122.75206 59.947854 -1.134592 121.800716135 62.2528948519 -1.12886670924 2.49364562013 0.328034997123 0
813 11.6619319916 123.61313 58.017737 -1.1345099 122.90028229 60.5655146737 -1.10398725168 2.64562335418 1.74881892812 0
816 9.68959283829 124.50226 56.14403 -1.1250591 123.160496049 59.5921222065 -1.12678861667 3.69995545448 -0.0990940058706 0
819 6.93349599838 125.37031 54.195354 -1.1346431 124.08847962 57.7064993487 -1.11918578436 3.73781096129 0.885638948573 0
822 10.0732729435 126.19009 52.293812 -1.120627 124.485460824 55.9327674642 -1.10503153091 4.01842724176 0.893554558425 0
825 11.6540400982 127.09539 50.434417 -1.1252352 125.546084869 54.3048860427 -1.10056900214 4.16903789873 1.41326903386 0
828 6.38922786713 127.94916 48.435924 -1.125081 127.392101898 52.266207854 -1.09606219171 3.87057981849 1.66265524125 0
831 6.00714302063 128.83417 46.49897 -1.1135569 127.324592196 49.8444147956 -1.11716419426 3.67026239216 -0.206682736482 0
834 7.04298186302 129.69028 44.561049 -1.1141866 127.886798216 47.3929438227 -1.14416481871 3.35740596751 -1.71762540941 0
837 6.72032594681 130.6504 42.689185 -1.1179531 128.928031242 45.4388608367 -1.13088121402 3.24457568014 -0.740726370471 0
840 6.80206203461 131.56218 40.752166 -1.1133477 130.587890238 43.1457943656 -1.1502983028 2.58431756808 -2.1171135907 0
843 10.2523739338 131.80181 39.159633 -1.0655485 131.281014789 42.3863248052 -1.09459025367 3.26845034498 -1.66396991483 0
846 7.73906302452 89.526265 39.287264 -0.26055386 132.540298474 41.0850348114 -1.10359678473 43.0515859819 -48.3028015356 0
849 6.08552694321 49.129117 22.860079 0.57174269 133.987832384 40.2774547794 -1.07426085143 86.6277470306 -94.3090559875 0
852 6.24181890488 45.693587 19.436118 1.0035584 135.840287707 39.7134405766 -1.03366306728 92.3991204467 -116.724192009 0
855 6.827064991 46.841947 21.209275 1.0214136 134.915416971 38.0311151081 -1.01935106609 89.6655475491 -116.927202346 0
858 6.51458215714 48.00008 22.972907 1.0079248 39.1635816244 99.2169117784 0.428150734477 76.7543612324 -33.2186070256 0
861 6.56199502945 49.170996 24.731115 1.014741 34.1349408891 91.7905498787 2.15816199194 68.7244553238 65.5131970448 0
864 5.9555990696 50.349541 26.532036 1.0144485 38.3039346303 90.2768625893 -2.40796053545 64.872949291 163.910406501 0
867 7.32528996468 51.518278 28.351001 1.0069992 59.1816051243 102.094759791 -2.81094022636 74.1408695883 141.248184433 0
870 11.6036009789 52.642563 30.101924 1.0170679 55.2547479901 103.074300136 -2.83628512518 73.0191152325 139.219134683 0
873 11.7123329639 53.80357 31.912095 1.0183648 29.0092405285 75.9074973474 -2.7440363123 50.5010316889 144.43029543 0
876 6.49267196655 54.946688 33.671099 1.0064723 36.2821676174 101.804637896 1.48124766021 70.6437785202 27.2026243566 0
879 8.51452898979 56.161659 35.476636 1.0152563 23.0914874727 72.7776463219 -2.78653811795 49.8497905299 142.173225275 0
882 6.08029198647 57.333476 37.252395 1.017552 20.0179537681 72.6565778004 -2.80836313619 51.4383549426 140.791209921 0
885 5.97991299629 58.434052 39.044555 1.0099164 17.1857008694 70.8341273786 -2.7688513841 52.0768987461 143.492554211 0
888 6.03820896149 59.558673 40.733157 1.0155176 13.3475780425 73.1510946488 -2.96580721108 56.4480998668 131.886891455 0
891 7.00263690948 60.829575 42.673596 1.0256616 138.205891333 78.8367409558 0.792118203537 85.4099957992 -13.3810509505 0
894 8.97273302078 61.938983 44.298725 1.0235902 9.62424034361 71.1524881177 -2.879717263 58.8043951825 136.356956228 0
897 8.26428413391 63.08776 46.123861 1.0214801 11.2968435611 67.7701353511 -2.7158756607 56.1325237172 145.865288373 0
900 8.26493501663 64.233274 47.872937 1.026201 47.6429221986 58.5468705855 2.44059281475 19.7274588095 81.038681563 0
903 5.92463779449 65.367062 49.701179 1.0288308 63.4739729883 50.0611699582 0.97121444184 1.92701310228 -3.30117415351 0
906 6.02935695648 66.47055 51.411163 1.0247772 64.6633465067 52.5679670279 0.966702041128 2.14573531109 -3.32746149794 0
909 6.14156699181 67.601685 53.206336 1.0345375 65.3730874272 53.8017839835 1.08709102462 2.30677381692 3.01109515909 0
912 6.39431500435 68.713633 54.989386 1.0321621 67.2750898658 54.8836605138 1.07026217394 1.44242304042 2.1829734358 0
915 7.81375694275 69.889939 56.860516 1.0335194 67.7850571589 58.1816155944 1.06766359109 2.48512207012 1.95631804457 0
918 11.7994401455 70.97178 58.665246 1.0279054 67.8683623157 60.0744766865 1.02947869786 3.40839147557 0.0901433274115 0
921 6.58012199402 72.083269 60.388926 1.0348295 68.5907674099 61.8392593641 1.04103446456 3.7816708244 0.355518281533 0
924 7.13381409645 73.21006 62.180545 1.0389104 69.8398064266 63.7723288997 1.03437888487 3.72724900327 -0.259636691792 0
927 5.80639886856 74.211219 63.966291 1.0279221 71.4327191164 65.1479130119 1.0313418608 3.01931982111 0.195937860925 0
930 6.03488588333 75.394113 65.876292 1.0355825 72.8207193001 66.572087888 1.02571042932 2.66579951465 -0.565627984736 0
933 6.60927200317 76.475569 67.55587 1.0353462 73.4842664322 68.4760683734 1.00723890786 3.1296415288 -1.61042921343 0
936 9.20370411873 77.652303 69.425792 1.0395167 75.0821291978 70.6790140828 1.02492105804 2.85943332891 -0.836268683307 0
939 6.59417080879 78.72098 71.209083 1.0347632 75.9988338443 72.4687599971 1.0425443545 2.99947759285 0.44582731231 0
942 7.623046875 79.923618 73.070281 1.0406815 76.9382450873 73.9062400835 1.01800824107 3.10020628625 -1.29908204462 0
945 7.13971209526 80.886825 74.813727 1.0240856 78.1845238199 76.4637472728 0.9882125967 3.16622781376 -2.05537168755 0
948 9.93942594528 82.003807 76.66259 1.0354781 79.9333729307 77.9083799327 0.987201520504 2.41633809553 -2.76604425447 0
951 9.79027605057 83.149971 78.458347 1.0359732 81.1390337305 80.2045030847 0.993046388509 2.66325548412 -2.45952512637 0
954 8.69582605362 84.209192 80.07724 1.046865 82.1622336264 80.8814026178 1.0243690516 2.19925353222 -1.28892289953 0
957 7.73819303513 84.421821 80.346791 1.1291589 81.7058885901 81.1285924573 1.10884283461 2.82621697216 -1.16402480319 0
960 9.69897007942 84.549549 80.462185 1.2384433 82.0836615562 81.3651092275 1.21806254231 2.62599943759 -1.16773139886 0
963 10.3698477745 84.477315 80.645515 1.377415 82.0053288123 81.3108030287 1.34561155732 2.55994606841 -1.8222030393 0
966 6.11013293266 84.491575 80.745704 1.5042297 81.5368713124 80.2240080158 1.45917286499 3.00040673601 -2.58156648411 0
969 6.04904294014 84.58151 81.604236 1.6242617 81.0880570545 80.6592893081 1.57893159057 3.61899678545 -2.59722395524 0
972 6.03399896622 84.52138 83.606555 1.6450761 81.4181407006 83.1150390925 1.63045464907 3.14192330221 -0.837747428845 0
975 8.51421093941 84.450105 85.633891 1.6510189 80.8791616888 86.4872177077 1.59729776864 3.67148506766 -3.07799409759 0
978 7.22778892517 84.288283 87.799076 1.6553182 81.5580995876 88.3148892759 1.60856370059 2.77848246368 -2.67883548928 0
981 5.91481995583 84.219899 89.940013 1.6574582 81.1900891263 90.4884717228 1.61415851018 3.07905096438 -2.48088948112 0
984 8.32124710083 84.085061 91.960688 1.6559816 80.8455434661 92.9588217733 1.61426442361 3.38980012414 -2.39021814064 0
987 6.87376403809 83.972707 94.061302 1.6546883 80.4708893449 94.7838112516 1.65258724563 3.57557638829 -0.120381548191 0
990 6.42154812813 83.850194 96.236204 1.650278 80.1015503668 96.1679280463 1.64391577569 3.74926535401 -0.364528601486 0
993 6.09347009659 83.742141 98.372522 1.653672 79.8702715817 98.9325667203 1.6235148868 3.91216345273 -1.72787530887 0
996 6.39205002785 83.558608 100.37046 1.6603574 80.1282131305 100.64339991 1.65226243093 3.44123599236 -0.463807562795 0
999 6.22381281853 83.448658 102.54165 1.6520527 79.6231628024 103.23385723 1.63882007204 3.88761679649 -0.758173734046 0
1002 6.58211994171 83.308795 104.69204 1.6576029 79.6825598057 105.074050297 1.64132166214 3.64630135222 -0.932846214648 0
1005 8.18064403534 83.194681 106.76107 1.661421 79.1243522706 107.847908498 1.67751392979 4.21293174466 0.922056956688 0
1008 5.90784692764 83.066158 108.84686 1.6653468 78.6559889915 109.367395433 1.69165275525 4.4407823433 1.50722021183 0
1011 8.03386712074 82.920912 111.09751 1.6564676 78.3392187216 111.621838167 1.66097472596 4.61159769751 0.258239295501 0
1014 6.41304588318 82.798446 113.12029 1.6519674 78.6923660152 113.399127239 1.66186665538 4.11553678729 0.567185553719 0
1017 9.35115194321 82.725101 115.25424 1.6521864 78.6120561707 116.306296389 1.6728272702 4.24546350992 1.18263474778 0
1020 9.66177487373 82.605874 115.888 1.7134215 78.8433972591 117.280211401 1.70843402314 4.01179309159 -0.285761374482 0
1023 6.71533179283 82.650086 115.98425 1.8265292 78.4299545694 117.106882787 1.81474683092 4.3668997773 -0.675080021185 0
1026 5.89134502411 82.697137 116.16336 1.9516157 78.6777382008 116.868649559 1.97215460277 4.08080875189 1.17679244444 0
1029 6.04633879662 82.611261 116.28116 2.0730733 78.5790901136 117.113747112 2.11540319878 4.11723248741 2.42532454744 0
1032 5.99173688889 82.517518 116.45008 2.1971216 78.8187737974 116.757826239 2.23598259431 3.71152481116 2.22657096154 0
1035 6.03432202339 82.418538 116.4581 2.3123831 78.5960776922 116.87210761 2.35181017217 3.84481535393 2.25900483402 0
1038 6.88532996178 82.414024 116.83182 2.4679277 78.62074249 117.18131 2.51727008833 3.80934743414 2.82711060251 0
1041 6.03112697601 82.282962 116.94587 2.5874118 78.9299307242 117.526249378 2.65267050565 3.40288979534 3.73904841048 0
1044 6.00149297714 82.208722 116.96752 2.707272 78.6381814188 115.852826677 2.76206915562 3.74049478639 3.13964574652 0
1047 6.04883098602 82.043289 117.20312 2.8493508 78.5096008651 117.293283156 2.91147324936 3.53483821825 3.55935416117 0
1050 7.33395409584 81.832352 117.28824 2.9891727 78.0832325426 116.63103165 3.02680424596 3.80628684177 2.15612876017 0
1053 5.93913197517 81.142386 117.29523 3.0875315 77.4007752161 117.123177315 -3.11104986836 3.74556449473 4.84744862466 0
1056 6.02131700516 79.131234 117.37152 3.1037602 75.544561372 117.180412271 -3.11971284374 3.59176039073 3.42126068033 0
1059 5.99862504005 77.094643 117.50841 3.1079346 74.0545803179 116.670125391 -3.13757863032 3.1535221889 2.15845100975 0
1062 6.01218605042 74.899205 117.59033 3.115912 71.9254366192 117.247034085 -3.11796386205 2.99351807547 2.82522309595 0
1065 9.98179197311 72.824078 117.69503 3.116944 69.3863364737 116.383185462 -3.13460018199 3.67953840785 1.81290293222 0
1068 9.85843014717 70.711208 117.83017 3.1174699 67.8991689283 116.872944305 -3.10875854987 2.97049571157 3.26338753804 0
1071 5.90847396851 68.550781 117.88294 3.1169773 65.881224053 117.074102298 3.14100815666 2.78940006486 1.37686666498 0
1074 7.08238005638 66.454241 117.99143 3.11617 63.5487549336 117.403439504 -3.12885287218 2.96438562027 2.18654646148 0
1077 8.45315694809 64.352032 118.06903 3.1139299 61.9944433488 117.489345666 3.11642669787 2.42780933664 0.143055980257 0
1080 8.2086930275 62.204954 118.16997 3.1178991 59.9510739214 116.985650808 3.09220685914 2.54609256651 -1.4720569675 0
1083 6.20559597015 60.134729 118.2293 3.1166836 57.2742287985 117.431764607 3.13360875037 2.96959999097 0.969739683837 0
1086 8.01060795784 58.034017 118.36643 3.1239361 54.4972921671 116.406226266 3.13848242966 4.04361487053 0.83344329711 0
1089 9.67943000793 55.858025 118.47896 3.1251128 53.2333095345 117.273235934 -3.13140801277 2.88840817721 1.52776299264 0
1092 9.12832593918 53.766425 118.55 3.1243401 50.2941617281 117.338386827 -3.11626915869 3.67758327042 2.43942788663 0
1095 5.96884608269 51.628528 118.603 3.1187628 47.8473074811 117.24536974 -3.10994177727 4.01756002261 3.12151588857 0
1098 5.99485588074 49.494235 118.64783 3.1200968 47.2137711112 116.956465064 3.12806761959 2.83923068716 0.456694322032 0
1101 7.85325503349 47.379245 118.80828 3.1260538 44.89625992 117.393951974 3.13782387053 2.8575406686 0.674375365673 0
1104 10.0433270931 45.313934 118.87713 3.1250737 42.5115956931 117.846704133 3.12065768842 2.9857792038 -0.253018825845 0
1107 9.72365498543 43.229975 118.9845 3.131291 41.434474244 117.555008071 3.12245700566 2.29505340673 -0.506150591642 0
1110 11.8335549831 41.038059 119.03542 3.1300111 39.1616295793 116.750982841 3.13870187814 2.95628829842 0.497944907884 0
1113 11.4303848743 38.877743 119.09254 3.1262084 36.2508442427 117.965486727 3.11912375048 2.8584691989 -0.405920516916 0
1116 11.4053769112 36.866989 119.17866 3.1252668 34.0012302624 118.386634294 3.0986610323 2.97319320956 -1.52439819967 0
1119 10.9316978455 34.67231 119.25843 3.1314701 32.004378392 118.83052346 3.07925667509 2.7020294358 -2.9916088814 0
1122 9.1481730938 32.567479 119.34722 3.1353596 31.1361719752 118.690773247 3.07963382179 1.57466254754 -3.19285190177 0
1125 7.01709985733 30.502201 119.36971 3.1349527 27.656567465 117.88078838 3.11591782388 3.21162230114 -1.09061806496 0
1128 10.0036120415 29.15421 119.31018 -3.13185 26.1276441423 117.564808058 -3.12350138088 3.49376932647 0.478340640128 0
1131 10.8222329617 28.938717 119.39146 -3.028318 26.5421326191 117.516902521 -3.0322140224 3.04262755452 -0.223225640604 0
1134 9.16530489922 28.80706 119.32785 -2.9089456 26.165344561 117.843252375 -2.86224108291 3.03029545916 2.67597171328 0
1137 8.11450195312 28.607415 119.34948 -2.7753086 26.3459308767 117.070165382 -2.76752509388 3.21085433606 0.445962050647 0
1140 9.97909903526 28.309413 119.3977 -2.6319404 25.973515287 117.277355082 -2.61004999166 3.1547235534 1.25422800976 0
1143 5.8339099884 28.176965 119.31562 -2.5155106 26.5866316382 117.279438768 -2.52611600171 2.58363972132 -0.6076447583 0
1146 6.12188315392 28.13257 119.1422 -2.3876282 25.7239965487 118.664030693 -2.33980280187 2.4555797598 2.74019346611 0
1149 7.23689484596 28.071656 119.10664 -2.2643471 26.2404570223 118.187568864 -2.28209924611 2.0488976179 -1.01712304935 0
1152 8.5056040287 27.847582 119.05477 -2.1225081 25.5893558374 118.27940894 -2.1368087563 2.38762856718 -0.819367250127 0
1155 9.8501958847 27.651134 118.95518 -2.0012288 26.4947174025 117.612409479 -2.01352112753 1.77209819681 -0.704298488038 0
1158 11.822013855 27.585975 118.8068 -1.8653126 25.1045432857 118.97712723 -1.8407696659 2.48727053574 1.4062065408 0
1161 10.6530480385 27.545652 118.66047 -1.7395281 24.6486798105 119.204731236 -1.74957846326 2.94765468797 -0.575843397499 0
1164 9.22518992424 27.426878 118.54472 -1.6078392 24.9111506768 117.520760547 -1.62454323818 2.71613271518 -0.957070888684 0
1167 6.80190777779 27.408113 118.27266 -1.4907581 27.8769645179 116.915402049 -1.56384537271 1.43595643803 -4.18759226245 0
1170 5.87452483177 27.619078 117.43976 -1.368489 26.3678406732 116.757733953 -1.42040691571 1.42504539453 -2.97467745115 0
1173 11.801733017 28.00462 115.50954 -1.3464267 27.4529892481 116.428755521 -1.30288105004 1.07203249073 2.49498195881 0
1176 8.01543092728 28.352772 113.43776 -1.3439724 27.2063282578 113.275420903 -1.42345303547 1.15788049309 -4.55390496534 0
1179 6.18342709541 28.777386 111.37552 -1.3470791 26.8942952317 111.234216277 -1.44332551404 1.88838491405 -5.51451331804 0
1182 6.17716884613 29.292879 109.18718 -1.3487141 27.4073433191 109.548221757 -1.41142226525 1.91979060169 -3.59291321009 0
1185 9.77821612358 29.664866 107.14961 -1.3582731 26.6388972009 107.529461209 -1.39733187089 3.04971705469 -2.23790272513 0
1188 10.4537231922 30.155372 105.1583 -1.3627181 27.229314519 105.582104837 -1.41681073497 2.95658974526 -3.09927968633 0
1191 6.86652994156 30.584999 103.08809 -1.3538609 26.8802370507 103.451834017 -1.41258681475 3.72257583013 -3.36474706348 0
1194 6.03411197662 30.932942 101.04272 -1.3388863 28.3888509471 101.430081495 -1.38320997807 2.57341178463 -2.53955968613 0
1197 5.61481499672 31.46397 98.886394 -1.3633561 29.0591654134 98.7512541992 -1.38882384309 2.40859873488 -1.45919419303 0
1200 5.51605892181 31.761459 96.890841 -1.3338862 29.9184916617 97.0211468997 -1.33378973408 1.84756819565 0.00552709033068 0
1203 5.58773803711 32.148779 94.808879 -1.340085 30.1319669436 94.165818812 -1.34273711242 2.11685079217 -0.15195484858 0
1206 5.58587694168 32.63242 92.742465 -1.3409888 31.2495456833 92.77097501 -1.33549988275 1.38316817364 0.314491792279 0
1209 5.5059440136 33.223163 90.635151 -1.3443959 31.5265148576 90.5660761367 -1.32610616306 1.69805366695 1.04792473481 0
1212 5.56584405899 33.480467 88.544154 -1.3400822 31.6563306515 89.021844709 -1.32920145887 1.88564626356 0.623420544796 0
1215 5.59620380402 33.996344 86.523674 -1.3537744 32.1988475896 86.6947984684 -1.34056696001 1.80562369531 0.756730569788 0
1218 5.52553009987 34.391099 84.502242 -1.3500462 32.1788821702 84.1145728372 -1.35603120052 2.24592757719 -0.342915269974 0
1221 5.57351589203 34.871654 82.311763 -1.3462417 32.8355832333 82.9059644046 -1.3443195983 2.12100435556 0.110128314988 0
1224 5.41646790504 35.319079 80.358924 -1.358939 33.6864162515 80.6037327295 -1.31890421335 1.65091458421 2.29382430859 0
1227 5.49606108665 35.776446 78.250756 -1.3606991 34.4012098192 78.1668669474 -1.33103056841 1.3777924104 1.69988164459 0
1230 5.55189585686 36.167733 76.160289 -1.3496683 34.6852261255 76.6789784568 -1.34665586122 1.57062579422 0.172600028389 0
1233 5.5379550457 36.593873 74.026216 -1.3452321 35.0696788364 74.7108172471 -1.36829277419 1.67088201737 -1.32127930405 0
1236 5.4919090271 37.096668 72.068535 -1.358637 35.0713312181 71.9234228151 -1.36371052453 2.03052865681 -0.290691542738 0
1239 5.41789698601 37.456761 70.030489 -1.3570922 35.4302170529 69.9030595439 -1.39042509582 2.0305463885 -1.90983424968 0
1242 5.4547419548 37.942935 67.912468 -1.3598503 36.0214133522 67.9331521324 -1.39780272828 1.92163297133 -2.17451396273 0
1245 5.44865179062 38.381728 65.750541 -1.3597279 37.3120759264 65.219282078 -1.34902187906 1.19431637387 0.613409815465 0
1248 5.51697897911 38.78715 63.709446 -1.3638712 37.2201957277 63.2912964599 -1.35437234006 1.62178751058 0.544244584655 0
1251 5.45171809196 39.284372 61.704874 -1.358189 37.5310554697 62.0378794612 -1.35622960854 1.78466004957 0.112264861218 0
1254 5.43808603287 39.616785 59.610797 -1.3616912 38.1833430059 59.6455406068 -1.34613414098 1.4338629881 0.891353823303 0
1257 5.49378299713 40.0981 57.483375 -1.3627524 39.0075786039 57.9665676505 -1.34998448543 1.19277493805 0.73154761789 0
1260 5.54818987846 40.478176 55.366289 -1.371191 39.7195843853 56.1525422892 -1.34765290047 1.0925454099 1.34863376064 0
1263 5.52365207672 40.927924 53.368372 -1.3697355 40.3380388033 54.077091131 -1.33911113597 0.922088581345 1.75464680901 0
1266 5.48542904854 41.311773 51.24524 -1.3687118 40.3161606696 51.8056807926 -1.33426620278 1.14251380498 1.97358734351 0
1269 5.52263402939 41.752813 49.127024 -1.3690442 41.1028383152 50.4043798574 -1.35674510233 1.43321494456 0.704686388279 0
1272 5.55306696892 42.124468 46.999249 -1.3746445 41.8002974834 48.0136493547 -1.35879843845 1.06493877925 0.907912448592 0
1275 5.5237929821 42.489069 45.000812 -1.3756167 41.4244139239 45.5459508877 -1.3688123071 1.19610486078 0.389862995586 0
1278 5.5242099762 42.919623 42.847052 -1.3693623 41.8061240993 43.9563616414 -1.38371160825 1.5717657848 -0.822154801487 0
1281 5.47934794426 43.26925 40.76156 -1.3849404 42.9919603132 42.0035176927 -1.34399784737 1.2725362395 2.34583546838 0
1284 5.50522303581 43.723057 38.666685 -1.382086 43.3519620538 38.7946545434 -1.34167117275 0.392540014671 2.31559903112 0
1287 5.52198195457 44.069109 36.638541 -1.3748634 44.2285675396 36.9305057433 -1.34963243032 0.332671665746 1.44562807583 0
1290 5.55181193352 44.48264 34.512889 -1.372972 43.7200011083 35.6623316843 -1.37130718459 1.37943342127 0.095386896926 0
1293 5.57583189011 44.660959 33.544964 -1.3339999 44.4214140621 34.1901586341 -1.31594443906 0.688228082216 1.03450170894 0
1296 5.58810997009 44.654294 33.324157 -1.2074321 44.4081381946 33.5837697337 -1.19382960068 0.357758930049 0.779365802128 0
1299 5.51150488853 44.699557 33.107025 -1.0711259 44.4828707742 33.2336911604 -1.10177826807 0.250992503147 -1.75625132228 0
1302 5.6085870266 44.829945 32.953901 -0.95914547 44.3491754116 32.9930371626 -0.9711174527 0.482359861839 -0.685944081136 0
1305 5.80831718445 44.914184 32.826307 -0.82117543 43.8913194827 33.2126620247 -0.842962692961 1.09339929848 -1.2483182148 0
1308 5.62282299995 44.932468 32.690373 -0.70238554 43.8830176853 33.8640252936 -0.747143822953 1.57442232878 -2.56446071149 0
1311 5.63203406334 45.019913 32.619075 -0.56167342 43.7420882528 32.8964172719 -0.730133686809 1.30757593296 -9.65206230382 0
1314 5.48796010017 45.164806 32.47066 -0.44585332 43.5435314782 32.6691004135 -0.526405769132 1.63337370883 -4.61531536473 0
1317 5.50046515465 45.307079 32.373178 -0.30795343 42.4989446138 32.9471567527 -0.51947251748 2.86619440021 -12.1191509991 0
1320 5.61812996864 45.468859 32.25314 -0.19105128 43.6181049483 32.4983243683 -0.450321392185 1.86692419088 -14.8550831821 0
1323 5.49783706665 46.833289 32.057508 -0.10389315 43.908168836 33.3433526194 -0.194050876346 3.19526592937 -5.16565721013 0
1326 5.67787504196 48.863767 31.868312 -0.084237935 47.2503819514 32.7683662428 -0.231044399792 1.8474601362 -8.41139083782 0
1329 5.53048586845 51.033972 31.691587 -0.08198003 48.830696263 33.2110451586 0.0786720826368 2.67641122942 9.20468802395 0
1332 5.76921677589 53.111195 31.42619 -0.084122232 50.9241514167 27.9797996103 -0.60705315771 4.0817602028 -29.9617350201 0
1335 5.54074907303 55.206155 31.249451 -0.082409142 53.8249828415 32.6386584706 -0.0352088551 1.9589624621 2.70437723117 0
1338 5.80809903145 57.287235 31.07162 -0.080297126 55.9406158204 32.9480272823 -0.0770506201772 2.30960765151 0.18601108181 0
1341 5.83438611031 59.516372 30.847745 -0.092608556 58.779957416 33.3704416738 -0.00309547127866 2.62798495954 5.12872196573 0
1344 5.58394694328 61.567611 30.670937 -0.091677002 60.5741120057 33.5515987296 -0.0516023999184 3.04717118851 2.29610556494 0
1347 5.64874792099 63.68279 30.502969 -0.089332225 62.954135358 32.1902218615 -0.0638496992803 1.83786827767 1.46004117507 0
1350 5.6155128479 65.773678 30.270465 -0.081918863 65.4904611049 32.0182956218 -0.0858772393272 1.77062805023 -0.226798257274 0
1353 5.53095507622 67.870787 30.052005 -0.080757136 68.0280755977 31.4155746382 -0.0845679624614 1.37261132924 -0.218344272696 0
1356 5.57810902596 69.978421 29.855203 -0.080851998 69.2604080623 31.8747916379 -0.0891277065379 2.14342735937 -0.474163171701 0
1359 5.73673200607 72.04312 29.748383 -0.089661546 69.8791698577 31.0551340427 -0.101045770374 2.527900019 -0.652268009647 0
1362 5.56628704071 74.192216 29.503442 -0.097083695 72.2590161609 31.3222344673 -0.127496759251 2.65429230816 -1.74254022366 0
1365 5.62794995308 76.337484 29.313327 -0.092202589 75.2267473756 30.834603181 -0.0968984570334 1.88361807902 -0.269053419463 0
1368 5.52261090279 78.469083 29.072242 -0.088851811 77.3533785151 29.8321700726 -0.0766871069387 1.34992117298 0.696986201739 0
1371 5.55899000168 80.508884 28.860474 -0.08148585 79.2947431975 29.9758736059 -0.100998352002 1.64871288252 -1.11798401245 0
1374 5.6157078743 82.648681 28.706332 -0.092016755 81.2332376976 30.4490185486 -0.0712381416798 2.24509156807 1.19052684738 0
1377 5.60758495331 84.803463 28.469695 -0.089914919 83.1383537978 30.4120772911 -0.0661619460101 2.55840528852 1.36094510321 0
1380 5.52473807335 86.909059 28.274418 -0.095059786 84.8203437228 30.1422190301 -0.0499310496776 2.80203715127 2.58568612603 0
1383 5.52071809769 88.999768 28.069648 -0.093100738 86.9926233321 30.4499561566 -0.0569398706052 3.11359866363 2.07186508526 0
1386 5.56524896622 91.148907 27.8824 -0.087682683 90.1575172568 29.8974427334 -0.0455489234523 2.24571833498 2.4140865971 0
1389 5.57086181641 93.191686 27.680334 -0.085944106 91.0187658962 30.7320782244 -0.0633318819408 3.7462947813 1.295585004 0
1392 5.47851800919 94.597595 27.536443 -0.026113958 93.3790574735 30.3456918315 -0.0428425176395 3.06214184857 -0.958475864676 0
1395 5.56670093536 66.734672 23.138609 0.64678418 94.7602909637 30.9054902312 -0.0259160342895 29.0819490812 -38.5428831563 0
1398 5.52076101303 41.954155 8.6979942 1.5862633 98.559256525 31.9299166267 0.0114178656818 61.1870880031 -90.2319967719 0
1401 5.44615793228 40.498777 7.6026468 1.6671323 99.7514077163 31.8436718842 0.0107262497444 64.0195403289 -94.9050758396 0
1404 5.55895876884 40.36551 9.5759073 1.6613912 101.207167687 30.973161902 -0.0149055476231 64.4945719776 -96.0447288503 0
1407 5.57168579102 40.15753 11.693798 1.6450717 102.296965469 30.5129233508 -0.0131658456152 64.9266426008 -95.0100127939 0
1410 5.53508901596 40.017928 13.779826 1.6578436 102.885126409 30.1662488118 -0.0373037645696 64.9676803367 -97.1247896426 0
1413 6.3770031929 39.937066 15.922073 1.6651068 106.258285236 30.8327342849 0.0364099498986 67.9767014567 -93.3174556171 0
1416 5.58844208717 39.75755 17.953862 1.6630734 105.726063828 30.969024456 -0.0183598049466 67.240161142 -96.3390261766 0
1419 5.58337903023 39.645384 20.177858 1.663423 108.461306495 30.1119101118 -0.0151185331611 69.5292498177 -96.1733455875 0
1422 5.78105998039 39.526919 22.292671 1.6684735 110.816465537 32.4542987534 0.0327030742178 72.0101251494 -93.7227416496 0
1425 5.52059197426 39.303781 24.413998 1.6572417 112.008413417 32.2099503815 0.0543850527889 73.121408961 -91.8369210497 0
1428 5.50623893738 39.21094 26.55624 1.6661167 116.630296815 32.7162370964 0.0896813480743 77.6640352669 -90.3230923406 0
1431 5.59459400177 39.049874 28.673026 1.6660737 116.625307368 34.6278965669 0.117373451909 77.8036525212 -88.7339879465 0
1434 5.45482683182 38.816051 30.701859 1.6598041 119.575818433 34.818069134 0.109397602999 80.864598074 -88.8317488078 0
1437 5.65284013748 38.695572 32.853799 1.6647394 123.518905443 34.7810080931 0.100006751071 84.8452239743 -89.65257685 0
1440 5.55534005165 38.58982 35.008607 1.6723781 124.079720513 35.1364230854 0.0959826950868 85.4899960616 -90.3208035453 0
1443 5.4903948307 38.393816 37.160762 1.6689022 126.332069899 35.5154663934 0.124196757887 87.9536440203 -88.505102424 0
1446 5.45757007599 38.314928 39.264936 1.6781402 128.840827841 37.4872018953 0.132031693195 90.5433535965 -88.5854921092 0
1449 5.46397805214 38.042909 41.445131 1.6601298 130.201529024 38.1064079247 0.146538114394 92.2190778337 -86.7224154913 0
1452 5.61852407455 37.893052 43.482766 1.6655679 135.551539702 27.7102022222 -0.0804635362749 98.9239808562 -100.040232196 0
1455 5.5574889183 37.737395 45.529248 1.6663309 137.918527496 27.6063614748 -0.0649728286997 101.771750352 -99.1963967098 0
1458 5.57277178764 37.667375 47.706088 1.6735516 141.296395179 26.4413084649 -0.114553830063 105.788301206 -102.450894467 0
1461 5.56088709831 37.411337 49.793915 1.6717816 141.842878693 25.4724670286 -0.124443720494 107.226301493 -102.916129919 0
1464 5.57704210281 37.208006 51.943854 1.66906 139.159664824 37.7188288525 0.239798196568 102.939264022 -81.8906691559 0
1467 5.54460406303 37.03196 53.963531 1.6741645 141.104494209 38.4117601745 0.174869740277 105.228085379 -85.9032619782 0
1470 5.52424001694 36.983983 56.143126 1.6856298 26.856507382 118.765091538 1.60275936187 63.435607747 -4.74812635152 0
1473 5.52474880219 36.720012 58.206076 1.6746777 127.226439961 105.990313198 2.03221479421 102.346210613 20.4853665174 0
1476 5.75493502617 36.536888 60.398002 1.6787317 33.3929118664 60.7331740345 1.6859584543 3.16179161569 0.414062520831 0
1479 5.61105680466 36.401835 62.417273 1.6766351 31.7898969982 61.5378707764 1.76051577163 4.69503145926 4.80600846686 0
1482 5.46200895309 36.239068 64.615141 1.6886647 34.8717556808 64.6118634328 1.63185364866 1.36731624751 -3.25503347152 0
1485 5.44635510445 35.99676 66.655908 1.678851 34.2864735878 66.1838109554 1.68937320781 1.77424779306 0.602878098703 0
1488 5.56787109375 35.830181 68.859683 1.6854848 34.5434401397 69.2471120793 1.71726416103 1.34380182061 1.82082326256 0
1491 5.42181706429 35.575227 70.898859 1.683738 32.7588578239 70.6198850451 1.63634356754 2.83015225807 -2.71550095229 0
1494 5.48109793663 35.463169 73.006353 1.6935188 32.4367382663 73.4822604025 1.67186510405 3.06362054468 -1.24066538895 0
1497 5.49136185646 35.205801 75.07321 1.6913976 31.9317007737 74.2399844585 1.71274841488 3.37846075821 1.22331158206 0
1500 5.51490283012 34.978045 77.287591 1.6912075 31.5383419453 75.9687861297 1.70234971001 3.68385713494 0.638401607779 0
1503 5.55877113342 34.814043 79.320098 1.7000185 31.37891245 78.1986743927 1.73751934279 3.61354573829 2.14864002011 0
1506 5.50320601463 34.580736 81.372215 1.6970036 30.7270937996 80.949251004 1.70255824778 3.87678433124 0.318257874589 0
1509 5.52560305595 34.345965 83.441951 1.6955247 30.2485597505 83.2928253479 1.70776590607 4.10011807624 0.70136944419 0
1512 5.57250714302 34.142398 85.698773 1.7034669 29.9854446963 84.7174300657 1.70448845664 4.27121700732 0.058530883931 0
1515 5.48296999931 33.910208 87.748137 1.7016389 30.8005263966 87.1950179561 1.67046644238 3.15849020123 -1.78605025892 0
1518 5.42922496796 33.670818 89.737713 1.6967853 30.1221703877 89.704977737 1.68048419 3.54879859579 -0.933984804219 0
1521 5.43656396866 33.472926 91.900649 1.7056804 29.6672047488 91.7844784569 1.67712878018 3.80749390503 -1.63588731378 0
1524 5.51188206673 33.217902 94.036516 1.7078464 29.9826000118 94.1788811058 1.67805862329 3.23843276571 -1.7067138866 0
1527 5.59540009499 33.034075 96.178482 1.7177188 28.4972431745 95.9602324126 1.70386956397 4.54207836734 -0.793502774068 0
1530 5.44775080681 32.713254 98.174723 1.7080491 27.9125267594 97.1743132998 1.71853115232 4.90385578982 0.600577358407 0
1533 5.43903398514 32.45653 100.24821 1.7068362 27.6275937793 99.4342125336 1.74978303366 4.89706206808 2.46067231202 0
1536 5.42922496796 32.217075 102.39435 1.7082962 28.1171818906 101.97742513 1.70015827492 4.12103747324 -0.466268761097 0
1539 5.42511200905 31.955228 104.48204 1.7110577 27.7209058743 103.836932471 1.67544828419 4.28318194668 -2.04026923682 0
1542 5.45850300789 31.741377 106.6002 1.7198575 28.0139547816 105.517272699 1.7080284281 3.88154710573 -0.677755895244 0
1545 5.41444706917 31.439656 108.68741 1.7105287 27.3331433549 107.805044503 1.68124252643 4.20023987112 -1.67797414342 0
1548 5.45545601845 31.216018 110.75498 1.7177022 27.7790071518 110.413069834 1.69512393925 3.45397540996 -1.29363904961 0
1551 5.41541004181 30.916985 112.90957 1.719675 26.9688432388 112.309935272 1.69624004702 3.99341773099 -1.34272389891 0
1554 5.48004007339 30.668641 114.94646 1.716506 27.1283184216 113.797382026 1.69074104715 3.72213166736 -1.47622305785 0
1557 5.46709299088 30.419865 117.12266 1.716223 27.2239367466 115.577718892 1.67107052108 3.5497606154 -2.58704647662 0
1560 5.46576309204 30.132888 119.21343 1.725557 25.9935768416 117.938552483 1.70353286119 4.33119031541 -1.2618902015 0
1563 5.53219604492 29.88258 121.34383 1.72867 25.8624345866 120.117251984 1.71348539143 4.20310156603 -0.87001398474 0
1566 5.61349320412 29.981486 120.5055 1.7055843 26.330739416 120.120861521 1.70175006442 3.67095319776 -0.219685516251 0
1569 5.53034901619 30.170653 118.4575 1.6900862 25.8009996598 117.836091557 1.66350304844 4.4136174241 -1.52310239061 0
1572 5.54588103294 30.502618 115.6086 1.6745202 27.1482056267 114.462981683 1.67816490819 3.54464718949 0.208826397121 0
1575 5.41050696373 30.699806 113.48782 1.6738205 27.8002431334 112.475473436 1.6986578354 3.07120666563 1.4230744927 0
1578 5.46906089783 30.8492 111.36091 1.6697397 27.8198121398 111.224236041 1.69239136805 3.03246938625 1.29784497798 0
1581 5.49967312813 30.973164 109.37107 1.6787837 28.0154878202 108.963021923 1.69175377561 2.98569114579 0.743130592215 0
1584 5.45657014847 31.204408 107.09871 1.665475 27.3982497565 107.537866861 1.65866411082 3.83140957391 -0.390235204913 0
1587 5.42264008522 31.322843 104.96751 1.6587885 27.679970999 105.009901224 1.67283733484 3.64311864087 0.804938943249 0
1590 5.42019796371 31.457099 102.91722 1.6541397 28.4798750993 103.234163566 1.71594374821 2.9940466561 3.54111111931 0
1593 5.54899907112 31.546684 101.34427 1.631357 27.5000031215 101.813132993 1.61996523062 4.0737524027 -0.652700306456 0
1596 5.56434512138 31.536552 101.09899 1.5279681 28.8170897523 102.186028727 1.58589249369 2.9286734386 3.31882328957 0
1599 5.54316520691 31.522716 100.84711 1.3818466 28.6500212964 101.958599643 1.43110495314 3.08022468113 2.82229574045 0
1602 5.43840098381 31.33472 100.81397 1.2437751 27.9422127996 102.32311003 1.31439855539 3.71303228297 4.04642592873 0
1605 5.40561819077 31.335612 100.76499 1.1262837 27.5377958688 101.960436383 1.1975634454 3.98151973751 4.0840285764 0
1608 5.43045902252 30.238332 99.003137 0.9296569 28.5416101858 100.223405032 1.03956650157 2.08995669439 6.29735629782 0
1611 5.47258996964 28.772289 97.32743 0.78863198 25.8868454475 98.9126551438 0.851066667158 3.29222162845 3.5772440694 0
1614 5.59039592743 27.005154 95.945316 0.6582802 24.2146251344 97.3896218718 0.704965800293 3.14214429985 2.67488786084 0
1617 5.4597299099 26.209553 95.323497 0.64585939 23.9659457724 95.7823301865 0.723066360806 2.29004394823 4.42363357615 0
1620 5.53078913689 26.225548 95.299359 0.74214735 23.3534700903 94.9951220829 0.795815948997 2.88814674506 3.07498421488 0
1623 5.45516610146 26.287241 95.304851 0.87876564 24.8264208371 94.4594898647 0.995530213316 1.68778878932 6.69011724767 0
1626 5.97212600708 26.503119 95.525486 1.0159202 23.5052087509 94.0439714112 1.0801974302 3.34400229339 3.68281400908 0
1629 5.50379395485 26.584147 95.637624 1.1414331 22.3293388517 95.2564499993 1.1439217543 4.27184807756 0.142589388329 0
1632 5.52151203156 26.62792 95.717086 1.2595284 23.9991238527 95.9658329522 1.25958391258 2.64053862502 0.00318063653834 0
1635 5.78123998642 26.756174 95.797181 1.3910555 24.0354833043 96.0807757315 1.42794701443 2.735431197 2.11372807691 0
1638 5.61345386505 26.381693 93.77201 1.3952992 24.1432975477 93.929255448 1.50564026572 2.2439118369 6.32207737289 0
1641 5.56822705269 26.011804 91.856332 1.39866 22.6669039027 92.1631912056 1.45804561062 3.35894614913 3.40254485205 0
1644 5.65553498268 25.609249 89.727224 1.3968171 22.0891741433 89.9970290303 1.41920495701 3.53039965887 1.28272971923 0
1647 5.4373190403 25.2462 87.568251 1.3940659 23.2068959949 87.6795398208 1.49032996021 2.04233837226 5.51552436887 0
1650 5.4249830246 24.820481 85.505592 1.4017015 22.8691550499 85.1984029942 1.48350626565 1.97535770145 4.68706781591 0
1653 5.49367904663 24.493958 83.448062 1.398475 21.0940286172 83.9811482871 1.44400513313 3.441467826 2.60868446887 0
1656 5.60898590088 24.080092 81.345956 1.3962744 20.5999748373 81.6379215228 1.42782354718 3.49234295745 1.80763298036 0
1659 5.63773679733 23.622432 79.208855 1.3888608 20.2084543596 79.2738175825 1.43467643203 3.41459565197 2.62504235107 0
1662 5.78679490089 23.236261 77.182266 1.3737053 20.0208953474 77.7652140047 1.43660791387 3.26778283495 3.60405429536 0
1665 5.50357294083 22.741503 75.111069 1.3685019 20.1017530787 75.1671183743 1.44818045074 2.64034489783 4.5652446753 0
1668 5.48013401031 22.23837 73.007777 1.3690406 18.8632203077 72.8084582082 1.42141682987 3.3810299357 3.00093691829 0
1671 5.46794486046 21.796618 70.8705 1.3677106 18.7762929265 71.7119895195 1.41325898383 3.13535774052 2.60973015709 0
1674 5.48452019691 21.306705 68.900927 1.3588762 19.4625392721 69.0401799178 1.4686669015 1.84941574748 6.2905438256 0
1677 5.5269010067 20.800373 66.796896 1.3509317 20.7647741792 67.0276402312 1.5136664694 0.23347414478 9.32401546686 0
1680 5.5109000206 20.180988 64.758154 1.3339286 19.7172383947 65.3579017764 1.47271222718 0.758129996616 7.95171610283 0
1683 5.47376894951 19.716632 62.635567 1.3210663 18.1086034067 63.3475619314 1.43502858373 1.75860533924 6.52955788155 0
1686 5.48609185219 19.127208 60.642471 1.320188 17.7723951601 60.6461391615 1.45588363501 1.35481780567 7.77478718446 0
1689 5.44272518158 18.573484 58.538556 1.3117791 17.2916116968 58.3654593033 1.43025912337 1.29350650099 6.7884052956 0
1692 5.48362088203 18.03732 56.562177 1.3046299 16.7568946408 56.3568630491 1.40821715976 1.29678175457 5.93511279559 0
1695 5.42933011055 17.470308 54.449011 1.30616 16.4615307727 54.5504880507 1.41656673428 1.0138683771 6.32583990435 0
1698 5.55046582222 16.865167 52.414515 1.2995721 14.5374184868 52.079642668 1.38847449692 2.35171269914 5.09373213236 0
1701 5.42593789101 16.322269 50.452679 1.2871313 15.3519927467 50.908368864 1.40109988883 1.07195581056 6.52991913691 0
1704 5.52645587921 15.679585 48.421133 1.2791916 14.1271710191 48.8328655488 1.36174612715 1.60608619321 4.73002598516 0
1707 5.50998091698 15.049517 46.343459 1.2810584 13.8126151399 46.8200376051 1.35920333493 1.32553890111 4.47737496203 0
1710 5.47057509422 14.370513 44.264129 1.2685694 13.4015242781 44.5034786132 1.38010225589 0.998111907859 6.39036191945 0
1713 5.48319101334 13.728985 42.398373 1.2622613 13.6751956647 42.1884353857 1.40990896818 0.216718929672 8.45958824168 0
1716 5.46675395966 13.116178 40.310007 1.2578142 13.2007983683 40.657397309 1.4082280865 0.357548085608 8.61808087677 0
1719 5.5035879612 12.482531 38.460523 1.239848 13.192893095 39.1779535684 1.39594318421 1.00961424644 8.94359525764 0
1722 5.49012303352 12.331027 38.238303 1.1567887 11.4614740124 38.3441178585 1.22646283576 0.875967569342 3.9920339201 0
1725 5.39342403412 12.263795 38.100898 1.043782 11.7152823934 37.7050925909 1.15175797183 0.676408161879 6.18656747496 0
1728 5.43957996368 12.231882 38.075858 0.90529637 11.1952164999 37.3591702843 1.02358973153 1.26028434925 6.7777103601 0
1731 5.5267469883 12.170047 37.918491 0.7605547 11.0172312324 38.0018798095 0.893278936575 1.1558277932 7.60453859485 0
1734 5.59575486183 11.9457 37.868652 0.60051086 11.8154567918 37.1513991764 0.79941291313 0.728982102855 11.3962481808 0
1737 5.71203708649 11.861848 37.85602 0.47073445 12.1135389975 37.803011585 0.66463806704 0.257212461317 11.1098588887 0
1740 5.49066209793 11.68598 37.868337 0.32347919 11.6868284652 37.8308948685 0.479139633263 0.0374517436542 8.91868643613 0
1743 5.42198896408 11.634663 37.834152 0.18688423 10.995519531 37.9320052909 0.176192869151 0.646590782854 -0.612569853917 0
1746 5.43160486221 11.546787 37.799316 0.059161186 12.7138230577 37.0635913242 -0.0201803944248 1.37958832936 -4.54593769824 0
1749 5.46178197861 11.461332 37.784444 -0.088384018 11.8463646777 37.1247643848 -0.0430175714275 0.763824166687 2.59930592011 0
1752 5.42982912064 11.353119 37.809133 -0.22428348 12.5919985029 38.2155512152 -0.134703136775 1.30383978632 5.13257559414 0
1755 5.45926213264 11.259101 37.929753 -0.36642208 12.9661359328 38.7221173876 -0.291609804111 1.88196960244 4.28642766423 0
1758 5.54080891609 11.22919 38.083377 -0.50941267 14.0915554458 36.7956307078 -0.259528817038 3.13869821075 14.3172901432 0
1761 5.4717669487 11.185129 38.110347 -0.64618684 12.9964805864 38.5536042537 -0.402851177152 1.86479799513 13.9421064862 0
1764 5.62296319008 11.588805 37.741111 -0.76036767 10.9065211969 36.7717571135 -0.539742530609 1.18539366683 12.6408893416 0
1767 5.5960149765 13.063467 36.224873 -0.77289998 14.1244586259 36.2977084197 -0.775405443999 1.06348870636 -0.143552512852 0
1770 5.53425908089 14.493375 34.807156 -0.77803694 14.2077020681 35.0813274356 -0.709180572966 0.395953280209 3.94517922363 0
1773 5.76629710197 15.892318 33.28564 -0.77023756 15.9599664104 33.698125941 -0.744830432664 0.417996362344 1.45572116588 0
1776 5.78521108627 17.405154 31.857105 -0.77891679 17.304918101 32.2122849009 -0.740689328398 0.369052838311 2.19027221132 0
1779 5.60377883911 19.008966 30.381332 -0.78385491 18.5421098902 31.146283054 -0.761519883164 0.896161113987 1.27970277304 0
1782 5.44907903671 20.517371 28.856906 -0.78454873 20.0618685086 29.3284580622 -0.755547176955 0.655624791336 1.66166658881 0
1785 5.52245807648 22.037399 27.308602 -0.78653789 21.7855788458 27.7473790774 -0.805678645595 0.50590385818 -1.09668451228 0
1788 5.69388103485 23.470866 25.802264 -0.78746834 24.3956017217 25.6797781487 -0.788636927276 0.932812381312 -0.0669551189015 0
1791 5.72771191597 25.030138 24.239515 -0.79252133 25.1115056638 24.5995579232 -0.793113843315 0.36912274825 -0.0339485122414 0
1794 5.75098800659 26.508975 22.80392 -0.79210599 25.9989738444 23.2150673865 -0.759175886134 0.655090338951 1.88675597045 0
1797 5.65326094627 27.961008 21.312251 -0.79564812 28.6378893236 22.0233333649 -0.800139234656 0.98173644927 -0.257321915112 0
1800 5.74943709373 29.36401 19.750057 -0.78815021 29.1342926916 20.462748762 -0.784563109064 0.748798764265 0.205525744312 0
1803 5.47264409065 31.016391 18.179875 -0.79578372 30.5373265261 18.793468339 -0.763413909076 0.778459732916 1.85465354957 0
1806 5.65969705582 32.405165 16.663972 -0.79079715 32.0386048411 17.9316087241 -0.77936062309 1.31957160255 0.65526472425 0
1809 6.78479194641 33.875627 15.226881 -0.79213801 33.3931321579 15.4713830159 -0.788894965286 0.540908964959 0.1858127749 0
1812 5.45293402672 34.400964 14.714584 -0.72873329 33.363341567 15.1332405159 -0.746607102669 1.1188983831 -1.02409402974 0
1815 5.65124607086 34.541831 14.529671 -0.59347242 32.9369709838 14.9362660396 -0.678253001279 1.65556491803 -4.85756949193 0
1818 5.52165102959 34.648846 14.435796 -0.47955783 33.4222157662 14.9384966262 -0.51447200704 1.32564310808 -2.00043498958 0
1821 5.55686092377 34.668797 14.324629 -0.34405458 33.6287919251 15.0674710841 -0.403755677815 1.27805513091 -3.4206209371 0
1824 5.47959113121 34.864126 14.20779 -0.22615765 34.7324961407 15.2349493082 -0.248799964475 1.03555910713 -1.29730905782 0
1827 5.46874785423 35.017605 14.088235 -0.094353638 34.8382907594 15.3822370198 -0.102841660486 1.30636703268 -0.486327864845 0
1830 5.56135010719 36.599142 14.0692 -0.022879679 36.3929415115 15.1903607581 -0.0347616948599 1.13996494988 -0.680789360878 0
1833 5.5187292099 38.63985 14.009333 -0.014813302 38.5715845246 14.7788274605 -0.0756220120192 0.772516601689 -3.48408244174 0
1836 5.49258685112 40.768535 13.925491 -0.0089087199 39.8977043338 15.2616435315 -0.0901218290326 1.59488232692 -4.65316839443 0
1839 5.46613502502 42.905865 13.952369 -0.011506708 42.6867399336 14.7783358179 -0.0387292069015 0.854539044757 -1.55973429486 0
1842 5.41793680191 45.04117 13.838962 -0.010052037 44.7134955352 14.7858576125 -0.00856753307896 1.00198894998 0.0850558093465 0
1845 5.44317317009 47.095509 13.764363 -0.008210261 45.9479568217 14.8583784242 0.0125030371762 1.58547965935 1.18678456529 0
1848 5.44812393188 49.256947 13.750747 -0.012245698 48.3999491437 15.0312052122 0.0132543240941 1.5407850463 1.46104364348 0
1851 5.43176388741 51.347189 13.680192 -0.017629817 50.8843989462 15.2015408004 -0.0185251397989 1.59018137535 -0.0512982176811 0
1854 5.4544839859 53.510554 13.649042 -0.0075411209 52.7780594632 15.3146772963 -0.000245224464275 1.81958489405 0.418024073532 0
1857 5.45790696144 55.608657 13.581194 -0.0077936973 54.5868712771 14.9500206603 0.00382823145856 1.70813714011 0.665887467667 0
1860 5.47495007515 57.666716 13.591636 -0.01411162 56.1493516375 14.843536589 0.0272122346854 1.96714251981 2.36768246669 0
1863 5.46458697319 59.905766 13.533857 -0.012519778 59.0193223553 14.7944132018 0.0168984994507 1.54103350808 1.68554313847 0
1866 5.45856690407 62.027534 13.447994 -0.021676244 60.6015647777 14.9921169459 -0.0160519572288 2.10183346032 0.322247894759 0
1869 5.46834802628 64.181261 13.371995 -0.025327169 63.5101251057 14.9247034635 0.0113659595636 1.6915457313 2.10236140382 0
1872 5.43784189224 66.241252 13.310079 -0.024907545 65.0520620554 14.9734803957 0.00282221176646 2.04476818433 1.58879802964 0
1875 5.43808794022 68.444119 13.24669 -0.026304862 66.7823457932 14.9050505338 0.00335714820826 2.34769032261 1.69950799681 0
1878 5.38777899742 70.49734 13.123327 -0.017605166 68.8584412594 14.6745698376 0.0273195567965 2.25662212679 2.57399701203 0
1881 5.44039416313 72.634932 13.039101 -0.019360635 71.625925272 15.0206834933 -0.00340652591202 2.2236824762 0.914103116633 0
1884 5.40085601807 74.720419 12.994859 -0.019347658 73.7142069269 15.1689639169 0.00485486809646 2.39566168853 1.38670259888 0
1887 5.42001891136 76.914825 12.90632 -0.036038761 76.09141696 14.9261155258 0.0209310594839 2.18118655014 3.26413027335 0
1890 5.4487388134 79.004774 12.78569 -0.032634565 78.2456539684 15.3337821171 0.00693604257153 2.65876600316 2.26722880662 0
1893 5.4370059967 81.177999 12.691712 -0.029848436 80.5006499803 15.0416524821 0.00189791026365 2.44561279929 1.81893165587 0
1896 5.46910881996 83.222919 12.597068 -0.02122413 82.0863522172 14.521115575 0.0166587487947 2.23466845922 2.17052907074 0
1899 5.45945096016 85.390174 12.538762 -0.021700441 84.2526197711 14.3213049359 -0.0144038575838 2.11458954458 0.418063434616 0
1902 5.48955893517 87.449986 12.512039 -0.030894579 86.8511447747 14.8638815859 0.00989999611076 2.42688573316 2.33735698088 0
1905 5.49048995972 89.572355 12.414566 -0.034322832 88.1507146841 14.8676372796 0.0158753205136 2.83524600173 2.87614227838 0
1908 5.45267510414 91.713838 12.339838 -0.030338307 90.2635917962 14.8315313547 0.0179853032139 2.88301054896 2.76873891609 0
1911 5.43876194954 93.866625 12.234111 -0.027880568 93.3208232483 15.1990882631 -0.00332697680901 3.01479513783 1.40681714713 0
1914 5.40632104874 96.027017 12.118277 -0.016096141 94.6275147321 14.7375877759 0.0109324155959 2.96974671285 1.54862221928 0
1917 5.41292190552 98.003729 12.063433 -0.023465033 97.5532226369 14.8562833893 -0.00733503955102 2.82895197562 0.9241805482 0
1920 5.40384197235 100.1865 11.996018 -0.023536261 99.1020928405 15.1664388928 0.000300836771251 3.35074730847 1.36576509813 0
1923 5.44772195816 102.26857 11.921444 -0.023061579 102.105511355 14.6761093461 0.0111456192559 2.75948714271 1.95992808903 0
1926 5.46555304527 104.50291 11.810699 -0.022632517 104.474320216 15.3788010803 0.00300050869055 3.56821661776 1.46866418822 0
1929 5.40820384026 106.528 11.779433 -0.025937223 105.790786529 15.4802432423 0.0139493078125 3.77352357244 2.28532987497 0
1932 5.46110510826 108.61821 11.737233 -0.017267816 108.224105805 15.0539392283 0.00892366370587 3.34003867071 1.50066124635 0
1935 5.48327183723 110.65428 11.638117 -0.015586443 109.147027609 15.2288218133 -0.00825616354469 3.89422274997 0.419994075441 0
1938 5.46249198914 112.94226 11.558687 -0.011710616 111.689401916 15.0165322557 -0.000149135828712 3.67781826517 0.662424018739 0
1941 5.43507814407 114.89636 11.528856 -0.01668203 113.735833237 15.1579902744 0.00524233484005 3.81017557997 1.25617357384 0
1944 5.43394899368 117.03777 11.494892 -0.018548407 116.532927243 14.9053898767 0.00588729843696 3.44766036263 1.40006279096 0
1947 5.45245504379 119.07747 11.406331 -0.016261061 118.033572867 15.0691536017 0.0108938277765 3.80867308067 1.55586052004 0
1950 5.44055318832 121.291 11.334615 -0.012126455 120.171765611 15.0672680455 0.0062702093525 3.89684287275 1.05405122452 0
1953 5.41778111458 123.43737 11.229443 0.0013807468 122.588820749 14.7205654625 0.00262291822259 3.59276660519 0.0711711799461 0
1956 5.42218589783 125.58554 11.258252 -0.0049853053 124.14404558 14.977864384 0.0113472009672 3.98916312659 0.935783677983 0
1959 5.43519711494 127.50849 11.183265 -0.012828209 126.215023359 14.8615779233 0.0101183352248 3.89910783556 1.31474013849 0
1962 5.39519810677 130.28779 11.390648 -0.01314096 129.047560979 15.0051714818 -0.00426498915633 3.82138038221 0.508555668424 0
1965 5.45753097534 132.78769 11.256475 0.0084755214 130.76955851 14.8629903838 -0.00541178786346 4.13277242582 -0.795684209589 0
1968 5.45276999474 125.9239 10.596074 0.27888777 132.484642397 14.6969955435 -0.00304625195937 7.73698250629 -16.1536295594 0
1971 5.43920707703 93.936275 13.265891 0.84250578 133.290951627 14.5921649406 -0.00159805413812 39.3770183608 -48.3635871669 0
1974 5.50059008598 59.212281 6.4432491 1.3602712 133.293404661 13.9942569196 0.0326306012718 74.4649622441 -76.0682030173 0
1977 5.45481395721 41.747696 3.5851691 1.5088422 139.306397075 12.9215846147 -0.0356382990034 98.0044326041 -88.4922141332 0
1980 5.470277071 40.889782 2.6549702 1.6071612 34.7589859762 91.8609126696 2.10358729389 89.4163678069 28.44312002 0
1983 5.46893906593 40.408125 3.8011614 1.6070032 64.8261967806 102.649953015 0.499138555163 101.820065966 -63.4759684209 0
1986 5.45190405846 40.388712 5.5337894 1.5172855 36.5053346062 90.1216980472 -1.05794108328 84.6770034265 -147.549614512 0
1989 5.39526200294 40.44034 7.6724587 1.5542124 73.8108196902 135.11924629 2.98092689673 131.743206967 81.744719233 0
1992 5.41610598564 40.554207 9.7439313 1.5604739 35.6686732369 85.1110499698 -1.46269056751 75.5253005075 -173.214564762 0
1995 5.48719000816 40.580821 11.876658 1.5652859 37.9106015655 82.7474699877 -1.3140468496 70.9210974508 -164.973614366 0
1998 5.42986798286 40.665042 14.024391 1.567666 35.8450289427 82.6369249172 -1.50615352864 68.7816278988 -176.116885976 0
2001 5.48418784142 40.771617 16.174621 1.5548315 30.373655673 82.982508997 -1.97556987812 67.6122141213 157.722901047 0
2004 5.47385501862 40.847233 18.25792 1.5551713 29.6631055078 82.0926666264 -1.69170612692 64.8070951719 173.967626841 0
2007 5.45767521858 40.88758 20.352438 1.5597309 103.522740968 126.122165086 0.169830458465 122.924361123 -79.6354292434 0
2010 5.4456679821 40.971014 22.508388 1.5678505 50.6828472027 79.7647209708 -0.433013428429 58.0741540568 -114.641058479 0
2013 5.46100687981 41.044823 24.54743 1.5705547 62.3972387784 77.4719393795 -0.455045411897 57.069513338 -116.058337393 0
2016 5.50847005844 41.105608 26.696222 1.5717508 15.7612344253 91.337067345 2.78776371472 69.4318094163 69.6724078471 0
2019 5.49718904495 41.160404 28.869777 1.5672714 57.4511668392 15.6199489715 -1.4879384938 20.9987355969 -175.050632442 0
2022 5.48782896996 41.204205 31.003136 1.5608691 38.3640814772 31.7004707156 1.41812868673 2.92447898439 -8.17842324641 0
2025 5.46719288826 41.244227 33.116661 1.5660557 37.63968056 32.1859294194 1.49363480079 3.7227699786 -4.14941187341 0
2028 5.45554089546 41.277887 35.228156 1.5643441 38.2984270069 34.6370100418 1.52379454752 3.03753771903 -2.32331821827 0
2031 5.46663689613 41.31792 37.33529 1.5797774 48.6993391794 23.6494673606 -0.489982584592 15.5495045072 -118.588511722 0
2034 5.48326396942 41.419072 39.474789 1.5713492 37.806573423 38.7899969424 1.42618251368 3.6768309903 -8.31743845196 0
2037 5.46506404877 41.429937 41.518923 1.5745722 38.7918614332 42.5051991172 1.56689156424 2.81641319336 -0.440068012982 0
2040 5.39170598984 41.494048 43.684079 1.5737379 38.5413106273 42.5568692387 1.59211714904 3.16057903531 1.05305340037 0
2043 5.3990650177 41.508319 45.798644 1.5762653 38.7584262779 45.1109896883 1.56947772304 2.83456847427 -0.388899512737 0
2046 5.42129182816 41.512588 47.943477 1.5772604 39.407494802 48.3185419158 1.57049561551 2.13824485583 -0.387593600587 0
2049 5.415569067 41.583607 50.107906 1.5744728 38.4593202747 50.255900426 1.52953806995 3.12778993733 -2.57457038522 0
2052 5.44774484634 41.632502 52.265699 1.5728612 38.6154843815 51.7624671793 1.52680854756 3.05869867353 -2.63862262027 0
2055 5.5188729763 41.660201 54.305408 1.5732479 38.9103912085 54.1516350834 1.5512404121 2.75410602546 -1.26093617426 0
2058 5.44673609734 41.689009 56.508616 1.5685378 38.8105135701 56.6255362539 1.54252282658 2.88086901568 -1.49054818102 0
2061 5.46764993668 41.794127 58.57462 1.5657057 39.4453417222 58.1725032891 1.5739232391 2.38295827293 0.470830308265 0
2064 5.4100689888 41.856016 60.76704 1.5641567 38.9401718546 60.4475885559 1.56057333805 2.93329103656 -0.205311516478 0
2067 5.39235591888 41.858156 62.785084 1.5639758 38.7793679198 63.0565285013 1.55873297111 3.09073100742 -0.300391968167 0
2070 5.38669586182 41.958088 65.023529 1.5767642 38.6174479685 64.6873185261 1.55252383332 3.35751594231 -1.38887070449 0
2073 5.42713689804 41.99726 67.044355 1.5737097 39.2401241016 66.4187868176 1.56446969716 2.82721310007 -0.52941316547 0
2076 5.3943271637 42.044947 69.102812 1.5759217 39.3884569989 69.05469288 1.57327205555 2.65692577531 -0.151813444262 0
2079 5.52925205231 42.097902 71.261122 1.5727544 38.9100795754 71.0559853585 1.57515507095 3.19441588596 0.137548313283 0
2082 5.40195608139 42.114798 73.459441 1.5684742 38.5968674776 73.2535320038 1.58088316413 3.52395142912 0.71098127291 0
2085 5.41517400742 42.172982 75.545483 1.5804547 38.8008002082 75.185542505 1.55460011807 3.39133708096 -1.48135842593 0
2088 5.45817089081 42.213453 77.648417 1.5799022 38.9500664699 77.591966715 1.56926850265 3.26387473404 -0.609265978887 0
2091 5.43184995651 42.308345 79.80823 1.5843424 38.8368173858 79.9641206379 1.55214757631 3.475026024 -1.84462751967 0
2094 5.4145758152 42.259747 81.948131 1.5870316 38.828669038 81.9941195457 1.56531686979 3.43138615256 -1.24416239424 0
2097 5.42343497276 42.325886 84.065588 1.5841531 39.0183791367 84.5763521398 1.59002986859 3.34671206673 0.336714037395 0
2100 5.42679691315 42.338042 86.100283 1.5789413 38.8367702591 86.5022391138 1.60350712388 3.52426907614 1.40751802839 0
