3 2.71371984482 72.513547 45.80148 1.6808269 148.223480336 55.5820396814 -2.08428192417 76.3390683299 144.275154968 0
6 2.72107601166 72.505015 45.806851 1.6805552 34.4449124546 72.05849133 2.09835447196 46.2354844874 23.9381349668 0
9 2.6965110302 72.51553 45.801787 1.6811119 72.6065688299 98.1493876641 2.22769964341 52.3476798278 31.3171708307 0
12 2.73545384407 72.511327 45.798497 1.6805172 30.0109609278 41.0220880307 -1.29616891475 42.7679225462 -170.55155131 0
15 2.72245907784 72.518426 45.80176 1.6806948 101.594383223 76.0667189337 1.61046828915 41.9687863502 -4.02368268149 0
18 2.69774389267 72.509508 45.806599 1.6825332 1.72269699735 53.6578663459 -0.781655021043 71.220888866 -141.187584992 0
21 2.71370387077 72.510969 45.800989 1.6811293 120.876056186 70.4794573801 -2.70341683222 54.2974074895 108.784011544 0
24 2.69783782959 72.522343 45.818169 1.6838228 33.8500369682 108.256689514 -0.0756228475469 73.4446464883 -100.808809887 0
27 2.69187498093 72.508499 45.799812 1.6808804 33.1628865609 85.4679834105 1.14255871099 55.8716479196 -30.8435608009 0
30 2.69927382469 72.523901 45.815543 1.6832165 59.3030468826 96.9738539305 1.19692543564 52.8390363354 -27.8624256029 0
33 2.72171998024 72.511009 45.802779 1.6808191 43.0176632252 82.4612269212 -2.54196944058 47.0499654515 118.052038848 0
36 2.70623588562 72.527172 45.853315 1.6851825 109.09755085 41.8144895081 2.7918007895 36.7927264631 63.4045575205 0
39 2.71562004089 72.188088 49.017093 1.6798669 69.0465554068 109.398984047 -2.00748665361 60.4635592191 148.730203805 0
42 2.71204805374 71.804616 53.279503 1.6643548 38.6912216515 87.8301426617 2.1374034354 47.85648949 27.1036903128 0
45 2.70064210892 71.568933 57.324136 1.642571 27.0206011266 75.9804515757 -2.38859707597 48.2971218973 129.031082739 0
48 2.69174194336 71.37336 61.652431 1.6431927 89.4094936905 79.604209525 0.424243588084 25.4473666754 -69.840639554 0
51 2.70888805389 71.165072 65.844712 1.6344026 101.098873856 67.6785727597 -2.12367236247 29.9899239554 144.678165557 0
54 2.70307803154 70.960331 70.343426 1.6128178 54.0360883325 98.7831432236 0.691623149991 33.0945238012 -52.7805655555 0
57 2.71296215057 70.885213 74.631613 1.6236159 86.0206174433 106.491796277 1.32265182929 35.2725352947 -17.2439710369 0
60 2.69199204445 70.832043 79.069602 1.6124517 72.2112723059 28.9362692377 -2.33595774774 50.1523013164 133.772802855 0
63 2.71136808395 70.841819 83.283634 1.5826474 73.607854071 40.4994937793 -2.81399287295 42.873460374 108.091068322 0
66 2.70563602448 70.897044 87.066595 1.5142468 70.2630947622 39.416860285 -2.59253275413 47.6539516729 124.698864158 0
69 2.68984103203 70.898205 87.488163 1.2381173 50.1986332444 70.6797321938 -2.21002080326 26.6645010647 162.436239505 0
72 2.71467208862 70.648486 87.373684 0.94938085 48.4739944871 71.0445530918 -1.72771849851 27.538129749 -153.386494007 0
75 2.71240592003 70.490448 87.162959 0.64684814 56.896836354 107.092844984 -3.03330767869 24.1243991205 149.142603638 0
78 2.71872591972 73.090524 88.460194 0.4660111 52.7515719446 108.568173886 -1.82120421758 28.600766175 -131.047784535 0
81 2.71688985825 76.750616 90.291223 0.4640309 126.071016315 21.0415453611 1.45600871439 85.0177613226 56.8361421354 0
84 2.71865916252 80.704264 92.172539 0.45240664 89.4312236129 35.9331002861 -1.64645593716 56.9125143614 -120.255967449 0
87 2.6755361557 84.637734 93.972859 0.42386385 93.6346598276 124.83785205 2.18127360861 32.149532972 100.692162044 0
90 2.69214701653 88.678811 95.730817 0.41656148 30.5448932638 70.3067345208 -3.08877293865 63.4502668338 159.159132029 0
93 2.69639587402 92.647535 97.41769 0.40779386 35.0636208315 105.524250489 2.04895017521 58.151728211 94.0313303826 0
96 2.66441988945 96.759828 99.128022 0.39320766 89.0857714572 136.552166585 2.08747156084 38.2028499163 97.0741708997 0
99 2.71117091179 100.07577 100.58602 0.32958371 83.330150305 140.532105907 2.04089664453 43.3140341952 98.0510085748 0
102 2.70035910606 100.12714 100.52966 0.1390585 14.3114655664 68.6658162389 2.89958810722 91.5403436618 158.166695714 0
105 2.70034599304 100.08551 100.52401 -0.14356162 10.7558552536 70.0536246609 2.60426831047 94.3834286293 157.439057836 0
108 2.72022199631 99.772178 100.71077 -0.40700642 113.016063587 15.4280869045 2.49697347167 86.3049045038 166.385791584 0
111 2.69363594055 99.760338 100.7618 -0.66729138 101.992099608 61.5097086399 -2.67437852734 39.3154859567 -114.997622658 0
114 2.71201515198 99.638101 100.95548 -0.8821311 99.7300774071 61.3312107011 -2.5789176568 39.6243760472 -97.2187084389 0
117 2.6999809742 99.549051 101.11221 -1.1251977 103.417249403 60.0036108511 -2.75714136462 41.2901911218 -93.5034843856 0
120 2.69071006775 100.80276 98.46873 -1.1938854 36.5500270978 104.583544873 -0.225165568454 64.5430449106 55.5035578782 0
123 2.69536399841 102.35582 94.496879 -1.1822805 101.593645322 94.593415763 -1.09036640406 0.768264008148 5.26628977532 0
126 2.71923708916 103.84912 90.431736 -1.1842505 125.293530488 91.5584068635 -0.0755863344244 21.47398725 63.5217775849 0
129 2.71169495583 105.46668 86.336829 -1.1831903 86.6067360886 117.024106893 -1.36699770958 36.0195295474 -10.5313888121 0
132 2.70966100693 106.96067 82.891423 -1.1821311 38.9377194834 103.325585695 -0.420152539947 71.0258882524 43.6581555705 0
135 2.72153615952 108.13488 79.987125 -1.1809983 104.799294426 82.1114366281 -1.19340380831 3.95459618852 -0.710783269133 0
138 2.69756793976 109.11096 77.465416 -1.174964 110.026417284 75.7677708795 -0.454834487641 1.92874596394 41.260381761 0
141 2.69437599182 110.00241 75.115832 -1.1797573 108.161075055 77.9300038068 -1.20473310752 3.36304584265 -1.43100836061 0
144 2.70606899261 110.9669 72.896666 -1.1819268 109.384492413 74.1802640287 -0.990385784608 2.0375567896 10.9744917856 0
147 2.69841504097 111.79529 70.750926 -1.1680053 101.838349137 91.2804981132 1.26850788102 22.8167482894 139.601922 0
150 2.70716309547 112.62755 68.634671 -1.166408 111.382716894 71.4887283755 -1.14126251748 3.11372011661 1.44073002205 0
153 2.70589590073 113.50263 66.493746 -1.1746568 111.451898343 68.980561502 -1.06343219824 3.22331377133 6.37270025875 0
156 2.71698188782 114.39844 64.423702 -1.1690506 112.200918478 67.8524782618 -1.10502425497 4.0725431234 3.66843934763 0
159 2.72904801369 114.9392 62.935672 -1.1627449 113.253885687 66.1403396662 -1.07005260645 3.62079814197 5.31087721406 0
162 2.73124909401 115.58582 61.52951 -1.1720902 114.13457352 62.7552323853 -1.09561394034 1.89960830488 4.38176691143 0
165 2.69329190254 116.16312 60.165609 -1.1710096 114.873601839 63.2794694213 -1.10171995043 3.37030915664 3.9700044843 0
168 2.69700598717 116.71267 58.758483 -1.1690165 114.643132082 63.3336047823 -1.15854946842 5.02142674122 0.599716733621 0
171 2.69693207741 117.29804 57.404001 -1.1730259 114.742683031 61.7610365663 -1.13472092059 5.05109969839 2.19471365447 0
174 2.72261309624 117.3062 57.346669 -1.1782941 114.383173906 60.6467666189 -1.14211167792 4.4084833944 2.07310007781 0
177 2.70735096931 117.30973 57.394113 -1.1925087 113.731835147 60.8172927167 -1.18642693325 4.95171596044 0.348459566573 0
180 2.71361804008 117.3509 57.478875 -1.2542253 114.868824522 61.2851515677 -1.26317853038 4.54405545637 -0.512982313967 0
183 2.72031402588 117.31554 57.561663 -1.3141336 115.614005189 61.7949202723 -1.32903899112 4.56242127021 -0.854016003351 0
186 2.7173910141 117.31761 57.625945 -1.389572 114.53424718 60.3000149474 -1.41152308652 3.85976147832 -1.25770461348 0
189 2.71216511726 117.34247 57.653648 -1.4539696 115.631902713 60.7330278524 -1.45870297397 3.52258721942 -0.271202351292 0
192 2.70432782173 117.36058 57.739095 -1.5147103 114.574676123 59.900486535 -1.50393933058 3.52602804545 0.617131089228 0
195 2.68498182297 117.34118 57.80351 -1.5718326 114.526463531 60.7689249641 -1.4710815342 4.08855900195 5.772610852 0
198 2.71241807938 117.32521 57.826191 -1.6475747 115.946830169 60.4671929487 -1.55322561922 2.97906398913 5.40580412979 0
201 2.69754290581 117.28663 57.948056 -1.7072698 65.2127349296 106.279030689 -2.77737589722 71.0462783135 -61.3125630021 0
204 2.72318887711 117.37131 58.006137 -1.7818651 115.801808255 59.7922830921 -1.73714566066 2.37774127929 2.56223513666 0
207 2.71256709099 117.40314 57.989067 -1.8555926 115.466419972 60.5775318686 -1.62713077177 3.23280603214 13.0898985375 0
210 2.71501708031 117.02719 57.008887 -1.8977403 115.457066387 61.0491150676 -1.51240766791 4.33459698219 22.0779335273 0
213 2.68002200127 116.38504 55.250118 -1.9095407 116.553411285 56.8098601796 -1.69334238181 1.5688035429 12.3872511701 0
216 2.70657086372 115.67443 53.450651 -1.9075572 117.120808065 54.8893190709 -1.72882108642 2.04004297126 10.2408249545 0
219 2.71613311768 115.02136 51.574537 -1.9165104 114.43584113 53.2070859028 -1.76960067215 1.73437258616 8.41730737496 0
222 2.71384596825 114.35753 49.684701 -1.9233127 114.26119602 51.5591644819 -1.82993526069 1.87693728731 5.35013317418 0
225 2.72543501854 113.59486 47.870819 -1.9110101 113.173410521 48.9220069667 -1.77681502177 1.13252629304 7.68881161374 0
228 2.73429298401 112.87829 45.986656 -1.9118326 114.259917353 46.3345003029 -1.79252573822 1.42474201209 6.83577964668 0
231 2.722645998 112.17059 44.128463 -1.9122248 113.789085367 44.6445783495 -1.81579046388 1.69879436886 5.5252804596 0
234 2.7273888588 111.43202 42.277019 -1.9027456 111.425167597 44.3899854196 -1.89722057436 2.11297753079 0.316560650772 0
237 2.69421315193 110.82393 40.37458 -1.9174412 110.596472828 41.8957827161 -1.85302854659 1.53811393215 3.69057318747 0
240 2.7281332016 110.14399 38.567468 -1.912432 112.554386248 38.0117421279 -1.77824302678 2.47362917927 7.68846182274 0
243 2.72088694572 109.42625 36.696167 -1.9074722 110.505089792 36.924829464 -1.86144332015 1.1028063376 2.6372605512 0
246 2.71998691559 108.96452 35.308972 -1.917648 110.791100509 36.2439096609 -1.86903722726 2.05195145747 2.78519211711 0
249 2.70957303047 108.91335 35.330429 -1.9171391 108.866026973 36.7638029115 -1.85754913319 1.43415488672 3.41425359952 0
252 2.68354892731 108.9585 35.348205 -1.9450374 110.029276643 37.4106473237 -1.94387885474 2.32383970138 0.0663797535386 0
255 2.68595314026 108.97674 35.368834 -2.0165302 108.130303707 38.5225946532 -2.06218603304 3.2653729736 -2.61588654351 0
258 2.71450901031 108.99865 35.397074 -2.0803106 109.140955259 38.0854916947 -2.09438046908 2.6921813624 -0.806144116502 0
261 2.70545315742 109.05048 35.474836 -2.159245 110.509926531 37.760588048 -2.20561764414 2.71194516928 -2.6569567942 0
264 2.7237508297 109.09365 35.518169 -2.2238592 109.940059202 37.4344264531 -2.18643356766 2.09486304164 2.14433077895 0
267 2.68489193916 109.14301 35.568827 -2.2920109 107.593535189 38.0309978715 -2.19350640213 2.90915066458 5.64389199114 0
270 2.70591402054 109.24021 35.586114 -2.3597618 109.054298803 37.3936145854 -2.3552294889 1.81703641659 0.259682297693 0
273 2.71813297272 109.32691 35.57971 -2.4292889 109.628681528 37.4828251788 -2.29743192961 1.92689217103 7.55484790244 0
276 2.71448111534 109.34422 35.612178 -2.4970016 109.637720216 36.9165470283 -2.41839242411 1.33698202634 4.50397400972 0
279 2.72225880623 109.45255 35.562283 -2.5751384 109.048146067 37.6425968545 -2.49296149073 2.11925653803 4.70839007478 0
282 2.71824288368 109.51035 35.610832 -2.6455993 111.38692131 37.4492460045 -2.52425327368 2.62702986897 6.95261516874 0
285 2.69993400574 109.52669 35.619453 -2.7060079 112.77017641 34.9660513236 -2.64032717527 3.30864592289 3.76322832267 0
288 2.68213915825 109.56751 35.667144 -2.7779359 108.529403459 37.4841957007 -2.48261709669 2.09268776325 16.9205210407 0
291 2.70660805702 109.58407 35.725569 -2.8421247 107.248177147 37.5844999518 -2.63672336336 2.98530060512 11.7686296959 0
294 2.6959400177 109.62066 35.728072 -2.9074408 109.48080562 36.9997190281 -2.68984767347 1.27931443036 12.4671678012 0
297 2.6841340065 108.40689 35.538158 -2.9474042 107.566501685 38.3128957787 -2.82333624845 2.89921062715 7.10856999684 0
300 2.71183586121 106.63579 35.154474 -2.9731605 107.103654588 35.956107904 -2.83395768724 0.92817788653 7.97573366774 0
303 2.70205712318 104.74277 34.838538 -2.9724974 105.033087512 36.1224816571 -2.92549887514 1.31635693193 2.69281711765 0
306 2.71650910378 102.71686 34.507066 -2.970186 106.619001374 36.0075479216 -2.7701082497 4.18068813674 11.4636106667 0
309 2.6969408989 100.87602 34.149296 -2.9774562 100.565110416 35.6599569007 -2.84998286194 1.54232328845 7.30368427109 0
312 2.70586895943 98.917573 33.856952 -2.9648121 97.7686889209 34.5039145225 -2.92166048124 1.31852005394 2.47240563397 0
315 2.7161989212 96.872255 33.519705 -2.9713846 95.4104055125 34.0887063095 -2.91616306159 1.56868301909 3.16396108932 0
318 2.72838306427 94.700759 33.157106 -2.9752463 95.6247332817 33.1665609855 -2.84551956311 0.92402265662 7.43279451375 0
321 2.72285103798 92.656194 32.878926 -2.9695623 92.5351701649 34.2474387007 -2.88199820061 1.37385362414 5.01705333177 0
324 2.72406411171 90.628889 32.525228 -2.9736018 90.2806457495 33.7899720179 -2.9089947336 1.31181202634 3.70171223151 0
327 2.71426796913 88.510396 32.191288 -2.9695852 86.6456921956 32.9513099439 -2.94393932351 2.0136418831 1.46940048451 0
330 2.71680092812 87.334812 32.006658 -2.9896435 85.1090170275 34.1894376249 -2.98929275942 3.11748137936 0.0200959551204 0
333 2.69511795044 87.328365 31.983283 -3.0015998 86.7003183481 34.3595876032 -3.01645512461 2.45789872947 -0.851147403709 0
336 2.71379089355 87.328448 32.00285 -3.0442403 86.5978559807 33.5583419914 -3.1336002518 1.71852263122 -5.11994809591 0
339 2.71598005295 87.480424 31.977098 -3.121648 86.8478688572 34.4966444775 3.1287037854 2.59773756589 -1.88122222433 0
342 2.70565891266 87.509332 32.088761 3.0972389 86.5783085837 34.0187484187 3.08647013045 2.14281497985 -0.617005045811 0
345 2.70027494431 87.537767 32.004513 3.0032565 86.0915691326 34.2140937275 3.02059095012 2.64078307763 0.993190832152 0
348 2.70187497139 87.588829 31.971963 2.902116 85.3641176006 32.9550357279 2.97413487305 2.43223617257 4.12637747119 0
351 2.70938301086 87.696053 31.883789 2.7788249 85.9983596366 34.0892588353 3.08733300612 2.78321036765 17.6762124264 0
354 2.72829198837 87.777704 31.698119 2.6376296 85.5628722752 35.0094754793 2.8491349601 3.98378730634 12.1183644783 0
357 2.71814918518 87.896098 31.65995 2.4917922 86.2525350284 35.1460360184 2.59645556924 3.85410105849 5.99676932702 0
360 2.70688509941 87.958395 31.594625 2.366513 84.4104315716 34.9513519639 2.66882097437 4.8842256704 17.3209710446 0
363 2.71507096291 87.964094 31.460561 2.2184109 86.8826112651 58.6054839408 1.81565045194 27.1664581123 -23.0764738288 0
366 2.70777320862 87.708527 31.831987 2.1125682 85.888077155 36.38890161 2.57694067731 4.9070875681 26.6065830717 0
369 2.70668196678 86.721318 33.612273 2.0920166 86.4468727618 34.5406646995 2.47833833434 0.968107089323 22.134604912 0
372 2.72954297066 85.724716 35.405361 2.0873093 86.2758419781 36.5658743176 2.50793502603 1.28472993427 24.1000788563 0
375 2.71657705307 84.755772 37.248267 2.0862059 88.1482753093 65.8718000674 1.58836401014 28.8238742011 -28.5242391537 0
378 2.73425602913 83.690185 39.149374 2.0868314 81.8196797436 39.8860524964 2.07975808585 2.01034452803 -0.405271047884 0
381 2.73921895027 82.666747 40.97523 2.090975 80.8159909533 41.9468572717 2.15750194318 2.09030081556 3.81171306789 0
384 2.73548603058 81.635815 42.877142 2.0910396 78.427504041 44.4464093294 2.0616630384 3.5715345666 -1.68315299648 0
387 2.72451496124 80.624097 44.699122 2.0805048 78.9813099744 44.9628109068 2.10392332844 1.66381520937 1.34178284178 0
390 2.73306298256 79.602515 46.546403 2.0762437 78.0377253693 45.460672314 2.05219166533 1.90456759158 -1.37808007557 0
393 2.73184490204 78.599692 48.40129 2.0808805 77.7067525628 48.3668466633 2.12188998559 0.893603481387 2.34967044448 0
396 2.69469404221 77.532669 50.298142 2.0919608 74.3698219455 51.1691355904 2.20800205475 3.28058399143 6.64867414651 0
399 2.69257092476 76.53881 52.074716 2.0854653 75.1371366023 53.1264177286 2.15165847527 1.7523597917 3.79258957551 0
402 2.69134688377 75.533974 53.92833 2.0838411 74.4533423908 54.6970511707 2.01690833976 1.32615870585 -3.83496467287 0
405 2.71808195114 74.451304 55.860797 2.0823704 74.1851004562 56.0210020749 2.13385878903 0.310692762611 2.9500673852 0
408 2.68043398857 73.464188 57.689364 2.0801622 74.918478313 58.1468924033 2.03169307215 1.52456307 -2.7770764625 0
411 2.6931951046 72.461178 59.521835 2.0808323 70.1639725185 59.7136391353 2.16098620106 2.30519887445 4.59248024228 0
414 2.70083594322 71.469371 61.42577 2.0898858 69.1344245659 59.8159416244 2.10159936977 2.83611040847 0.671138110732 0
417 2.70486712456 70.386885 63.322712 2.0827703 68.2359027312 64.1236609829 2.14029720061 2.29526556069 3.29604861359 0
420 2.68438720703 69.38246 65.186025 2.0922796 66.7006833739 65.4644305475 2.16224707989 2.69618907369 4.00884130084 0
423 2.72314095497 68.400253 67.014087 2.0893798 66.37176248 67.3233637305 2.12640737622 2.05193223227 2.12152384277 0
426 2.68637704849 67.30799 68.901204 2.089526 64.4728578015 69.0540965371 2.1525003227 2.8392517872 3.60816290829 0
429 2.70346498489 66.315197 70.741557 2.0869248 64.3242367359 69.7394195838 2.11795789152 2.228946427 1.77806516912 0
432 2.68672704697 65.281228 72.464006 2.0745737 62.873286507 72.2313927894 2.1067130687 2.41915091295 1.8414501828 0
435 2.69749093056 64.283593 74.421326 2.0918621 61.6171265512 74.3304818727 2.10757720625 2.66801348914 0.900409262442 0
438 2.69509100914 63.28447 76.191493 2.091939 60.090437639 75.6340246428 2.09085261689 3.24231610003 -0.0622451669291 0
441 2.71960496902 62.204887 78.125252 2.0893553 59.7186265009 78.6315714994 2.15619293697 2.5372920023 3.8295145112 0
444 2.71699309349 61.273659 79.948227 2.0960183 57.7144253807 80.0258231793 2.13843592242 3.56007937041 2.43035074143 0
447 2.70496702194 60.19879 81.787566 2.089809 57.3102853274 81.8478084812 2.09256578718 2.8891328111 0.157952270581 0
450 2.69116687775 59.161438 83.629466 2.0974137 56.9083453064 84.2934025098 2.10355259866 2.34888023857 0.351732984121 0
453 2.68525099754 58.11891 85.485673 2.0964985 55.2481774856 85.9977787281 2.082154862 2.91605168785 -0.821829920101 0
456 2.68996596336 57.036783 87.336936 2.0992423 55.1635558413 87.9108668997 2.06907206414 1.95917754829 -1.72862718185 0
459 2.68723201752 56.357629 88.602308 2.124456 54.2971017951 88.4057244179 2.11635483289 2.06988344284 -0.464162684789 0
462 2.70915102959 56.200217 88.720884 2.2094598 55.6932832806 89.7439539699 2.18899109902 1.14177666784 -1.17277017816 0
465 2.7296860218 56.199637 89.07416 2.3631742 53.4571950163 87.1147058208 2.33776755793 3.37052647437 -1.45569336207 0
468 2.7014131546 56.109511 89.161307 2.4869631 53.6910565415 88.5879847142 2.47695345168 2.48548192738 -0.573510603015 0
471 2.69593095779 56.023191 89.233423 2.608836 52.5708861717 89.3791342049 2.60956817879 3.45537847168 0.041950754485 0
474 2.67785096169 54.873312 89.789936 2.6823278 51.5732113964 88.8130743087 2.63064450395 3.4416453562 -2.9612347351 0
477 2.68687295914 52.997249 90.667048 2.6986067 49.1559594265 89.9008570503 2.69753290917 3.91695725773 -0.0615236825754 0
480 2.69350719452 51.122563 91.609157 2.7018871 47.754953169 90.4776255159 2.69347128291 3.55262712278 -0.482190800316 0
483 2.7013168335 49.137432 92.566213 2.7007601 47.3989889398 91.010884895 2.69178856975 2.33264437661 -0.514030818871 0
486 2.72327399254 47.308569 93.452781 2.7003868 44.3624240458 92.7114262568 2.7008957685 3.03798896422 0.0291617471336 0
489 2.71452713013 45.360782 94.336008 2.7008969 42.0534287017 94.2200996576 2.72350282905 3.30938371654 1.29522432648 0
492 2.68149805069 43.468079 95.251019 2.7064338 40.8982715401 93.6218429839 2.72062526099 3.04271669276 0.813110819635 0
495 2.71295189857 41.590918 96.131677 2.7064065 38.4005964588 94.825641626 2.70856555245 3.44730038349 0.123704593069 0
498 2.69948911667 39.606214 97.06058 2.704478 35.532785865 95.7032290757 2.7158264004 4.29362530996 0.650215447092 0
501 2.71923899651 37.718719 97.944153 2.696243 33.9717982876 96.2151792927 2.73856124929 4.12659240847 2.4246570807 0
504 2.69541692734 35.769603 98.891663 2.7044976 32.958449157 96.8860260167 2.74999574821 3.45328331264 2.60685186789 0
507 2.67669296265 33.862509 99.822852 2.7013631 29.929474436 98.4139776343 2.76620115561 4.17776110609 3.71494693854 0
510 2.69732189178 31.979521 100.73965 2.7066945 28.2970315271 98.6000038736 2.77620380619 4.25896868547 3.9825898813 0
513 2.71311116219 30.015598 101.64307 2.7044148 26.5993280721 100.713346945 2.73746276062 3.54052046733 1.89350866525 0
516 2.69287419319 28.083667 102.5122 2.7038251 26.1528259455 101.841379952 2.70759571853 2.04405154409 0.216040527663 0
519 2.69016885757 26.231599 103.44351 2.6987262 23.659009175 102.20201067 2.72916805658 2.85649067796 1.74418990241 0
522 2.71632194519 24.326425 104.3449 2.7056645 21.9472381295 102.993503383 2.7279389102 2.73620229157 1.27622969551 0
525 2.72133302689 23.072168 104.95788 2.6888385 20.3817618058 103.955623864 2.68399516367 2.87102818714 -0.277502730231 0
528 2.70470094681 23.059574 104.94595 2.6093304 19.5851078488 103.299409769 2.62698162367 3.84486797807 1.01134061933 0
531 2.70204210281 23.148655 105.02795 2.4881616 18.4605926468 104.454208951 2.47832516196 4.72304006114 -0.563586385275 0
534 2.67954611778 23.15609 104.97342 2.3614352 18.622875915 104.698200456 2.36680921536 4.54156093622 0.307908399379 0
537 2.67157912254 23.189116 104.80794 2.2179164 19.203078962 105.044075742 2.22703508049 3.99302533887 0.522461906973 0
540 2.70669198036 23.170444 104.45908 2.0515088 18.9593857055 104.453733028 2.10165299114 4.21106168916 2.87305051934 0
543 2.69948887825 23.203193 104.36781 1.9241471 18.8374576383 105.174699332 1.91087703317 4.43967517313 -0.760318823087 0
546 2.70945715904 23.268475 104.40083 1.8086424 19.6458402744 106.722193135 1.81417938886 4.30258168533 0.317246093026 0
549 2.71233415604 23.269141 104.3114 1.6661585 19.1928267805 104.713728812 1.69661020818 4.09612085867 1.7447543577 0
552 2.6805331707 23.273746 104.22596 1.531085 19.8410078254 104.778472569 1.57370002901 3.47691839342 2.44166130609 0
555 2.66026902199 23.201513 103.9692 1.3630267 19.1989345214 106.061646355 1.37663523581 4.51652147432 0.779711667429 0
558 2.69099402428 23.573375 105.47089 1.3112874 19.4107102973 105.527110819 1.29705881929 4.16304434371 -0.815237623184 0
561 2.67637205124 24.091257 107.45193 1.3021436 18.2858484542 106.904293782 1.28917400441 5.83118116773 -0.743103089228 0
564 2.70957612991 24.69734 109.54228 1.2971878 20.4803237411 108.698520922 1.2797430557 4.3005994361 -0.999510223051 0
567 2.70393204689 25.24514 111.62222 1.291934 21.2492656425 111.196535238 1.3043886335 4.01848471409 0.713597935159 0
570 2.68527507782 25.838263 113.71051 1.2925571 21.3494733532 113.93727583 1.28320034594 4.49451390424 -0.536102517746 0
573 2.69432377815 26.485855 115.66064 1.2984976 22.8252601665 116.32315358 1.35980273109 3.72006435137 3.51252527403 0
576 2.66899013519 26.666562 116.70228 1.2516028 22.6435936331 117.110939841 1.26253223729 4.04367127085 0.626210629058 0
579 2.68939900398 26.671044 116.66524 1.1445574 22.556944217 116.770952553 1.13435367117 4.11545771068 -0.584630597299 0
582 2.69031882286 26.68282 116.71548 1.0360889 22.6394926655 115.825006332 1.01513242151 4.14022213018 -1.20071777107 0
585 2.70879387856 26.598988 116.54426 0.86252405 23.2587788763 114.929842546 0.914271144306 3.70989766802 2.9648901058 0
588 2.69300794601 26.490987 116.49462 0.72378221 22.795326752 115.631337062 0.75866182074 3.79514981259 1.99845448645 0
591 2.70363616943 26.414554 116.44154 0.58967497 21.534059538 116.307265089 0.616676327033 4.8823412361 1.54706379914 0
594 2.69464898109 26.30131 116.37003 0.43724496 21.1104562539 115.937619945 0.506017189551 5.20883298534 3.94035850097 0
597 2.71630597115 26.176025 116.35464 0.31453037 22.7991944867 116.964565467 0.354945747268 3.43147102434 2.31563054488 0
600 2.69434094429 26.088883 116.46581 0.14702743 21.3462776992 115.667711601 0.228022496283 4.80928956219 4.64067545941 0
603 2.68984389305 25.977812 116.45377 0.019989929 20.4516544809 115.813486299 0.0627687519157 5.56312683162 2.45104600561 0
606 2.71206188202 25.890585 116.45549 -0.11586106 23.3187329752 116.980800748 0.00500944805216 2.62495223179 6.92536997899 0
609 2.68526506424 27.617035 116.21759 -0.13548047 24.2783844619 115.719411484 -0.0530031092298 3.37561390706 4.72560467751 0
612 2.6882750988 29.732468 115.90829 -0.14344069 26.3343976803 114.948769031 -0.0796963396608 3.53094355485 3.65228224224 0
615 2.71279597282 31.744289 115.6014 -0.14068963 27.0755843291 115.113309788 -0.16186477658 4.69414905597 -1.21324652963 0
618 2.6897649765 33.87565 115.27561 -0.13567301 29.2853936846 114.873935328 -0.0762537582203 4.60779725937 3.4044723488 0
621 2.73686099052 35.936054 114.9269 -0.14240112 33.1076064718 114.178954306 -0.0816349762069 2.92566884336 3.48164357663 0
624 2.6742708683 38.113735 114.67885 -0.14674677 34.6615777405 114.326297784 -0.110438128213 3.47011279487 2.08033193426 0
627 2.69870710373 40.163768 114.30534 -0.14012204 36.594048865 114.670190296 -0.0888651986821 3.58831582242 2.93680067869 0
630 2.6794860363 42.346763 113.98058 -0.16006212 38.6366209997 114.467426992 -0.0850962107075 3.74194784259 4.29523020982 0
633 2.69654297829 44.341947 113.67079 -0.15507802 40.9305453336 113.920209822 -0.0938377098872 3.42050750292 3.50881130553 0
636 2.69826984406 46.544067 113.30502 -0.15009707 43.2205502613 113.990258396 -0.043958456778 3.39342233922 6.08129458099 0
639 2.69754600525 48.557097 112.97025 -0.14631805 45.1426052634 114.626406668 -0.100107262154 3.79494515495 2.64768311155 0
642 2.71949195862 50.586062 112.64729 -0.14866611 47.6975085083 114.198696108 -0.102762884324 3.27881109327 2.63006109728 0
645 2.71193599701 52.747394 112.3225 -0.14488479 49.6443069113 114.62872637 -0.052148257211 3.86624230361 5.31341193548 0
648 2.71062302589 54.919709 111.95097 -0.14565598 51.3898455462 113.800786723 -0.0374471369977 3.98519233034 6.19991001003 0
651 2.68482398987 56.9199 111.70562 -0.14317608 53.879926286 113.90426648 -0.046901310337 3.75173113695 5.51613797528 0
654 2.70659899712 58.963864 111.32719 -0.14485493 56.3888176452 113.535526011 -0.0421258634536 3.39228708502 5.88594194643 0
657 2.67930006981 61.070196 111.0267 -0.15209978 57.5565926765 112.097754386 -0.128782108349 3.67322281013 1.33600417365 0
660 2.70419812202 63.25691 110.67843 -0.1447313 59.7108028664 112.000696415 -0.106648529435 3.78460886697 2.18198202552 0
663 2.67331314087 65.338645 110.4192 -0.14848438 62.2917035556 111.405841304 -0.116314944711 3.20270404934 1.84317287138 0
666 2.73076486588 67.412523 110.08404 -0.1445869 63.1437648913 112.555794073 -0.128780295513 4.93273392656 0.905651725517 0
669 2.70100998878 69.507235 109.73429 -0.15139682 66.0618503276 111.605191817 -0.0921320187785 3.92058020572 3.39562298367 0
672 2.67445397377 71.647859 109.39116 -0.14906575 67.8597871069 110.937963682 -0.0779836837872 4.09170994791 4.07270239306 0
675 2.69712305069 73.702975 109.06139 -0.1559357 69.1971552935 110.949125166 -0.0704110321906 4.88527944772 4.90020250974 0
678 2.72497200966 75.754203 108.72815 -0.15045699 72.640030196 110.557457111 -0.158143772086 3.61170828807 -0.440420171556 0
681 2.70393800735 77.860742 108.43703 -0.15243836 74.0494857001 109.709781987 -0.151953599732 4.01815532371 0.0277747174337 0
684 2.70459008217 79.97813 108.08555 -0.15170568 74.9214385397 108.844540201 -0.1588211536 5.11333498303 -0.40768660654 0
687 2.66837000847 82.120618 107.73965 -0.14888428 78.6422186509 108.27293504 -0.162040878783 3.51904176814 -0.753817583037 0
690 2.70405006409 84.192494 107.42985 -0.14593359 80.8571483758 108.750884718 -0.16304154466 3.58743127598 -0.980213598129 0
693 2.7113571167 86.28045 107.15458 -0.15823172 82.3212998142 107.448411091 -0.135916310072 3.9700386527 1.278578807 0
696 2.6839389801 88.385341 106.75858 -0.15035877 84.443125023 108.356534451 -0.0998273316204 4.2537660063 2.89523815188 0
699 2.69974803925 90.512184 106.42958 -0.15443508 87.1355901647 108.963221388 -0.0958472974952 4.22146000935 3.35683266855 0
702 2.73128199577 92.541412 106.11165 -0.15857271 88.653041921 108.671447376 -0.0610211215925 4.65531787047 5.58929430055 0
705 2.75221300125 94.624435 105.7799 -0.14991569 90.3793353089 108.738661065 -0.0863372622163 5.17446986923 3.64277558009 0
708 2.74187397957 96.812614 105.41142 -0.16008539 94.0522751343 107.405539559 -0.127003045112 3.40528757526 1.8954787385 0
711 2.70984911919 98.833392 105.05687 -0.15857643 94.9843054484 106.969125735 -0.169350420284 4.29792848659 -0.617304171765 0
714 2.70854783058 100.9283 104.72764 -0.15390186 95.900642268 107.006512644 -0.148045789144 5.52001836915 0.335528144554 0
717 2.72150707245 103.02648 104.38009 -0.15580909 99.2583424358 106.419195372 -0.141719623274 4.28448496571 0.807266978992 0
720 2.68190813065 103.56436 104.3046 -0.21764658 99.1686307082 105.881195176 -0.178592433664 4.66991309927 2.23763775756 0
723 2.69933509827 103.46604 104.39779 -0.32798619 99.2307196253 106.418195243 -0.33895949257 4.6925447277 -0.628723924573 0
726 2.71687483788 103.43166 104.43448 -0.46455789 98.2936532394 105.966260378 -0.470161579731 5.3614797024 -0.321067771304 0
729 2.71009707451 103.35806 104.51276 -0.60050128 98.4689517362 106.435351029 -0.592024622994 5.25354507755 0.485676670848 0
732 2.68438482285 103.30537 104.5712 -0.75278089 101.650947519 106.593038452 -0.66530608815 2.61245946843 5.01193695972 0
735 2.76812195778 103.24477 104.73622 -0.88717849 98.1162676976 106.327603067 -0.86890962593 5.36973332048 1.0467288077 0
738 2.74521493912 103.11543 104.83266 -1.0218313 100.176845136 106.87106308 -1.00580150345 3.5763624146 0.918439689006 0
741 2.72480487823 103.3336 104.43355 -1.1359167 99.2272312174 106.780521735 -1.11622173521 4.7297506176 1.12843836004 0
744 2.73309397697 104.18264 102.5184 -1.1499809 101.364056738 103.929805854 -1.08207865921 3.15221796379 3.89051181654 0
747 2.67535996437 105.02068 100.61649 -1.1544373 102.841176369 102.488482607 -1.03831907427 2.87308064603 6.65308425885 0
750 2.71631503105 105.97315 98.645528 -1.1675657 104.079442734 101.621227954 -1.05896541922 3.52716847128 6.22233774254 0
753 2.67889285088 106.66644 96.709247 -1.154133 103.928464338 99.1261099989 -1.05742033045 3.6520867294 5.54122779091 0
756 2.71535301208 107.65453 94.805864 -1.1707179 105.474418228 97.1349939868 -1.12692482016 3.19025607654 2.50915864648 0
759 2.72556400299 108.36584 92.821603 -1.1639211 106.873786212 95.212808342 -1.08862773698 2.8185257663 4.31399192633 0
762 2.7183470726 109.18739 90.932737 -1.1605274 107.065843623 93.1204300675 -1.12613956096 3.0474513922 1.97027804371 0
765 2.71544384956 110.00551 88.971931 -1.1631703 108.580765548 90.3706107728 -1.14222253487 1.99654748498 1.20021853231 0
768 2.73615694046 110.83946 87.051439 -1.1600004 109.267427458 88.0402999109 -1.09300553845 1.85718394721 3.83852281565 0
771 2.70581197739 111.68317 85.129972 -1.1502451 110.818303059 86.4610827367 -1.1142031127 1.58740373515 2.06505375741 0
774 2.7144408226 112.49307 83.177328 -1.1488654 111.492410545 86.2342389479 -1.07196542157 3.21652357173 4.40604420886 0
777 2.69490408897 113.40329 81.226755 -1.149046 111.914613526 83.5319714444 -1.10832266381 2.74411743535 2.33327529149 0
780 2.69468688965 114.20236 79.347389 -1.1522317 111.820389583 82.7377034009 -1.16501193275 4.14343031849 -0.732253397658 0
783 2.74744796753 115.10134 77.33273 -1.146946 112.951457493 80.34567723 -1.10593392502 3.70133027503 2.34981880543 0
786 2.72748494148 115.87569 75.433999 -1.1405871 114.592788319 78.6974697304 -1.12867598847 3.50657638328 0.682456419882 0
789 2.71554803848 116.74641 73.521868 -1.1514597 114.24003 75.5770559173 -1.13763700974 3.24125563315 0.791981813513 0
792 2.71417307854 117.66191 71.592443 -1.1472421 116.288082281 75.1719433596 -1.17823445626 3.83408730019 -1.77573121078 0
795 2.70276904106 118.47567 69.543126 -1.1411103 116.194765364 71.5432122551 -1.14156786953 3.03362340914 -0.0262168028828 0
798 2.7000310421 119.32773 67.660396 -1.1493947 116.816581787 70.4303628333 -1.13472174981 3.7387941381 0.840698118613 0
801 2.71278500557 120.23613 65.736718 -1.1477983 118.808292021 67.127398911 -1.12609798662 1.99316700004 1.24333637102 0
804 2.72293519974 121.05504 63.851108 -1.1435448 120.41210137 66.1956569837 -1.14075328011 2.43110674774 0.159942307916 0
807 2.70962810516 121.9387 61.889647 -1.1416966 120.334266168 64.1353797293 -1.14362830152 2.75998612525 -0.110678344115 0
810 2.69452095032 122.75206 59.947854 -1.134592 121.342178708 61.9310944202 -1.13227091209 2.43331210938 0.132988540853 0
813 2.7095990181 123.61313 58.017737 -1.1345099 123.049062725 61.5442848584 -1.10795323043 3.57137392157 1.52158508422 0
816 2.68534016609 124.50226 56.14403 -1.1250591 122.656282413 60.0059156603 -1.12342820863 4.28039648903 0.0934431921468 0
819 2.67785787582 125.37031 54.195354 -1.1346431 123.435849496 58.4227056947 -1.11986746791 4.64893964164 0.846581358396 0
822 2.73545098305 126.19009 52.293812 -1.120627 124.462465314 55.330566792 -1.08619273196 3.49378973654 1.97293822917 0
825 2.7286131382 127.09539 50.434417 -1.1252352 126.034774971 54.2489439724 -1.11920177283 3.95923228194 0.345689912826 0
828 2.81720423698 127.94916 48.435924 -1.125081 126.193109516 51.2475164461 -1.10713876377 3.31493067584 1.02801441105 0
831 2.71367692947 128.83417 46.49897 -1.1135569 127.855637026 50.6317438005 -1.14714159829 4.24703968266 -1.92426146812 0
834 2.79086208344 129.69028 44.561049 -1.1141866 128.263650874 47.8029612285 -1.14749712937 3.54192963813 -1.90855274631 0
837 2.7834239006 130.6504 42.689185 -1.1179531 128.572411177 45.2161609665 -1.10895713925 3.27164256687 0.515430583452 0
840 2.78685092926 131.56218 40.752166 -1.1133477 130.930287423 42.5349566068 -1.16055042392 1.89146254974 -2.70451686186 0
843 2.69989299774 131.80181 39.159633 -1.0655485 131.642478772 42.5536565271 -1.12880370393 3.39776134283 -3.62425621723 0
846 2.68854498863 89.526265 39.287264 -0.26055386 132.507340114 40.9866100785 -1.07966203158 43.0146555848 -46.9314411961 0
849 2.7073059082 49.129117 22.860079 0.57174269 134.131286016 40.3947358164 -1.06200286694 86.7918943628 -93.606725211 0
852 2.68629789352 45.693587 19.436118 1.0035584 132.566205893 39.6978304435 -1.02425991287 89.2041977961 -116.185430947 0
855 2.70645904541 46.841947 21.209275 1.0214136 133.8108586 40.2060557748 -1.11520469202 89.0194881172 -122.419210563 0
858 2.69955396652 48.00008 22.972907 1.0079248 134.15454042 39.8580784311 -1.03735138642 87.7935081003 -117.185693421 0
861 2.72021794319 49.170996 24.731115 1.014741 36.012322886 94.9534658552 1.69178157039 71.4445885827 38.7915672425 0
864 2.69697093964 50.349541 26.532036 1.0144485 92.5975437677 127.242666734 1.2417224815 109.213208362 13.0218399333 0
867 2.7029299736 51.518278 28.351001 1.0069992 37.4553472626 81.0750561568 -1.22285871375 54.5673163451 -127.761447372 0
870 2.71329402924 52.642563 30.101924 1.0170679 71.1257703105 137.041661464 2.81920646006 108.52528001 103.254933589 0
873 2.69875001907 53.80357 31.912095 1.0183648 46.1469318369 104.799815209 0.531052397701 73.2887703901 -27.9209439561 0
876 2.69413805008 54.946688 33.671099 1.0064723 49.1378558386 106.411241932 0.573377120877 72.9717131831 -24.8145258912 0
879 2.68798589706 56.161659 35.476636 1.0152563 51.6575191573 103.401831368 0.333789824403 68.0743669935 -39.0451529314 0
882 2.69772291183 57.333476 37.252395 1.017552 107.521103337 99.6713769004 0.808762839956 80.0932409083 -11.9627376786 0
885 2.69940400124 58.434052 39.044555 1.0099164 62.8178363288 98.8014834391 0.0325579430661 59.9175104749 -55.9985146537 0
888 2.70058488846 59.558673 40.733157 1.0155176 90.200829562 68.0619859565 2.4732177637 41.0585758509 83.5200671757 0
891 2.71267008781 60.829575 42.673596 1.0256616 47.8027052539 97.7879588601 -2.7465827641 56.6329615053 143.866318645 0
894 2.69976186752 61.938983 44.298725 1.0235902 107.711846614 58.4156640063 -0.72351144042 47.9003445747 -100.101550376 0
897 2.70974898338 63.08776 46.123861 1.0214801 22.8290561563 58.3198139918 1.50495340114 42.0654787748 27.7009796624 0
900 2.7111389637 64.233274 47.872937 1.026201 79.3884464265 71.5287994432 2.51766654648 28.0941111127 85.4546811027 0
903 2.70922398567 65.367062 49.701179 1.0288308 118.510875477 45.4055875656 1.40071300388 53.3171362387 21.3072807582 0
906 2.6946978569 66.47055 51.411163 1.0247772 113.063046414 39.5494086674 2.25213414062 48.0787056604 70.3223726535 0
909 2.7101829052 67.601685 53.206336 1.0345375 75.9813272725 100.785965998 0.1979929806 48.3118991073 -47.9304703364 0
912 2.71754693985 68.713633 54.989386 1.0321621 63.3294549742 58.3553923267 0.54211896156 6.34975366492 -28.0774036119 0
915 2.70745301247 69.889939 56.860516 1.0335194 27.7746254308 15.9474947841 -0.90533184157 58.7160535292 -111.087993246 0
918 2.72005391121 70.97178 58.665246 1.0279054 67.1857691582 59.7560171227 1.03146860786 3.94000758079 0.204156772027 0
921 2.6728618145 72.083269 60.388926 1.0348295 68.6983854904 62.3488720563 0.957400473996 3.91137123233 -4.43635640184 0
924 2.70068502426 73.21006 62.180545 1.0389104 69.1102713375 64.1890805606 0.964423942772 4.56535674135 -4.26775963003 0
927 2.75497198105 74.211219 63.966291 1.0279221 70.5749428969 67.2684508012 1.00816009906 4.91190016702 -1.13227924838 0
930 2.69569301605 75.394113 65.876292 1.0355825 72.1245053394 65.4071729082 1.0748234165 3.30309051901 2.24833889955 0
933 2.70879101753 76.475569 67.55587 1.0353462 73.6215085281 67.2349673219 1.04719567221 2.87204451675 0.678924746837 0
936 2.72029399872 77.652303 69.425792 1.0395167 76.2705156977 69.8448735028 1.12499103357 1.44394094576 4.89731857042 0
939 2.7034060955 78.72098 71.209083 1.0347632 75.8529455836 72.4846656687 0.99698055216 3.13890626784 -2.16478626008 0
942 2.70774698257 79.923618 73.070281 1.0406815 77.5191656706 74.0753212623 1.05777896114 2.60605006343 0.979612363464 0
945 2.68495512009 80.886825 74.813727 1.0240856 78.3200792513 77.0737953073 1.01189719578 3.41995504241 -0.698344120697 0
948 2.69147109985 82.003807 76.66259 1.0354781 78.5233597495 77.0732523208 1.00585663856 3.50459078994 -1.69718472364 0
951 2.71362709999 83.149971 78.458347 1.0359732 82.4655358813 80.0947091508 0.967388835788 1.77373406132 -3.92959460992 0
954 2.7657251358 84.209192 80.07724 1.046865 81.479611002 80.5108209833 1.03194123387 2.76380261484 -0.855068813956 0
957 2.70098280907 84.421821 80.346791 1.1291589 81.5650195229 80.4963550197 1.1066386303 2.86071391013 -1.29031640713 0
960 2.71048283577 84.549549 80.462185 1.2384433 82.2155810757 79.4798285957 1.17439205313 2.53227770535 -3.66986611807 0
963 2.70906305313 84.477315 80.645515 1.377415 82.2830980643 80.637400822 1.31690082587 2.1942319387 -3.46720677827 0
966 2.80998706818 84.491575 80.745704 1.5042297 82.6738520258 79.5350860741 1.51504888954 2.183967164 0.61989389864 0
969 3.13207602501 84.58151 81.604236 1.6242617 81.5196968005 79.6192843412 1.60452227066 3.6489358937 -1.13098599135 0
972 3.05634713173 84.52138 83.606555 1.6450761 81.9960468264 83.3564601141 1.66485959527 2.53768695661 1.13351078309 0
975 2.87927603722 84.450105 85.633891 1.6510189 80.2971543266 86.5349403824 1.59317964177 4.24957518878 -3.31394538673 0
978 3.03615498543 84.288283 87.799076 1.6553182 80.3066563135 86.7961838543 1.63631501681 4.10598876356 -1.08880219383 0
981 2.85006380081 84.219899 89.940013 1.6574582 81.3490099528 90.5136921186 1.61083815344 2.92764609411 -2.6711319084 0
984 2.78023004532 84.085061 91.960688 1.6559816 80.267005575 92.917585248 1.58372674001 3.93614018694 -4.13989852659 0
987 2.72135400772 83.972707 94.061302 1.6546883 80.552848917 94.8290706191 1.65296059232 3.50498187728 -0.0989903584751 0
990 2.96683478355 83.850194 96.236204 1.650278 79.2170458359 95.6427373637 1.68377769408 4.67100252186 1.91939108597 0
993 3.22952008247 83.742141 98.372522 1.653672 79.2268809806 98.7269365025 1.66528346759 4.52914811885 0.665288086601 0
996 3.04447793961 83.558608 100.37046 1.6603574 80.6185222682 101.19351709 1.64675850168 3.05311760062 -0.779159479815 0
999 2.83500909805 83.448658 102.54165 1.6520527 79.7890361878 102.51605443 1.64333628882 3.65971131946 -0.499413573076 0
1002 2.78636693954 83.308795 104.69204 1.6576029 79.8543926653 104.747005126 1.64520381475 3.45483959905 -0.710415254528 0
1005 2.80546188354 83.194681 106.76107 1.661421 78.449073549 108.218620141 1.62683090244 4.96439749533 -1.98186660326 0
1008 2.9656431675 83.066158 108.84686 1.6653468 78.8463465919 109.731732252 1.67730068756 4.31158987182 0.684907305743 0
1011 3.02639102936 82.920912 111.09751 1.6564676 78.4764391131 111.58578125 1.68193682073 4.47121326444 1.45927885533 0
1014 2.96810483932 82.798446 113.12029 1.6519674 78.7823646075 113.965975519 1.65066558049 4.10415566804 -0.0745887634991 0
1017 2.82306599617 82.725101 115.25424 1.6521864 78.4370045868 116.533406223 1.63510645896 4.47482257478 -0.978608535986 0
1020 2.73255491257 82.605874 115.888 1.7134215 78.9098805509 117.533083989 1.7062283375 4.04557398958 -0.412137852617 0
1023 2.76375079155 82.650086 115.98425 1.8265292 78.7735000983 117.114638247 1.80939856897 4.03803118396 -0.981512858503 0
1026 2.87022089958 82.697137 116.16336 1.9516157 78.7562513363 117.09783145 1.9535739229 4.05016255302 0.112197907541 0
1029 2.85643100739 82.611261 116.28116 2.0730733 78.6041321158 116.771802632 2.07546723716 4.03705487782 0.13716249548 0
1032 2.70609712601 82.517518 116.45008 2.1971216 78.5266995609 116.664767193 2.2205070731 3.9965888461 1.33988891047 0
1035 2.97734189034 82.418538 116.4581 2.3123831 78.4799433213 116.179913396 2.38732509647 3.94840674577 4.29386010575 0
1038 2.89539408684 82.414024 116.83182 2.4679277 78.1227728813 115.937028742 2.57363322453 4.38354737154 6.05648042697 0
1041 2.79204416275 82.282962 116.94587 2.5874118 79.2813089509 114.383447204 2.67643810369 3.94663547985 5.1008314673 0
1044 2.86506295204 82.208722 116.96752 2.707272 78.4849154202 116.791983328 2.78829884409 3.72794159922 4.64249619371 0
1047 2.99282693863 82.043289 117.20312 2.8493508 78.1930302216 117.17732611 2.85831721554 3.85034517745 0.513737768079 0
1050 2.80250501633 81.832352 117.28824 2.9891727 77.6781842728 116.81513526 3.04784772163 4.18102111942 3.36183110228 0
1053 2.7236430645 81.142386 117.29523 3.0875315 77.3451696334 116.2904439 3.12315028956 3.92790621608 2.04080631299 0
1056 2.95574498177 79.131234 117.37152 3.1037602 74.9387717657 115.603680413 -3.09373647489 4.54994465793 4.90959698262 0
1059 2.98772215843 77.094643 117.50841 3.1079346 74.0261530648 116.218909053 -3.12379013797 3.32842953568 2.94847342687 0
1062 2.87445783615 74.899205 117.59033 3.115912 71.2601396612 117.221168653 -3.09789356857 3.65774201392 3.97516620626 0
1065 2.96253991127 72.824078 117.69503 3.116944 69.7011522624 116.460931677 -3.09474864259 3.35792552511 4.09622794696 0
1068 2.92320895195 70.711208 117.83017 3.1174699 67.8411484479 116.611732761 3.10782185413 3.11798510852 -0.55279230904 0
1071 2.75947189331 68.550781 117.88294 3.1169773 65.5724282208 117.256172604 3.13018012999 3.04358713461 0.756466436021 0
1074 2.71562695503 66.454241 117.99143 3.11617 64.038176679 116.167346187 3.08080080986 3.02731705659 -2.02650531996 0
1077 2.71871995926 64.352032 118.06903 3.1139299 61.941246865 117.132900941 3.09279975896 2.58615981369 -1.21066790223 0
1080 3.53176689148 62.204954 118.16997 3.1178991 59.7321433114 117.668866387 3.09976659745 2.52307303356 -1.03891586793 0
1083 3.10026717186 60.134729 118.2293 3.1166836 57.0370047603 117.405754269 3.1086850933 3.20532729007 -0.458280676235 0
1086 2.90413403511 58.034017 118.36643 3.1239361 55.0350932842 117.521994186 3.1310050404 3.11554414154 0.405020450718 0
1089 2.95736098289 55.858025 118.47896 3.1251128 52.2703399736 116.525992856 3.12484549768 4.08479675306 -0.0153152947506 0
1092 2.88832092285 53.766425 118.55 3.1243401 50.7206375093 116.419291892 3.13209627009 3.71708736501 0.444395811444 0
1095 2.9462120533 51.628528 118.603 3.1187628 47.5704863633 117.186344083 3.12362427103 4.29821078048 0.278541771966 0
1098 2.87519788742 49.494235 118.64783 3.1200968 46.814755228 117.385871816 3.12851866979 2.96178161007 0.482537594502 0
1101 3.13604211807 47.379245 118.80828 3.1260538 45.4889061981 117.423455938 -3.1327893634 2.34331356584 1.39470210295 0
1104 2.87082409859 45.313934 118.87713 3.1250737 44.4352658011 117.032964175 3.11929364808 2.0427935273 -0.331172580351 0
1107 2.96183681488 43.229975 118.9845 3.131291 42.2570175851 117.227763451 3.14028389514 2.00817564833 0.515254936995 0
1110 2.90419912338 41.038059 119.03542 3.1300111 39.2015711696 116.644385885 -3.11291182006 3.01491818981 2.30686485499 0
1113 2.90072822571 38.877743 119.09254 3.1262084 35.9932535806 118.217958219 3.08852574098 3.01416198998 -2.15905732242 0
1116 2.86573576927 36.866989 119.17866 3.1252668 33.500721174 118.856679546 3.08750059864 3.38163133549 -2.16384394609 0
1119 2.87654089928 34.67231 119.25843 3.1314701 32.5223010804 119.439756181 3.05090209401 2.15764166127 -4.61620670674 0
1122 2.92310905457 32.567479 119.34722 3.1353596 31.4978662386 120.21059757 3.0461614922 1.37458804272 -5.11067511771 0
1125 2.88763785362 30.502201 119.36971 3.1349527 26.8465294367 117.934236965 3.13846507002 3.9274059394 0.201243978506 0
1128 2.92063522339 29.15421 119.31018 -3.13185 25.8935517884 117.758100947 -3.11630885348 3.61121051155 0.890442104351 0
1131 3.23136615753 28.938717 119.39146 -3.028318 26.811443406 117.518086428 -3.04259164226 2.8345760678 -0.817819459625 0
1134 3.01135492325 28.80706 119.32785 -2.9089456 26.389989591 117.203638237 -2.88512720328 3.21784166407 1.36469360667 0
1137 3.03281617165 28.607415 119.34948 -2.7753086 27.3760938996 116.691612105 -2.81131093687 2.92923426853 -2.06278195538 0
1140 3.03057789803 28.309413 119.3977 -2.6319404 26.0162772258 117.042848115 -2.66996512609 3.28691330578 -2.17865632233 0
1143 2.91961288452 28.176965 119.31562 -2.5155106 26.3825721418 117.810232982 -2.50266362437 2.34222881131 0.736077483172 0
1146 2.99677610397 28.13257 119.1422 -2.3876282 26.3203318684 117.804566037 -2.37820044862 2.25243682819 0.540170364162 0
1149 2.88762402534 28.071656 119.10664 -2.2643471 25.4029915405 116.63372368 -2.26921944939 3.63828051726 -0.279165056469 0
1152 2.7598490715 27.847582 119.05477 -2.1225081 24.1210825163 119.755196092 -2.08536471158 3.79175356696 2.12815939355 0
1155 3.09015321732 27.651134 118.95518 -2.0012288 23.9487833026 119.954229578 -1.96579671436 3.83477518847 2.03010896675 0
1158 2.86977100372 27.585975 118.8068 -1.8653126 24.664151915 119.02443413 -1.87183498201 2.92991719243 -0.373704961513 0
1161 2.75423598289 27.545652 118.66047 -1.7395281 43.8086948072 140.572811124 -2.33896438207 27.2880423426 -34.3451690496 0
1164 2.76161789894 27.426878 118.54472 -1.6078392 26.3751639288 117.821298474 -1.81455830306 1.27649566877 -11.8441321499 0
1167 2.75780200958 27.408113 118.27266 -1.4907581 43.3293031366 138.073934116 -1.97384170291 25.4081630975 -27.6786515985 0
1170 2.75545501709 27.619078 117.43976 -1.368489 41.8022410192 142.389671126 -1.46552931454 28.6994804557 -5.56000046566 0
1173 2.85856986046 28.00462 115.50954 -1.3464267 43.3419619954 141.078480721 -1.70141637037 29.8161833415 -20.3394098828 0
1176 2.87325191498 28.352772 113.43776 -1.3439724 40.6966634794 135.84626704 -1.81217111055 25.5834486456 -26.825810088 0
1179 2.79970407486 28.777386 111.37552 -1.3470791 40.2217808944 135.048532389 -2.54567308229 26.2942140035 -68.6743765348 0
1182 2.82743811607 29.292879 109.18718 -1.3487141 38.7200801599 133.265577707 -2.08922331833 25.8581004296 -42.4280529009 0
1185 2.75941109657 29.664866 107.14961 -1.3582731 25.4021507264 108.80923867 -1.41928626366 4.57439709971 -3.49579677224 0
1188 2.81171011925 30.155372 105.1583 -1.3627181 27.1088920719 104.798400778 -1.33937609531 3.06766481256 1.33739835395 0
1191 2.78400707245 30.584999 103.08809 -1.3538609 25.6195515365 101.956764111 -1.39406092701 5.09269739732 -2.30329188397 0
1194 2.71364593506 30.932942 101.04272 -1.3388863 29.0484496383 101.576179333 -1.38330224492 1.95854290759 -2.54484618708 0
1197 2.73287701607 31.46397 98.886394 -1.3633561 28.4974983748 98.1958555198 -1.38390399262 3.04578352744 -1.17730752487 0
1200 2.75624704361 31.761459 96.890841 -1.3338862 29.7621559139 97.3733945572 -1.25484697943 2.05671358373 4.52861375487 0
1203 2.74304389954 32.148779 94.808879 -1.340085 30.8584435557 95.2243438214 -1.33549959144 1.35557241658 0.262724557751 0
1206 2.77775192261 32.63242 92.742465 -1.3409888 30.7426957535 92.2365112983 -1.28560439147 1.95628394569 3.17329285982 0
1209 2.79300403595 33.223163 90.635151 -1.3443959 31.0622724719 90.6662882817 -1.30748500397 2.16111485228 2.11483856029 0
1212 2.74244499207 33.480467 88.544154 -1.3400822 30.2391396995 89.0267018809 -1.29859290509 3.2770497595 2.37716149349 0
1215 2.7038230896 33.996344 86.523674 -1.3537744 32.2010464763 86.465970523 -1.33607957682 1.7962246212 1.01383868745 0
1218 2.73353099823 34.391099 84.502242 -1.3500462 33.251601009 84.0716367743 -1.32537580342 1.2181447089 1.41350960298 0
1221 2.7386071682 34.871654 82.311763 -1.3462417 34.8465055746 83.1598485401 -1.27398260327 0.848458323412 4.1401412738 0
1224 2.73304009438 35.319079 80.358924 -1.358939 36.5180007174 80.350931589 -1.26194303277 1.19894835713 5.55745955182 0
1227 2.70495605469 35.776446 78.250756 -1.3606991 35.0625023711 77.630760889 -1.33683744395 0.945573605194 1.36717218411 0
1230 2.71676301956 36.167733 76.160289 -1.3496683 34.388181683 76.5397959466 -1.35229293485 1.8195681939 -0.150380499558 0
1233 2.73429107666 36.593873 74.026216 -1.3452321 34.6880559719 74.3430987883 -1.34780197135 1.93198168886 -0.147242782253 0
1236 2.72082090378 37.096668 72.068535 -1.358637 34.4823425212 72.4038083154 -1.40373477561 2.63573631172 -2.58391220797 0
1239 2.72668790817 37.456761 70.030489 -1.3570922 35.5493727499 69.1809560103 -1.38814367975 2.08802208737 -1.77911873711 0
1242 3.15131187439 37.942935 67.912468 -1.3598503 35.9286381754 67.9245952877 -1.39154739824 2.01433333106 -1.81610995198 0
1245 3.31273913383 38.381728 65.750541 -1.3597279 37.3922776058 65.265973212 -1.38072953192 1.1017340985 -1.20330487173 0
1248 2.7397210598 38.78715 63.709446 -1.3638712 38.1552387032 62.6805080454 -1.39574039649 1.20748714342 -1.82597045537 0
1251 2.73371195793 39.284372 61.704874 -1.358189 37.9398727384 61.9087216947 -1.36027447449 1.3598647532 -0.119488886748 0
1254 2.76019501686 39.616785 59.610797 -1.3616912 39.2375851092 59.4026283874 -1.38331651222 0.432581470324 -1.23903912096 0
1257 2.72281622887 40.0981 57.483375 -1.3627524 39.1054077078 58.0888140178 -1.33916554043 1.16275293643 1.35142750544 0
1260 2.74182987213 40.478176 55.366289 -1.371191 40.0702236802 56.5131020273 -1.31654091717 1.21721206655 3.13121909633 0
1263 2.7148039341 40.927924 53.368372 -1.3697355 40.180605303 53.7891050517 -1.34451252351 0.857613861616 1.44517009942 0
1266 2.71017289162 41.311773 51.24524 -1.3687118 39.9926987459 51.8443621804 -1.32105098938 1.44875956421 2.73076329666 0
1269 2.72949504852 41.752813 49.127024 -1.3690442 40.7374814578 50.4476900989 -1.33635801857 1.665850259 1.87278024407 0
1272 2.76691603661 42.124468 46.999249 -1.3746445 41.3469385439 47.1131866348 -1.34999679163 0.785833213711 1.41220966429 0
1275 2.75494003296 42.489069 45.000812 -1.3756167 42.1636481978 45.9461032082 -1.38437237949 0.999737048845 -0.501663481729 0
1278 2.72395896912 42.919623 42.847052 -1.3693623 41.5838205884 43.9413690189 -1.41239118615 1.72681725168 -2.46537357339 0
1281 2.73154807091 43.26925 40.76156 -1.3849404 43.1160883671 41.8614130276 -1.36362575418 1.11046619401 1.22123924723 0
1284 2.74102711678 43.723057 38.666685 -1.382086 43.6572989206 38.6557984508 -1.33171570986 0.0666531466916 2.88600503795 0
1287 2.74635601044 44.069109 36.638541 -1.3748634 44.788797175 36.7686652412 -1.34502990436 0.73135722283 1.70933338847 0
1290 2.70711803436 44.48264 34.512889 -1.372972 43.7270277802 35.5985904378 -1.3561995819 1.32276129313 0.96098876951 0
1293 2.71612691879 44.660959 33.544964 -1.3339999 44.5721229222 34.8179463449 -1.31160539302 1.27607832793 1.28311073448 0
1296 2.68488502502 44.654294 33.324157 -1.2074321 45.5555667706 34.1617928689 -1.18814590633 1.23041718773 1.1050175 0
1299 2.71792697906 44.699557 33.107025 -1.0711259 44.0234323196 33.3219548147 -1.05952394823 0.709464170123 0.664742870347 0
1302 2.71904706955 44.829945 32.953901 -0.95914547 44.4240746658 33.9730703808 -0.886435603602 1.0970127415 4.16596847357 0
1305 2.74081897736 44.914184 32.826307 -0.82117543 44.4309652278 34.2308172588 -0.980273461187 1.48531122967 -9.11564571588 0
1308 2.71512818336 44.932468 32.690373 -0.70238554 43.4643020332 33.2091284738 -0.720532759853 1.55711866845 -1.03975910748 0
1311 2.73874306679 45.019913 32.619075 -0.56167342 43.9031032753 32.5676330347 -0.699650410129 1.11799384479 -7.90549920429 0
1314 2.75450992584 45.164806 32.47066 -0.44585332 42.8414002362 33.9579602386 -0.599822512641 2.75867293152 -8.82178491335 0
1317 2.73799610138 45.307079 32.373178 -0.30795343 42.1299814244 32.2464949004 -0.415916436554 3.17962224365 -6.1858246191 0
1320 2.74028301239 45.468859 32.25314 -0.19105128 42.3610517759 32.3375173554 -0.401437135078 3.108952441 -12.0542215652 0
1323 2.7792289257 46.833289 32.057508 -0.10389315 42.8836398376 32.3838870439 -0.101936114107 3.963111377 0.112129897048 0
1326 2.79401397705 48.863767 31.868312 -0.084237935 46.9411217264 33.6800792015 -0.161481254385 2.64179205092 -4.42571619635 0
1329 2.7402150631 51.033972 31.691587 -0.08198003 48.31234007 33.9071050484 0.00897232344831 3.50938749434 5.21118598937 0
1332 2.72360515594 53.111195 31.42619 -0.084122232 51.4133466659 33.9337711019 -0.0511146549902 3.02830843014 1.89119485461 0
1335 2.70075798035 55.206155 31.249451 -0.082409142 53.3231119407 32.5631061452 -0.0560710273816 2.29598366799 1.50906280796 0
1338 2.72407197952 57.287235 31.07162 -0.080297126 56.48197512 32.771511911 -0.00389946874233 1.88097740105 4.37726332555 0
1341 2.70692801476 59.516372 30.847745 -0.092608556 57.5376012222 33.8767727264 -0.0126683664592 3.61808551006 4.58023547416 0
1344 2.86552381516 61.567611 30.670937 -0.091677002 60.5935907889 32.8927832495 0.0160818962871 2.42596705012 6.17413007683 0
1347 3.11593604088 63.68279 30.502969 -0.089332225 62.6982442595 33.1607928082 -0.0313211907162 2.8343178563 3.32378742965 0
1350 2.90572285652 65.773678 30.270465 -0.081918863 64.919303928 32.1183305445 -0.112089255428 2.03581976747 -1.72863615241 0
1353 2.87521100044 67.870787 30.052005 -0.080757136 67.5250612095 31.2682324118 -0.0637443566153 1.26441110384 0.974760456531 0
1356 2.93506884575 69.978421 29.855203 -0.080851998 69.4153384166 32.0179581217 -0.0810055196984 2.23485384584 -0.00879614538387 0
1359 3.62547516823 72.04312 29.748383 -0.089661546 70.9167851409 30.5080812019 -0.109000691208 1.3585917609 -1.10805139981 0
1362 3.29437494278 74.192216 29.503442 -0.097083695 72.3392362983 30.7611743269 -0.100154980604 2.23951431812 -0.175971702767 0
1365 2.90992808342 76.337484 29.313327 -0.092202589 75.5093881666 30.443280424 -0.0831898078177 1.40090593889 0.51639432342 0
1368 2.7353489399 78.469083 29.072242 -0.088851811 77.6411275369 30.2050773775 -0.0803199495451 1.40314868827 0.488839652756 0
1371 2.71461105347 80.508884 28.860474 -0.08148585 79.0228837658 29.8056021875 -0.107828612826 1.76109738146 -1.50932913063 0
1374 2.74985599518 82.648681 28.706332 -0.092016755 81.3431039429 30.0000535743 -0.0531507293862 1.83800080625 2.22685923412 0
1377 2.72951412201 84.803463 28.469695 -0.089914919 83.7669213781 29.9704279334 -0.041747330372 1.82390182607 2.75979953771 0
1380 2.75082588196 86.909059 28.274418 -0.095059786 85.0478433732 30.286825673 -0.0734447871628 2.74115089914 1.23844820755 0
1383 2.7852730751 88.999768 28.069648 -0.093100738 87.6927981749 30.5623699572 -0.0504831705669 2.81457507978 2.44180674703 0
1386 2.81764698029 91.148907 27.8824 -0.087682683 89.843624172 29.7256257775 -0.046021792111 2.25859348442 2.38699321869 0
1389 2.81311392784 93.191686 27.680334 -0.085944106 91.5118238164 29.9517359859 -0.0457277694955 2.82510246496 2.30422634918 0
1392 2.85205197334 94.597595 27.536443 -0.026113958 93.6482925691 30.3851823272 -0.0510026667603 3.00274721871 -1.4260179695 0
1395 2.77585601807 66.734672 23.138609 0.64678418 94.5788811915 30.8881861919 -0.0143507919293 28.9025246675 -37.8802435801 0
1398 2.70501279831 41.954155 8.6979942 1.5862633 98.5647669231 31.7073794333 0.0426233958732 61.1080452242 -88.4440515944 0
1401 2.69953489304 40.498777 7.6026468 1.6671323 98.5659497367 31.6481202128 0.0099526257081 62.8488770089 -94.9494012318 0
1404 2.72800207138 40.36551 9.5759073 1.6613912 101.190170276 31.8380741363 0.00177141035633 64.7706983898 -95.089209543 0
1407 2.74305510521 40.15753 11.693798 1.6450717 102.500636868 30.4699528726 -0.0319736337917 65.1091926363 -96.0876196784 0
1410 2.77463102341 40.017928 13.779826 1.6578436 102.44272714 30.7271469145 -0.0167443125755 64.6843662246 -95.9468198142 0
1413 2.72353386879 39.937066 15.922073 1.6651068 105.655206491 31.3362990348 -0.00691077395654 67.5016470456 -95.7995502594 0
1416 2.90931916237 39.75755 17.953862 1.6630734 105.420269345 30.6238781492 -0.0310642356602 66.8739263167 -97.0669364376 0
1419 2.93752002716 39.645384 20.177858 1.663423 108.35176604 29.4372442079 -0.0269730129729 69.327506561 -96.8525572491 0
1422 2.79724311829 39.526919 22.292671 1.6684735 111.17880478 32.9160337167 0.115907042743 72.4351335419 -88.9555054144 0
1425 2.77565121651 39.303781 24.413998 1.6572417 112.6359206 32.8978215986 0.0866427246884 73.8212568381 -89.9886925929 0
1428 2.79113006592 39.21094 26.55624 1.6661167 114.584485359 32.4876717531 0.200837626047 75.6065686471 -83.9543067463 0
1431 2.80754494667 39.049874 28.673026 1.6660737 116.90472866 33.8885741362 0.158665748267 78.0293556075 -86.3681136387 0
1434 2.84194087982 38.816051 30.701859 1.6598041 119.923836289 34.4093604096 0.170959773047 81.192477491 -85.3044962864 0
1437 3.02838587761 38.695572 32.853799 1.6647394 123.162961568 35.2720301019 0.0887804770788 84.5019984503 -90.2957949694 0
1440 3.50996088982 38.58982 35.008607 1.6723781 123.653931986 36.0119432904 0.0799949422437 85.0700289855 -91.2368343072 0
1443 3.32610702515 38.393816 37.160762 1.6689022 125.563285724 36.3368972134 0.13264020405 87.1733629334 -88.0213285943 0
1446 3.24458289146 38.314928 39.264936 1.6781402 128.846738272 37.7770390285 0.150415601889 90.5440362946 -87.5321717301 0
1449 2.94483304024 38.042909 41.445131 1.6601298 130.035522453 37.3216497625 0.180385786919 92.084982638 -84.7830867093 0
1452 3.07372903824 37.893052 43.482766 1.6655679 136.030132548 28.516841045 -0.087526652862 99.2716751557 -100.444918966 0
1455 3.35632419586 37.737395 45.529248 1.6663309 138.429537692 26.8047765083 -0.0529202590559 102.418325668 -98.5058353369 0
1458 3.31976699829 37.667375 47.706088 1.6735516 141.378095289 26.0861250797 -0.145793121097 105.940248723 -104.240773998 0
1461 3.12756609917 37.411337 49.793915 1.6717816 142.644129934 25.8030148715 -0.14278598045 107.932868014 -103.967064001 0
1464 2.93416309357 37.208006 51.943854 1.66906 140.504933307 37.4893770583 0.382844297041 104.303341723 -73.694731323 0
1467 2.99159193039 37.03196 53.963531 1.6741645 140.919945467 37.5242422997 0.142783111838 105.180624344 -87.7416903666 0
1470 2.81548905373 36.983983 56.143126 1.6856298 24.0009890766 73.3598311296 0.943440336056 21.5632341437 -42.5243238831 0
1473 2.79845499992 36.720012 58.206076 1.6746777 34.6866457959 25.8166701392 2.71231657719 32.4531691848 59.4523283219 0
1476 2.73295998573 36.536888 60.398002 1.6787317 15.5844982026 95.9460616495 -1.6009862036 41.2633879252 172.08600613 0
1479 2.83405900002 36.401835 62.417273 1.6766351 98.145151882 98.2387285193 -2.86833862878 71.3821676269 99.5921873431 0
1482 3.09789204597 36.239068 64.615141 1.6886647 72.399212446 62.6923320946 -0.960644027866 36.2112308607 -151.794208734 0
1485 3.21604418755 35.99676 66.655908 1.678851 53.712651383 24.4514019519 -1.07055670212 45.771968914 -157.529457492 0
1488 3.12411594391 35.830181 68.859683 1.6854848 99.9443326834 13.3014308527 -0.375236600534 84.8371606535 -118.070639003 0
1491 2.810297966 35.575227 70.898859 1.683738 7.33792529861 76.6072132191 -2.85759093673 28.8085146314 99.8010185446 0
1494 2.84410095215 35.463169 73.006353 1.6935188 34.9518776838 71.4186079637 1.72924008584 1.66803870166 2.04667891764 0
1497 2.82249999046 35.205801 75.07321 1.6913976 72.9345866332 134.813807045 -0.197022778946 70.6569189863 -108.19851766 0
1500 2.96009802818 34.978045 77.287591 1.6912075 75.9644717174 133.507900326 -0.0742543963237 69.574495009 -101.153515551 0
1503 3.04757189751 34.814043 79.320098 1.7000185 30.356814595 79.668125812 1.80117355865 4.47079505366 5.79575793712 0
1506 3.02860689163 34.580736 81.372215 1.6970036 30.8951596516 80.7638134169 1.79446631028 3.73545519393 5.58420195922 0
1509 2.96641898155 34.345965 83.441951 1.6955247 29.8264070544 80.2469324385 1.98865087564 5.53484847418 16.794892729 0
1512 3.04071807861 34.142398 85.698773 1.7034669 29.6223261218 84.817258899 1.76364683555 4.60522712738 3.44805631818 0
1515 2.94786787033 33.910208 87.748137 1.7016389 30.9216507862 87.6063912476 1.69121330207 2.99191679008 -0.597342760387 0
1518 2.79495501518 33.670818 89.737713 1.6967853 29.8829813543 89.8532414056 1.7150030792 3.78959803501 1.04380186023 0
1521 2.70472693443 33.472926 91.900649 1.7056804 29.5777861784 91.5223611683 1.75870966456 3.91346597192 3.03835304982 0
1524 2.72706913948 33.217902 94.036516 1.7078464 28.3385989189 92.8311596753 1.75705851156 5.02598074277 2.81964629329 0
1527 2.78393483162 33.034075 96.178482 1.7177188 28.7863973699 95.8795535799 1.72537386815 4.25818311598 0.438603096768 0
1530 2.9172410965 32.713254 98.174723 1.7080491 26.5967581027 96.7533784166 1.73000888071 6.27946992086 1.2582027539 0
1533 3.02990984917 32.45653 100.24821 1.7068362 26.7064995008 99.5052657886 1.69844143436 5.7978286317 -0.480984641451 0
1536 2.84624314308 32.217075 102.39435 1.7082962 28.1490867953 101.781307668 1.71267837515 4.1139213574 0.251080141008 0
1539 2.76365208626 31.955228 104.48204 1.7110577 27.7623152327 103.857890923 1.67398130374 4.2391130611 -2.12432102523 0
1542 2.79144001007 31.741377 106.6002 1.7198575 27.9861508293 105.460928261 1.70597799454 3.92424052369 -0.795237084791 0
1545 2.72054004669 31.439656 108.68741 1.7105287 27.8238822958 107.72092022 1.68333476732 3.74271585536 -1.55809757106 0
1548 2.72275900841 31.216018 110.75498 1.7177022 28.0749961764 110.170691078 1.72913534442 3.1949040112 0.655070921949 0
1551 2.75620889664 30.916985 112.90957 1.719675 27.1749674322 112.533715803 1.70023655603 3.76084589622 -1.1137407998 0
1554 2.8261859417 30.668641 114.94646 1.716506 26.5139476139 114.041485005 1.65339666842 4.25211204874 -3.61589834759 0
1557 2.75045108795 30.419865 117.12266 1.716223 26.6389190078 115.446917591 1.6712635538 4.13565777335 -2.57598651667 0
1560 2.75179505348 30.132888 119.21343 1.725557 26.8448211114 116.458154203 1.7387050234 4.28986346911 0.753326249959 0
1563 2.74857807159 29.88258 121.34383 1.72867 25.380476376 119.856641955 1.70319468586 4.74137799827 -1.45962798175 0
1566 2.75760602951 29.981486 120.5055 1.7055843 25.057715577 120.56175731 1.68573805167 4.92409180091 -1.13710626859 0
1569 2.72883892059 30.170653 118.4575 1.6900862 25.8090445034 117.858788288 1.64860022966 4.40250887475 -2.37697100943 0
1572 2.73589706421 30.502618 115.6086 1.6745202 26.8847175514 113.585077715 1.63769658313 4.14534028671 -2.10983783306 0
1575 2.73707008362 30.699806 113.48782 1.6738205 26.8937252732 112.71064655 1.64327945098 3.88461697861 -1.74987321065 0
1578 2.75660705566 30.8492 111.36091 1.6697397 28.2133952493 111.190036369 1.68762890957 2.64133763118 1.02497620703 0
1581 2.7544939518 30.973164 109.37107 1.6787837 29.0854246622 108.378160311 1.7339430462 2.13293915928 3.16039773804 0
1584 2.76685810089 31.204408 107.09871 1.665475 29.7280950405 107.608176407 1.72075088966 1.56174773073 3.16707518634 0
1587 2.75985193253 31.322843 104.96751 1.6587885 27.1280108169 105.231820083 1.62404231135 4.20315082576 -1.99080996394 0
1590 2.74896287918 31.457099 102.91722 1.6541397 28.9197899324 103.316788056 1.7139123275 2.56857780425 3.42471928619 0
1593 2.74105000496 31.546684 101.34427 1.631357 26.9729638002 101.69371191 1.5924331712 4.58704982692 -2.23017111268 0
1596 2.72287082672 31.536552 101.09899 1.5279681 28.7694917562 102.563667016 1.63266107756 3.13079880469 5.99846575883 0
1599 2.71698212624 31.522716 100.84711 1.3818466 29.3101616468 102.675908083 1.49210445817 2.87052246011 6.3173099314 0
1602 2.73500704765 31.33472 100.81397 1.2437751 28.329747885 101.635683257 1.34003020915 3.11529614787 5.51501151082 0
1605 2.70438194275 31.335612 100.76499 1.1262837 27.5067584205 102.514012407 1.14528230567 4.20941790666 1.08853992144 0
1608 2.73647809029 30.238332 99.003137 0.9296569 27.400764614 100.911164264 0.928555971485 3.41940882466 -0.0630785574728 0
1611 2.77342700958 28.772289 97.32743 0.78863198 26.3598399833 98.6230245128 0.894371632331 2.73833442068 6.05843580577 0
1614 2.96756315231 27.005154 95.945316 0.6582802 25.1817783929 97.8562864037 0.752487896612 2.6413077231 5.39770341354 0
1617 2.72809481621 26.209553 95.323497 0.64585939 25.7299698606 93.6908594403 0.850662470074 1.70161846166 11.7343521195 0
1620 2.76146697998 26.225548 95.299359 0.74214735 24.2725346489 93.9423669651 0.857953683991 2.37816915554 6.63521417859 0
1623 2.95116209984 26.287241 95.304851 0.87876564 23.3514895272 94.3939023982 0.942872885927 3.0738353998 3.67307462782 0
1626 2.80992984772 26.503119 95.525486 1.0159202 24.0450304825 93.661090723 1.07220143619 3.08515297979 3.22467729924 0
1629 2.86360216141 26.584147 95.637624 1.1414331 22.2404106208 94.0872176916 1.15504795483 4.61213675572 0.780073720627 0
1632 3.10811686516 26.62792 95.717086 1.2595284 24.52034775 96.5942915354 1.28351467013 2.28283822034 1.37431204489 0
1635 2.98522400856 26.756174 95.797181 1.3910555 23.6245979481 97.8183917139 1.364542165 3.72720556431 -1.51910219604 0
1638 2.84402298927 26.381693 93.77201 1.3952992 24.5133344883 94.6989648447 1.45789128618 2.08566747408 3.58626236929 0
1641 2.77151107788 26.011804 91.856332 1.39866 22.5836011346 92.0478672012 1.450745389 3.43354927434 2.984272964 0
1644 2.72448015213 25.609249 89.727224 1.3968171 21.9577417003 90.6690839171 1.35643460218 3.77102183281 -2.31374669155 0
1647 2.73631906509 25.2462 87.568251 1.3940659 22.6656966194 88.1619492239 1.4283025946 2.6479190468 1.96161810534 0
1650 2.73569703102 24.820481 85.505592 1.4017015 21.4688995384 86.4570275413 1.44872877873 3.4840103161 2.69446459309 0
1653 2.74287891388 24.493958 83.448062 1.398475 21.2216955467 84.5231619205 1.48971726925 3.4443491987 5.22779694121 0
1656 2.73426198959 24.080092 81.345956 1.3962744 19.790440976 81.9623349798 1.38942739655 4.33370845285 -0.392304399722 0
1659 2.73126196861 23.622432 79.208855 1.3888608 20.075438524 79.1033129489 1.44562214947 3.54856334916 3.25218576386 0
1662 2.72781896591 23.236261 77.182266 1.3737053 18.9562947078 77.5308985188 1.35759943365 4.2941420675 -0.922798167208 0
1665 2.79083585739 22.741503 75.111069 1.3685019 19.7194401099 76.0266650137 1.39275392012 3.15771755735 1.38953839752 0
1668 2.76280403137 22.23837 73.007777 1.3690406 19.6176946107 72.7554813797 1.44492831719 2.63279178365 4.34804591196 0
1671 2.74491596222 21.796618 70.8705 1.3677106 17.813209654 71.693501271 1.4029434587 4.06753895414 2.01869410385 0
1674 2.76994991302 21.306705 68.900927 1.3588762 19.5861872527 69.6661030968 1.46311053529 1.88299648906 5.97218749234 0
1677 2.72443413734 20.800373 66.796896 1.3509317 20.2291630226 67.0372865698 1.51202259846 0.619732574796 9.2298285996 0
1680 2.81627321243 20.180988 64.758154 1.3339286 19.3974871953 65.9158401078 1.45469122734 1.39789507297 6.91918886931 0
1683 2.75576210022 19.716632 62.635567 1.3210663 18.1243686973 63.8347965963 1.40686677512 1.99335246503 4.9160051045 0
1686 2.74514198303 19.127208 60.642471 1.320188 17.7199055383 60.3349976725 1.46908373758 1.44049993611 8.53109735085 0
1689 2.79554510117 18.573484 58.538556 1.3117791 17.4323953448 58.3032410143 1.45831954953 1.16509933545 8.39614928595 0
1692 2.86298298836 18.03732 56.562177 1.3046299 16.6915371085 56.9912437869 1.38819899778 1.41252607009 4.78815660079 0
1695 2.77088308334 17.470308 54.449011 1.30616 16.6352079841 53.9864093422 1.42372269548 0.954668701892 6.73584627941 0
1698 2.73496413231 16.865167 52.414515 1.2995721 14.0955985156 52.6224999101 1.31085477215 2.77736697478 0.646449495854 0
1701 2.78723096848 16.322269 50.452679 1.2871313 14.3596126192 50.4849104296 1.36248721895 1.96292102089 4.31757611713 0
1704 2.75019598007 15.679585 48.421133 1.2791916 14.9603065605 48.6009566033 1.39575199103 0.741416213655 6.67841846416 0
1707 2.73297905922 15.049517 46.343459 1.2810584 13.083780552 46.3791506414 1.320969925 1.96606044576 2.28676193641 0
1710 2.73371219635 14.370513 44.264129 1.2685694 12.8194514868 44.3995913741 1.33285053005 1.55696559771 3.68303745418 0
1713 2.78151416779 13.728985 42.398373 1.2622613 12.196996572 42.4936981246 1.33413105774 1.53495127701 4.11783379334 0
1716 2.77007913589 13.116178 40.310007 1.2578142 13.795727254 40.7189447196 1.42354899153 0.793106075559 9.49590407314 0
1719 3.01096820831 12.482531 38.460523 1.239848 13.5133684624 38.7437995887 1.40971869247 1.06905168234 9.73287374154 0
1722 2.79811406136 12.331027 38.238303 1.1567887 16.4894785004 37.7095455791 1.37086556931 4.19193312103 12.2657011026 0
1725 2.7598130703 12.263795 38.100898 1.043782 11.3341460523 37.9908910293 1.15347772489 0.93613497933 6.28510206707 0
1728 2.76062297821 12.231882 38.075858 0.90529637 11.3089987816 37.2738209399 1.03399953537 1.22269247175 7.3741481858 0
1731 2.74045705795 12.170047 37.918491 0.7605547 10.8517030608 38.3246571398 1.00442500108 1.37949326757 13.9727390003 0
1734 2.73677110672 11.9457 37.868652 0.60051086 12.3465335237 38.7532787538 0.763451563432 0.971201321695 9.33581461755 0
1737 2.75744891167 11.861848 37.85602 0.47073445 12.0830629883 37.8768571124 0.710973887946 0.222194186059 13.7647058669 0
1740 2.73510193825 11.68598 37.868337 0.32347919 11.4920265639 37.3535345752 0.514991342694 0.550126778098 10.9728380748 0
1743 2.75458812714 11.634663 37.834152 0.18688423 11.091374365 36.9302468232 0.411536497969 1.05461230302 12.8716268127 0
1746 2.77885985374 11.546787 37.799316 0.059161186 11.8633274108 37.4207878164 0.0866903541808 0.493438362365 1.57730515027 0
1749 2.75707507133 11.461332 37.784444 -0.088384018 13.4834074377 37.6998840139 0.102539247431 2.02384274763 10.93909732 0
1752 2.76710510254 11.353119 37.809133 -0.22428348 13.219215223 36.9278028081 -0.113970076778 2.06374853616 6.32049242833 0
1755 2.77073788643 11.259101 37.929753 -0.36642208 12.0617669865 37.3833143192 -0.204830106548 0.971013860793 9.25853808197 0
1758 2.76029801369 11.22919 38.083377 -0.50941267 12.2684624426 37.4063349194 -0.281108571681 1.24035204228 13.0808612792 0
1761 2.73077297211 11.185129 38.110347 -0.64618684 13.4425772131 37.2579369951 -0.431532560014 2.41302201635 12.2987842976 0
1764 2.76502108574 11.588805 37.741111 -0.76036767 11.5051891989 36.7789398196 -0.610630257844 0.965797588823 8.57932175173 0
1767 2.76231002808 13.063467 36.224873 -0.77289998 12.2593342446 36.8082187059 -0.681304091321 0.99343932929 5.24805784204 0
1770 2.75623893738 14.493375 34.807156 -0.77803694 12.5799242459 36.2439474643 -0.770686052646 2.3928358699 0.421174821069 0
1773 2.76433610916 15.892318 33.28564 -0.77023756 16.6064784392 34.233160047 -0.732057307749 1.18651564355 2.18756731473 0
1776 2.75317788124 17.405154 31.857105 -0.77891679 17.7097290687 31.8439283315 -0.721982558886 0.304859963033 3.26209115267 0
1779 2.77481913567 19.008966 30.381332 -0.78385491 19.5604657955 31.0535863405 -0.810933658103 0.869527413523 -1.55149798082 0
1782 2.76432800293 20.517371 28.856906 -0.78454873 20.610692724 29.1466715224 -0.73885307099 0.304422407433 2.61816840336 0
1785 2.7553768158 22.037399 27.308602 -0.78653789 21.7678615816 28.2462099201 -0.774201266694 0.975581381401 0.706836448849 0
1788 2.76251196861 23.470866 25.802264 -0.78746834 23.1026072016 25.7433678173 -0.769140795087 0.372938738848 1.05009097233 0
1791 2.86607599258 25.030138 24.239515 -0.79252133 25.2556532833 25.3274306449 -0.814091350288 1.11104347049 -1.23587112651 0
1794 2.84889388084 26.508975 22.80392 -0.79210599 25.6127467961 23.2231373595 -0.736467581165 0.98942821265 3.18784600509 0
1797 2.79026579857 27.961008 21.312251 -0.79564812 27.8246466365 21.0237738928 -0.738963187585 0.319082219553 3.24780738939 0
1800 2.81322598457 29.36401 19.750057 -0.78815021 28.7577769012 19.988976036 -0.786798963468 0.651614054343 0.0774207233592 0
1803 2.79483699799 31.016391 18.179875 -0.79578372 30.7579674609 19.4204149432 -0.756882060392 1.26717089465 2.22890091156 0
1806 2.91313290596 32.405165 16.663972 -0.79079715 32.7274755796 17.6659268707 -0.772052048464 1.05251967808 1.07401520456 0
1809 2.74771714211 33.875627 15.226881 -0.79213801 33.7803275144 15.7025631825 -0.804722282866 0.485134549091 -0.721025723456 0
1812 2.86927914619 34.400964 14.714584 -0.72873329 33.1830825608 14.3560824743 -0.783266150963 1.26955052831 -3.12450277796 0
1815 2.89446616173 34.541831 14.529671 -0.59347242 32.0497822607 14.0674136164 -0.709049599748 2.5345588981 -6.62208460756 0
1818 2.76951313019 34.648846 14.435796 -0.47955783 32.6863021572 15.2586420249 -0.513177574566 2.12806341911 -1.92626947197 0
1821 2.71905517578 34.668797 14.324629 -0.34405458 34.0393115766 15.9993727459 -0.471646864511 1.78913904234 -7.31049940094 0
1824 2.70562005043 34.864126 14.20779 -0.22615765 35.8972080182 15.6327971382 -0.299605314766 1.76008630477 -4.20824120616 0
1827 2.75962519646 35.017605 14.088235 -0.094353638 35.9550171755 16.7960137006 -0.179262955037 2.86545058905 -4.86494550756 0
1830 2.76315689087 36.599142 14.0692 -0.022879679 37.0424847177 15.2193596696 -0.121896257002 1.2326475696 -5.67323202135 0
1833 2.74896407127 38.63985 14.009333 -0.014813302 39.106499343 14.9298272049 -0.106006490987 1.03202286339 -5.22498484928 0
1836 2.75192904472 40.768535 13.925491 -0.0089087199 41.2432133084 13.9952038998 -0.122124987107 0.479770137509 -6.4868142832 0
1839 2.75937318802 42.905865 13.952369 -0.011506708 42.8333266952 14.4297338693 -0.0896105973601 0.482844720497 -4.47502322389 0
1842 2.76532101631 45.04117 13.838962 -0.010052037 45.3293906895 14.5902497402 -0.0163235442231 0.804676602414 -0.359330895068 0
1845 2.83478283882 47.095509 13.764363 -0.008210261 46.2053485672 14.4220054286 0.0420837449539 1.10674258979 2.88163427596 0
1848 2.82110500336 49.256947 13.750747 -0.012245698 48.2661603589 14.7753071956 0.00958391439602 1.42526550597 1.2507446587 0
1851 2.80751419067 51.347189 13.680192 -0.017629817 51.2959686326 15.3508143679 -0.0261581677427 1.67140737763 -0.488638503762 0
1854 2.81584715843 53.510554 13.649042 -0.0075411209 53.5949739827 15.3366301199 0.0394709468077 1.68969831505 2.69359306584 0
1857 2.92664217949 55.608657 13.581194 -0.0077936973 54.3973439436 14.5946076746 0.0114523496916 1.5793310598 1.10271726493 0
1860 3.06718587875 57.666716 13.591636 -0.01411162 56.9075102257 15.6978786141 -0.00836949236996 2.23889511972 0.328999678627 0
1863 2.96717214584 59.905766 13.533857 -0.012519778 58.0970383972 14.8996821154 0.016335349525 2.26648930881 1.65327702449 0
1866 3.0168569088 62.027534 13.447994 -0.021676244 60.6469520367 15.5249120331 -0.0349895826637 2.49391160099 -0.762798116657 0
1869 3.24763679504 64.181261 13.371995 -0.025327169 63.526822931 14.9268359792 -0.0203937219591 1.68695573646 0.282665693898 0
1872 3.03745698929 66.241252 13.310079 -0.024907545 65.2960746712 14.9949091976 -0.00690920614384 1.93184186142 1.0312288547 0
1875 3.21858596802 68.444119 13.24669 -0.026304862 66.3106972867 14.7524771464 0.00660700918529 2.61129912822 1.8857113148 0
1878 3.06720590591 70.49734 13.123327 -0.017605166 69.0136484007 14.9397421871 0.0183830396805 2.34535815895 2.06197229774 0
1881 3.03589105606 72.634932 13.039101 -0.019360635 72.2056984455 14.8596472649 0.0162422140779 1.87046254891 2.0398929908 0
1884 2.97524905205 74.720419 12.994859 -0.019347658 73.7123700102 15.4901224175 0.0041560452093 2.69118975337 1.34666299682 0
1887 2.96878504753 76.914825 12.90632 -0.036038761 76.3911980908 14.6014013378 0.0177129986884 1.774115521 3.07974897154 0
1890 2.94761109352 79.004774 12.78569 -0.032634565 77.8534755811 14.5910856692 -0.00554942816073 2.14124766708 1.55186402842 0
1893 2.89917087555 81.177999 12.691712 -0.029848436 80.9824307778 14.6887275156 -0.0102439055437 2.00656868785 1.12325685448 0
1896 2.92248702049 83.222919 12.597068 -0.02122413 81.6899706543 15.0644466542 -0.0270526382425 2.90480430556 -0.33394892315 0
1899 3.11687397957 85.390174 12.538762 -0.021700441 83.966127469 14.6971473475 -0.00569650903436 2.585833682 0.916957757246 0
1902 2.85910105705 87.449986 12.512039 -0.030894579 86.79507007 14.751320395 0.00190637342612 2.33308723398 1.87935613803 0
1905 2.84093809128 89.572355 12.414566 -0.034322832 87.7970915594 14.9140562702 -4.39334338074e-05 3.06578079687 1.9640362142 0
1908 3.11877202988 91.713838 12.339838 -0.030338307 90.3824953859 15.1805752676 -0.012181008097 3.13723785832 1.0403365945 0
1911 2.90868377686 93.866625 12.234111 -0.027880568 92.7339425106 14.7580185573 0.00646911894398 2.76641988486 1.96809208949 0
1914 2.91496419907 96.027017 12.118277 -0.016096141 94.974612923 14.3870683559 0.0167116829262 2.50099351417 1.87974984598 0
1917 2.93753910065 98.003729 12.063433 -0.023465033 97.422467431 14.9735663918 0.0259952321155 2.96761543491 2.83386444471 0
1920 2.92537093163 100.1865 11.996018 -0.023536261 99.1812375306 14.6688681436 0.0137056919727 2.85564012482 2.13380672616 0
1923 2.90702080727 102.26857 11.921444 -0.023061579 102.90334855 14.8559195296 0.0125859028224 3.00234748849 2.04245025869 0
1926 3.07076692581 104.50291 11.810699 -0.022632517 104.435949515 15.6756838171 0.0128798369786 3.86556481549 2.03470800355 0
1929 2.9628469944 106.528 11.779433 -0.025937223 104.904521278 15.8918774707 0.0571865026537 4.42129875549 4.76263865736 0
1932 2.80448698997 108.61821 11.737233 -0.017267816 108.073466096 15.3239432786 -0.00201107910966 3.62784185756 0.874146632958 0
1935 2.73345708847 110.65428 11.638117 -0.015586443 108.864221544 15.1490437812 0.0255958854856 3.94092833467 2.35957361275 0
1938 2.72976303101 112.94226 11.558687 -0.011710616 111.159263528 14.8692320132 0.0224142135541 3.76015753711 1.95520871005 0
1941 2.73630905151 114.89636 11.528856 -0.01668203 113.77320741 14.9409838042 0.00755528509234 3.59222603581 1.38869586152 0
1944 2.73845815659 117.03777 11.494892 -0.018548407 116.989070409 14.8880949372 0.022158364128 3.39355238993 2.33232618324 0
1947 2.7631278038 119.07747 11.406331 -0.016261061 118.447638232 15.3731422921 0.0309620410161 4.01650095022 2.70568444104 0
1950 2.72987890244 121.291 11.334615 -0.012126455 119.915025816 14.8011239536 0.0236892916536 3.72960980261 2.05209112336 0
1953 2.72166180611 123.43737 11.229443 0.0013807468 122.720105282 15.1719602587 0.00284967756341 4.00723233801 0.0841635331402 0
1956 2.71366786957 125.58554 11.258252 -0.0049853053 123.724620054 15.4583324638 -0.00721681573494 4.59387624447 -0.127856129862 0
1959 2.73475289345 127.50849 11.183265 -0.012828209 126.43062728 14.8235639452 -0.00177993150308 3.79652004509 0.633019671463 0
1962 2.76000714302 130.28779 11.390648 -0.01314096 128.611756261 15.076860075 0.0119131355527 4.04935162179 1.43549393469 0
1965 2.74805808067 132.78769 11.256475 0.0084755214 130.452851205 14.9352424356 0.0116042480874 4.35715526975 0.17926283444 0
1968 2.75304293633 125.9239 10.596074 0.27888777 132.374104714 14.6211349118 -0.0156938384448 7.60304256211 -16.8782828861 0
1971 2.76338100433 93.936275 13.265891 0.84250578 132.439736353 14.7287977375 -0.0132407506751 38.5312422882 -49.0306645406 0
1974 2.76125717163 59.212281 6.4432491 1.3602712 132.944022138 14.6180122958 -0.0386883861838 74.1835318962 -80.1544799977 0
1977 2.73720192909 41.747696 3.5851691 1.5088422 133.491815862 14.7888850841 0.0534438728917 92.4256824757 -83.3881816537 0
1980 2.72930598259 40.889782 2.6549702 1.6071612 139.066538669 12.6575579055 -0.053807723098 98.6849903018 -95.1665091959 0
1983 2.73643088341 40.408125 3.8011614 1.6070032 139.964502903 13.5195386155 -0.12239797305 100.029591806 -99.0873883007 0
1986 2.72431302071 40.388712 5.5337894 1.5172855 59.8396096653 103.131652296 0.525150580987 99.5172360037 -56.845143567 0
1989 2.74736905098 40.44034 7.6724587 1.5542124 117.499075401 63.3150980342 1.51082405824 95.048156288 -2.48596886299 0
1992 2.73489284515 40.554207 9.7439313 1.5604739 70.5630804088 102.254174976 -0.371556988576 97.2557333435 -110.697215804 0
1995 2.74764800072 40.580821 11.876658 1.5652859 111.565434706 54.7233545201 -2.13510925588 82.9135380116 147.982975038 0
1998 2.75588417053 40.665042 14.024391 1.567666 33.5640825612 88.3500592322 -0.434384562184 74.6641050513 -114.709047585 0
2001 2.72989606857 40.771617 16.174621 1.5548315 113.059633065 64.6052762364 -1.38766259021 87.0119855721 -168.592492611 0
2004 2.71571183205 40.847233 18.25792 1.5551713 41.8726878426 100.005519245 1.22151023977 81.7540307263 -19.1173705392 0
2007 2.73444700241 40.88758 20.352438 1.5597309 102.969212048 63.9168988859 1.73730427795 75.8418834814 10.1742051102 0
2010 2.73981499672 40.971014 22.508388 1.5678505 57.9353912748 25.374364769 -2.72107379185 17.2047644321 114.262739426 0
2013 2.7476079464 41.044823 24.54743 1.5705547 118.113656049 31.9088131561 -0.944291397669 77.4196033927 -144.090067521 0
2016 2.75125312805 41.105608 26.696222 1.5717508 19.5556887399 109.040331095 1.71712711097 85.1172798128 8.32944905967 0
2019 2.80452489853 41.160404 28.869777 1.5672714 62.9276597258 77.6697173913 -0.247498844141 53.434516972 -103.978675775 0
2022 2.81240797043 41.204205 31.003136 1.5608691 131.849292697 59.7593173533 0.976472566623 95.0970551047 -33.4834549246 0
2025 2.80950689316 41.244227 33.116661 1.5660557 117.266521737 16.5060726905 -1.44962476755 77.8158142096 -172.785763151 0
2028 2.74598908424 41.277887 35.228156 1.5643441 8.79057161396 121.519239404 2.85870902929 92.2039952283 74.1616475981 0
2031 2.82731986046 41.31792 37.33529 1.5797774 103.529764704 45.9858665792 0.571797677007 62.8103979982 -57.7529839623 0
2034 2.77231097221 41.419072 39.474789 1.5713492 47.4453608284 70.2476677524 -1.07651078768 31.357395041 -151.711202036 0
2037 2.73991513252 41.429937 41.518923 1.5745722 59.5764555366 118.723214515 0.913466681959 79.3082515461 -37.8785559965 0
2040 2.72875905037 41.494048 43.684079 1.5737379 122.409213493 22.5207907479 -0.0651517238892 83.6370060228 -93.9014585366 0
2043 2.71349191666 41.508319 45.798644 1.5762653 126.514013805 21.3244474246 -0.162389900524 88.4587725852 -99.6176050185 0
2046 2.71282815933 41.512588 47.943477 1.5772604 89.3635966976 60.3296867316 -2.59551161876 49.4281015707 120.917774455 0
2049 2.81831002235 41.583607 50.107906 1.5744728 132.844369587 22.1546513348 -0.00281869364937 95.4458549873 -90.372145648 0
2052 2.78392410278 41.632502 52.265699 1.5728612 131.203148056 20.6697605675 0.00749141972972 94.9800187424 -89.6890817868 0
2055 2.85895299911 41.660201 54.305408 1.5732479 85.822397344 71.5895684792 2.77320146802 47.4240634003 68.7522750592 0
2058 3.20157599449 41.689009 56.508616 1.5685378 37.5862195658 58.0286893789 1.54422809775 4.37532904117 -1.39284334019 0
2061 3.48659086227 41.794127 58.57462 1.5657057 38.9324698421 58.8888250979 1.54738466756 2.87885507325 -1.04971783495 0
2064 3.43707299232 41.856016 60.76704 1.5641567 37.9117113901 61.1028384339 1.6812024138 3.95857290494 6.70622541102 0
2067 2.99849104881 41.858156 62.785084 1.5639758 40.0593807133 63.1945949345 1.66886191851 1.84480127315 6.00953192003 0
2070 3.00692105293 41.958088 65.023529 1.5767642 39.9944452438 65.2061858432 1.68634001092 1.97211977229 6.27823150235 0
2073 3.02974295616 41.99726 67.044355 1.5737097 38.3221723927 67.7147319534 1.66453989297 3.73572940415 5.20418670973 0
2076 2.87762308121 42.044947 69.102812 1.5759217 39.2676305692 69.3585714161 1.64216673181 2.78906784354 3.7955607367 0
2079 2.8896548748 42.097902 71.261122 1.5727544 38.0149327076 71.4066930125 1.65235686652 4.08556350609 4.56088537066 0
2082 2.88136219978 42.114798 73.459441 1.5684742 39.2677732897 73.4968513297 1.70564147348 2.84727048838 7.85910585749 0
2085 2.88934111595 42.172982 75.545483 1.5804547 39.0383472137 75.2885411562 1.60180139414 3.14514774763 1.22307548078 0
2088 2.88366889954 42.213453 77.648417 1.5799022 39.2091991462 77.8132954071 1.60590697936 3.0087748515 1.48996410451 0
2091 3.11922097206 42.308345 79.80823 1.5843424 38.5366194616 79.9346146742 1.61659294544 3.7738424216 1.84782014061 0
2094 2.85143184662 42.259747 81.948131 1.5870316 37.8196632577 82.5272573613 1.62888314979 4.47769259567 2.39791716902 0
2097 2.86372494698 42.325886 84.065588 1.5841531 37.7343450146 84.6703141923 1.63586505108 4.63119232905 2.9628765471 0
2100 2.86967897415 42.338042 86.100283 1.5789413 38.2879099381 87.0545451058 1.63323502027 4.16103182941 3.11080102543 0
