3 3.02526903152 72.513547 45.80148 1.6808269 132.56006563 15.2500482868 -1.52387200929 67.3719109074 176.384277888 0
6 2.95422196388 72.505015 45.806851 1.6805552 97.6139125246 83.0768255152 -0.508813935031 44.9389334015 -125.441611233 0
9 4.02260494232 72.51553 45.801787 1.6811119 73.2681009536 11.9655427614 2.90101926375 33.8446123809 69.89554334 0
12 3.00660896301 72.511327 45.798497 1.6805172 55.8676810544 46.1313686107 -1.57849665537 16.6469743158 173.272260712 0
15 2.99091911316 72.518426 45.80176 1.6806948 91.1951051875 115.211135816 1.338913852 71.8782289478 -19.5826058384 0
18 2.98102903366 72.509508 45.806599 1.6825332 75.2313007941 128.445459312 1.32686348926 82.6836706348 -20.3783733262 0
21 4.78381705284 72.510969 45.800989 1.6811293 129.641072934 11.2179705291 0.109360983754 66.7819881557 -90.0556908933 0
24 2.85611200333 72.522343 45.818169 1.6838228 21.1670648738 97.0867205159 0.586147620596 72.5660317639 -62.8921550561 0
27 3.49758696556 72.508499 45.799812 1.6808804 126.725970061 89.8040664532 -2.55687408237 69.8277063798 117.194553548 0
30 3.01742315292 72.523901 45.815543 1.6832165 22.703616432 43.5758066228 -1.77396215314 49.8706043023 161.918254152 0
33 3.06797504425 72.511009 45.802779 1.6808191 57.655506515 103.752732658 0.0978522318061 59.8237668748 -90.6973206566 0
36 3.01831507683 72.527172 45.853315 1.6851825 30.5937214076 90.4521729623 0.867848104016 61.216602406 -46.8298113407 0
39 3.12797284126 72.188088 49.017093 1.6798669 78.1834506118 129.709625862 1.8202564736 80.9149506116 8.04373005475 0
42 2.9730989933 71.804616 53.279503 1.6643548 77.6581962283 132.882384361 0.704216087962 79.8178120631 -55.0118959469 0
45 3.02075600624 71.568933 57.324136 1.642571 109.688335272 70.0020952352 -1.74837370234 40.1723720972 165.713179994 0
48 3.33444190025 71.37336 61.652431 1.6431927 55.5398539799 111.292662461 -0.706976464813 52.1042463954 -134.654774286 0
51 2.98485016823 71.165072 65.844712 1.6344026 134.447198761 54.8507662381 0.26998286723 64.230011761 -78.1754921721 0
54 3.12337112427 70.960331 70.343426 1.6128178 47.558898324 87.6264712998 -1.32017677017 29.0917635444 -168.048210206 0
57 3.38934993744 70.885213 74.631613 1.6236159 77.5773253935 104.099060713 -0.979424648453 30.2177901739 -149.143237328 0
60 5.90963602066 70.832043 79.069602 1.6124517 106.127459858 139.144505611 0.192531973314 69.6761113661 -81.3554075865 0
63 3.4833240509 70.841819 83.283634 1.5826474 57.1699075714 110.093867285 -2.21509588817 30.0950123923 142.405337914 0
66 2.96065998077 70.897044 87.066595 1.5142468 46.6319353206 131.043482371 2.69506946621 50.2271054516 67.6561551274 0
69 3.06612181664 70.898205 87.488163 1.2381173 45.7040190678 132.838813723 2.62664643256 51.878979614 79.5568590265 0
72 5.9145720005 70.648486 87.373684 0.94938085 55.9045871325 107.254060958 -2.93813574586 24.7509988042 137.26170627 0
75 5.95504283905 70.490448 87.162959 0.64684814 49.4471525544 70.3145253491 -2.84938510895 26.9571882751 159.680590642 0
78 3.95907688141 73.090524 88.460194 0.4660111 52.3944136273 106.257209214 2.95660936668 27.2958373215 142.700769143 0
81 3.74838709831 76.750616 90.291223 0.4640309 48.5046187609 108.560729381 2.965329392 33.6394295942 143.313846894 0
84 3.28063797951 80.704264 92.172539 0.45240664 41.5777961761 109.767293542 2.8828757249 42.9005346326 139.255620802 0
87 5.19722604752 84.637734 93.972859 0.42386385 113.053794323 62.2236627092 1.77163423241 42.6084962115 77.2215546646 0
90 4.30884504318 88.678811 95.730817 0.41656148 98.5769675107 91.7025357993 -3.04978057444 10.686465821 161.393229932 0
93 2.95445609093 92.647535 97.41769 0.40779386 24.1524905828 71.0086815038 -3.04385150778 73.409855193 162.235288051 0
96 2.99949407578 96.759828 99.128022 0.39320766 7.64565007665 47.4905805189 2.41687212914 102.993990454 115.947433232 0
99 3.02099394798 100.07577 100.58602 0.32958371 102.683634878 60.1746731564 -1.58625217812 40.4954060719 -109.769310629 0
102 3.07071995735 100.12714 100.52966 0.1390585 105.614854839 60.1904800084 -1.62219293252 40.7107412921 -100.912273745 0
105 2.98836898804 100.08551 100.52401 -0.14356162 13.6464845241 70.4606925483 2.59689584013 91.5178025383 157.016646401 0
108 3.03344202042 99.772178 100.71077 -0.40700642 95.9660917253 103.683797547 -0.371367169607 4.82961546328 2.0419786325 0
111 3.32865810394 99.760338 100.7618 -0.66729138 79.454078636 49.7321727208 -0.725417820949 54.9214623769 -3.33039974447 0
114 3.0799908638 99.638101 100.95548 -0.8821311 84.3186925665 17.2218676636 1.66877220659 85.1234521718 146.155993414 0
117 3.89890193939 99.549051 101.11221 -1.1251977 105.211727971 60.2267248303 -2.97505647829 41.275765384 -105.989100691 0
120 4.28557896614 100.80276 98.46873 -1.1938854 83.5863886575 53.7641238951 -2.17377152314 47.9051693369 -56.1433392595 0
123 4.52119803429 102.35582 94.496879 -1.1822805 125.205295892 49.1854476709 -1.639313182 50.746668439 -26.186043778 0
126 4.94014811516 103.84912 90.431736 -1.1842505 101.637923047 92.9276214503 -1.19430385096 3.33449188705 -0.576014579841 0
129 4.55843305588 105.46668 86.336829 -1.1831903 103.32946984 89.4628349723 -1.10897425412 3.78676387005 4.25226620094 0
132 5.87414598465 106.96067 82.891423 -1.1821311 104.866156203 83.4855127072 -1.12472444565 2.17713817346 3.28915901043 0
135 3.78785800934 108.13488 79.987125 -1.1809983 106.660291304 80.4972462748 -1.15922399991 1.56033186733 1.24757549673 0
138 2.91365408897 109.11096 77.465416 -1.174964 107.339736008 77.9869140736 -1.04682725647 1.84640046289 7.34169460466 0
141 3.81950116158 110.00241 75.115832 -1.1797573 110.187346889 77.1083309238 -1.17412636107 2.00106312099 0.322629035353 0
144 3.92799592018 110.9669 72.896666 -1.1819268 110.199058117 74.5568693001 -1.10652798411 1.82916815949 4.32003393053 0
147 3.6608080864 111.79529 70.750926 -1.1680053 108.858363152 73.6156351525 -1.09458738286 4.10269397303 4.20653679254 0
150 4.24946808815 112.62755 68.634671 -1.166408 110.111003663 71.3457289237 -1.17167240845 3.69903237786 -0.301628386016 0
153 3.09047007561 113.50263 66.493746 -1.1746568 110.524814258 69.5784331232 -1.14265171431 4.28750291421 1.83375633286 0
156 2.94109487534 114.39844 64.423702 -1.1690506 113.520587641 68.0083183895 -1.13721970653 3.69054188767 1.8237758542 0
159 2.92391300201 114.9392 62.935672 -1.1627449 114.05638402 65.3443795072 -1.1377796754 2.56539196013 1.43040200415 0
162 2.95895814896 115.58582 61.52951 -1.1720902 114.118789631 63.4753349658 -1.14548714976 2.43688590213 1.52424250105 0
165 2.95309495926 116.16312 60.165609 -1.1710096 114.184233369 62.5709049548 -1.14024491601 3.11471361914 1.76268655051 0
168 3.51011109352 116.71267 58.758483 -1.1690165 114.469552313 62.0296272511 -1.16248766705 3.96635369963 0.374074573185 0
171 5.83351898193 117.29804 57.404001 -1.1730259 114.843684398 60.8514435465 -1.15125644846 4.23186974447 1.24729769547 0
174 4.9074921608 117.3062 57.346669 -1.1782941 114.879413559 61.0632065241 -1.19674439006 4.43868714798 -1.0571237512 0
177 5.843791008 117.30973 57.394113 -1.1925087 115.198995249 59.5365636413 -1.24358323179 3.00753984835 -2.92635511208 0
180 5.93157911301 117.3509 57.478875 -1.2542253 115.843275328 61.7012347384 -1.35276871917 4.48344219456 -5.64612201711 0
183 5.9111161232 117.31554 57.561663 -1.3141336 115.303734215 62.5436998337 -1.33457394145 5.37289991797 -1.17114529694 0
186 5.87406897545 117.31761 57.625945 -1.389572 116.00873441 60.6947729222 -1.40234761052 3.33629437047 -0.731988563656 0
189 5.84168410301 117.34247 57.653648 -1.4539696 115.155338227 61.2373237603 -1.48198525202 4.19836603311 -1.60517862106 0
192 5.98431611061 117.36058 57.739095 -1.5147103 115.572201676 60.2003792249 -1.54389461882 3.04240317292 -1.67213829647 0
195 5.90973711014 117.34118 57.80351 -1.5718326 114.893322022 60.9791255977 -1.53481925915 4.00955647208 2.12070821627 0
198 5.5867960453 117.32521 57.826191 -1.6475747 116.509894451 61.3065381097 -1.63445832706 3.57457066627 0.75151281175 0
201 3.25504612923 117.28663 57.948056 -1.7072698 116.881335141 61.2536435157 -1.60594855039 3.33034123576 5.80527997782 0
204 5.89389610291 117.37131 58.006137 -1.7818651 116.316828912 60.0729151809 -1.67139181424 2.32023757707 6.32965302319 0
207 3.21213006973 117.40314 57.989067 -1.8555926 116.690652983 59.837310976 -1.70918777004 1.98081890734 8.38837885679 0
210 2.78869795799 117.02719 57.008887 -1.8977403 117.236259124 59.9977099688 -1.80805427467 2.996126272 5.13863073266 0
213 2.77553582191 116.38504 55.250118 -1.9095407 115.81310884 56.4182337296 -1.79044340821 1.30061508904 6.82377217082 0
216 2.8219408989 115.67443 53.450651 -1.9075572 115.053657408 55.9565349773 -1.64707447174 2.58162993445 14.9245609651 0
219 2.82015299797 115.02136 51.574537 -1.9165104 115.503083943 52.6907855886 -1.95410238792 1.21575855709 -2.15386225114 0
222 3.06794309616 114.35753 49.684701 -1.9233127 113.430831082 51.2486824129 -1.8833430896 1.81791329378 2.29008998457 0
225 3.34973216057 113.59486 47.870819 -1.9110101 113.659051093 48.9391441376 -1.86946465105 1.07025188443 2.38037888272 0
228 2.94067502022 112.87829 45.986656 -1.9118326 114.384271077 45.3475954302 -1.75023037714 1.63596375791 9.25912532971 0
231 3.80735516548 112.17059 44.128463 -1.9122248 114.612029731 43.8450568611 -1.79569786918 2.45783380245 6.67650133544 0
234 5.82616591454 111.43202 42.277019 -1.9027456 112.316276771 40.6694031748 -1.77612242818 1.83475847967 7.25497333413 0
237 6.01285409927 110.82393 40.37458 -1.9174412 112.630678762 39.9327821566 -1.77567140603 1.85998022153 8.12281085708 0
240 5.92535090446 110.14399 38.567468 -1.912432 112.231210669 37.9761664309 -1.82524796003 2.16936111943 4.99527753099 0
243 4.58327698708 109.42625 36.696167 -1.9074722 109.47632903 38.0221917711 -1.92113848386 1.32697008365 -0.783020386658 0
246 2.81776714325 108.96452 35.308972 -1.917648 110.275632757 36.5999716935 -1.85939234141 1.84002632344 3.33780336984 0
249 2.78549695015 108.91335 35.330429 -1.9171391 109.722145847 36.8503044289 -1.93981321824 1.72167710132 -1.2991312796 0
252 2.7847969532 108.9585 35.348205 -1.9450374 108.432607229 37.7684716906 -1.97928464692 2.47674263108 -1.96222270856 0
255 3.49209713936 108.97674 35.368834 -2.0165302 108.400769203 37.2586419369 -2.04590485319 1.9756306329 -1.68304365264 0
258 3.39081597328 108.99865 35.397074 -2.0803106 108.022465644 37.4110077524 -2.14091563803 2.23804938642 -3.47241289621 0
261 2.84111309052 109.05048 35.474836 -2.159245 109.299286853 38.6111011246 -2.12612210287 3.14611884425 1.89780221101 0
264 2.9334769249 109.09365 35.518169 -2.2238592 109.007882494 38.4123948018 -2.26759629022 2.89549634034 -2.50595067789 0
267 2.91868901253 109.14301 35.568827 -2.2920109 110.128417586 36.8956788134 -2.28920458772 1.65274433783 0.160789849574 0
270 2.97961306572 109.24021 35.586114 -2.3597618 109.518331766 36.2258962568 -2.41670481293 0.697619561868 -3.26259431387 0
273 2.96100306511 109.32691 35.57971 -2.4292889 109.028527988 37.2629029655 -2.43393632089 1.70943569176 -0.266277602718 0
276 2.9542028904 109.34422 35.612178 -2.4970016 108.872831332 37.8714766972 -2.45610502207 2.30795101318 2.3432013119 0
279 2.96674489975 109.45255 35.562283 -2.5751384 111.176400725 36.9105453999 -2.57333306062 2.18848642251 0.10343832678 0
282 2.95806503296 109.51035 35.610832 -2.6455993 110.346366782 36.5752922811 -2.60555494673 1.2763650314 2.29437243598 0
285 2.99111580849 109.52669 35.619453 -2.7060079 109.152125765 37.2978324223 -2.53637727299 1.71966736651 9.71911900391 0
288 4.68815302849 109.56751 35.667144 -2.7779359 109.212964309 36.3220158783 -2.63401794786 0.74468773601 8.24589125356 0
291 2.83022499084 109.58407 35.725569 -2.8421247 110.721979115 36.0645385033 -2.69510509244 1.18732366171 8.42360301875 0
294 2.95086097717 109.62066 35.728072 -2.9074408 110.095505956 36.4929811083 -2.77325825622 0.900313626469 7.68809344299 0
297 2.98330521584 108.40689 35.538158 -2.9474042 108.40642631 36.0197625466 -3.02168229507 0.481604769834 -4.25582135763 0
300 2.98942399025 106.63579 35.154474 -2.9731605 106.106134628 37.1715134209 -2.83830097934 2.08542150144 7.72688136107 0
303 2.94434309006 104.74277 34.838538 -2.9724974 105.587570687 36.3720767874 -2.87276266232 1.75083677499 5.71437953997 0
306 2.97086501122 102.71686 34.507066 -2.970186 103.913951854 36.4768080499 -2.80257063639 2.30497562904 9.60365291633 0
309 2.9423019886 100.87602 34.149296 -2.9774562 102.072857515 35.0679420557 -2.84569508185 1.50875134237 7.54935597399 0
312 2.97116088867 98.917573 33.856952 -2.9648121 98.1358889345 35.4451308816 -2.8379590101 1.77012489341 7.26814666967 0
315 2.97396397591 96.872255 33.519705 -2.9713846 96.5441597304 34.2070883002 -2.92581828567 0.761670734138 2.61075749883 0
318 2.97886514664 94.700759 33.157106 -2.9752463 94.5939964918 34.0726907961 -2.86876075938 0.921788344426 6.10117205694 0
321 2.95100903511 92.656194 32.878926 -2.9695623 92.3586129649 35.1443203444 -2.88290309283 2.28485579593 4.96520682664 0
324 2.96946406364 90.628889 32.525228 -2.9736018 90.0755032364 33.5311798119 -2.92827871768 1.14811796051 2.59682133169 0
327 2.94593596458 88.510396 32.191288 -2.9695852 87.3685696586 33.5932805217 -2.92841723958 1.80813451513 2.35875038323 0
330 5.71431398392 87.334812 32.006658 -2.9896435 86.2018924745 33.9538638935 -3.01000215354 2.2528021313 -1.16646492467 0
333 5.86178302765 87.328365 31.983283 -3.0015998 86.5762184869 34.3552205009 -3.02541284965 2.48833516339 -1.36438724251 0
336 5.94241714478 87.328448 32.00285 -3.0442403 86.4856644124 33.8248995277 -3.09896091695 2.00752301532 -3.13526040358 0
339 5.91494703293 87.480424 31.977098 -3.121648 86.3339246227 33.9354907295 3.06624209358 2.26930890474 -5.46001354728 0
342 2.82017421722 87.509332 32.088761 3.0972389 86.8129070812 34.8387188991 -3.07389969407 2.83677212942 6.41980376927 0
345 2.81725692749 87.537767 32.004513 3.0032565 86.065021161 34.8730860662 3.08211283559 3.22454519934 4.51813521741 0
348 2.8169939518 87.588829 31.971963 2.902116 85.4462434579 34.2161180033 2.88470074167 3.10272533165 -0.997820801544 0
351 2.80476593971 87.696053 31.883789 2.7788249 85.7219518218 33.7002747584 2.87473028095 2.68266583317 5.4949735609 0
354 2.84907698631 87.777704 31.698119 2.6376296 85.6054211613 36.6386114909 3.0411547524 5.39696940739 23.1202881599 0
357 5.18331384659 87.896098 31.65995 2.4917922 47.8229414973 71.3041303329 -2.09615318123 56.369485596 97.1300930192 0
360 5.87671589851 87.958395 31.594625 2.366513 86.3628422891 34.6202411775 2.50990663786 3.4205469894 8.21585025869 0
363 5.90376400948 87.964094 31.460561 2.2184109 86.0202579065 34.3894901143 2.47686279119 3.51527019091 14.8082025721 0
366 3.66846084595 87.708527 31.831987 2.1125682 87.5834742778 35.6171622128 2.516233871 3.78724036402 23.1283392824 0
369 2.80696606636 86.721318 33.612273 2.0920166 85.7894503814 36.1715984114 2.43228643853 2.72369671954 19.4960256431 0
372 2.79565501213 85.724716 35.405361 2.0873093 83.8615746165 36.669866243 2.211104878 2.25172585466 7.09296414173 0
375 2.79324793816 84.755772 37.248267 2.0862059 81.4381271349 39.4521929081 1.87749949236 3.98297085845 -11.9579963151 0
378 3.00358605385 83.690185 39.149374 2.0868314 81.6113250655 41.078306554 2.1521262237 2.8359195026 3.74111782194 0
381 5.86767101288 82.666747 40.97523 2.090975 81.2919125697 40.6903790194 2.00918237876 1.40403340131 -4.68637199248 0
384 5.86090111732 81.635815 42.877142 2.0910396 79.7320396754 42.9189012191 2.12735428444 1.90423326272 2.08067815305 0
387 5.88889598846 80.624097 44.699122 2.0805048 79.9042054661 45.3292220891 2.19851139978 0.956697414513 6.76128012225 0
390 5.94863080978 79.602515 46.546403 2.0762437 77.8049439303 46.4973468528 2.20055801538 1.79824032219 7.12268560421 0
393 5.9334230423 78.599692 48.40129 2.0808805 77.3137229923 49.148204488 2.14287254396 1.48714408894 3.55188248237 0
396 3.57660293579 77.532669 50.298142 2.0919608 76.2713615109 50.1610070516 2.13393947049 1.26874054725 2.40520064841 0
399 2.78573393822 76.53881 52.074716 2.0854653 75.8971206829 53.2891978372 2.11271375153 1.37358338391 1.56122127121 0
402 2.78209018707 75.533974 53.92833 2.0838411 74.7588632926 54.759154644 2.11561005243 1.13625093964 1.82022689358 0
405 2.79549193382 74.451304 55.860797 2.0823704 74.3159801639 55.9456446274 2.06734227772 0.159723700421 -0.861047980581 0
408 2.7837138176 73.464188 57.689364 2.0801622 72.197158866 57.3484743651 2.19177430365 1.31208558016 6.39490248185 0
411 2.84442090988 72.461178 59.521835 2.0808323 70.1634061991 58.3475204028 2.18349043197 2.58045926574 5.88187769459 0
414 2.98107504845 71.469371 61.42577 2.0898858 69.7772379578 62.6429774475 2.12887205762 2.08444433913 2.23374802048 0
417 2.94548010826 70.386885 63.322712 2.0827703 68.5817511619 62.2507638838 2.15330459582 2.09942395365 4.04131746121 0
420 2.96010398865 69.38246 65.186025 2.0922796 67.2229896472 65.32292674 2.17014194847 2.16380551139 4.46118395059 0
423 2.95449614525 68.400253 67.014087 2.0893798 65.5669641794 66.965249949 2.10694945426 2.83370968849 1.00666703654 0
426 2.97153401375 67.30799 68.901204 2.089526 64.5238827223 68.8280481441 2.12053125203 2.78506824203 1.77647008409 0
429 2.96638607979 66.315197 70.741557 2.0869248 63.2055820947 70.3715381086 2.11599188501 3.13155214542 1.66542129406 0
432 2.94700813293 65.281228 72.464006 2.0745737 62.5414757729 72.8328531708 2.07031692752 2.76446929828 -0.243895097642 0
435 2.95863890648 64.283593 74.421326 2.0918621 61.2945619285 74.0257436763 2.08438706821 3.01509404853 -0.428287773262 0
438 2.94783687592 63.28447 76.191493 2.091939 60.3863057858 75.8899057496 2.13719329411 2.91381376928 2.59288005717 0
441 2.93833494186 62.204887 78.125252 2.0893553 58.919333816 77.8368360426 2.14069727221 3.29818790995 2.94167831974 0
444 2.96052289009 61.273659 79.948227 2.0960183 57.5675996781 79.4013122979 2.11194170342 3.74619692336 0.912343811556 0
447 2.92707395554 60.19879 81.787566 2.089809 58.1263563751 81.5739622582 2.11743847775 2.08341251028 1.58305246532 0
450 2.94600701332 59.161438 83.629466 2.0974137 57.1081022415 83.3195800898 2.08815874064 2.07658782973 -0.530270110934 0
453 2.91147208214 58.11891 85.485673 2.0964985 56.3786387352 85.3951051722 2.09064508874 1.74262635306 -0.335375760971 0
456 5.75310897827 57.036783 87.336936 2.0992423 54.9594846537 86.9395238515 2.06112479517 2.11497159207 -2.1839721521 0
459 5.83925700188 56.357629 88.602308 2.124456 54.8231249314 87.1549644506 2.08342504045 2.10938523901 -2.35090081138 0
462 5.92646789551 56.200217 88.720884 2.2094598 54.9623704854 88.4734969632 2.17213212188 1.26232497385 -2.13871841557 0
465 5.49695205688 56.199637 89.07416 2.3631742 52.9178351554 88.0092097128 2.32163004116 3.45026701309 -2.38030496508 0
468 2.80254101753 56.109511 89.161307 2.4869631 53.0105575754 88.257155178 2.44320748192 3.22815780979 -2.50701224624 0
471 2.7899851799 56.023191 89.233423 2.608836 52.1341818388 89.4802089974 2.59746657359 3.89683148008 -0.651420148949 0
474 2.78520703316 54.873312 89.789936 2.6823278 51.763411579 89.1682341571 2.67755626139 3.17143403056 -0.273389023898 0
477 2.78998589516 52.997249 90.667048 2.6986067 48.7772558004 89.4301928177 2.65119564831 4.39751672499 -2.71645316422 0
480 2.90162491798 51.122563 91.609157 2.7018871 47.8284430592 90.6624517429 2.73323677618 3.42745926723 1.79620413445 0
483 2.94460892677 49.137432 92.566213 2.7007601 47.2340840136 92.0824890305 2.66708062513 1.96385397524 -1.92969176646 0
486 2.96461701393 47.308569 93.452781 2.7003868 43.9736443793 92.3900934006 2.69225255425 3.50014673404 -0.466057951194 0
489 2.97337388992 45.360782 94.336008 2.7008969 42.6827517729 93.9693746247 2.69151308472 2.7030105307 -0.537653011555 0
492 2.95424985886 43.468079 95.251019 2.7064338 40.9502754877 93.0499693301 2.73253665113 3.34424194337 1.49558320318 0
495 4.59715604782 41.590918 96.131677 2.7064065 39.9129380653 94.4482650528 2.72749255618 2.37686609744 1.2081420256 0
498 3.05184388161 39.606214 97.06058 2.704478 35.328124584 96.0573038991 2.66161802117 4.39415657278 -2.45569589697 0
501 3.18645215034 37.718719 97.944153 2.696243 34.5466976743 97.0523576092 2.75011483324 3.29499898483 3.08662867937 0
504 5.89451503754 35.769603 98.891663 2.7044976 33.7065224841 96.896417557 2.74964236934 2.87007065994 2.58660475016 0
507 5.8837749958 33.862509 99.822852 2.7013631 30.8856642329 98.6313774736 2.74245690568 3.20643358181 2.35450162981 0
510 5.89164304733 31.979521 100.73965 2.7066945 28.1569738383 99.2527281384 2.76018571205 4.10156109621 3.06482069172 0
513 3.64375114441 30.015598 101.64307 2.7044148 26.9787638023 99.9701132973 2.75184689832 3.46715244453 2.71765904729 0
516 2.78120708466 28.083667 102.5122 2.7038251 26.16879394 101.361874301 2.72107470697 2.23382811561 0.988329677885 0
519 2.77606797218 26.231599 103.44351 2.6987262 23.3541884603 102.374207792 2.75379040225 3.06967402616 3.15494639094 0
522 2.77312111855 24.326425 104.3449 2.7056645 21.1315094684 103.390063075 2.70071602024 3.33454626703 -0.283527005183 0
525 5.45234394073 23.072168 104.95788 2.6888385 19.4298892755 104.581910824 2.65634592073 3.66163175757 -1.86168765788 0
528 5.87601399422 23.059574 104.94595 2.6093304 19.0618255139 104.858244572 2.57309104963 3.99871044218 -2.07636182872 0
531 3.04708886147 23.148655 105.02795 2.4881616 18.3440741786 104.937572237 2.45419501662 4.80543078291 -1.94614187191 0
534 2.7917611599 23.15609 104.97342 2.3614352 17.9136068604 104.185849166 2.36754953295 5.30131090265 0.35032547272 0
537 2.75181794167 23.189116 104.80794 2.2179164 18.3974979407 103.984336029 2.18895952261 4.86188514135 -1.65910686234 0
540 2.84653997421 23.170444 104.45908 2.0515088 18.7950794553 104.159982422 2.05739596705 4.38557570452 0.337309825088 0
543 2.94868707657 23.203193 104.36781 1.9241471 18.8057892632 106.818699383 1.90928159226 5.03428429806 -0.85173085378 0
546 2.9619679451 23.268475 104.40083 1.8086424 19.1325668772 103.888371041 1.78032646809 4.16753526496 -1.62238339114 0
549 2.9567129612 23.269141 104.3114 1.6661585 18.3758125548 103.536058658 1.62023915928 4.95437356979 -2.63098442107 0
552 3.0066139698 23.273746 104.22596 1.531085 19.9365239367 105.235791403 1.61633538538 3.48666180772 4.88448728415 0
555 2.93682599068 23.201513 103.9692 1.3630267 18.6656859611 106.005297958 1.33655188687 4.97186301298 -1.51689505578 0
558 2.96265816689 23.573375 105.47089 1.3112874 19.9193407705 105.770867492 1.35038675998 3.66632686022 2.24022830842 0
561 5.36782693863 24.091257 107.45193 1.3021436 19.1773336693 106.49909179 1.39063898378 5.00545134379 5.07041199725 0
564 5.86130285263 24.69734 109.54228 1.2971878 20.6929832677 108.629401605 1.26509332244 4.10709383921 -1.83887811 0
567 4.42844891548 25.24514 111.62222 1.291934 21.9960507364 111.216071797 1.3539813121 3.27437588027 3.55504911319 0
570 2.77565789223 25.838263 113.71051 1.2925571 22.4244710403 113.414816646 1.27891923409 3.42657410595 -0.781392158283 0
573 2.75951910019 26.485855 115.66064 1.2984976 21.5849582257 115.469591479 1.27111982604 4.90461912181 -1.56863090039 0
576 2.78646802902 26.666562 116.70228 1.2516028 21.8193010884 117.333201033 1.2435742172 4.88814890277 -0.460003909897 0
579 2.94360899925 26.671044 116.66524 1.1445574 23.0308813603 115.325261479 1.13547304291 3.87895945843 -0.520495320802 0
582 2.97900700569 26.68282 116.71548 1.0360889 23.266176736 115.766086441 1.00742406233 3.54609635012 -1.64237421909 0
585 2.95196485519 26.598988 116.54426 0.86252405 22.1553236644 115.641751768 0.855333441878 4.53438792305 -0.411991497521 0
588 2.96162390709 26.490987 116.49462 0.72378221 22.6645932927 115.993104438 0.722127768296 3.85911993369 -0.0947925270922 0
591 2.96701598167 26.414554 116.44154 0.58967497 21.7061084292 115.377375465 0.597789149272 4.82720476585 0.464908226499 0
594 2.94530200958 26.30131 116.37003 0.43724496 21.8956378957 117.149565245 0.503787188858 4.47410570827 3.81258887297 0
597 4.50631999969 26.176025 116.35464 0.31453037 21.5934405296 116.276371241 0.361165656675 4.58325282159 2.67200510287 0
600 5.84202194214 26.088883 116.46581 0.14702743 21.5337191426 116.445797994 0.174713188398 4.5552078161 1.58627710885 0
603 5.95920801163 25.977812 116.45377 0.019989929 21.8123802697 115.746508069 0.109914204336 4.22504922319 5.15228145254 0
606 5.48146700859 25.890585 116.45549 -0.11586106 23.2703274667 115.726717087 -0.0222056608293 2.71971680497 5.3660591011 0
609 2.77380108833 27.617035 116.21759 -0.13548047 24.4859581702 116.399733131 -0.041687571759 3.1363702323 5.37393721751 0
612 3.14735293388 29.732468 115.90829 -0.14344069 26.8229578058 116.02384761 -0.100236862219 2.91180410252 2.47539699069 0
615 2.77308082581 31.744289 115.6014 -0.14068963 28.2732521041 114.222431762 -0.0976656475812 3.7349230963 2.46509261044 0
618 2.76797413826 33.87565 115.27561 -0.13567301 29.9123241401 115.01519404 -0.0896745541178 3.97187214595 2.63551738617 0
621 2.83195996284 35.936054 114.9269 -0.14240112 33.3552583654 114.858338057 -0.119401263951 2.58170618924 1.31779468102 0
624 2.94884991646 38.113735 114.67885 -0.14674677 34.1271148858 114.106912117 -0.0695774082887 4.02743750754 4.42147873378 0
627 4.25280785561 40.163768 114.30534 -0.14012204 36.4150131783 114.578367447 -0.0929240643448 3.75868417131 2.7042448066 0
630 2.81714582443 42.346763 113.98058 -0.16006212 39.1950215801 114.392445042 -0.103738631768 3.17853846772 3.22709816316 0
633 5.55274891853 44.341947 113.67079 -0.15507802 40.6299146957 114.423233974 -0.0425934892854 3.78752633804 6.44488887046 0
636 4.6952290535 46.544067 113.30502 -0.15009707 43.1662737929 114.240827162 -0.0727445794814 3.50502810186 4.43197124154 0
639 2.76088809967 48.557097 112.97025 -0.14631805 45.3763404544 114.330172783 -0.085550829707 3.45927769587 3.48170525553 0
642 2.78409910202 50.586062 112.64729 -0.14866611 48.0151517276 114.165468372 -0.0479795537779 2.98570681704 5.76891472524 0
645 2.89926195145 52.747394 112.3225 -0.14488479 49.3760727758 114.337021773 -0.0541247032969 3.92735340517 5.20016991633 0
648 2.94918394089 54.919709 111.95097 -0.14565598 51.2479821942 114.094260767 -0.0497284927932 4.25150244586 5.49624015624 0
651 2.95318198204 56.9199 111.70562 -0.14317608 54.04861068 113.265702293 -0.0497355848927 3.26774526546 5.35374600526 0
654 2.90921902657 58.963864 111.32719 -0.14485493 56.0755026136 113.315363534 -0.0830269939773 3.50648905592 3.5424797901 0
657 2.94124412537 61.070196 111.0267 -0.15209978 58.5479968197 112.266368507 -0.117101579977 2.81038550982 2.00524915185 0
660 2.91298389435 63.25691 110.67843 -0.1447313 59.6979898362 111.705322007 -0.113119927206 3.70410851977 1.81119824571 0
663 2.9300160408 65.338645 110.4192 -0.14848438 60.7755967509 112.085907293 -0.144830867793 4.85791339211 0.209330829873 0
666 2.93200707436 67.412523 110.08404 -0.1445869 63.6147649004 111.785740341 -0.11872235138 4.16158030472 1.48192947495 0
669 2.95583415031 69.507235 109.73429 -0.15139682 65.6187643211 111.43875073 -0.11647582051 4.24563194356 2.00082588713 0
672 2.94983196259 71.647859 109.39116 -0.14906575 68.3726565724 111.725833331 -0.0786916966117 4.02214501275 4.03213624638 0
675 2.95006489754 73.702975 109.06139 -0.1559357 69.5480201885 110.797367667 -0.0879739568082 4.50302875236 3.89392105324 0
678 2.95138907433 75.754203 108.72815 -0.15045699 71.7431712802 110.248190776 -0.147637988221 4.28939382886 0.161516904396 0
681 3.99671411514 77.860742 108.43703 -0.15243836 74.2326629231 109.976596609 -0.164220049259 3.94122102043 -0.675041070097 0
684 2.86580395699 79.97813 108.08555 -0.15170568 75.4599337275 108.777747153 -0.134492151064 4.57091177496 0.986262558556 0
687 2.92396187782 82.120618 107.73965 -0.14888428 77.9071840218 108.812812896 -0.15695953358 4.347954058 -0.462677948612 0
690 2.93783593178 84.192494 107.42985 -0.14593359 81.2401156083 108.057045651 -0.153971148357 3.01826316813 -0.460518171456 0
693 2.93809390068 86.28045 107.15458 -0.15823172 82.2213700598 108.680482335 -0.134406143901 4.336416481 1.36510495495 0
696 2.94760489464 88.385341 106.75858 -0.15035877 84.6132664751 108.024043631 -0.0815369257192 3.97868626838 3.94320121559 0
699 2.93525791168 90.512184 106.42958 -0.15443508 87.2185610558 109.113951088 -0.125081166641 4.24897637513 1.68185534765 0
702 2.94105696678 92.541412 106.11165 -0.15857271 89.4141071176 108.856622929 -0.121475085312 4.16111910516 2.12553732456 0
705 2.95534396172 94.624435 105.7799 -0.14991569 90.8676912833 108.291951614 -0.0856343517858 4.51923961137 3.68304938113 0
708 2.95987415314 96.812614 105.41142 -0.16008539 93.420002798 107.61226745 -0.154463944542 4.04395107107 0.322085099506 0
711 2.95749592781 98.833392 105.05687 -0.15857643 94.4138800514 106.825903113 -0.14205592464 4.76041637028 0.946555232567 0
714 2.94886493683 100.9283 104.72764 -0.15390186 94.7401581125 107.301869037 -0.150831787903 6.70222016607 0.175902173977 0
717 2.9726099968 103.02648 104.38009 -0.15580909 98.1688603263 106.676480652 -0.129968960415 5.3730697855 1.48053036727 0
720 3.6338801384 103.56436 104.3046 -0.21764658 99.008323234 106.566534068 -0.225574480087 5.08663117813 -0.454235215399 0
723 5.86745595932 103.46604 104.39779 -0.32798619 98.5924297878 106.764695362 -0.355739602059 5.41796248542 -1.59015337807 0
726 5.90682005882 103.43166 104.43448 -0.46455789 99.2268693955 106.776628883 -0.470052754967 4.8130993569 -0.314832571592 0
729 5.91019296646 103.35806 104.51276 -0.60050128 98.2460019932 106.056846396 -0.590777082166 5.34016290594 0.557155495037 0
732 5.90046191216 103.30537 104.5712 -0.75278089 101.280531093 106.763309512 -0.70054775048 2.98417772773 2.99273844522 0
735 5.94697403908 103.24477 104.73622 -0.88717849 100.765150603 106.956688355 -0.749633987479 3.32851198993 7.88071948969 0
738 5.93156504631 103.11543 104.83266 -1.0218313 100.424398005 107.043890858 -0.984888733211 3.48298652069 2.1166531614 0
741 5.84219408035 103.3336 104.43355 -1.1359167 99.0815629406 107.357404196 -1.07074773372 5.16030449796 3.73390672335 0
744 3.76944303513 104.18264 102.5184 -1.1499809 101.344398303 104.80996892 -1.08162339489 3.64786294232 3.91659654075 0
747 2.78171610832 105.02068 100.61649 -1.1544373 102.163769128 102.525700746 -0.990840167817 3.43613524225 9.37342521455 0
750 2.78856897354 105.97315 98.645528 -1.1675657 104.087161382 102.069497945 -1.09545299772 3.90903098564 4.13175349016 0
753 2.77663803101 106.66644 96.709247 -1.154133 105.235745658 99.5375990592 -1.10040908266 3.16961538229 3.0781537227 0
756 2.80040502548 107.65453 94.805864 -1.1707179 104.73315226 97.2016125202 -1.12288148042 3.77810254927 2.74082494898 0
759 3.48149704933 108.36584 92.821603 -1.1639211 106.146581536 95.1175006868 -1.11257495101 3.19315742116 2.94191763113 0
762 5.87525010109 109.18739 90.932737 -1.1605274 108.147230082 92.4659515512 -1.19336723672 1.85274917781 -1.88158404414 0
765 4.6978969574 110.00551 88.971931 -1.1631703 107.961511686 90.5372682558 -1.09278173968 2.57453099266 4.03296743245 0
768 2.80894112587 110.83946 87.051439 -1.1600004 109.577003425 88.4839509004 -1.11560398703 1.90942057914 2.54372708875 0
771 2.78510308266 111.68317 85.129972 -1.1502451 110.798746718 87.5192185719 -1.08623214321 2.54768595448 3.66767225802 0
774 2.89034509659 112.49307 83.177328 -1.1488654 110.554255271 86.1386716058 -1.08624862039 3.53957038439 3.58767719811 0
777 2.89760398865 113.40329 81.226755 -1.149046 112.081420569 83.5086176605 -1.10973059643 2.63708854521 2.25260669444 0
780 2.96915006638 114.20236 79.347389 -1.1522317 110.720941346 82.2121738269 -1.15009197777 4.5085771533 0.122597052841 0
783 2.99883890152 115.10134 77.33273 -1.146946 113.457759526 79.0521417253 -1.13764206957 2.37859905288 0.533075946793 0
786 2.97296881676 115.87569 75.433999 -1.1405871 113.549994491 78.0702364863 -1.1111172049 3.51548114553 1.68850061205 0
789 2.97143411636 116.74641 73.521868 -1.1514597 114.754293444 75.1234463182 -1.1215707328 2.55608714258 1.71251167458 0
792 3.16978001595 117.66191 71.592443 -1.1472421 115.581692502 73.5838902831 -1.10047425349 2.87978595007 2.67960022173 0
795 4.70191383362 118.47567 69.543126 -1.1411103 116.768130695 71.242145517 -1.1210948224 2.40880837718 1.14680239147 0
798 2.78462719917 119.32773 67.660396 -1.1493947 117.207739369 70.9881080343 -1.12013200062 3.94563399955 1.67662917172 0
801 2.92837786674 120.23613 65.736718 -1.1477983 118.709356914 68.7750854029 -1.08010991477 3.40039887825 3.8782587957 0
804 4.7776350975 121.05504 63.851108 -1.1435448 119.074643526 65.9367310013 -1.04127467013 2.87607258194 5.85964681178 0
807 5.84821796417 121.9387 61.889647 -1.1416966 120.232371436 63.8356505549 -1.13512997688 2.58814354422 0.376239790661 0
810 2.78834414482 122.75206 59.947854 -1.134592 121.112055986 62.7787189479 -1.11734839762 3.27160656521 0.987985639881 0
813 2.78843593597 123.61313 58.017737 -1.1345099 122.471574448 61.3625527459 -1.08442491047 3.53425260149 2.86965851696 0
816 2.84647393227 124.50226 56.14403 -1.1250591 122.779654592 59.4408684702 -1.10706644708 3.71974640131 1.03090307474 0
819 2.95495510101 125.37031 54.195354 -1.1346431 123.606530739 57.5340842277 -1.12998390966 3.77598156975 0.266951942436 0
822 3.61473917961 126.19009 52.293812 -1.120627 124.375048164 56.6762791712 -1.11306028615 4.74345816597 0.433540768129 0
825 5.79951810837 127.09539 50.434417 -1.1252352 126.409273786 54.1550110193 -1.14163885187 3.78332860272 -0.939860020992 0
828 3.06415081024 127.94916 48.435924 -1.125081 127.225447923 51.330357838 -1.11152094046 2.98353924262 0.776934181633 0
831 2.77362513542 128.83417 46.49897 -1.1135569 127.462063121 48.8856826078 -1.11411250459 2.75301187043 -0.0318337980417 0
834 2.92109298706 129.69028 44.561049 -1.1141866 127.90476891 47.5298335377 -1.15318631124 3.46435152443 -2.23451885634 0
837 2.90828514099 130.6504 42.689185 -1.1179531 128.227157284 45.7555788326 -1.1244101251 3.90830863642 -0.36996028624 0
840 2.94208502769 131.56218 40.752166 -1.1133477 129.530512311 44.0855005023 -1.08700918912 3.90368960125 1.50908551191 0
843 2.95655417442 131.80181 39.159633 -1.0655485 131.713642542 43.4105884075 -1.09792724293 4.25186963313 -1.8551653158 0
846 3.69215989113 89.526265 39.287264 -0.26055386 132.345547162 41.3069300547 -1.10621314023 42.8668867059 -48.4527076632 0
849 5.88408493996 49.129117 22.860079 0.57174269 133.542013239 39.8416608927 -1.0850756612 86.1040717682 -94.9286989434 0
852 5.91563200951 45.693587 19.436118 1.0035584 134.468537235 41.056353059 -1.07298126476 91.3697233948 -118.976958782 0
855 4.4120528698 46.841947 21.209275 1.0214136 134.659564766 39.7923293139 -1.16288773852 89.7622632164 -125.151247882 0
858 2.78338289261 48.00008 22.972907 1.0079248 64.8099671705 104.7440033 3.07378428901 83.4810427394 118.365029787 0
861 4.2348408699 49.170996 24.731115 1.014741 32.7071635725 88.8434385911 2.05935154335 66.1925057273 59.851775369 0
864 2.80059218407 50.349541 26.532036 1.0144485 41.7939111711 84.6026170701 -0.224331369175 58.6974546943 -70.9768582495 0
867 2.82709097862 51.518278 28.351001 1.0069992 59.3202109735 105.540339116 -2.98542342404 77.5826274164 131.25103361 0
870 2.85231399536 52.642563 30.101924 1.0170679 57.5297460113 102.517273674 -2.87720975989 72.5800759585 136.874325836 0
873 2.94253206253 53.80357 31.912095 1.0183648 55.993880923 102.773264559 -2.79198947397 70.8950126116 141.682781652 0
876 2.96505498886 54.946688 33.671099 1.0064723 35.8959253938 102.59512076 1.54713294449 71.5084074184 30.9775730778 0
879 4.32663297653 56.161659 35.476636 1.0152563 35.4409901068 104.446184243 1.66777207104 72.0148922395 37.3863997461 0
882 2.88118314743 57.333476 37.252395 1.017552 92.6543407846 64.5327936365 -2.18741919204 44.6294032998 176.368677235 0
885 3.33882403374 58.434052 39.044555 1.0099164 86.7030032949 48.5593396899 3.07410181014 29.827248197 118.269112134 0
888 5.8951292038 59.558673 40.733157 1.0155176 57.6750115657 136.619033821 3.00846619132 95.904377138 114.187543069 0
891 5.88001704216 60.829575 42.673596 1.0256616 35.8847369807 111.924467761 1.65871104735 73.6065770394 36.271061556 0
894 5.90614390373 61.938983 44.298725 1.0235902 35.7895965433 114.934098031 1.63227442709 75.3202916572 34.8750372686 0
897 5.95307421684 63.08776 46.123861 1.0214801 109.768575414 70.0994281226 1.45074475038 52.4778653009 24.595052761 0
900 5.80976486206 64.233274 47.872937 1.026201 67.3414997452 79.6395023451 0.313349159282 31.9182665743 -40.8434018913 0
903 2.75746321678 65.367062 49.701179 1.0288308 72.5638690731 100.908531814 2.88762433716 51.7106083341 106.501024665 0
906 2.81450414658 66.47055 51.411163 1.0247772 69.9771904854 109.86760558 0.511912640444 58.5615249678 -29.3849747244 0
909 2.77844691277 67.601685 53.206336 1.0345375 130.010080377 106.212623469 0.590895189556 81.8808544458 -25.4188320019 0
912 2.77608799934 68.713633 54.989386 1.0321621 62.5208886183 65.4115822488 0.238643612812 12.1232115228 -45.4652602815 0
915 2.83381509781 69.889939 56.860516 1.0335194 124.994594618 104.320636624 0.64724684639 72.7254159182 -22.1317870636 0
918 2.89438891411 70.97178 58.665246 1.0279054 91.2250818563 5.81925260757 0.258251797662 56.5941273783 -44.097903101 0
921 2.9610888958 72.083269 60.388926 1.0348295 109.696626766 143.293356068 2.92947802927 91.037954762 108.555364388 0
924 4.62596702576 73.21006 62.180545 1.0389104 82.1290580171 58.3320766635 -2.10597896928 9.71386813613 179.811112104 0
927 3.11600899696 74.211219 63.966291 1.0279221 88.9386348976 109.681756737 2.7492206854 48.0291639168 98.6231442255 0
930 4.68731284142 75.394113 65.876292 1.0355825 71.7214223685 66.0069764108 1.57881737454 3.67501495094 31.1250655956 0
933 5.56436991692 76.475569 67.55587 1.0353462 59.6026079904 72.9086246218 -2.49939217962 17.7016608055 157.474409165 0
936 4.7626850605 77.652303 69.425792 1.0395167 76.3261468003 69.2606420811 1.0846230032 1.33639992579 2.58440080285 0
939 5.93523693085 78.72098 71.209083 1.0347632 75.3235325549 72.2116875418 1.1202600403 3.54229657274 4.89860811078 0
942 2.76797914505 79.923618 73.070281 1.0406815 75.5134068035 74.8149013057 1.02644099566 4.74274844457 -0.815920796978 0
945 4.58380293846 80.886825 74.813727 1.0240856 78.7109964078 76.9793957115 1.01190336106 3.06991059 -0.697990876424 0
948 4.0451438427 82.003807 76.66259 1.0354781 80.0629647221 79.3608699089 0.954890374146 3.323790489 -4.617336572 0
951 2.83302307129 83.149971 78.458347 1.0359732 81.9388901337 79.6728375709 0.947913118583 1.71513970614 -5.04547100876 0
954 2.80636096001 84.209192 80.07724 1.046865 82.6872242862 79.9339333862 0.98274380562 1.52869961316 -3.67387381529 0
957 2.82296490669 84.421821 80.346791 1.1291589 83.2704727287 78.5550609231 1.05478252648 2.12976513028 -4.26145229808 0
960 2.92057108879 84.549549 80.462185 1.2384433 82.2838742686 80.0356590993 1.16934769849 2.30547312556 -3.9588863492 0
963 2.96529006958 84.477315 80.645515 1.377415 81.2168165601 80.9958087041 1.29307263912 3.27926146501 -4.83246131253 0
966 2.96243309975 84.491575 80.745704 1.5042297 82.5772599798 78.681156325 1.45836064023 2.81548558848 -2.62810353523 0
969 2.97209501266 84.58151 81.604236 1.6242617 81.0708555541 80.8039508389 1.56279364726 3.60071534246 -3.52185999682 0
972 3.00224089622 84.52138 83.606555 1.6450761 80.4186513561 81.7341912934 1.53612454739 4.50978138884 -6.24246413578 0
975 2.94917011261 84.450105 85.633891 1.6510189 80.7265819416 86.2516416928 1.58562687272 3.77441914535 -3.74668717723 0
978 3.00888109207 84.288283 87.799076 1.6553182 81.463636129 88.4467891131 1.63644036411 2.8979582852 -1.08162032299 0
981 2.9487349987 84.219899 89.940013 1.6574582 81.2616736455 89.9824556706 1.59730392705 2.95852980854 -3.44658595948 0
984 2.9578230381 84.085061 91.960688 1.6559816 81.3043218044 93.2972204506 1.58876390028 3.08526003202 -3.85129050258 0
987 2.94620394707 83.972707 94.061302 1.6546883 79.5554281114 94.0873896558 1.63898236432 4.41735592242 -0.899883828025 0
990 4.07580018044 83.850194 96.236204 1.650278 80.6961046915 96.120321381 1.66443180558 3.15621737958 0.810953323656 0
993 2.89065098763 83.742141 98.372522 1.653672 79.5205672258 99.1875136713 1.67570486705 4.29952282881 1.26239029237 0
996 4.12896084785 83.558608 100.37046 1.6603574 79.7147362052 101.655575374 1.61525398053 4.05300775958 -2.58423557711 0
999 2.80097198486 83.448658 102.54165 1.6520527 79.912763309 102.423862035 1.63714712902 3.53785602741 -0.854026308182 0
1002 2.98801779747 83.308795 104.69204 1.6576029 78.979010874 105.367416076 1.64960951907 4.38214141962 -0.457986991386 0
1005 2.97798299789 83.194681 106.76107 1.661421 78.4900765888 107.448566889 1.63632834704 4.75457197217 -1.43770311149 0
1008 2.95330286026 83.066158 108.84686 1.6653468 78.306745495 109.366477909 1.65149583346 4.78769361637 -0.793601924763 0
1011 3.00120615959 82.920912 111.09751 1.6564676 78.7643862545 111.578574839 1.68576935809 4.18427169919 1.67886707064 0
1014 5.93744421005 82.798446 113.12029 1.6519674 78.8162991516 113.22514813 1.65516176886 3.98352717443 0.183023854018 0
1017 5.88367700577 82.725101 115.25424 1.6521864 78.4392150701 116.612325347 1.65880463017 4.49591081009 0.379196656572 0
1020 5.94883298874 82.605874 115.888 1.7134215 79.1523831749 117.424028668 1.72272038014 3.7796802707 0.532786586475 0
1023 5.96371984482 82.650086 115.98425 1.8265292 78.8443026176 117.171426332 1.84933586192 3.98664957035 1.30672547275 0
1026 5.99125504494 82.697137 116.16336 1.9516157 78.4287534265 116.704069327 1.96222357533 4.3024951954 0.607786486245 0
1029 5.94156002998 82.611261 116.28116 2.0730733 78.6133645467 117.655078249 2.10387149155 4.22739014112 1.7646063924 0
1032 5.80376887321 82.517518 116.45008 2.1971216 78.3932311388 117.337475753 2.20133973435 4.21867435758 0.241681295598 0
1035 5.89932918549 82.418538 116.4581 2.3123831 78.5429598306 116.113555431 2.41078441126 3.89086328553 5.63797983367 0
1038 5.9150929451 82.414024 116.83182 2.4679277 78.9524634141 115.064115978 2.53195616721 3.88679549229 3.6685609398 0
1041 5.88740301132 82.282962 116.94587 2.5874118 78.2637514686 117.71741677 2.58711825943 4.09259547412 -0.0168186356799 0
1044 5.91410398483 82.208722 116.96752 2.707272 78.8000794513 115.910433911 2.79267976712 3.56879181588 4.89350459341 0
1047 4.89011287689 82.043289 117.20312 2.8493508 78.1449484887 116.838334755 2.86306668828 3.91537061043 0.785862510807 0
1050 2.80884003639 81.832352 117.28824 2.9891727 78.2199995555 117.556980507 3.05706463364 3.62233510919 3.88992126031 0
1053 2.77427315712 81.142386 117.29523 3.0875315 76.8137567867 116.581818371 3.092229583 4.38702484816 0.269180327889 0
1056 2.78339195251 79.131234 117.37152 3.1037602 74.9426069107 116.221849235 -3.11195051898 4.34354000351 3.86600912812 0
1059 2.79610800743 77.094643 117.50841 3.1079346 74.3441533066 115.284532467 -3.10372942396 3.53706443724 4.09786767401 0
1062 3.45030999184 74.899205 117.59033 3.115912 71.4553194408 115.99748549 3.10895434802 3.79440395567 -0.398644093999 0
1065 2.76459407806 72.824078 117.69503 3.116944 69.6040201135 117.078691385 -3.12095811008 3.27851278501 2.59453607684 0
1068 2.7821161747 70.711208 117.83017 3.1174699 68.7132233446 116.123325961 -3.13468974967 2.62778599904 1.77763923193 0
1071 3.57282996178 68.550781 117.88294 3.1169773 66.0466220541 116.356960251 3.09104317525 2.93247782939 -1.48591589343 0
1074 2.95440721512 66.454241 117.99143 3.11617 63.4808578471 117.027450916 3.11913967619 3.12574199977 0.170149912191 0
1077 2.94865703583 64.352032 118.06903 3.1139299 60.9899727657 117.38109325 3.11791730424 3.43171957864 0.228461434391 0
1080 2.95742487907 62.204954 118.16997 3.1178991 59.3070333944 117.456910161 3.08836312226 2.98435892126 -1.6922868683 0
1083 2.96533608437 60.134729 118.2293 3.1166836 56.552016279 118.110210602 3.11544490256 3.5846914408 -0.0709721356584 0
1086 2.92605805397 58.034017 118.36643 3.1239361 54.5533552512 116.565123914 3.11446681905 3.91914656826 -0.54254983355 0
1089 2.93460488319 55.858025 118.47896 3.1251128 52.9788291717 116.679072046 3.13349576739 3.39549190312 0.480308651018 0
1092 2.95803308487 53.766425 118.55 3.1243401 49.9298017539 117.17277215 -3.13317644641 4.07632610106 1.47071165764 0
1095 2.92227005959 51.628528 118.603 3.1187628 48.6193882216 116.860564489 -3.12158148804 3.47721206083 2.45460958681 0
1098 2.93241691589 49.494235 118.64783 3.1200968 47.504375246 117.620559754 3.13092350099 2.23938071748 0.620324272531 0
1101 2.92756485939 47.379245 118.80828 3.1260538 46.1552186526 116.774121211 3.12113879002 2.3740350629 -0.281609328275 0
1104 2.94903087616 45.313934 118.87713 3.1250737 44.0444828754 117.312259728 3.120163301 2.01502484511 -0.281345138347 0
1107 2.95190811157 43.229975 118.9845 3.131291 40.9566446143 117.438442112 -3.14046064945 2.74924099252 0.655100332211 0
1110 2.95261096954 41.038059 119.03542 3.1300111 39.3790027275 117.524439794 3.13698475133 2.24399841737 0.399560789113 0
1113 2.91540908813 38.877743 119.09254 3.1262084 35.9011580662 117.537930657 3.09098710944 3.35810483415 -2.01803129835 0
1116 2.92370986938 36.866989 119.17866 3.1252668 33.023444811 118.806637739 3.09753537105 3.86150650597 -1.58889383861 0
1119 2.93357110023 34.67231 119.25843 3.1314701 32.1084427626 119.372624058 3.06569314196 2.56640906599 -3.76874208499 0
1122 2.9472630024 32.567479 119.34722 3.1353596 31.5597321759 119.602816522 3.06056044272 1.03965534832 -4.28567602349 0
1125 2.94557905197 30.502201 119.36971 3.1349527 27.1952512361 118.047073518 3.11993804054 3.56164063364 -0.86027661782 0
1128 5.29560399055 29.15421 119.31018 -3.13185 27.0737307721 117.904584235 -3.13756388061 2.51079534668 -0.327381243362 0
1131 5.85123705864 28.938717 119.39146 -3.028318 26.3333293249 116.868174121 -3.04296240906 3.62698450025 -0.839062832415 0
1134 5.95174622536 28.80706 119.32785 -2.9089456 26.5112889121 116.345810802 -2.86589209795 3.76339244122 2.46678396095 0
1137 5.92672801018 28.607415 119.34948 -2.7753086 26.6456927738 116.2935114 -2.78011005325 3.63143197327 -0.275103006811 0
1140 5.88047194481 28.309413 119.3977 -2.6319404 26.4829281295 116.67642921 -2.65602296468 3.27740166812 -1.37982931593 0
1143 5.9136929512 28.176965 119.31562 -2.5155106 26.6310403642 116.670111892 -2.49706888105 3.06408161226 1.05663266273 0
1146 5.89433002472 28.13257 119.1422 -2.3876282 26.0869732357 117.622330758 -2.38529876679 2.54842473574 0.13346669134 0
1149 5.87848091125 28.071656 119.10664 -2.2643471 25.4874067685 117.957241044 -2.27798354947 2.82833202633 -0.781311002006 0
1152 5.9171359539 27.847582 119.05477 -2.1225081 25.4278229738 118.257109365 -2.13678700526 2.54784148531 -0.818121007514 0
1155 5.88040590286 27.651134 118.95518 -2.0012288 25.2524506728 117.644029823 -2.05037123192 2.73364161733 -2.81565394379 0
1158 2.77880692482 27.585975 118.8068 -1.8653126 23.4570895269 119.413170127 -1.90825926544 4.17317384977 -2.46066267367 0
1161 2.99336218834 27.545652 118.66047 -1.7395281 26.6017290374 116.603228958 -1.77594672468 2.26345560217 -2.08663348993 0
1164 2.76770806313 27.426878 118.54472 -1.6078392 24.8629574086 116.544051113 -1.67469026314 3.25213234601 -3.83028377382 0
1167 2.76990509033 27.408113 118.27266 -1.4907581 39.6330581404 143.86741809 -1.61698697127 28.3644306374 -7.23238157628 0
1170 2.78828215599 27.619078 117.43976 -1.368489 30.7739314794 74.3726739286 -2.17379837678 43.1824849118 -46.1408284918 0
1173 2.77864599228 28.00462 115.50954 -1.3464267 56.8814222139 91.6445357976 -1.58154374412 37.4620892594 -13.47121432 0
1176 2.81105685234 28.352772 113.43776 -1.3439724 90.4038576923 92.6692911596 0.839000757461 65.43444455 125.075148713 0
1179 2.92168593407 28.777386 111.37552 -1.3470791 25.7854837087 110.29760923 -1.44012881366 3.18015266116 -5.33135587782 0
1182 2.9425740242 29.292879 109.18718 -1.3487141 26.1546427012 109.972640948 -1.4196189866 3.23503878909 -4.06255074921 0
1185 2.95465612411 29.664866 107.14961 -1.3582731 25.8995482146 108.197037771 -1.35424457426 3.9082890067 0.23081752257 0
1188 2.96744799614 30.155372 105.1583 -1.3627181 28.9520113982 104.885766447 -1.3415896334 1.23383600035 1.21057196397 0
1191 2.94937610626 30.584999 103.08809 -1.3538609 25.8301943528 103.949424577 -1.38255446932 4.83219044397 -1.644020421 0
1194 2.97078990936 30.932942 101.04272 -1.3388863 28.864850399 100.815675013 -1.40802293908 2.08051731456 -3.96123762909 0
1197 2.9301469326 31.46397 98.886394 -1.3633561 28.545726915 98.8329257454 -1.40935757843 2.91873286843 -2.63569056537 0
1200 4.05863213539 31.761459 96.890841 -1.3338862 29.4080757352 96.9238868528 -1.26989712372 2.35361526576 3.66630400565 0
1203 2.82982087135 32.148779 94.808879 -1.340085 30.0222878938 94.3241111316 -1.33890296883 2.18104660911 0.0677253974161 0
1206 2.93238687515 32.63242 92.742465 -1.3409888 30.4540995407 92.6955793389 -1.27671110145 2.1788249789 3.68284084391 0
1209 2.92710709572 33.223163 90.635151 -1.3443959 30.8144068695 89.4212283826 -1.30071404535 2.69735318732 2.50278591289 0
1212 2.93497514725 33.480467 88.544154 -1.3400822 30.2677967328 89.3274626634 -1.30005014734 3.3067843455 2.29366766245 0
1215 3.78878593445 33.996344 86.523674 -1.3537744 31.9897070683 86.3988154764 -1.28164639196 2.01051770109 4.13263044549 0
1218 5.80778288841 34.391099 84.502242 -1.3500462 32.3670208136 84.9094999235 -1.37453476873 2.06464319461 -1.40309163426 0
1221 5.90360999107 34.871654 82.311763 -1.3462417 32.7630671927 83.1479854966 -1.37838309783 2.26834882408 -1.84156644343 0
1224 5.85864901543 35.319079 80.358924 -1.358939 34.3545496343 80.4120840637 -1.29873483307 0.965993214118 3.44944467414 0
1227 5.87989783287 35.776446 78.250756 -1.3606991 34.714989922 77.9312058498 -1.32650678077 1.108513105 1.95907558356 0
1230 5.96517896652 36.167733 76.160289 -1.3496683 35.2973729896 76.9214892892 -1.37148075796 1.15626659037 -1.24976178209 0
1233 5.92576217651 36.593873 74.026216 -1.3452321 34.8910503909 74.5424247302 -1.37521792093 1.77934715308 -1.71806098439 0
1236 3.30574393272 37.096668 72.068535 -1.358637 35.054023232 71.7909380599 -1.40724060958 2.06142128381 -2.78478169812 0
1239 2.78217387199 37.456761 70.030489 -1.3570922 35.1974733905 70.0281720205 -1.4264881543 2.25928879759 -3.97609529642 0
1242 3.83546113968 37.942935 67.912468 -1.3598503 36.2076081516 67.8123697225 -1.39059021439 1.73821141862 -1.76126735696 0
1245 2.77807593346 38.381728 65.750541 -1.3597279 37.0870835341 64.9162242606 -1.347891955 1.54019112926 0.67814969486 0
1248 2.76975512505 38.78715 63.709446 -1.3638712 37.5160958333 63.3411540003 -1.36703585328 1.32333581973 -0.181321276491 0
1251 2.77505016327 39.284372 61.704874 -1.358189 37.4653654597 62.0111116863 -1.35557224746 1.84460464986 0.149928876564 0
1254 2.81691598892 39.616785 59.610797 -1.3616912 38.1741016724 59.5196039611 -1.3376839134 1.44556264271 1.3755161997 0
1257 2.96092605591 40.0981 57.483375 -1.3627524 39.0966110562 58.5258127507 -1.35282512313 1.44556444634 0.568791066966 0
1260 2.92829799652 40.478176 55.366289 -1.371191 39.3244491061 56.8395166207 -1.32170703008 1.8712256326 2.83522262991 0
1263 2.9561829567 40.927924 53.368372 -1.3697355 39.9340332074 54.0489859108 -1.323084552 1.20459711237 2.67290243089 0
1266 2.97645711899 41.311773 51.24524 -1.3687118 40.2341606427 51.6120895811 -1.35349400271 1.13834397603 0.871915558217 0
1269 2.93806791306 41.752813 49.127024 -1.3690442 40.9324178671 50.2556465172 -1.35637989724 1.39529099496 0.72561109865 0
1272 4.25027990341 42.124468 46.999249 -1.3746445 41.4362162369 47.9621582524 -1.34459933596 1.18358975907 1.72146109431 0
1275 2.82872700691 42.489069 45.000812 -1.3756167 41.2193483652 46.1665101799 -1.36406853199 1.72367129611 0.661661288274 0
1278 2.9536190033 42.919623 42.847052 -1.3693623 42.07978116 44.4460046934 -1.37607579047 1.80609635177 -0.38465466975 0
1281 2.95869684219 43.26925 40.76156 -1.3849404 42.8256536287 41.8107823439 -1.32392239125 1.13914233863 3.49607437558 0
1284 2.95171093941 43.723057 38.666685 -1.382086 43.9450632426 39.4714572138 -1.37597762618 0.834832371152 0.349984039542 0
1287 5.13666701317 44.069109 36.638541 -1.3748634 43.7351448164 36.2781114512 -1.33243732473 0.491367007016 2.43083505449 0
1290 5.90177202225 44.48264 34.512889 -1.372972 43.7564876483 36.1891649066 -1.39698845017 1.82679997612 -1.37604123369 0
1293 5.93708205223 44.660959 33.544964 -1.3339999 45.3895017155 33.8087431816 -1.33665860946 0.774825106075 -0.152332831179 0
1296 5.9047191143 44.654294 33.324157 -1.2074321 44.9660843925 33.8119020096 -1.21317052487 0.578885518255 -0.328787526149 0
1299 5.89348101616 44.699557 33.107025 -1.0711259 43.9353738876 32.9820795867 -1.1300447883 0.774330152876 -3.37580363312 0
1302 4.03434181213 44.829945 32.953901 -0.95914547 43.3038543145 32.7062617281 -0.944163991877 1.54605238892 0.85837546729 0
1305 2.7732129097 44.914184 32.826307 -0.82117543 44.049186115 33.4604943157 -0.935501927005 1.07257395662 -6.55042576492 0
1308 2.78315782547 44.932468 32.690373 -0.70238554 44.941337957 34.9355643699 -0.860684663183 2.24520889088 -9.069871659 0
1311 2.76292896271 45.019913 32.619075 -0.56167342 43.1449541682 34.0635905818 -0.640593824264 2.36687470875 -4.52180608177 0
1314 2.76378107071 45.164806 32.47066 -0.44585332 42.1699561067 31.6154664563 -0.485731062628 3.11455966079 -2.28482634912 0
1317 2.74170303345 45.307079 32.373178 -0.30795343 43.7978596681 32.5029502723 -0.607378507194 1.51478837937 -17.1557932036 0
1320 2.95447587967 45.468859 32.25314 -0.19105128 43.8436255552 32.5328977594 -0.432916211117 1.64913557782 -13.8578397652 0
1323 2.94447398186 46.833289 32.057508 -0.10389315 45.6877656243 33.3872898326 -0.348811839693 1.7551477222 -14.0328072433 0
1326 3.46003699303 48.863767 31.868312 -0.084237935 46.6955054134 31.3464667306 -0.202362747552 2.23017505882 -6.76805321498 0
1329 3.28620290756 51.033972 31.691587 -0.08198003 48.7723354394 29.4298871739 -0.582778621661 3.19848183297 -28.6936456883 0
1332 5.08133006096 53.111195 31.42619 -0.084122232 51.2273048555 33.7855906656 -0.035447713889 3.01924056302 2.78884445759 0
1335 5.85249304771 55.206155 31.249451 -0.082409142 53.8785503876 32.902051369 -0.0464556354371 2.11981649828 2.05998418475 0
1338 4.18765091896 57.287235 31.07162 -0.080297126 56.2318393071 32.9162443351 -0.0125384191986 2.12520563856 3.88228792498 0
1341 2.74735188484 59.516372 30.847745 -0.092608556 57.866405643 33.8775959284 -0.0468602600847 3.44998342424 2.62118427586 0
1344 2.7382209301 61.567611 30.670937 -0.091677002 60.2390455465 32.9839601311 0.0188119172248 2.66742613187 6.33054875454 0
1347 2.75265002251 63.68279 30.502969 -0.089332225 63.4586570067 32.4055287354 -0.0812527302854 1.91571635306 0.462920947744 0
1350 2.93531489372 65.773678 30.270465 -0.081918863 65.6411677888 31.4468383436 -0.0562822415154 1.18381299183 1.46887021204 0
1353 2.9384188652 67.870787 30.052005 -0.080757136 67.2486201135 31.5934303789 -0.0842296235119 1.66225263823 -0.198958878844 0
1356 2.96633291245 69.978421 29.855203 -0.080851998 69.4361964611 31.5466772674 -0.0500319913565 1.77625804654 1.76585630524 0
1359 2.91751885414 72.04312 29.748383 -0.089661546 70.4567024836 31.6542237475 -0.0752196168676 2.47970754148 0.827461587311 0
1362 5.12457990646 74.192216 29.503442 -0.097083695 72.2348597056 31.6837854524 -0.102420103659 2.93004116587 -0.305753693893 0
1365 5.75353813171 76.337484 29.313327 -0.092202589 74.6622222237 30.4747319697 -0.083093756263 2.03847087858 0.52189767212 0
1368 2.75186491013 78.469083 29.072242 -0.088851811 78.216334305 30.0214855879 -0.118120046771 0.982316289159 -1.67694638346 0
1371 2.76024508476 80.508884 28.860474 -0.08148585 79.0821242798 29.7314320018 -0.0996529122923 1.67158940537 -1.0408959955 0
1374 2.76832604408 82.648681 28.706332 -0.092016755 81.2061462692 30.5909942279 -0.0750237999161 2.37336431313 0.973624607764 0
1377 2.9501581192 84.803463 28.469695 -0.089914919 82.7118520723 30.4229736691 -0.0493320867523 2.8618409865 2.32522500848 0
1380 2.94409704208 86.909059 28.274418 -0.095059786 85.1280738632 29.946504522 -0.057203454733 2.44290429499 2.16900800945 0
1383 2.93487787247 88.999768 28.069648 -0.093100738 87.4901452488 29.9986758694 -0.0406994214117 2.44951206811 3.00237428144 0
1386 2.95667314529 91.148907 27.8824 -0.087682683 89.7134021461 30.4405169921 -0.0690604404543 2.93336610921 1.06697590294 0
1389 2.93039393425 93.191686 27.680334 -0.085944106 90.7998564351 29.8084168062 -0.0286351603138 3.20149732117 3.28356071616 0
1392 4.17829799652 94.597595 27.536443 -0.026113958 93.2464046982 30.4712670122 -0.0414574033437 3.23092977551 -0.879114661381 0
1395 5.76011109352 66.734672 23.138609 0.64678418 94.600151762 30.3089508718 -0.0119308903418 28.7732300051 -37.7415934322 0
1398 5.80494189262 41.954155 8.6979942 1.5862633 98.5014378251 31.5909341027 0.0411247791808 61.005589025 -88.529916006 0
1401 5.34485006332 40.498777 7.6026468 1.6671323 98.1631537842 31.0979323171 -0.0320536726668 62.2672369022 -97.3561848416 0
1404 2.74548697472 40.36551 9.5759073 1.6613912 102.126442551 29.9337056465 0.00471737646107 65.0296297318 -94.9204181186 0
1407 2.76729893684 40.15753 11.693798 1.6450717 102.215679004 30.2854225737 -0.0447400821203 64.7831950596 -96.819083287 0
1410 2.77393078804 40.017928 13.779826 1.6578436 102.553349221 29.9991944818 -0.0283762332472 64.6045418007 -96.6132797763 0
1413 2.79218506813 39.937066 15.922073 1.6651068 105.616553746 31.8311394415 0.0323887763224 67.5787947927 -93.5478518917 0
1416 2.86828517914 39.75755 17.953862 1.6630734 105.284865686 30.225059614 -0.0385455570232 66.6664187725 -97.4955845769 0
1419 2.95706319809 39.645384 20.177858 1.663423 107.352285086 31.3772757159 0.00705627074963 68.62690006 -94.9028229119 0
1422 2.92452001572 39.526919 22.292671 1.6684735 112.110656637 33.1086877034 0.129053676911 73.3851837001 -88.2022587618 0
1425 2.92728590965 39.303781 24.413998 1.6572417 112.12283425 33.3511730785 0.0668032420366 73.3654388294 -91.1254112166 0
1428 3.84973883629 39.21094 26.55624 1.6661167 116.025703447 34.7940174012 0.0626883701169 77.2552189815 -91.869676054 0
1431 5.36247086525 39.049874 28.673026 1.6660737 115.573240915 34.0253262795 0.163794919079 76.7103174432 -86.0742337988 0
1434 2.77457618713 38.816051 30.701859 1.6598041 119.714166969 34.886527161 0.10854362586 81.0062751583 -88.8806780937 0
1437 2.80211615562 38.695572 32.853799 1.6647394 123.025196977 36.1950521535 0.110481678186 84.3957914913 -89.0524077356 0
1440 2.93475413322 38.58982 35.008607 1.6723781 123.9759187 34.1450126275 0.0762469990596 85.3904657818 -91.4515756335 0
1443 2.94443702698 38.393816 37.160762 1.6689022 127.327183276 35.8451515699 0.156250675659 88.9430977977 -86.6685482188 0
1446 2.93281793594 38.314928 39.264936 1.6781402 129.339650521 37.1704776785 0.168054080941 91.0488158387 -86.5215613234 0
1449 2.92114686966 38.042909 41.445131 1.6601298 130.282366908 38.8611330197 0.166078048023 92.2756448951 -85.6028597624 0
1452 4.40610218048 37.893052 43.482766 1.6655679 135.308079076 27.7940570326 -0.0911177872523 98.6702745981 -100.650675811 0
1455 5.86845684052 37.737395 45.529248 1.6663309 139.318403916 27.8685240374 -0.123572671009 103.104813385 -102.553920354 0
1458 5.89059495926 37.667375 47.706088 1.6735516 141.008367796 27.3024533316 -0.111911667527 105.33598198 -102.299509705 0
1461 5.87743115425 37.411337 49.793915 1.6717816 141.480355777 25.4088614662 -0.110649515567 106.887751895 -102.125780195 0
1464 5.87434601784 37.208006 51.943854 1.66906 120.022115065 120.195067091 0.62608215847 107.314513224 -59.7582284453 0
1467 2.7740020752 37.03196 53.963531 1.6741645 26.3437632476 117.02030691 1.51357374372 63.9561923349 -9.20117256339 0
1470 2.75566411018 36.983983 56.143126 1.6856298 142.35690587 40.1297096111 0.10672594428 106.582748973 -90.4645271897 0
1473 2.77745199203 36.720012 58.206076 1.6746777 69.6987392729 113.786057118 0.0177332957889 64.6276315023 -94.9359212491 0
1476 2.78786087036 36.536888 60.398002 1.6787317 115.549717338 8.833424745 -0.076433662207 94.3500547297 -100.563567602 0
1479 3.15609693527 36.401835 62.417273 1.6766351 145.394340313 34.1357255532 1.59658110622 112.60200771 -4.58675597688 0
1482 5.78195786476 36.239068 64.615141 1.6886647 88.9440500416 114.05953521 2.39969272489 72.2673041618 40.738904942 0
1485 2.79006886482 35.99676 66.655908 1.678851 83.4554755548 51.1812737827 1.47577094986 49.9178724133 -11.6356297766 0
1488 2.79159808159 35.830181 68.859683 1.6854848 26.6740983265 33.2174468142 1.43587359691 36.7994952445 -14.3016684561 0
1491 2.88905501366 35.575227 70.898859 1.683738 31.1818836464 71.3505829877 1.91897167368 4.41650544931 13.4778967014 0
1494 2.93900609016 35.463169 73.006353 1.6935188 35.0428954412 71.8168292825 1.65715934238 1.26158493123 -2.08324346685 0
1497 2.93279600143 35.205801 75.07321 1.6913976 32.4255385047 74.7678024024 1.69016346851 2.79698647534 -0.0707105256685 0
1500 5.34220910072 34.978045 77.287591 1.6912075 32.8357159691 75.8010344816 1.68981404098 2.60757050894 -0.0798393210073 0
1503 3.06863713264 34.814043 79.320098 1.7000185 30.3466585462 77.7239575544 1.56706952764 4.7439633409 -7.61741500655 0
1506 2.81171894073 34.580736 81.372215 1.6970036 31.9241797643 80.7564603383 1.72611645504 2.72698456851 1.66804372325 0
1509 2.90583086014 34.345965 83.441951 1.6955247 30.6408524648 85.0517210397 1.90429013634 4.03970524654 11.9613784107 0
1512 5.74385094643 34.142398 85.698773 1.7034669 30.4420275839 85.9543262093 1.79567193053 3.70918436578 5.2829590992 0
1515 3.22625803947 33.910208 87.748137 1.7016389 31.1795856247 87.7764835173 1.62002494735 2.73076950354 -4.67613503612 0
1518 4.80799412727 33.670818 89.737713 1.6967853 29.8096331952 90.3582309036 1.65014876195 3.91072762613 -2.67207680114 0
1521 5.82776212692 33.472926 91.900649 1.7056804 29.8516849173 92.2365643731 1.69273035591 3.63678788454 -0.741982870816 0
1524 5.83079481125 33.217902 94.036516 1.7078464 29.6831412302 93.100383418 1.64622509157 3.65662110577 -3.53064090139 0
1527 5.88628005981 33.034075 96.178482 1.7177188 28.1195051923 95.70905035 1.72839310035 4.93693857256 0.611592359511 0
1530 5.90035295486 32.713254 98.174723 1.7080491 28.3889858419 97.1917270918 1.74533766209 4.43458860085 2.13647723184 0
1533 4.90159201622 32.45653 100.24821 1.7068362 26.9627880644 100.136393266 1.68755178636 5.4948797473 -1.10491551215 0
1536 2.79379105568 32.217075 102.39435 1.7082962 27.646582904 102.477322376 1.66656865605 4.57124517114 -2.39081215773 0
1539 2.77448320389 31.955228 104.48204 1.7110577 27.5919181182 104.201837706 1.63356760782 4.37229761684 -4.43985523574 0
1542 2.77453899384 31.741377 106.6002 1.7198575 27.7928951505 104.746542023 1.68883238214 4.36194415484 -1.77760831227 0
1545 2.75873184204 31.439656 108.68741 1.7105287 27.9397521161 107.604824434 1.67950816612 3.6635117993 -1.7773456698 0
1548 2.76854515076 31.216018 110.75498 1.7177022 26.9775025635 110.606152468 1.65734903376 4.24112753168 -3.45798170608 0
1551 2.81698584557 30.916985 112.90957 1.719675 28.2791795355 113.027241528 1.65146147273 2.64042880173 -3.9083472183 0
1554 2.95286011696 30.668641 114.94646 1.716506 26.9863243206 114.18981619 1.6751352417 3.7592507208 -2.37036984602 0
1557 2.92495203018 30.419865 117.12266 1.716223 28.092914132 114.529678237 1.66331144164 3.48399982277 -3.03160898166 0
1560 3.23949813843 30.132888 119.21343 1.725557 25.7838035207 117.345787766 1.67346225042 4.73314095742 -2.98480928557 0
1563 2.97834682465 29.88258 121.34383 1.72867 25.583058913 120.351026012 1.70086892019 4.41265694752 -1.59288453894 0
1566 2.96496987343 29.981486 120.5055 1.7055843 25.9301458339 119.956823045 1.6987714588 4.08832527356 -0.390347046977 0
1569 2.96221113205 30.170653 118.4575 1.6900862 26.4848131077 117.07597178 1.64407316043 3.93624642723 -2.63635297004 0
1572 2.9494740963 30.502618 115.6086 1.6745202 27.4368942968 113.951008091 1.62921618003 3.485150321 -2.59572913902 0
1575 2.93097805977 30.699806 113.48782 1.6738205 27.5570735127 112.166800128 1.66750118436 3.4090850661 -0.362070115643 0
1578 2.95653605461 30.8492 111.36091 1.6697397 27.2813496123 111.346703895 1.65347265905 3.56787866984 -0.932032791741 0
1581 2.94537806511 30.973164 109.37107 1.6787837 26.0647964605 108.702146394 1.63998042978 4.95373906195 -2.22326361467 0
1584 2.95401501656 31.204408 107.09871 1.665475 27.1331882182 106.440871256 1.66763856608 4.12402501508 0.123963204932 0
1587 2.95806217194 31.322843 104.96751 1.6587885 28.0335077386 104.969588411 1.70224242934 3.28933591802 2.48972675437 0
1590 2.95781993866 31.457099 102.91722 1.6541397 27.9719854568 102.166091934 1.6716436203 3.56513811525 1.00290075818 0
1593 2.95933508873 31.546684 101.34427 1.631357 28.3332483267 101.693583167 1.64294489348 3.23236577685 0.66393738977 0
1596 2.94857311249 31.536552 101.09899 1.5279681 28.4186138102 101.652280365 1.54268036306 3.16664945704 0.842950580355 0
1599 2.96032691002 31.522716 100.84711 1.3818466 27.146758532 101.653211651 1.38156433161 4.44958465857 -0.0161727876891 0
1602 2.95239305496 31.33472 100.81397 1.2437751 29.4000705129 102.194077867 1.37327693298 2.37646089043 7.41990846875 0
1605 2.96281194687 31.335612 100.76499 1.1262837 27.5972568136 102.273869807 1.16575609029 4.03137914 2.26160137098 0
1608 2.92093491554 30.238332 99.003137 0.9296569 29.3573995125 99.8043068906 1.05121071588 1.19076246209 6.96452063357 0
1611 2.93113493919 28.772289 97.32743 0.78863198 25.9833027845 99.149067616 0.872222489266 3.3311871329 4.78938338828 0
1614 2.92277503014 27.005154 95.945316 0.6582802 23.424572529 97.9232369633 0.644549740527 4.09056658757 -0.786697378606 0
1617 2.94845104218 26.209553 95.323497 0.64585939 23.7489234391 96.1559803501 0.642829921905 2.59763861309 -0.173575736005 0
1620 2.92724394798 26.225548 95.299359 0.74214735 23.6373992624 94.3864543498 0.823752653575 2.74443232528 4.67563948073 0
1623 2.96020698547 26.287241 95.304851 0.87876564 24.0597110983 93.9993327749 0.9263963209 2.58191155913 2.72903699093 0
1626 3.10421991348 26.503119 95.525486 1.0159202 24.3612116556 95.4341671039 1.04011386871 2.14385312296 1.3861951082 0
1629 5.87444496155 26.584147 95.637624 1.1414331 22.9190501441 95.47634687 1.14928521534 3.66864351986 0.449893068947 0
1632 5.57978415489 26.62792 95.717086 1.2595284 25.2308401614 96.027057616 1.26422404166 1.43105362516 0.269040449492 0
1635 2.76194810867 26.756174 95.797181 1.3910555 24.0873972041 96.2326957706 1.4095735628 2.7040789008 1.061006843 0
1638 2.77342486382 26.381693 93.77201 1.3952992 23.8947249377 94.0352807937 1.49562658217 2.50086418135 5.74833556769 0
1641 2.75237393379 26.011804 91.856332 1.39866 22.6028153205 92.5132754601 1.44934771383 3.47171118134 2.90419207575 0
1644 2.91028404236 25.609249 89.727224 1.3968171 22.8690886439 90.7645561672 1.40906237372 2.92993802022 0.701602503088 0
1647 2.94754505157 25.2462 87.568251 1.3940659 23.8879844158 88.1149543312 1.48320552114 1.46411546866 5.10732407884 0
1650 2.95372104645 24.820481 85.505592 1.4017015 21.818942748 85.1800357479 1.42631079462 3.01914205556 1.41000871857 0
1653 2.93219089508 24.493958 83.448062 1.398475 19.6917889192 85.5128775744 1.37708798577 5.22726422107 -1.22538565194 0
1656 3.48877191544 24.080092 81.345956 1.3962744 18.9974993193 82.5513509961 1.34748512507 5.22357401155 -2.79541953905 0
1659 4.02364897728 23.622432 79.208855 1.3888608 20.5208027558 78.6388525938 1.42371225839 3.15357047034 1.99684147578 0
1662 6.23849916458 23.236261 77.182266 1.3737053 20.3014858228 77.2279188829 1.45903837277 2.93513024012 4.8892249228 0
1665 6.98313713074 22.741503 75.111069 1.3685019 19.0263598338 74.9668559953 1.39769149049 3.71794111519 1.672440341 0
1668 6.06192994118 22.23837 73.007777 1.3690406 18.7942419894 72.4371285659 1.43506494579 3.49108255254 3.78291635875 0
1671 3.39037013054 21.796618 70.8705 1.3677106 17.4050046565 70.9733903061 1.39627662113 4.39281847726 1.63671244798 0
1674 2.78516697884 21.306705 68.900927 1.3588762 19.6046276124 69.6245669678 1.44549231365 1.84951946091 4.96273775018 0
1677 2.95136189461 20.800373 66.796896 1.3509317 20.0828925183 66.9740113299 1.45333591427 0.739018322978 5.86732928183 0
1680 2.90092206001 20.180988 64.758154 1.3339286 19.3503808759 65.3444929396 1.43044574002 1.01671114221 5.53002477386 0
1683 2.94306182861 19.716632 62.635567 1.3210663 18.6245094206 63.2166213487 1.46678982837 1.23707553712 8.34934315142 0
1686 2.92832422256 19.127208 60.642471 1.320188 16.5979002693 61.0500075685 1.37005819806 2.5619296734 2.8573518724 0
1689 5.27567100525 18.573484 58.538556 1.3117791 15.9668266888 58.5625840443 1.35958071047 2.60676805356 2.73883053398 0
1692 5.83950304985 18.03732 56.562177 1.3046299 16.5249142583 56.7754486303 1.39210056468 1.52736895205 5.01169991753 0
1695 5.87422919273 17.470308 54.449011 1.30616 16.5470270426 54.5772130428 1.40889453143 0.932139200994 5.886255061 0
1698 5.94505405426 16.865167 52.414515 1.2995721 15.4731003202 52.1878344644 1.44753142478 1.41040196624 8.47744484928 0
1701 5.86374878883 16.322269 50.452679 1.2871313 14.069779331 50.5100409897 1.3396414821 2.25321994195 3.00861181572 0
1704 5.85774087906 15.679585 48.421133 1.2791916 14.7948787593 48.256563952 1.40181740166 0.899882272238 7.02594089477 0
1707 5.90357780457 15.049517 46.343459 1.2810584 13.6513808645 46.7569474766 1.35522874005 1.45799772756 4.24964745012 0
1710 5.86050510406 14.370513 44.264129 1.2685694 12.9536528125 45.4595348657 1.33449206733 1.85377667875 3.77709061223 0
1713 5.83923792839 13.728985 42.398373 1.2622613 13.9627624356 42.9210236804 1.39350799235 0.572551851903 7.51988154697 0
1716 5.90219116211 13.116178 40.310007 1.2578142 13.6473566149 40.1569181223 1.43673410627 0.552799172788 10.2513555 0
1719 5.8848259449 12.482531 38.460523 1.239848 13.0683615373 39.509948096 1.36112758054 1.20186956473 6.94880810586 0
1722 5.82106304169 12.331027 38.238303 1.1567887 11.3106064487 37.9759233784 1.25053051809 1.05361338605 5.37101054056 0
1725 5.7880821228 12.263795 38.100898 1.043782 11.6108475365 38.4371021139 1.1881534561 0.734420585422 8.27187511652 0
1728 2.77548789978 12.231882 38.075858 0.90529637 12.2144491572 37.8518477641 1.08447128358 0.224687538155 10.2659663429 0
1731 5.22188019753 12.170047 37.918491 0.7605547 17.1056989871 37.3419778239 0.989594306551 4.96920798316 13.1230027967 0
1734 5.82341003418 11.9457 37.868652 0.60051086 12.6662243673 36.9931564731 0.84243192054 1.13386409307 13.8610557443 0
1737 5.90154790878 11.861848 37.85602 0.47073445 12.2189459383 38.3636548214 0.64797020039 0.620654533096 10.1548604762 0
1740 3.74359798431 11.68598 37.868337 0.32347919 11.6602815209 37.2641162383 0.484678825197 0.604767013571 9.23605875584 0
1743 2.77699899673 11.634663 37.834152 0.18688423 13.7366293256 37.7976188695 0.136895514833 2.10228378285 -2.86414240238 0
1746 2.76432991028 11.546787 37.799316 0.059161186 11.7116273732 36.9443367603 0.190051174714 0.870724898537 7.49944393385 0
1749 4.10732698441 11.461332 37.784444 -0.088384018 12.902314304 38.6747218638 -0.197373113024 1.69381955211 -6.24461515784 0
1752 5.03468203545 11.353119 37.809133 -0.22428348 12.3138487056 35.4574234984 0.00411235856586 2.5403816932 13.0861176082 0
1755 2.79310107231 11.259101 37.929753 -0.36642208 13.6988293292 36.9172564259 -0.0586959544222 2.64148133308 17.6314082415 0
1758 3.83269500732 11.22919 38.083377 -0.50941267 13.2508673598 37.2200179757 -0.223797130123 2.19831029477 16.3645649983 0
1761 5.82933187485 11.185129 38.110347 -0.64618684 13.5673521797 38.4830719655 -0.481261576192 2.41120533716 9.4495215513 0
1764 5.81085705757 11.588805 37.741111 -0.76036767 11.1186316357 38.3342784529 -0.742477853593 0.756908594 1.02501097638 0
1767 5.22254490852 13.063467 36.224873 -0.77289998 13.0500598857 36.1071666271 -0.780855644491 0.118467467843 -0.45582599853 0
1770 2.78419804573 14.493375 34.807156 -0.77803694 13.9423803203 35.9807546992 -0.807875523069 1.29650647656 -1.70962487651 0
1773 2.78387904167 15.892318 33.28564 -0.77023756 16.4255668818 34.2940492211 -0.822212306384 1.14072061749 -2.97793360907 0
1776 2.78699707985 17.405154 31.857105 -0.77891679 16.6977039716 31.9926561182 -0.794188117646 0.720319129471 -0.874982621664 0
1779 2.79974079132 19.008966 30.381332 -0.78385491 18.3746698766 30.00089879 -0.674773358009 0.73963572073 6.2499125518 0
1782 2.7921500206 20.517371 28.856906 -0.78454873 20.4785878483 29.7429493903 -0.800929486636 0.886891775993 -0.938548220479 0
1785 2.93810987473 22.037399 27.308602 -0.78653789 21.2449284188 28.0061013341 -0.81008604429 1.05570589809 -1.34920985613 0
1788 5.6438100338 23.470866 25.802264 -0.78746834 24.6946138647 25.9543450634 -0.799206348876 1.23316158155 -0.672538368466 0
1791 5.84338212013 25.030138 24.239515 -0.79252133 24.8349651506 24.0720811223 -0.733117337207 0.257150820677 3.40359807327 0
1794 5.91156196594 26.508975 22.80392 -0.79210599 26.8161974914 22.4267234054 -0.768327394059 0.486480143729 1.36241319014 0
1797 3.96367692947 27.961008 21.312251 -0.79564812 27.7691770661 21.5145773936 -0.739160945405 0.278810108727 3.23647670094 0
1800 2.77859306335 29.36401 19.750057 -0.78815021 28.7137787033 19.7099809605 -0.803028109386 0.651465139588 -0.852440842813 0
1803 2.74464392662 31.016391 18.179875 -0.79578372 31.1150717798 20.1692415453 -0.817858805384 1.99181252826 -1.26480922488 0
1806 5.09410595894 32.405165 16.663972 -0.79079715 32.4137546757 17.8378819948 -0.795916958332 1.17394142032 -0.293343409361 0
1809 5.90255689621 33.875627 15.226881 -0.79213801 32.9902384645 14.5886684943 -0.815928667243 1.09143394722 -1.36310425188 0
1812 5.93212509155 34.400964 14.714584 -0.72873329 34.1306640136 14.9250208444 -0.82621830325 0.34255765662 -5.58547982499 0
1815 4.84629702568 34.541831 14.529671 -0.59347242 31.9389578174 14.279260837 -0.659479617963 2.61489083034 -3.78193386075 0
1818 2.79089903831 34.648846 14.435796 -0.47955783 33.4349207894 15.4894661699 -0.52658659762 1.60743125634 -2.69454990033 0
1821 2.81329107285 34.668797 14.324629 -0.34405458 34.0091881961 15.250618828 -0.415289761546 1.13689970343 -4.08147525541 0
1824 2.77709007263 34.864126 14.20779 -0.22615765 34.8853023038 16.1642799508 -0.354468283795 1.95660454954 -7.35165778309 0
1827 2.79351496696 35.017605 14.088235 -0.094353638 34.9475641455 14.7555484059 -0.142571284321 0.670979062992 -2.76266763226 0
1830 2.82174515724 36.599142 14.0692 -0.022879679 38.0192493446 14.1611404232 -0.0746230523801 1.42308043048 -2.96467691245 0
1833 2.96273088455 38.63985 14.009333 -0.014813302 39.907414571 15.1670009035 -0.0936565106617 1.71665806627 -4.51738309959 0
1836 2.96180987358 40.768535 13.925491 -0.0089087199 40.6221642254 13.6077186104 -0.085296523596 0.349862394747 -4.37669875806 0
1839 2.94333696365 42.905865 13.952369 -0.011506708 43.4860681882 14.4795039374 -0.0957843034811 0.783904957151 -4.82875052858 0
1842 2.92093586922 45.04117 13.838962 -0.010052037 45.133440229 14.883746892 -0.0410143057277 1.04885140311 -1.77400732225 0
1845 2.95878005028 47.095509 13.764363 -0.008210261 46.7021491788 15.6320434449 -0.0372069224839 1.9086545505 -1.661386323 0
1848 2.94280791283 49.256947 13.750747 -0.012245698 48.042497654 14.7394725836 0.00373943732349 1.56603495925 0.915880788981 0
1851 3.03950309753 51.347189 13.680192 -0.017629817 51.3072840591 15.3228613861 -0.0230714602551 1.64315401475 -0.311783192132 0
1854 2.94559407234 53.510554 13.649042 -0.0075411209 52.7971376537 15.5013302906 -0.0202221047344 1.98492689901 -0.726566853783 0
1857 2.94136095047 55.608657 13.581194 -0.0077936973 54.64872339 14.6468998412 0.0062100368473 1.43429476599 0.802354864064 0
1860 2.93753385544 57.666716 13.591636 -0.01411162 57.2547032135 15.1947159338 0.0202490470459 1.65517969125 1.96872120299 0
1863 2.91787910461 59.905766 13.533857 -0.012519778 58.8649557894 15.4143846123 -0.0216816850392 2.14934175858 -0.52493860564 0
1866 5.23671507835 62.027534 13.447994 -0.021676244 61.1211662088 14.7167264133 -0.0280568229407 1.55922561208 -0.365580244151 0
1869 5.86552715302 64.181261 13.371995 -0.025327169 63.0408782146 15.4333375764 -0.000954006944189 2.3557601988 1.39647931919 0
1872 5.89201211929 66.241252 13.310079 -0.024907545 65.4281720057 15.0520049872 -0.0128242671344 1.92234367946 0.692320824381 0
1875 5.88380408287 68.444119 13.24669 -0.026304862 66.249622146 15.3849592436 -0.0275126691541 3.0639862598 -0.0692022523964 0
1878 5.42709207535 70.49734 13.123327 -0.017605166 69.0829713747 14.9433007625 -0.00872064173009 2.30493885045 0.509045743647 0
1881 2.79720616341 72.634932 13.039101 -0.019360635 71.8960453861 14.8806447542 0.0146610567327 1.98424716883 1.94929934818 0
1884 2.77789592743 74.720419 12.994859 -0.019347658 73.8856138595 15.4762194282 0.00157090504168 2.61802391075 1.19854537577 0
1887 2.76626801491 76.914825 12.90632 -0.036038761 75.6657248977 14.9124114376 -0.00851233298233 2.3631872379 1.57714815048 0
1890 2.75944185257 79.004774 12.78569 -0.032634565 77.8310894458 16.1661589637 -0.00627115908999 3.57842225669 1.51051189223 0
1893 3.38710713387 81.177999 12.691712 -0.029848436 80.8555956274 14.9030370341 -0.0234273010324 2.23470408356 0.367903933326 0
1896 2.91443896294 83.222919 12.597068 -0.02122413 82.1625409708 14.1761082682 -0.0322233719399 1.90204356771 -0.630210140999 0
1899 2.95363998413 85.390174 12.538762 -0.021700441 84.7056397853 14.7696602168 -0.0130274615594 2.33355821543 0.49692511775 0
1902 2.93464684486 87.449986 12.512039 -0.030894579 87.0560926767 15.4734813595 -0.00999968599804 2.98752285327 1.19718918239 0
1905 2.93445301056 89.572355 12.414566 -0.034322832 87.3421394828 14.6572070862 0.0292757305893 3.16279943954 3.64392921946 0
1908 4.31925606728 91.713838 12.339838 -0.030338307 90.3442976506 14.7643794209 0.020270335652 2.78460802809 2.89966163084 0
1911 2.8354241848 93.866625 12.234111 -0.027880568 92.8782156317 14.9663877118 0.00741583016507 2.90556175444 2.02233464687 0
1914 2.93231797218 96.027017 12.118277 -0.016096141 94.8508500881 14.576266349 0.0211254036904 2.72490004298 2.13263741772 0
1917 2.93611001968 98.003729 12.063433 -0.023465033 96.6319688455 14.7853145712 0.028404479881 3.04801004087 2.97190417348 0
1920 2.96140789986 100.1865 11.996018 -0.023536261 99.078797595 15.0554839195 -0.000565960649886 3.2538187305 1.31610126421 0
1923 2.91367602348 102.26857 11.921444 -0.023061579 101.876514107 15.5150307278 0.0138017184172 3.61490987349 2.11211136094 0
1926 2.94026088715 104.50291 11.810699 -0.022632517 104.352353258 14.8490364909 -0.0131344547722 3.04206542357 0.544198879205 0
1929 2.94887900352 106.528 11.779433 -0.025937223 105.282659525 15.567670313 0.016152277565 3.98768289082 2.41155074419 0
1932 2.96244001389 108.61821 11.737233 -0.017267816 108.069168999 14.6450234943 0.0233804983823 2.95917075876 2.32897685843 0
1935 2.92654299736 110.65428 11.638117 -0.015586443 108.551058287 14.9949514698 -0.0106395497025 3.96129767036 0.283436107651 0
1938 2.9512898922 112.94226 11.558687 -0.011710616 111.058112524 14.8662981795 -0.00307700333929 3.80661311726 0.494669567409 0
1941 2.96947097778 114.89636 11.528856 -0.01668203 114.172944289 15.183587884 0.00758690888907 3.7256402718 1.3905077716 0
1944 2.96085190773 117.03777 11.494892 -0.018548407 116.84163384 14.7657866569 0.0111862573148 3.27676994152 1.70367077048 0
1947 3.83210110664 119.07747 11.406331 -0.016261061 118.134848092 15.393936274 -0.00204808902492 4.09750312782 0.81434330851 0
1950 5.86051607132 121.291 11.334615 -0.012126455 119.926906279 14.9033258341 0.0256172149478 3.8205298975 2.16255299134 0
1953 5.90694594383 123.43737 11.229443 0.0013807468 123.342260458 15.0977672115 -0.0195226388167 3.86949325237 -1.19767577337 0
1956 5.88550806046 125.58554 11.258252 -0.0049853053 123.974959177 15.7294128803 0.00957309672292 4.75239415498 0.834134992368 0
1959 5.80039191246 127.50849 11.183265 -0.012828209 126.360412764 15.1584886663 -0.00176870533129 4.1376907253 0.633662883726 0
1962 5.82249808311 130.28779 11.390648 -0.01314096 129.344234636 14.7493217901 -0.00160606545958 3.4886940756 0.660900774295 0
1965 5.89597988129 132.78769 11.256475 0.0084755214 131.392900621 14.6174554886 0.00635915078106 3.63890467831 -0.121259104351 0
1968 5.926831007 125.9239 10.596074 0.27888777 132.928959032 14.6454489716 -0.00912973395214 8.09124772182 -16.5021874024 0
1971 5.87145400047 93.936275 13.265891 0.84250578 132.525397044 14.3578616971 -0.0100152215621 38.6045689027 -48.8458553358 0
1974 5.90650510788 59.212281 6.4432491 1.3602712 132.200044298 13.9381028166 -0.00787812679258 73.371564134 -78.3891821689 0
1977 5.90942311287 41.747696 3.5851691 1.5088422 138.394873177 13.1130561756 -0.0858006099865 97.115691257 -91.3663028431 0
1980 5.84039092064 40.889782 2.6549702 1.6071612 139.532790148 12.3132133832 -0.0808789983854 99.1147048522 -96.7175790159 0
1983 5.93267321587 40.408125 3.8011614 1.6070032 137.849602547 9.53997931583 -0.131592253091 97.6103251584 -99.6141817427 0
1986 5.89771604538 40.388712 5.5337894 1.5172855 77.3049092994 134.166260474 -1.04853194981 133.824953718 -147.010510875 0
1989 5.90206718445 40.44034 7.6724587 1.5542124 107.331528479 48.4309718894 0.820654089103 78.3306293451 -42.0297952411 0
1992 5.82691311836 40.554207 9.7439313 1.5604739 36.8323357572 80.5100478348 1.38270122362 70.8639229436 -10.1856240692 0
1995 5.92458796501 40.580821 11.876658 1.5652859 35.6933012107 92.5649440034 2.78424580639 80.8361759849 69.8412580318 0
1998 5.8578710556 40.665042 14.024391 1.567666 113.697905755 67.5243961368 -1.18124652341 90.5320370799 -157.501085842 0
2001 5.85929489136 40.771617 16.174621 1.5548315 34.1202679506 38.9541182075 -2.62688596792 23.7306960961 120.405237972 0
2004 5.92287993431 40.847233 18.25792 1.5551713 29.5352310615 81.8136320029 -1.86180821522 64.5545499253 164.221495095 0
2007 5.91072702408 40.88758 20.352438 1.5597309 23.7875552899 77.8999819134 2.02143096342 60.0344122612 26.4534650347 0
2010 5.92204880714 40.971014 22.508388 1.5678505 138.918907367 61.7474547863 0.0460572631043 105.515374127 -87.1923297657 0
2013 3.50441789627 41.044823 24.54743 1.5705547 65.3355150044 48.8508789407 1.39640781341 34.3612477723 -9.9778816167 0
2016 2.73360610008 41.105608 26.696222 1.5717508 109.593652464 84.3993207072 1.84425960249 89.5559034061 15.6136042629 0
2019 2.76186585426 41.160404 28.869777 1.5672714 61.1305461412 23.3918546975 2.97477693445 20.707829676 80.6441267652 0
2022 2.77874612808 41.204205 31.003136 1.5608691 18.3980205213 80.09474416 -2.98854832021 54.1304723997 99.3375825787 0
2025 2.77991294861 41.244227 33.116661 1.5660557 9.42365824153 77.5422241115 -2.15418071027 54.6459445328 146.8461549 0
2028 2.7784049511 41.277887 35.228156 1.5643441 123.077760884 86.6652888519 1.81785606808 96.628142916 14.5251658271 0
2031 2.7947101593 41.31792 37.33529 1.5797774 124.429889921 46.2341286878 -1.2793604038 83.5870137887 -163.816529204 0
2034 2.81856608391 41.419072 39.474789 1.5713492 79.8844011718 143.411587934 0.443513802197 110.826168936 -64.6202082796 0
2037 4.87035179138 41.429937 41.518923 1.5745722 107.232376859 87.9936701032 0.393496428399 80.5596872495 -67.6706569979 0
2040 5.76312994957 41.494048 43.684079 1.5737379 54.4782672428 34.2653079666 -0.978646339877 16.040673213 -146.240844641 0
2043 5.89741492271 41.508319 45.798644 1.5762653 77.3706209261 38.1555379936 -1.86059810924 36.6677210754 163.082231888 0
2046 5.84872198105 41.512588 47.943477 1.5772604 113.625439103 9.45875597375 -1.2478227112 81.7394460876 -161.865339045 0
2049 5.81901597977 41.583607 50.107906 1.5744728 71.1623819424 127.496737768 3.09389960497 82.848869694 87.0567432039 0
2052 4.2868168354 41.632502 52.265699 1.5728612 26.601736458 12.6712682435 1.88567394376 42.3514209881 17.9228499952 0
2055 2.75718617439 41.660201 54.305408 1.5732479 103.008937475 49.1096574833 2.04217651787 61.5683627401 26.8676306968 0
2058 2.7712059021 41.689009 56.508616 1.5685378 38.7479115531 57.1304238347 1.62403062441 3.00611030663 3.1795046321 0
2061 2.75020313263 41.794127 58.57462 1.5657057 40.2271965422 58.5583977246 1.76816957596 1.56701442938 11.6003255961 0
2064 2.75945210457 41.856016 60.76704 1.5641567 39.6905788854 60.1307403672 1.70672196529 2.2569880638 8.16838800638 0
2067 2.7556989193 41.858156 62.785084 1.5639758 38.9219996643 63.1764582978 1.71412107857 2.96212556599 8.60269077606 0
2070 2.92914915085 41.958088 65.023529 1.5767642 39.7634013897 65.133511572 1.65571711194 2.19744066665 4.52366863446 0
2073 3.92117214203 41.99726 67.044355 1.5737097 40.1988103813 66.7372661809 1.70264341598 1.82447926096 7.38735776252 0
2076 5.77426505089 42.044947 69.102812 1.5759217 38.0809777346 69.1154943729 1.68697509453 3.96398955344 6.36289080693 0
2079 4.75095915794 42.097902 71.261122 1.5727544 39.0484893002 71.7427331546 1.70129684533 3.08721024846 7.36493960581 0
2082 2.77631306648 42.114798 73.459441 1.5684742 37.6559225052 73.1917390934 1.70738183256 4.46690440783 7.95882108785 0
2085 2.79589104652 42.172982 75.545483 1.5804547 39.0536523053 75.6924379418 1.66019599872 3.12278937792 4.56883986942 0
2088 2.82743597031 42.213453 77.648417 1.5799022 38.6402858711 78.0521731201 1.64713897116 3.59590633023 3.85238321584 0
2091 2.98255896568 42.308345 79.80823 1.5843424 39.2191020335 80.1142887429 1.66832522249 3.10436693392 4.81186128043 0
2094 2.96163702011 42.259747 81.948131 1.5870316 37.9851414052 82.2541923763 1.66201763982 4.2855485713 4.29638360431 0
2097 2.94787502289 42.325886 84.065588 1.5841531 38.0317740927 84.2838979689 1.63238824718 4.29965769738 2.76367035737 0
2100 2.92415189743 42.338042 86.100283 1.5789413 37.5775189506 85.9088507277 1.66342980397 4.76437047454 4.84083469492 0
