3 5.4895260334 72.513547 45.80148 1.6808269 124.504812857 13.5483351712 0.635147211211 61.1829802867 -59.9130328901 0
6 5.54610514641 72.505015 45.806851 1.6805552 12.5192741074 42.2360543799 1.34224298187 60.0919270696 -19.3838622564 0
9 5.56631994247 72.51553 45.801787 1.6811119 147.031725078 35.3969660645 -1.81517205867 75.2391096946 159.677685189 0
12 5.99117302895 72.511327 45.798497 1.6805172 112.103747592 58.8826424917 1.66264367762 41.6983768455 -1.02407739713 0
15 6.36811518669 72.518426 45.80176 1.6806948 16.10231314 31.9775051547 0.832277177638 58.0851772164 -48.6107490259 0
18 6.04683613777 72.509508 45.806599 1.6825332 68.8122408864 97.3596800283 2.27962245114 51.6854906876 34.2106940827 0
21 6.24430799484 72.510969 45.800989 1.6811293 44.5634686844 112.993805952 -0.969715255108 72.7731916566 -151.882205153 0
24 5.75571298599 72.522343 45.818169 1.6838228 34.1210286951 103.438930801 0.019816263331 69.2445891812 -95.3405516333 0
27 5.65749716759 72.508499 45.799812 1.6808804 33.9949871917 98.1520045493 -2.55970273078 64.9926354022 117.032483932 0
30 5.59576296806 72.523901 45.815543 1.6832165 134.575810189 57.1036941899 -3.10975294675 63.0702924622 85.383079366 0
33 5.66825580597 72.511009 45.802779 1.6808191 28.4511275943 91.7834004622 1.85310523604 63.6827347052 9.87126846398 0
36 5.67357301712 72.527172 45.853315 1.6851825 66.8882894927 106.650672244 -1.03437184911 61.0582970925 -155.81898636 0
39 5.53957295418 72.188088 49.017093 1.6798669 89.702970431 81.1230958416 2.09970246504 36.5727565961 24.0548059663 0
42 5.5370349884 71.804616 53.279503 1.6643548 62.565944935 102.762719982 -0.958401975405 50.338273768 -150.27289392 0
45 5.5261118412 71.568933 57.324136 1.642571 82.3054430182 50.7043317329 0.294313506325 12.6132650771 -77.2494640845 0
48 5.57583713531 71.37336 61.652431 1.6431927 30.5157964628 68.8785387903 -2.26409458891 41.4916513529 136.128929 0
51 5.52129888535 71.165072 65.844712 1.6344026 49.4026808361 94.3677907028 -0.14537900009 35.8771192804 -101.97397414 0
54 5.49564313889 70.960331 70.343426 1.6128178 50.4135042211 65.9729920112 -0.626205272954 21.0064938514 -128.286572313 0
57 5.52352190018 70.885213 74.631613 1.6236159 97.8960241587 77.1927707917 2.44536863484 27.1319635981 47.0829635099 0
60 5.54215812683 70.832043 79.069602 1.6124517 93.9940959413 78.3973596042 -2.3608564541 23.1718062804 132.346212065 0
63 5.7314260006 70.841819 83.283634 1.5826474 69.9731613987 44.8170443539 -1.57553195172 38.4763964663 179.049652201 0
66 5.51547408104 70.897044 87.066595 1.5142468 52.7369465138 71.8645424394 -1.98597978412 23.68314892 159.451789391 0
69 5.50394201279 70.898205 87.488163 1.2381173 45.1394191816 131.026122381 2.28116210537 50.5872410187 59.7620651907 0
72 5.58290505409 70.648486 87.373684 0.94938085 55.537948707 105.313033044 -2.9020868131 23.4552463515 139.327157973 0
75 5.55750918388 70.490448 87.162959 0.64684814 50.326175871 93.7291460171 -1.01407375866 21.2064302143 -95.1638148943 0
78 5.5009560585 73.090524 88.460194 0.4660111 22.3101070901 79.1033874339 -2.81978012141 51.635264797 171.738030652 0
81 5.58591294289 76.750616 90.291223 0.4640309 22.9710451073 134.212401529 1.05337002881 69.4356692829 33.7666447828 0
84 5.54119801521 80.704264 92.172539 0.45240664 41.8091557159 110.990871037 -2.74112015912 43.2083217574 177.024392648 0
87 5.55905008316 84.637734 93.972859 0.42386385 57.9977270805 106.456555461 -2.41670609255 29.4199361997 -162.75266912 0
90 5.60071492195 88.678811 95.730817 0.41656148 29.5335428619 71.2205536951 3.05529958778 64.0227752476 151.188556816 0
93 5.68997597694 92.647535 97.41769 0.40779386 25.5103326715 71.0881130243 -3.01966582174 72.1155361917 163.621025785 0
96 5.68010306358 96.759828 99.128022 0.39320766 21.0440717022 69.6626991233 -3.0808427203 81.2470368935 160.951575393 0
99 5.53784489632 100.07577 100.58602 0.32958371 85.1905207429 141.261843513 2.06575557229 43.313892274 99.4753202184 0
102 5.57643604279 100.12714 100.52966 0.1390585 14.1949016912 69.2338340275 2.90519307409 91.4536948628 158.48783666 0
105 5.49129891396 100.08551 100.52401 -0.14356162 14.6351668646 69.3419293349 2.75569727319 90.961988196 166.115298296 0
108 5.50822591782 99.772178 100.71077 -0.40700642 95.9383837857 103.82243339 -0.3876910565 4.93765401078 1.10668880831 0
111 5.49094390869 99.760338 100.7618 -0.66729138 19.0813409551 70.4908744913 1.98823630987 86.1709318467 152.15052901 0
114 5.4960360527 99.638101 100.95548 -0.8821311 14.9932280818 67.6085171919 1.99395549927 90.9767796741 164.787623652 0
117 5.49617695808 99.549051 101.11221 -1.1251977 13.6892674893 69.7674330705 1.61187485576 91.4023931047 156.822705666 0
120 5.58600997925 100.80276 98.46873 -1.1938854 98.7385322923 98.3817330988 -1.06353154787 2.06606013707 7.46872557038 0
123 5.53242611885 102.35582 94.496879 -1.1822805 99.4206839365 95.1874391077 -1.11110119964 3.01527726309 4.07827349927 0
126 5.57373690605 103.84912 90.431736 -1.1842505 102.133003765 91.7501642764 -1.13371254426 2.16409520399 2.89561156902 0
129 5.52753806114 105.46668 86.336829 -1.1831903 103.023512131 87.2675901404 -1.13081038886 2.61445702503 3.00114783987 0
132 5.49137091637 106.96067 82.891423 -1.1821311 105.34220358 83.3037041902 -1.18332355309 1.6701524875 -0.0683225294798 0
135 5.50073218346 108.13488 79.987125 -1.1809983 106.077239643 81.9251587375 -1.14655419842 2.82663379422 1.97350164949 0
138 5.5339179039 109.11096 77.465416 -1.174964 107.842480135 78.3010475641 -1.17526333078 1.51898692496 -0.0171503904582 0
141 5.52318882942 110.00241 75.115832 -1.1797573 108.779595213 77.3323933536 -1.14980239451 2.53148577646 1.7162896604 0
144 5.53441905975 110.9669 72.896666 -1.1819268 110.650849578 75.2977342238 -1.14352008983 2.42177961096 2.20054239751 0
147 5.52859210968 111.79529 70.750926 -1.1680053 108.884214389 74.1391430988 -1.16704351724 4.46703216005 0.055106092696 0
150 5.5278069973 112.62755 68.634671 -1.166408 110.341557078 71.4385144132 -1.15479347898 3.61763756108 0.665463035657 0
153 5.56135201454 113.50263 66.493746 -1.1746568 111.034488297 69.1406259722 -1.16792586305 3.61907406046 0.385654279429 0
156 5.49897909164 114.39844 64.423702 -1.1690506 111.945835796 67.7650656479 -1.14362265576 4.14487375064 1.45691388674 0
159 5.50651311874 114.9392 62.935672 -1.1627449 114.17688251 65.8793322137 -1.13173436144 3.04076691125 1.77677297982 0
162 5.51496720314 115.58582 61.52951 -1.1720902 114.14426149 64.7620938775 -1.13236478174 3.53944762107 2.27609880546 0
165 5.49712109566 116.16312 60.165609 -1.1710096 114.620814585 63.8847195079 -1.13202143549 4.02622515049 2.23385727715 0
168 5.54025697708 116.71267 58.758483 -1.1690165 114.405882096 61.3785988244 -1.16961990531 3.49088489764 -0.0345725777596 0
171 5.46130514145 117.29804 57.404001 -1.1730259 115.150978065 60.9133798657 -1.18534897736 4.11407522743 -0.706060323058 0
174 5.52136683464 117.3062 57.346669 -1.1782941 115.105897323 60.0442659169 -1.21167759026 3.48114363328 -1.91273309743 0
177 5.47351408005 117.30973 57.394113 -1.1925087 114.588148747 59.9994733314 -1.24240844845 3.76761290127 -2.85904498475 0
180 5.45766592026 117.3509 57.478875 -1.2542253 114.726046379 61.0322922243 -1.29596625499 4.41776306561 -2.39158055369 0
183 5.49759316444 117.31554 57.561663 -1.3141336 114.298245186 60.6411738757 -1.37357075959 4.3113171104 -3.40549839064 0
186 5.5206348896 117.31761 57.625945 -1.389572 114.603590581 60.3591731855 -1.4083588748 3.85180966857 -1.07640863619 0
189 5.57313013077 117.34247 57.653648 -1.4539696 115.366818558 60.1793456327 -1.49486384072 3.20660991606 -2.34306739962 0
192 5.52607703209 117.36058 57.739095 -1.5147103 114.851234592 60.9012701467 -1.50633078626 4.0368510046 0.480110771578 0
195 5.59993314743 117.34118 57.80351 -1.5718326 115.928053254 60.4051445069 -1.62600926131 2.96064677204 -3.10409404143 0
198 5.64772891998 117.32521 57.826191 -1.6475747 115.326893326 59.3441584427 -1.6507827281 2.50948095963 -0.183806470734 0
201 5.58785009384 117.28663 57.948056 -1.7072698 114.516938381 59.6368325481 -1.65598961908 3.24394172146 2.9381379394 0
204 5.54260897636 117.37131 58.006137 -1.7818651 115.871806933 59.8006161946 -1.70529912935 2.3385176991 4.38690697237 0
207 5.63804006577 117.40314 57.989067 -1.8555926 117.104313578 59.9101317801 -1.79862739527 1.94416746192 3.26386581007 0
210 5.56998896599 117.02719 57.008887 -1.8977403 118.325046269 60.2923835016 -1.86893610853 3.53069117479 1.65035860353 0
213 5.60817503929 116.38504 55.250118 -1.9095407 115.875662577 56.669045467 -1.86320880353 1.50758764773 2.65462212474 0
216 5.53210806847 115.67443 53.450651 -1.9075572 116.201761829 55.5938166341 -1.80811314406 2.20708808011 5.6977247029 0
219 5.59392905235 115.02136 51.574537 -1.9165104 114.497596413 53.4082721721 -1.88046781476 1.90706921135 2.06508801718 0
222 5.55673193932 114.35753 49.684701 -1.9233127 114.408568819 51.3398041625 -1.88722566093 1.65588992378 2.06763503371 0
225 5.48760795593 113.59486 47.870819 -1.9110101 113.278778725 49.8512240005 -1.90274198081 2.00547035343 0.473728334288 0
228 5.576431036 112.87829 45.986656 -1.9118326 111.937142765 48.1932897018 -1.90274728969 2.39895610892 0.520549936155 0
231 5.56081295013 112.17059 44.128463 -1.9122248 113.205724409 44.6831119394 -1.81571843431 1.17436735805 5.52940744994 0
234 5.76565003395 111.43202 42.277019 -1.9027456 110.370115477 44.4963216201 -1.9117999273 2.4602734272 -0.518774740354 0
237 5.56130099297 110.82393 40.37458 -1.9174412 109.673323063 42.6773571645 -1.9237634079 2.57423367092 -0.362235829774 0
240 5.52263689041 110.14399 38.567468 -1.912432 110.210129152 41.096632005 -1.9069889984 2.53002864638 0.31186101953 0
243 5.4766330719 109.42625 36.696167 -1.9074722 110.113188485 37.9489347482 -1.91768263503 1.42874473359 -0.585014834113 0
246 5.53482604027 108.96452 35.308972 -1.917648 108.394355847 37.8024022719 -1.91968761478 2.55778843582 -0.116861318462 0
249 5.51459503174 108.91335 35.330429 -1.9171391 109.244359269 36.8142873316 -1.93605640867 1.52032979462 -1.08388194665 0
252 5.66006112099 108.9585 35.348205 -1.9450374 109.70282172 37.1429581998 -1.99665055871 1.94297551988 -2.95721616123 0
255 5.54885697365 108.97674 35.368834 -2.0165302 109.751682878 36.2660144341 -2.02349950241 1.18552486047 -0.399311614162 0
258 5.55214095116 108.99865 35.397074 -2.0803106 108.450462376 37.7498506496 -2.11057713256 2.41579544549 -1.73414457597 0
261 5.46350598335 109.05048 35.474836 -2.159245 108.994509289 38.1071662089 -2.18599340961 2.63292518867 -1.53257097937 0
264 5.51154899597 109.09365 35.518169 -2.2238592 109.413222559 37.9256948936 -2.24385193096 2.4286431497 -1.14549910495 0
267 5.51939797401 109.14301 35.568827 -2.2920109 108.790413244 37.7986522162 -2.29498018651 2.25753072333 -0.170127585251 0
270 5.49464797974 109.24021 35.586114 -2.3597618 109.114571766 38.0308266976 -2.35087594258 2.4479389575 0.509122127333 0
273 5.54308319092 109.32691 35.57971 -2.4292889 109.320689251 37.7116920076 -2.38506368001 2.13199108309 2.53391845328 0
276 5.55332398415 109.34422 35.612178 -2.4970016 108.500291491 37.4387377522 -2.42856591232 2.01209737761 3.92107607235 0
279 5.56218695641 109.45255 35.562283 -2.5751384 110.045952754 36.614788174 -2.5137949866 1.20826072113 3.51471868855 0
282 5.5369310379 109.51035 35.610832 -2.6455993 108.199292859 36.8108152341 -2.5875810753 1.77730993087 3.32419941035 0
285 5.52437591553 109.52669 35.619453 -2.7060079 107.914926197 36.7046572197 -2.64150311553 1.94305191765 3.69585190833 0
288 5.51051211357 109.56751 35.667144 -2.7779359 110.274565339 36.4744682659 -2.70586360219 1.07317273641 4.12943848426 0
291 5.59587597847 109.58407 35.725569 -2.8421247 111.00539423 35.0165292024 -2.72597335053 1.58836393841 6.65498210938 0
294 5.59286785126 109.62066 35.728072 -2.9074408 109.989091104 37.1515212557 -2.77360432348 1.47035684861 7.66826524963 0
297 5.50335788727 108.40689 35.538158 -2.9474042 108.003637646 37.7815886972 -2.85751216356 2.27938451215 5.15043429986 0
300 5.60734796524 106.63579 35.154474 -2.9731605 105.532997339 36.4783667493 -2.94579415783 1.72303327454 1.56797590731 0
303 5.50923395157 104.74277 34.838538 -2.9724974 104.352746368 36.7794929231 -2.87071369238 1.97975363295 5.83177687005 0
306 5.5579199791 102.71686 34.507066 -2.970186 103.096350787 35.3425160463 -2.93778791324 0.917600150855 1.85627363561 0
309 5.50872898102 100.87602 34.149296 -2.9774562 100.497497657 35.2453414333 -2.88942228371 1.15956662405 5.0439718572 0
312 5.55096721649 98.917573 33.856952 -2.9648121 97.8688766992 35.0163005688 -2.87884907408 1.56328277518 4.92531857929 0
315 5.52241206169 96.872255 33.519705 -2.9713846 96.7580537756 34.3961494628 -2.91402203613 0.883853390594 3.28663281153 0
318 5.53175902367 94.700759 33.157106 -2.9752463 94.3475422575 33.8892356986 -2.90595642158 0.812881272248 3.97001759648 0
321 5.50913786888 92.656194 32.878926 -2.9695623 92.4221465147 34.5758556767 -2.9134777752 1.71299403183 3.21340656711 0
324 5.46821904182 90.628889 32.525228 -2.9736018 90.6521619774 33.5220367966 -2.90911785778 0.997080442361 3.6946577353 0
327 5.52451086044 88.510396 32.191288 -2.9695852 87.2305534067 32.7293526118 -2.95106080484 1.38834815163 1.06136966077 0
330 5.48560404778 87.334812 32.006658 -2.9896435 85.9986556406 33.7179229781 -3.00069322221 2.17111529913 -0.633102447296 0
333 5.69165420532 87.328365 31.983283 -3.0015998 86.5024939504 33.9323979933 -3.05114490641 2.11686377635 -2.83872549308 0
336 5.51887893677 87.328448 32.00285 -3.0442403 86.2487209767 33.0532517016 -3.10778584298 1.5063711958 -3.64089141987 0
339 5.59787392616 87.480424 31.977098 -3.121648 86.4153945522 34.2078409185 -3.09585981132 2.47194289848 1.47755437263 0
342 5.58683586121 87.509332 32.088761 3.0972389 86.6522891966 33.9621153874 -3.139281115 2.06009199492 2.67372429182 0
345 5.56719207764 87.537767 32.004513 3.0032565 86.5254627665 34.4217699431 3.11975673581 2.62066613477 6.67497182402 0
348 5.58159279823 87.588829 31.971963 2.902116 86.4986487292 33.6787077323 2.95562944039 2.02520878039 3.06609428154 0
351 5.54523396492 87.696053 31.883789 2.7788249 86.2888422374 33.5723706379 2.98030736589 2.19807872427 11.5440949412 0
354 5.48473286629 87.777704 31.698119 2.6376296 86.2928139466 34.2753537057 2.9684276353 2.97439694713 18.9533312936 0
357 5.74574303627 87.896098 31.65995 2.4917922 85.9708557 32.7621963676 2.77766053795 2.21844652148 16.3790492609 0
360 5.61564517021 87.958395 31.594625 2.366513 86.5706856223 33.0832187224 2.52978747358 2.03510407287 9.35493823824 0
363 5.5448539257 87.964094 31.460561 2.2184109 85.8222470093 33.7831844449 2.41875524756 3.15944428631 11.4788855646 0
366 5.65309309959 87.708527 31.831987 2.1125682 85.6476188184 35.3227003005 2.31496341738 4.05369237603 11.5963917494 0
369 5.56284689903 86.721318 33.612273 2.0920166 84.1808093722 35.9328505159 2.22348080254 3.44082317121 7.53234396233 0
372 5.55900597572 85.724716 35.405361 2.0873093 83.8536603698 36.7628322302 2.11109732104 2.31161789928 1.36295320862 0
375 5.504997015 84.755772 37.248267 2.0862059 83.1467568412 38.4374883283 2.06193043417 2.00079412964 -1.39088173754 0
378 5.5852689743 83.690185 39.149374 2.0868314 81.7733806434 40.5088765301 2.12728601104 2.3499757596 2.31787847457 0
381 5.57625508308 82.666747 40.97523 2.090975 80.9893503012 41.94593488 2.1445167349 1.93802158116 3.06771543747 0
384 5.5584127903 81.635815 42.877142 2.0910396 80.2807426368 44.2370522444 2.12362241334 1.91978566048 1.86685768915 0
387 5.71890902519 80.624097 44.699122 2.0805048 79.3608349711 45.0444646798 2.13647094459 1.30961540926 3.20662388055 0
390 5.52799797058 79.602515 46.546403 2.0762437 77.7533158519 47.0358765401 2.09608286628 1.91288312129 1.13670049718 0
393 5.50643897057 78.599692 48.40129 2.0808805 77.1563695841 48.4723340111 2.05636797393 1.44506984186 -1.40446428875 0
396 5.65462803841 77.532669 50.298142 2.0919608 75.9814350934 51.0997346637 2.12986359035 1.74610349967 2.17166991889 0
399 5.52016687393 76.53881 52.074716 2.0854653 75.1657086602 53.0903752284 2.10785628922 1.70791421262 1.28290918124 0
402 5.52857017517 75.533974 53.92833 2.0838411 74.8626938182 54.4123993272 2.0595411589 0.827611138167 -1.39228406729 0
405 5.52889919281 74.451304 55.860797 2.0823704 73.5465658101 56.3022341604 2.10025194103 1.00668662393 1.0245368323 0
408 5.64218711853 73.464188 57.689364 2.0801622 71.072247575 58.6668447814 2.12463958215 2.58395968906 2.54836628081 0
411 5.56864690781 72.461178 59.521835 2.0808323 70.1075297592 59.5628554889 2.13619975495 2.35400567587 3.17232149094 0
414 5.55752110481 71.469371 61.42577 2.0898858 69.4458519532 60.9640183775 2.1121681321 2.07553460434 1.2766835869 0
417 5.50502109528 70.386885 63.322712 2.0827703 68.1081464721 64.0674161522 2.12209412943 2.39733884811 2.25308946058 0
420 5.57818317413 69.38246 65.186025 2.0922796 66.7703972479 65.2722592741 2.12607187978 2.61348582759 1.93615501154 0
423 5.58038187027 68.400253 67.014087 2.0893798 66.0993458111 67.9074154778 2.13653235129 2.46824019517 2.70164218227 0
426 5.56396698952 67.30799 68.901204 2.089526 64.3641760736 68.9436091879 2.15139298805 2.94411933066 3.54471730653 0
429 5.85687303543 66.315197 70.741557 2.0869248 63.989100717 70.4073378761 2.11778764217 2.34998432775 1.76831059994 0
432 5.51452183723 65.281228 72.464006 2.0745737 62.7198205345 72.4769328702 2.12123760992 2.56144008484 2.67364509397 0
435 5.52951693535 64.283593 74.421326 2.0918621 61.1478140626 74.6766901946 2.11224395435 3.1461596298 1.16779423271 0
438 5.56834793091 63.28447 76.191493 2.091939 60.3818847667 76.1880614692 2.13751755383 2.90258726176 2.61145877052 0
441 5.51596403122 62.204887 78.125252 2.0893553 59.1979854513 78.1625125291 2.14091085352 3.0071323999 2.95391562721 0
444 5.51324391365 61.273659 79.948227 2.0960183 57.9773978103 80.0815337628 2.1354431787 3.29895567172 2.25887915705 0
447 5.62071180344 60.19879 81.787566 2.089809 57.2207928779 81.8934719034 2.13798346125 2.97987968206 2.76019330977 0
450 5.62780189514 59.161438 83.629466 2.0974137 56.8742007892 83.7495818436 2.09528542567 2.29038902248 -0.12194113695 0
453 5.60112285614 58.11891 85.485673 2.0964985 55.981708776 85.3765412361 2.0814034677 2.13998570415 -0.864881642218 0
456 5.68760514259 57.036783 87.336936 2.0992423 54.3955243464 87.0252693182 2.08303412279 2.65958331241 -0.928660147588 0
459 5.48287606239 56.357629 88.602308 2.124456 54.6016396255 88.8064197846 2.10304254028 1.76781229315 -1.22690086651 0
462 5.50094795227 56.200217 88.720884 2.2094598 53.9182896346 88.1836068026 2.2085407348 2.34432491086 -0.0526585572496 0
465 5.66885185242 56.199637 89.07416 2.3631742 53.2164714802 88.2915045772 2.34490985027 3.08412484008 -1.04647015493 0
468 5.50477004051 56.109511 89.161307 2.4869631 53.2306528438 88.2131062688 2.47875687286 3.03099140711 -0.470182180928 0
471 5.51338505745 56.023191 89.233423 2.608836 52.6588771601 88.3032381653 2.58720760513 3.49053741424 -1.23921574391 0
474 5.58603191376 54.873312 89.789936 2.6823278 52.4880197213 89.5451965896 2.70980817393 2.39781497076 1.57450944545 0
477 5.56966805458 52.997249 90.667048 2.6986067 49.5244702777 89.8936143011 2.70987148414 3.5578633673 0.645424588588 0
480 5.56088089943 51.122563 91.609157 2.7018871 47.4605869627 90.6124875401 2.70298343137 3.79518359368 0.0628151604644 0
483 5.591173172 49.137432 92.566213 2.7007601 46.5758241545 91.5163464476 2.70564577781 2.76840288471 0.27992871854 0
486 5.66055297852 47.308569 93.452781 2.7003868 44.2776211967 92.3237973829 2.70525071925 3.23438535026 0.278682044696 0
489 5.72483205795 45.360782 94.336008 2.7008969 42.500168461 93.8045807643 2.71566493173 2.90955747948 0.846145889945 0
492 5.48510599136 43.468079 95.251019 2.7064338 41.0484399914 94.231676326 2.71642255923 2.62558801396 0.57231374647 0
495 6.06665301323 41.590918 96.131677 2.7064065 38.7476164704 95.235695803 2.71839091986 2.98113164644 0.686656677824 0
498 5.61413693428 39.606214 97.06058 2.704478 36.1381162713 95.8320622523 2.71080722467 3.67926048445 0.362637861326 0
501 5.5397901535 37.718719 97.944153 2.696243 33.8085059802 96.52280804 2.7329725987 4.16052729292 2.10445098849 0
504 5.59508109093 35.769603 98.891663 2.7044976 32.9271206685 97.2686625556 2.71863988966 3.27319969565 0.81029350995 0
507 5.51754498482 33.862509 99.822852 2.7013631 31.1864578429 97.9398569486 2.73317186203 3.27214305296 1.82250781589 0
510 5.57006692886 31.979521 100.73965 2.7066945 28.7122404179 99.0335842148 2.74086675891 3.68588969794 1.95792621195 0
513 5.60532879829 30.015598 101.64307 2.7044148 27.0038005283 100.642744642 2.71264100252 3.17357445687 0.471326685702 0
516 5.61928796768 28.083667 102.5122 2.7038251 25.6559247516 102.006431407 2.72815763523 2.4798657816 1.39415157372 0
519 5.52293491364 26.231599 103.44351 2.6987262 23.0756565052 102.640898077 2.71045091675 3.25640275903 0.671776785514 0
522 5.45098090172 24.326425 104.3449 2.7056645 21.4398854365 103.688596952 2.70650537149 2.96021018547 0.0481783874704 0
525 5.47325015068 23.072168 104.95788 2.6888385 19.5751153043 103.751924115 2.69345742089 3.69914951742 0.264644672863 0
528 5.50440692902 23.059574 104.94595 2.6093304 19.2116524986 104.789502156 2.59194325222 3.85110059713 -0.996210185556 0
531 5.57108592987 23.148655 105.02795 2.4881616 18.6819634789 105.307655807 2.46175379974 4.47544059089 -1.51305550137 0
534 5.47991895676 23.15609 104.97342 2.3614352 19.1102947947 104.907443048 2.3629079265 4.04633313029 0.0843810129793 0
537 5.59559202194 23.189116 104.80794 2.2179164 19.214049643 104.715299337 2.2281790167 3.97614572607 0.588004623811 0
540 5.568557024 23.170444 104.45908 2.0515088 19.0321130257 104.726920678 2.05608637745 4.14698949616 0.26227586822 0
543 5.43905711174 23.203193 104.36781 1.9241471 18.8984685716 104.869610869 1.93094819172 4.33387315419 0.389673851519 0
546 5.5230550766 23.268475 104.40083 1.8086424 19.7793327586 104.374863346 1.84574872264 3.48923886373 2.12603568028 0
549 5.67411494255 23.269141 104.3114 1.6661585 18.6925655789 103.811149751 1.65143197667 4.60383458608 -0.843767633936 0
552 5.45485496521 23.273746 104.22596 1.531085 19.1226310183 105.313457113 1.49646887323 4.29120094641 -1.98335796675 0
555 5.57557415962 23.201513 103.9692 1.3630267 19.4850649806 105.203031519 1.39552741988 3.915906804 1.86215408027 0
558 5.48354697227 23.573375 105.47089 1.3112874 19.302917435 105.989237859 1.33475112612 4.30180105508 1.34437247851 0
561 5.4947040081 24.091257 107.45193 1.3021436 19.2596881853 106.553280506 1.32119964675 4.91443060018 1.09183105321 0
564 5.70443582535 24.69734 109.54228 1.2971878 21.0026675254 107.938401336 1.30572571857 4.02778244978 0.489186699828 0
567 5.4972820282 25.24514 111.62222 1.291934 21.4154274119 111.466553049 1.29960535294 3.83287499239 0.439536146734 0
570 5.58803200722 25.838263 113.71051 1.2925571 22.1085575324 113.738275172 1.29734790151 3.72980881276 0.274492707142 0
573 5.55292916298 26.485855 115.66064 1.2984976 22.6628351246 115.394769694 1.32095670128 3.83225364338 1.28681171519 0
576 5.55051088333 26.666562 116.70228 1.2516028 22.6328744451 116.90635326 1.2880363816 4.03884651683 2.08749045825 0
579 5.45723390579 26.671044 116.66524 1.1445574 22.78573077 116.467584493 1.14494542113 3.89033759394 0.0222319733665 0
582 5.51047515869 26.68282 116.71548 1.0360889 23.1945328362 115.803053592 1.02916189803 3.60564408772 -0.396887977609 0
585 5.49870204926 26.598988 116.54426 0.86252405 22.6242431065 115.961479362 0.867266971961 4.01724162088 0.271749410911 0
588 5.49871206284 26.490987 116.49462 0.72378221 22.5568770067 115.909063252 0.769099189025 3.97744869797 2.59647163841 0
591 5.83100605011 26.414554 116.44154 0.58967497 21.9172503314 116.072569881 0.616127741292 4.51241390353 1.51563215147 0
594 5.5176410675 26.30131 116.37003 0.43724496 21.5453037367 116.92118593 0.47725834266 4.78783546457 2.29259795047 0
597 5.4957818985 26.176025 116.35464 0.31453037 22.2635952322 116.301950364 0.350492926926 3.91278454376 2.06050273235 0
600 5.43938612938 26.088883 116.46581 0.14702743 21.5879457476 116.131722523 0.225676566591 4.51331924339 4.50626358898 0
603 5.44585895538 25.977812 116.45377 0.019989929 22.702833061 116.083622974 0.148910105861 3.29583007323 7.38658202823 0
606 5.47517299652 25.890585 116.45549 -0.11586106 22.8138768152 115.573193664 -0.0136648802599 3.20071555733 5.85540978147 0
609 5.45200014114 27.617035 116.21759 -0.13548047 24.6114046639 115.617856672 -0.0345398855912 3.06488071246 5.78346946821 0
612 5.48549699783 29.732468 115.90829 -0.14344069 26.3719746239 115.521959278 -0.097614278836 3.38262725667 2.62565994993 0
615 5.48574090004 31.744289 115.6014 -0.14068963 28.0063842535 115.001461572 -0.103263256832 3.78574404981 2.14437322501 0
618 5.50231909752 33.87565 115.27561 -0.13567301 29.9874396978 115.001954345 -0.124437644085 3.89782846879 0.6437390482 0
621 5.48259687424 35.936054 114.9269 -0.14240112 32.9050518807 114.617604544 -0.103096503332 3.04674211678 2.25198865047 0
624 5.5367000103 38.113735 114.67885 -0.14674677 34.3007557428 114.762240275 -0.104558001382 3.81389102541 2.41723838465 0
627 5.51406908035 40.163768 114.30534 -0.14012204 36.5313283189 115.00214977 -0.112661753559 3.69867028697 1.57335851729 0
630 5.65126609802 42.346763 113.98058 -0.16006212 39.1037139356 114.644719493 -0.0906384924349 3.31035473937 3.97768085797 0
633 5.41212487221 44.341947 113.67079 -0.15507802 40.7897929757 114.432885464 -0.0829171707669 3.63298605948 4.13451210714 0
636 5.47125816345 46.544067 113.30502 -0.15009707 42.8129779906 114.390804739 -0.065348588672 3.8858658874 4.85573030024 0
639 5.44097614288 48.557097 112.97025 -0.14631805 45.068821961 113.785978869 -0.0738654181752 3.58238416917 4.15123001818 0
642 5.49934697151 50.586062 112.64729 -0.14866611 47.3061544779 113.807406989 -0.0865273170328 3.47903216148 3.56029058106 0
645 5.45772790909 52.747394 112.3225 -0.14488479 49.576669923 113.696580723 -0.0558533253453 3.45566042978 5.10112716858 0
648 5.47723793983 54.919709 111.95097 -0.14565598 51.7363403046 113.947967272 -0.0357814384618 3.75790291988 6.29534750608 0
651 5.53974509239 56.9199 111.70562 -0.14317608 53.8334771717 113.496549233 -0.0568929626229 3.56839367144 4.94365846894 0
654 5.5242369175 58.963864 111.32719 -0.14485493 56.4862542494 113.202565633 -0.0443947293174 3.10734353436 5.75594550815 0
657 5.534927845 61.070196 111.0267 -0.15209978 58.223762186 112.050973526 -0.131116921999 3.02511515696 1.20222920556 0
660 5.55629181862 63.25691 110.67843 -0.1447313 59.6243280903 111.553546095 -0.117380644779 3.73650632418 1.5670771111 0
663 5.46311807632 65.338645 110.4192 -0.14848438 61.461952147 111.80346547 -0.128308418374 4.11642300637 1.15599744879 0
666 5.63144993782 67.412523 110.08404 -0.1445869 63.4687289006 111.244772075 -0.115986745965 4.11105957723 1.63866811966 0
669 5.47888898849 69.507235 109.73429 -0.15139682 66.1101790647 111.288219089 -0.106636213058 3.73559695923 2.56459386625 0
672 5.57954788208 71.647859 109.39116 -0.14906575 68.0979293643 111.20960045 -0.118418084673 3.98857444306 1.75598187517 0
675 5.53079795837 73.702975 109.06139 -0.1559357 69.8884211749 111.64168458 -0.0944141618568 4.6052948879 3.52492448476 0
678 5.44092392921 75.754203 108.72815 -0.15045699 72.3030178416 110.17054851 -0.131343004346 3.74048024435 1.09515070765 0
681 5.47537612915 77.860742 108.43703 -0.15243836 74.7126680541 109.423193437 -0.137783429148 3.29892223216 0.839665686865 0
684 5.43472218513 79.97813 108.08555 -0.15170568 75.9451101585 108.950639111 -0.162378677056 4.12475795801 -0.611517686084 0
687 5.51426410675 82.120618 107.73965 -0.14888428 78.2573822688 108.790888405 -0.139323924876 4.00370984218 0.547767999257 0
690 5.49324512482 84.192494 107.42985 -0.14593359 80.876469843 108.301536686 -0.142721960211 3.42868107125 0.184012832273 0
693 5.49385023117 86.28045 107.15458 -0.15823172 82.3228972222 108.101909536 -0.145953280161 4.06935587509 0.703502781774 0
696 5.42480897903 88.385341 106.75858 -0.15035877 84.550206038 108.935676898 -0.109499125616 4.40998991861 2.34108517563 0
699 5.48064994812 90.512184 106.42958 -0.15443508 87.0295661584 108.764223255 -0.117874742302 4.19275400658 2.09475304764 0
702 5.50710105896 92.541412 106.11165 -0.15857271 89.8725646914 108.378920833 -0.0890043372338 3.50189420015 3.9859741471 0
705 5.54047513008 94.624435 105.7799 -0.14991569 90.9510710378 108.249443548 -0.109525076384 4.42631315339 2.31421169215 0
708 5.49539589882 96.812614 105.41142 -0.16008539 93.48896827 107.07758092 -0.141097107448 3.71789095443 1.08794845042 0
711 5.42900300026 98.833392 105.05687 -0.15857643 94.588803924 106.874521975 -0.169590270454 4.61740041975 -0.631046574267 0
714 5.49981617928 100.9283 104.72764 -0.15390186 96.0205821346 106.956222039 -0.122520395025 5.39001600671 1.798025498 0
717 5.50353193283 103.02648 104.38009 -0.15580909 99.1508878686 106.621039684 -0.132802466419 4.47683703688 1.31818243203 0
720 5.48174405098 103.56436 104.3046 -0.21764658 99.3538081783 106.794502703 -0.195587959005 4.89166251012 1.26386588487 0
723 5.47648286819 103.46604 104.39779 -0.32798619 99.5674255722 106.990290349 -0.306230986418 4.68190693181 1.24648134769 0
726 5.45241212845 103.43166 104.43448 -0.46455789 99.0664926294 106.639395577 -0.434618668173 4.89043340363 1.7153910526 0
729 5.52592396736 103.35806 104.51276 -0.60050128 98.8656362504 106.937153239 -0.553021770329 5.10485589646 2.7203755175 0
732 5.42830610275 103.30537 104.5712 -0.75278089 101.052956389 107.051428156 -0.703868263858 3.35035800798 2.80248704282 0
735 5.50337481499 103.24477 104.73622 -0.88717849 99.5771925897 106.887865916 -0.813225085064 4.2521411322 4.23721798343 0
738 5.50851607323 103.11543 104.83266 -1.0218313 100.503048578 106.011187676 -0.931163636551 2.86591419537 5.19487445393 0
741 5.48644423485 103.3336 104.43355 -1.1359167 99.207293588 107.238699478 -1.06954824909 4.98951582802 3.80263213004 0
744 5.51736807823 104.18264 102.5184 -1.1499809 101.18802318 104.766513398 -1.07672647916 3.7445618898 4.19716914456 0
747 5.44431805611 105.02068 100.61649 -1.1544373 102.763992469 103.256872437 -1.05732149045 3.47336407912 5.56432601095 0
750 5.48464107513 105.97315 98.645528 -1.1675657 104.434875379 101.252289738 -1.02665600319 3.02679625466 8.07353091965 0
753 5.48199391365 106.66644 96.709247 -1.154133 104.304587869 98.4815773911 -1.0525791123 2.95288003559 5.81860915837 0
756 5.48583602905 107.65453 94.805864 -1.1707179 105.441512265 97.1173080866 -1.11659734137 3.20003457182 3.10087959412 0
759 5.4408249855 108.36584 92.821603 -1.1639211 105.864114541 95.0466555072 -1.10769752354 3.34805748652 3.22137364046 0
762 5.45107007027 109.18739 90.932737 -1.1605274 107.364061278 92.6194672132 -1.12646765829 2.48386522199 1.95147945132 0
765 5.48483681679 110.00551 88.971931 -1.1631703 107.837035997 90.4378572802 -1.12230503397 2.61748340213 2.34140727224 0
768 5.48768401146 110.83946 87.051439 -1.1600004 109.353005118 88.7201520562 -1.13198405582 2.23475980394 1.6052182788 0
771 5.46932315826 111.68317 85.129972 -1.1502451 110.263808998 86.657493028 -1.11095397617 2.08516333768 2.251215568 0
774 5.50108718872 112.49307 83.177328 -1.1488654 110.785880171 86.1391855969 -1.09129828357 3.4186397201 3.29835281013 0
777 5.44047403336 113.40329 81.226755 -1.149046 112.069776134 83.5781155086 -1.1024681862 2.70317507261 2.66871214964 0
780 5.39104700089 114.20236 79.347389 -1.1522317 112.013952512 81.7841384938 -1.13537867529 3.27519089973 0.965607187856 0
783 5.43771195412 115.10134 77.33273 -1.146946 113.157299665 80.1703775399 -1.11904311613 3.43970004267 1.59871748186 0
786 5.45264697075 115.87569 75.433999 -1.1405871 113.667256301 78.0944234989 -1.13472480297 3.4576058071 0.335884877879 0
789 5.49979400635 116.74641 73.521868 -1.1514597 114.136427953 75.6374705963 -1.1185447848 3.35972924943 1.88588572405 0
792 5.45960402489 117.66191 71.592443 -1.1472421 115.580727857 74.327857129 -1.11577687084 3.43712228049 1.80282483227 0
795 5.47615408897 118.47567 69.543126 -1.1411103 116.633384882 72.2095425056 -1.11930692881 3.24095532797 1.24924114818 0
798 5.48954415321 119.32773 67.660396 -1.1493947 117.485012407 70.3312344259 -1.11259096429 3.24483990763 2.10869872624 0
801 5.45931506157 120.23613 65.736718 -1.1477983 118.706142735 68.2216482007 -1.10445080325 2.91817393829 2.48362861635 0
804 5.50730800629 121.05504 63.851108 -1.1435448 119.787393618 66.4433898859 -1.11002462544 2.88562865331 1.92056453063 0
807 5.49009513855 121.9387 61.889647 -1.1416966 120.012655422 64.8600757326 -1.13054163545 3.54021109126 0.639132389295 0
810 5.49654698372 122.75206 59.947854 -1.134592 121.517561715 62.1597719197 -1.12165190436 2.53309433273 0.741412866687 0
813 5.45583510399 123.61313 58.017737 -1.1345099 122.629408368 61.6139601201 -1.09876049094 3.72834131739 2.0482902591 0
816 5.43051195145 124.50226 56.14403 -1.1250591 122.693133839 59.2904615477 -1.10637963467 3.62945849275 1.07025452706 0
819 5.48626494408 125.37031 54.195354 -1.1346431 123.501910633 58.0382881723 -1.10656208024 4.27306204587 1.6089239168 0
822 5.47597289085 126.19009 52.293812 -1.120627 124.577379788 56.1235310004 -1.11349922789 4.15542799826 0.408391259381 0
825 5.68172717094 127.09539 50.434417 -1.1252352 125.7382879 53.9409601469 -1.12872147512 3.75999613704 -0.199748850842 0
828 5.51473903656 127.94916 48.435924 -1.125081 127.077466574 51.8117367896 -1.09811401281 3.48654003551 1.54509455194 0
831 5.46711802483 128.83417 46.49897 -1.1135569 127.056634852 49.6742170575 -1.13530561512 3.63893185949 -1.24610958597 0
834 5.50644087791 129.69028 44.561049 -1.1141866 128.025989026 47.2299257137 -1.11696392038 3.14527699244 -0.159128736149 0
837 5.4382250309 130.6504 42.689185 -1.1179531 128.842347165 44.9134157728 -1.10851934809 2.86640150428 0.540514169371 0
840 5.60341286659 131.56218 40.752166 -1.1133477 130.568560674 43.0117677754 -1.12699291149 2.46841640513 -0.78181302872 0
843 5.67465019226 131.80181 39.159633 -1.0655485 131.378581645 42.6430346863 -1.08640940105 3.50901831692 -1.19524158683 0
846 5.59016394615 89.526265 39.287264 -0.26055386 132.385396606 40.7810674593 -1.08109325859 42.885156066 -47.0134444637 0
849 5.46724486351 49.129117 22.860079 0.57174269 133.425350357 40.0541388518 -1.08172285016 86.031916475 -94.7365970217 0
852 5.44217896461 45.693587 19.436118 1.0035584 134.704910278 40.3109008378 -1.04890380019 91.4263213207 -117.597421681 0
855 5.61540198326 46.841947 21.209275 1.0214136 31.7505424767 91.1825990706 2.70159475516 71.5822364276 96.2672890079 0
858 5.46882915497 48.00008 22.972907 1.0079248 76.7764554704 133.451369278 1.81787803851 114.16466359 46.4069021698 0
861 5.51018500328 49.170996 24.731115 1.014741 76.5488844438 131.442377715 0.819447271105 110.167338018 -11.1895064311 0
864 5.50508904457 50.349541 26.532036 1.0144485 83.2521837488 84.4510979751 -1.0957085035 66.6123234839 -120.903090411 0
867 5.52534413338 51.518278 28.351001 1.0069992 35.4466587724 96.4193754514 1.39350572893 69.9399781602 22.1451928619 0
870 5.51916885376 52.642563 30.101924 1.0170679 31.6992371908 76.0232449093 -2.7202842552 50.4716812679 145.865494953 0
873 5.50223112106 53.80357 31.912095 1.0183648 59.2393209563 99.8626131921 -2.48884914151 68.1675898872 159.051443302 0
876 5.63781905174 54.946688 33.671099 1.0064723 119.295797075 50.9187996331 -1.12673542876 66.6204999676 -122.223799683 0
879 5.65012192726 56.161659 35.476636 1.0152563 122.676081189 50.5150580661 -0.967032843416 68.1932731097 -113.576801692 0
882 5.52903294563 57.333476 37.252395 1.017552 121.714544105 45.6562327594 -1.25247437008 64.9272394256 -130.062930389 0
885 5.50930380821 58.434052 39.044555 1.0099164 36.1436926761 107.350401625 1.54591471921 71.8508789229 30.7104415167 0
888 5.48820114136 59.558673 40.733157 1.0155176 37.3708724046 110.298085453 0.86064469634 73.0176537965 -8.87356374064 0
891 5.52026486397 60.829575 42.673596 1.0256616 122.963392341 42.4240507465 0.0848620899973 62.1343184572 -53.9038412911 0
894 5.51417589188 61.938983 44.298725 1.0235902 88.2185019283 73.2040679359 2.11792528976 39.0657390221 62.7007820165 0
897 5.42477583885 63.08776 46.123861 1.0214801 135.495240906 83.4983196722 1.37780815787 81.4843141483 20.416093838 0
900 5.55735492706 64.233274 47.872937 1.026201 27.4912986999 82.2637942876 2.59714430428 50.3259755388 90.0084211895 0
903 5.46870994568 65.367062 49.701179 1.0288308 16.012945828 65.030766373 1.7075540217 51.6800254658 38.8879760612 0
906 5.50461888313 66.47055 51.411163 1.0247772 15.8398494715 65.9782878511 1.59890279588 52.6846178921 32.8949735541 0
909 5.48250293732 67.601685 53.206336 1.0345375 73.1028254913 51.3011187043 3.03952295984 5.8217179293 114.877204834 0
912 5.60011196136 68.713633 54.989386 1.0321621 113.587586924 23.1840709053 -2.15343921701 55.0022709447 177.478489324 0
915 5.49944090843 69.889939 56.860516 1.0335194 51.5411148261 139.492142267 1.13097973368 84.6443442181 5.58406578988 0
918 5.52558708191 70.97178 58.665246 1.0279054 26.8085176777 37.7341144008 0.137426166124 48.8723440094 -51.0207018452 0
921 5.66922712326 72.083269 60.388926 1.0348295 122.791293262 38.3952386013 -1.24162713514 55.2722897113 -130.431357438 0
924 5.52505612373 73.21006 62.180545 1.0389104 69.0918286227 64.7980860264 1.14272293604 4.8796875619 5.94802017578 0
927 5.48482179642 74.211219 63.966291 1.0279221 71.496708762 66.0681956445 1.07773831075 3.43315728834 2.85425862725 0
930 5.783192873 75.394113 65.876292 1.0355825 72.5022299986 66.3071527661 1.0424624485 2.92380373721 0.394192012397 0
933 5.50060606003 76.475569 67.55587 1.0353462 74.7065821899 68.1294166414 1.03647016525 1.85964246137 0.0643984654027 0
936 5.51703906059 77.652303 69.425792 1.0395167 74.4022877752 69.7038871134 1.03482058539 3.26189145336 -0.269067547163 0
939 5.50582098961 78.72098 71.209083 1.0347632 76.3760462123 72.2653000275 1.03986799809 2.57182986956 0.292483386044 0
942 5.46442508698 79.923618 73.070281 1.0406815 78.0277882402 74.739150737 0.992838632667 2.52572696018 -2.74119437798 0
945 5.44634008408 80.886825 74.813727 1.0240856 79.1157611637 75.7355285274 1.01076888404 1.99659339083 -0.762991621413 0
948 5.59439086914 82.003807 76.66259 1.0354781 79.8862502767 77.6109968213 0.997229321773 2.32024179234 -2.19149356396 0
951 5.45956301689 83.149971 78.458347 1.0359732 81.1076244622 80.6622067258 1.0379156237 3.00469250862 0.11129267997 0
954 5.48975992203 84.209192 80.07724 1.046865 82.1625128863 81.3352288156 1.02881678036 2.40238033096 -1.03408681304 0
957 5.47772097588 84.421821 80.346791 1.1291589 81.4658797768 80.5738497763 1.08430974941 2.96464908596 -2.56966704355 0
960 5.46412086487 84.549549 80.462185 1.2384433 81.1201680208 80.5464078624 1.20553764526 3.43041504649 -1.885355139 0
963 5.5681989193 84.477315 80.645515 1.377415 81.9772887491 80.2148392614 1.31284667214 2.53685097056 -3.69949267652 0
966 5.45068907738 84.491575 80.745704 1.5042297 82.4079395476 80.8934338976 1.48478470314 2.08886591748 -1.11411625262 0
969 5.67525887489 84.58151 81.604236 1.6242617 81.2432308483 81.7433912065 1.5966987605 3.34117821531 -1.57924010453 0
972 5.490929842 84.52138 83.606555 1.6450761 81.3736778756 82.2511212347 1.61400039768 3.42713135962 -1.78050658844 0
975 5.50950813293 84.450105 85.633891 1.6510189 80.9351650595 86.5173218319 1.62540886924 3.62425893397 -1.46734667576 0
978 5.47089982033 84.288283 87.799076 1.6553182 81.3045356493 87.975064523 1.61683103308 2.98893295561 -2.20515223016 0
981 5.58677911758 84.219899 89.940013 1.6574582 80.8304622839 90.8059158728 1.59945584449 3.49829516162 -3.32329017266 0
984 5.46477484703 84.085061 91.960688 1.6559816 80.5927355147 92.9216136484 1.62299365166 3.62211476861 -1.89007021493 0
987 5.46866106987 83.972707 94.061302 1.6546883 80.53503393 94.8340893402 1.66139344479 3.52346369486 0.384176497658 0
990 5.61044621468 83.850194 96.236204 1.650278 80.2017154386 96.4567936514 1.6514913285 3.65514098319 0.0695186020726 0
993 5.49465107918 83.742141 98.372522 1.653672 80.6076063631 99.382491578 1.66655215493 3.29322728317 0.737978516688 0
996 5.49446606636 83.558608 100.37046 1.6603574 79.8322143495 100.938115774 1.64966812363 3.76938227257 -0.612450421795 0
999 5.49898791313 83.448658 102.54165 1.6520527 80.0715227575 102.753192045 1.64475609405 3.38375419957 -0.41806472596 0
1002 5.50454711914 83.308795 104.69204 1.6576029 79.6566939046 104.984992841 1.65156742476 3.66383184357 -0.345807258611 0
1005 5.53829789162 83.194681 106.76107 1.661421 78.5701148566 107.95397978 1.6643518663 4.77594448852 0.167926269374 0
1008 5.47327804565 83.066158 108.84686 1.6653468 78.4091925006 109.127538923 1.67566281799 4.66541620007 0.591064292473 0
1011 5.50338983536 82.920912 111.09751 1.6564676 78.4434204551 111.429468111 1.65932184779 4.48978025317 0.163536351925 0
1014 5.50064206123 82.798446 113.12029 1.6519674 78.1382859137 113.875914311 1.65024588143 4.72102320795 -0.0986357486702 0
1017 5.47832584381 82.725101 115.25424 1.6521864 78.1070731216 116.354465334 1.65549456792 4.74728103988 0.189544059543 0
1020 5.47822999954 82.605874 115.888 1.7134215 78.8174521303 117.145428061 1.71508444334 3.99164948265 0.0952796348058 0
1023 5.51968812943 82.650086 115.98425 1.8265292 78.5938490259 116.896117136 1.82647223848 4.15747039247 -0.00326365447672 0
1026 5.49187898636 82.697137 116.16336 1.9516157 78.3691930605 117.110138089 1.95269630852 4.43029203261 0.0619143073423 0
1029 5.48514294624 82.611261 116.28116 2.0730733 78.6079982921 116.768627837 2.10114259355 4.03283240416 1.60825205441 0
1032 5.45001482964 82.517518 116.45008 2.1971216 78.6640712463 116.556841851 2.23557875848 3.85492541774 2.20343287312 0
1035 5.61686110497 82.418538 116.4581 2.3123831 78.6070877022 116.671988937 2.36570893053 3.81744703301 3.05534502853 0
1038 5.52183198929 82.414024 116.83182 2.4679277 78.7593583403 115.870287048 2.51563668619 3.77903780099 2.73352355335 0
1041 5.50715184212 82.282962 116.94587 2.5874118 78.0438379799 117.365145081 2.58832114834 4.25980798288 0.0521018217481 0
1044 5.65562415123 82.208722 116.96752 2.707272 78.5911958297 115.807078374 2.76939865841 3.79909467638 3.55959532234 0
1047 5.49191999435 82.043289 117.20312 2.8493508 78.0920656437 116.91040798 2.86104461021 3.96205077428 0.670005971327 0
1050 5.49355387688 81.832352 117.28824 2.9891727 77.6892272603 116.312735759 2.98050763491 4.2564176409 -0.49647165881 0
1053 5.53113889694 81.142386 117.29523 3.0875315 76.5337688146 115.30979365 3.10712358267 5.01809823144 1.12254364884 0
1056 5.49234294891 79.131234 117.37152 3.1037602 75.652997741 116.475635512 -3.08959124025 3.59175952547 5.14710143256 0
1059 5.51878714561 77.094643 117.50841 3.1079346 74.1877978484 116.809708574 -3.08713030562 2.98963750601 5.04892709829 0
1062 5.52938199043 74.899205 117.59033 3.115912 71.5891572642 117.108978673 -3.11985975593 3.3448639902 2.71659637854 0
1065 5.52147603035 72.824078 117.69503 3.116944 69.6118442872 116.740680701 -3.12415442439 3.35100403029 2.41140075661 0
1068 5.48473906517 70.711208 117.83017 3.1174699 67.9819740699 116.811843726 -3.10945881457 2.91302355735 3.22326532603 0
1071 5.52793002129 68.550781 117.88294 3.1169773 65.7770750464 117.33295304 -3.11946857314 2.82770761815 2.67797230726 0
1074 5.50401496887 66.454241 117.99143 3.11617 63.2425393821 117.214872322 -3.1406282718 3.30425015855 1.51186576098 0
1077 5.61359882355 64.352032 118.06903 3.1139299 60.4274667711 117.206528033 3.12965622733 4.01822372176 0.901052183178 0
1080 5.5515639782 62.204954 118.16997 3.1178991 59.3073461287 117.56445242 3.11285114641 2.96019980996 -0.289226435857 0
1083 5.88022494316 60.134729 118.2293 3.1166836 57.2291606338 118.206324093 3.11313757335 2.90565920623 -0.203172361161 0
1086 5.50806903839 58.034017 118.36643 3.1239361 54.5488501054 117.0047934 3.12421361654 3.74171651961 0.015900526321 0
1089 5.6044318676 55.858025 118.47896 3.1251128 52.3375437503 117.564542851 3.13764470122 3.63729940373 0.718025049108 0
1092 5.51289892197 53.766425 118.55 3.1243401 50.9337133717 116.962936713 -3.14072974131 3.24700247086 1.03793973846 0
1095 5.50133490562 51.628528 118.603 3.1187628 48.3611515829 117.279409768 -3.12468104774 3.52528576919 2.27701789766 0
1098 5.70945215225 49.494235 118.64783 3.1200968 47.172561025 117.279370806 -3.12816721304 2.69496764586 2.00084276949 0
1101 5.48554182053 47.379245 118.80828 3.1260538 44.9208938996 117.541639114 -3.12194552773 2.76547812629 2.01600812049 0
1104 5.53344988823 45.313934 118.87713 3.1250737 42.054926762 117.599171439 3.12997741754 3.50061512587 0.280962318865 0
1107 5.5116109848 43.229975 118.9845 3.131291 41.476144892 117.464567746 3.12529523029 2.32080031579 -0.34353229922 0
1110 5.48310303688 41.038059 119.03542 3.1300111 38.3854213494 117.468876342 3.12438343223 3.08067290327 -0.322441611826 0
1113 5.43794298172 38.877743 119.09254 3.1262084 35.9053651019 117.702121064 3.10663922165 3.28150806612 -1.12123132823 0
1116 5.48185181618 36.866989 119.17866 3.1252668 34.0589155035 118.978686095 3.07267688779 2.81518495379 -3.01318001484 0
1119 5.50419282913 34.67231 119.25843 3.1314701 31.7674391659 118.598501496 3.0655123409 2.97888908716 -3.77910122237 0
1122 5.51480698586 32.567479 119.34722 3.1353596 31.0279498772 119.592524451 3.09265624413 1.55894970852 -2.44672206247 0
1125 5.53403615952 30.502201 119.36971 3.1349527 27.8262082035 118.282353013 -3.14043025811 2.88847410664 0.447041671855 0
1128 5.50032901764 29.15421 119.31018 -3.13185 26.5561330033 118.286632803 -3.1048752294 2.79242778692 1.54554050869 0
1131 5.51459097862 28.938717 119.39146 -3.028318 26.421877481 117.754868626 -3.00660467143 3.00215131033 1.24408208596 0
1134 5.56394004822 28.80706 119.32785 -2.9089456 26.4189916406 117.347679497 -2.89531607176 3.10224849264 0.780914444698 0
1137 5.63387489319 28.607415 119.34948 -2.7753086 26.2628901678 118.296146865 -2.73942028369 2.57027379529 2.05624905827 0
1140 5.4899020195 28.309413 119.3977 -2.6319404 26.7116602725 116.775367207 -2.63222640704 3.07073982257 -0.0163869961553 0
1143 5.51748800278 28.176965 119.31562 -2.5155106 26.5656508226 117.628728319 -2.48100593856 2.33279594532 1.97697147425 0
1146 5.53186798096 28.13257 119.1422 -2.3876282 25.9310627407 117.297037716 -2.39860790657 2.87250031607 -0.629090846739 0
1149 5.51368808746 28.071656 119.10664 -2.2643471 25.8963449031 118.013467979 -2.27652823795 2.43454378399 -0.697927793975 0
1152 5.49523687363 27.847582 119.05477 -2.1225081 25.7172876429 118.168631012 -2.1337651458 2.30724865468 -0.644981214084 0
1155 5.49986004829 27.651134 118.95518 -2.0012288 25.7086533251 118.285226235 -2.0330586509 2.05476743696 -1.82371611888 0
1158 5.54789113998 27.585975 118.8068 -1.8653126 25.3801367485 118.397143555 -1.86609334248 2.24355539146 -0.044733249245 0
1161 5.51309013367 27.545652 118.66047 -1.7395281 25.8446870636 118.664310582 -1.75494050659 1.70096927217 -0.883065849752 0
1164 5.58548092842 27.426878 118.54472 -1.6078392 24.7309187221 117.147872701 -1.60128519031 3.03634299851 0.375517094032 0
1167 5.4960091114 27.408113 118.27266 -1.4907581 26.3212129726 116.919458234 -1.45231445121 1.73565742272 2.20265882483 0
1170 5.59778499603 27.619078 117.43976 -1.368489 26.6573948373 115.925177725 -1.39918329075 1.79409976705 -1.75865331504 0
1173 5.57382488251 28.00462 115.50954 -1.3464267 28.6178631596 115.104728201 -1.40846058208 0.734805936963 -3.55427962978 0
1176 5.72846794128 28.352772 113.43776 -1.3439724 26.3154014354 113.306055693 -1.38459828748 2.04162309004 -2.32769189184 0
1179 5.58183097839 28.777386 111.37552 -1.3470791 25.766407187 110.802141912 -1.38920129766 3.0650865965 -2.41342414981 0
1182 5.51103210449 29.292879 109.18718 -1.3487141 26.3219523618 109.640003038 -1.47374129244 3.0052377265 -7.16353045112 0
1185 5.55756998062 29.664866 107.14961 -1.3582731 26.4132657535 107.881807783 -1.44550436286 3.3330193154 -4.99798320338 0
1188 5.49356913567 30.155372 105.1583 -1.3627181 26.9593699465 105.226240019 -1.42999312124 3.1967241001 -3.85457478372 0
1191 5.45787811279 30.584999 103.08809 -1.3538609 26.4547613276 103.181188578 -1.44030183847 4.13128679417 -4.95270095166 0
1194 5.50742793083 30.932942 101.04272 -1.3388863 28.5837695796 101.561439478 -1.3796749762 2.40575995424 -2.33701899845 0
1197 5.49369001389 31.46397 98.886394 -1.3633561 28.5709591426 98.8990750772 -1.38742283419 2.89303865002 -1.37892229587 0
1200 5.57249999046 31.761459 96.890841 -1.3338862 30.8795848521 96.7972213928 -1.34665951266 0.886829545933 -0.731856905988 0
1203 5.56584906578 32.148779 94.808879 -1.340085 30.0976032024 94.6970550529 -1.33348870923 2.05422168906 0.377939621341 0
1206 5.54171299934 32.63242 92.742465 -1.3409888 31.3466378432 92.8797918904 -1.3341129993 1.29309490355 0.393954360884 0
1209 5.64247989655 33.223163 90.635151 -1.3443959 31.1551722393 91.043233898 -1.29783671402 2.10787035604 2.66764485404 0
1212 5.53461909294 33.480467 88.544154 -1.3400822 31.7164808256 88.8397516536 -1.33758324036 1.78858189534 0.143179840307 0
1215 5.58140802383 33.996344 86.523674 -1.3537744 31.9799897583 86.0986434368 -1.35685269782 2.06066382694 -0.176373473031 0
1218 5.7985098362 34.391099 84.502242 -1.3500462 32.8338109011 84.3801457065 -1.33508461133 1.56206713296 0.857235885492 0
1221 5.63430905342 34.871654 82.311763 -1.3462417 33.4015518565 82.8977995216 -1.35589914591 1.58260516771 -0.553330891429 0
1224 5.49761390686 35.319079 80.358924 -1.358939 34.4671336687 80.7445939638 -1.33713047856 0.935174940076 1.24953623614 0
1227 5.45359587669 35.776446 78.250756 -1.3606991 34.3569263279 78.2144449737 -1.34704706981 1.41998401052 0.782203711601 0
1230 5.54657506943 36.167733 76.160289 -1.3496683 35.0177614556 76.9277923769 -1.33303241833 1.38256861911 0.953165808223 0
1233 5.56045913696 36.593873 74.026216 -1.3452321 35.4164474178 74.7516638039 -1.34820144217 1.3829698181 -0.170130774519 0
1236 5.64787006378 37.096668 72.068535 -1.358637 34.805048371 72.2084411384 -1.38409397975 2.29588637603 -1.4585774988 0
1239 5.46029496193 37.456761 70.030489 -1.3570922 35.9722864156 69.9529558872 -1.38542118397 1.4864979567 -1.62313121935 0
1242 5.47884297371 37.942935 67.912468 -1.3598503 35.8530865631 67.5452903776 -1.36128897163 2.12185906589 -0.0824298123677 0
1245 5.53437590599 38.381728 65.750541 -1.3597279 37.0998522786 65.3457508056 -1.35143862569 1.34426949178 0.474940433311 0
1248 5.51148796082 38.78715 63.709446 -1.3638712 37.6397991807 63.3282683554 -1.36399144178 1.20901211709 -0.00688934667404 0
1251 5.50985884666 39.284372 61.704874 -1.358189 37.6506373599 61.910995193 -1.35439000042 1.64668601147 0.217666642499 0
1254 5.49890589714 39.616785 59.610797 -1.3616912 38.2069029621 59.5905819469 -1.35744080473 1.41002695333 0.243529710395 0
1257 5.49679613113 40.0981 57.483375 -1.3627524 38.4900949053 58.1876682534 -1.34434231032 1.75547981231 1.05482043931 0
1260 5.48252105713 40.478176 55.366289 -1.371191 40.0828436728 56.0248824992 -1.33112408818 0.768136085712 2.29566494523 0
1263 5.52707314491 40.927924 53.368372 -1.3697355 40.4223361145 53.7746220689 -1.33619736625 0.648581705256 1.92159351654 0
1266 5.48001098633 41.311773 51.24524 -1.3687118 40.6667718725 51.7605601475 -1.34453696842 0.825579377696 1.38511581989 0
1269 5.47769093513 41.752813 49.127024 -1.3690442 40.8816370908 50.4723572878 -1.3433147527 1.60276920359 1.47418873977 0
1272 5.53072500229 42.124468 46.999249 -1.3746445 41.511576454 47.9055279285 -1.34000247647 1.09406468891 1.98484174223 0
1275 5.47733187675 42.489069 45.000812 -1.3756167 42.03546509 46.2156070031 -1.36716570664 1.29672024996 0.484206252432 0
1278 5.52167701721 42.919623 42.847052 -1.3693623 41.6557135753 44.5949785003 -1.39022127357 2.15701508671 -1.19513115071 0
1281 5.47532010078 43.26925 40.76156 -1.3849404 43.1143926816 41.4903004504 -1.34162457118 0.745012371156 2.48181417751 0
1284 5.49699091911 43.723057 38.666685 -1.382086 43.3498995065 38.9739879205 -1.32330866302 0.483406247249 3.36769334014 0
1287 5.47570514679 44.069109 36.638541 -1.3748634 44.3554967355 36.7143034416 -1.319761453 0.296239569581 3.15710900633 0
1290 5.50293707848 44.48264 34.512889 -1.372972 43.892659425 35.2287983896 -1.37528764437 0.927687087903 -0.132676648972 0
1293 5.58551812172 44.660959 33.544964 -1.3339999 44.4860090527 34.2919419456 -1.32954648372 0.767191980719 0.255161957092 0
1296 5.53507709503 44.654294 33.324157 -1.2074321 44.7094427535 34.176063917 -1.1987340705 0.853690096147 0.498360380288 0
1299 5.47027182579 44.699557 33.107025 -1.0711259 44.3089635019 33.4935305531 -1.13033014643 0.549499611796 -3.39215344972 0
1302 5.51267385483 44.829945 32.953901 -0.95914547 44.3102343145 32.9725345713 -0.977697565044 0.52004461982 -1.06295674713 0
1305 5.47961187363 44.914184 32.826307 -0.82117543 44.0815996254 33.0957469776 -0.957385849917 0.8750969331 -7.80428218697 0
1308 5.4715180397 44.932468 32.690373 -0.70238554 43.180568877 33.1141033178 -0.737030992096 1.80241446939 -1.98503818445 0
1311 5.56341195107 45.019913 32.619075 -0.56167342 43.8476000103 32.6621566503 -0.691514125254 1.17310433232 -7.43932442007 0
1314 5.48821306229 45.164806 32.47066 -0.44585332 42.7181058357 32.7681046287 -0.532558533627 2.46471397958 -4.96784280261 0
1317 5.4754691124 45.307079 32.373178 -0.30795343 43.0793968636 32.820934635 -0.468429184165 2.27223539827 -9.19458342781 0
1320 5.53313207626 45.468859 32.25314 -0.19105128 43.3442545807 32.5076751256 -0.484377090435 2.13979720266 -16.8063309602 0
1323 5.50152993202 46.833289 32.057508 -0.10389315 43.4577433119 33.7012842477 -0.0966878080032 3.75450516643 0.412835686365 0
1326 5.5013821125 48.863767 31.868312 -0.084237935 47.1657968841 31.2123415607 -0.372891379332 1.82027463083 -16.5386241022 0
1329 5.61823606491 51.033972 31.691587 -0.08198003 48.5854731763 28.8101334869 -0.56213258835 3.78125916037 -27.5107151159 0
1332 5.50241088867 53.111195 31.42619 -0.084122232 51.3212396875 33.2856878914 0.00373230935765 2.58102158623 5.03369443085 0
1335 5.47582101822 55.206155 31.249451 -0.082409142 53.8826967252 33.2998835195 -0.0710847299963 2.44045391726 0.648841013281 0
1338 5.63893699646 57.287235 31.07162 -0.080297126 56.2689940765 32.9909917287 -0.0655884503533 2.17274076025 0.842745036781 0
1341 5.46121478081 59.516372 30.847745 -0.092608556 58.7911010285 32.5885980807 0.000796312037983 1.88589168056 5.35170472455 0
1344 5.46389603615 61.567611 30.670937 -0.091677002 60.5482337498 33.2177629112 -0.0156126332746 2.74325576648 4.35816729929 0
1347 5.47042798996 63.68279 30.502969 -0.089332225 63.1856867241 32.0033381151 -0.0893162281422 1.58057557501 0.000916552438546 0
1350 5.66090798378 65.773678 30.270465 -0.081918863 65.3445176832 31.7134763737 -0.105278401034 1.50547680223 -1.3384029407 0
1353 5.65294313431 67.870787 30.052005 -0.080757136 67.289479662 31.6960090215 -0.0946743852763 1.74375096961 -0.797399645965 0
1356 5.69970107079 69.978421 29.855203 -0.080851998 69.4403816777 31.7548019588 -0.0758571011993 1.9743258385 0.286186505781 0
1359 5.49380302429 72.04312 29.748383 -0.089661546 71.4155774336 30.3147860077 -0.124087413712 0.845353204221 -1.97245692599 0
1362 5.5017311573 74.192216 29.503442 -0.097083695 71.9796792757 31.2486311919 -0.103867752151 2.81797872098 -0.38869784273 0
1365 5.50773286819 76.337484 29.313327 -0.092202589 75.3756365938 30.7597789707 -0.101587598434 1.73705893291 -0.537721431282 0
1368 5.69037008286 78.469083 29.072242 -0.088851811 77.3510978978 30.5797082079 -0.0909195401366 1.87679115962 -0.118472152703 0
1371 5.42730093002 80.508884 28.860474 -0.08148585 79.300176324 29.6377872686 -0.107588635498 1.43707695117 -1.49557944257 0
1374 5.44497084618 82.648681 28.706332 -0.092016755 81.2538189995 30.301132155 -0.079102723052 2.11873253032 0.739919527117 0
1377 5.48126316071 84.803463 28.469695 -0.089914919 83.6893413299 30.4253775753 -0.0419162166119 2.25076907551 2.75012306894 0
1380 5.45713591576 86.909059 28.274418 -0.095059786 84.8316979552 30.3733090584 -0.0690459960821 2.9530954244 1.49048037144 0
1383 5.46947002411 88.999768 28.069648 -0.093100738 87.1319826828 30.1850542284 -0.0519729395843 2.82197900459 2.35644926989 0
1386 5.46354389191 91.148907 27.8824 -0.087682683 89.3074375855 30.1990311677 -0.0674022086399 2.95935627654 1.16198558736 0
1389 5.43731188774 93.191686 27.680334 -0.085944106 91.1180210679 30.5625620771 -0.0653989482432 3.55067950385 1.17715082889 0
1392 5.48341107368 94.597595 27.536443 -0.026113958 93.5179652445 30.1696546503 -0.0639400684458 2.84594518643 -2.16727648394 0
1395 5.41297197342 66.734672 23.138609 0.64678418 94.8657892062 30.6870196095 -0.0371372032472 29.1262468917 -39.1858087788 0
1398 5.4347178936 41.954155 8.6979942 1.5862633 97.8786834498 31.2947600563 0.0397066744829 60.3172173554 -88.6111674201 0
1401 5.4535150528 40.498777 7.6026468 1.6671323 99.8716169411 31.5422486252 -0.00507080277017 64.0174871283 -95.8101802774 0
1404 5.43521404266 40.36551 9.5759073 1.6613912 100.895831705 30.882413907 -0.00273588577069 64.1707649131 -95.3474585881 0
1407 5.46368002892 40.15753 11.693798 1.6450717 102.136893353 30.5158055035 -0.0304793154188 64.7742961996 -96.0020015424 0
1410 5.47217702866 40.017928 13.779826 1.6578436 103.15162336 30.4744765307 -0.0588782230512 65.3037123454 -98.3609150588 0
1413 5.48022294044 39.937066 15.922073 1.6651068 106.071205922 31.40944447 0.0275700836578 67.9233622426 -93.8239426441 0
1416 5.67283987999 39.75755 17.953862 1.6630734 106.142587656 30.1515767587 -0.0182180131509 67.4963515301 -96.3309021051 0
1419 5.62533593178 39.645384 20.177858 1.663423 108.929658782 30.8176475496 -0.00913858802129 70.09647533 -95.8307199693 0
1422 5.49330592155 39.526919 22.292671 1.6684735 111.21445081 33.4516481435 0.0567905710689 72.5508441574 -92.342629741 0
1425 5.51004910469 39.303781 24.413998 1.6572417 112.601188685 32.5451519914 0.0613895047284 73.7470381685 -91.4355955157 0
1428 5.43153691292 39.21094 26.55624 1.6661167 115.23511199 33.1770897825 0.0582792013125 76.3119281542 -92.1223028177 0
1431 5.49789905548 39.049874 28.673026 1.6660737 118.92611512 35.0498184378 0.14377677496 80.130377369 -87.2211889705 0
1434 5.5059709549 38.816051 30.701859 1.6598041 120.125074028 34.6879245745 0.129704232094 81.4066701476 -87.6682646646 0
1437 5.61260819435 38.695572 32.853799 1.6647394 123.031997154 35.6362286977 0.124039922789 84.3823116701 -88.2755775422 0
1440 5.47386980057 38.58982 35.008607 1.6723781 124.179063252 35.2257686375 0.0906938631287 85.5895187486 -90.6238312951 0
1443 5.51201891899 38.393816 37.160762 1.6689022 126.193738076 35.3905849305 0.103121397003 87.8177649651 -89.7126316543 0
1446 5.49942398071 38.314928 39.264936 1.6781402 129.119926425 37.676840628 0.135709900521 90.8188845221 -88.3747463532 0
1449 5.43212580681 38.042909 41.445131 1.6601298 130.428080949 37.5155020311 0.177949852397 92.4687081122 -84.9226554766 0
1452 5.45630407333 37.893052 43.482766 1.6655679 135.62699741 27.2485393048 -0.0705209112209 99.0730750593 -99.4705617428 0
1455 5.45073008537 37.737395 45.529248 1.6663309 138.457162878 27.3901577434 -0.0886917733448 102.340110595 -100.555392132 0
1458 5.65876293182 37.667375 47.706088 1.6735516 140.536698554 26.2142984809 -0.135376422301 105.090412242 -103.643941121 0
1461 5.66311693192 37.411337 49.793915 1.6717816 142.40372966 25.3623805943 -0.176709538815 107.797506417 -105.910740721 0
1464 5.50252699852 37.208006 51.943854 1.66906 26.4902060516 115.006483691 2.09133800859 63.9669172247 24.1947476736 0
1467 5.51988482475 37.03196 53.963531 1.6741645 141.518412423 37.9999823161 0.0875313206885 105.698881861 -90.90738481 0
1470 5.4627790451 36.983983 56.143126 1.6856298 113.620862752 107.039524266 -1.14241104949 91.998123321 -162.034804966 0
1473 5.48701691628 36.720012 58.206076 1.6746777 71.1957734692 58.2473276496 -2.6399553746 34.4757861488 112.789734678 0
1476 5.50259304047 36.536888 60.398002 1.6787317 25.0508407653 111.154060147 2.46528197757 52.0394727075 45.0660112793 0
1479 5.52220702171 36.401835 62.417273 1.6766351 137.65203597 54.5667322917 0.0717777293243 101.554094875 -91.9515540602 0
1482 5.47408080101 36.239068 64.615141 1.6886647 44.1895735684 70.3531258461 2.18767727457 9.80484619399 28.5913144467 0
1485 6.16158509254 35.99676 66.655908 1.678851 81.5389516725 10.9507136188 -1.10770599885 71.9524836499 -159.657955407 0
1488 6.24846696854 35.830181 68.859683 1.6854848 102.884745545 16.1502092916 -1.22255073052 85.2912846954 -166.618162573 0
1491 5.52025699615 35.575227 70.898859 1.683738 31.3607513833 70.4052487783 1.55508139499 4.24328360764 -7.3714804737 0
1494 5.542096138 35.463169 73.006353 1.6935188 32.5875428421 73.8924841361 1.5351244265 3.00906201172 -9.0753290999 0
1497 5.47430610657 35.205801 75.07321 1.6913976 32.565071839 75.330103038 1.6163648029 2.65319515582 -4.29906259901 0
1500 5.50974202156 34.978045 77.287591 1.6912075 31.5635545774 76.2447776251 1.78780058491 3.57018270972 5.53437609555 0
1503 5.5167760849 34.814043 79.320098 1.7000185 28.2179120074 78.1181527877 1.80526155428 6.70474580912 6.02998283317 0
1506 5.50088500977 34.580736 81.372215 1.6970036 30.7140321295 81.1659695534 1.6839489488 3.87220040883 -0.747976416624 0
1509 5.50800490379 34.345965 83.441951 1.6955247 30.14205684 83.0368406046 1.72774026285 4.22338232351 1.84581578609 0
1512 5.48484802246 34.142398 85.698773 1.7034669 29.9740619741 85.0849627352 1.78097463078 4.21328710937 4.44086585309 0
1515 5.44884395599 33.910208 87.748137 1.7016389 30.4719223755 87.316011896 1.67537963568 3.46533405912 -1.50454501866 0
1518 5.47815299034 33.670818 89.737713 1.6967853 30.5028747072 89.8395885837 1.66146318708 3.16958094088 -2.02380799388 0
1521 5.46501994133 33.472926 91.900649 1.7056804 30.4161693651 91.1489707886 1.67673328968 3.14782166882 -1.65854725025 0
1524 5.45239901543 33.217902 94.036516 1.7078464 29.0176668144 92.7525264783 1.69932689637 4.3921070918 -0.488131601818 0
1527 5.46647000313 33.034075 96.178482 1.7177188 28.3465214946 95.6745866908 1.71271421167 4.71455918923 -0.286741789596 0
1530 5.45006799698 32.713254 98.174723 1.7080491 28.5149438774 97.008328158 1.69789885879 4.35732541967 -0.581565982597 0
1533 5.47950005531 32.45653 100.24821 1.7068362 27.5826264108 99.533823718 1.70114424438 4.92598050715 -0.326125034476 0
1536 5.52043294907 32.217075 102.39435 1.7082962 27.5110910102 101.914597277 1.7084194022 4.7303750367 0.00705896636435 0
1539 5.4991440773 31.955228 104.48204 1.7110577 28.3723730221 103.539995688 1.66001330134 3.70463186824 -2.92462861115 0
1542 5.48724293709 31.741377 106.6002 1.7198575 27.5742961845 105.590464489 1.67265707545 4.2876716672 -2.70438511808 0
1545 5.43894100189 31.439656 108.68741 1.7105287 27.4626327881 107.749075309 1.6772323001 4.0862189882 -1.90774318753 0
1548 5.46611618996 31.216018 110.75498 1.7177022 27.0961469275 110.276827814 1.69009692487 4.14752542697 -1.58166575742 0
1551 5.45298099518 30.916985 112.90957 1.719675 27.5629126331 112.488779829 1.69649031945 3.38036474523 -1.32838434499 0
1554 5.48917603493 30.668641 114.94646 1.716506 27.687252262 114.237851889 1.6788790192 3.06444191676 -2.15586719575 0
1557 5.45621299744 30.419865 117.12266 1.716223 27.211333371 115.274687508 1.662750792 3.70265817298 -3.06373183946 0
1560 5.44080805779 30.132888 119.21343 1.725557 26.1493179392 117.464511894 1.69295415886 4.35057984312 -1.8680051975 0
1563 5.50124192238 29.88258 121.34383 1.72867 26.1081331339 119.907639706 1.68661419868 4.03845164697 -2.40961991986 0
1566 5.48167610168 29.981486 120.5055 1.7055843 26.0867473956 119.862108487 1.7043297539 3.94752345596 -0.0718801968371 0
1569 5.46616816521 30.170653 118.4575 1.6900862 26.7284497775 117.877416732 1.68401144359 3.49073912259 -0.348057904116 0
1572 5.4958820343 30.502618 115.6086 1.6745202 27.421193325 114.678305225 1.67385822483 3.21879269234 -0.0379283835938 0
1575 5.46059703827 30.699806 113.48782 1.6738205 28.1961609745 112.748834993 1.69990875033 2.61042855764 1.49474663894 0
1578 5.52973389626 30.8492 111.36091 1.6697397 27.8438212281 111.129511585 1.68348205388 3.01427384114 0.787378877853 0
1581 5.45389413834 30.973164 109.37107 1.6787837 27.5959821424 108.518179962 1.64346310141 3.4832138487 -2.02372122925 0
1584 5.42979502678 31.204408 107.09871 1.665475 28.4291388125 107.542170019 1.71476672132 2.81047608987 2.82420759643 0
1587 5.46925806999 31.322843 104.96751 1.6587885 26.9679573922 105.187483906 1.62789715609 4.36043772755 -1.76994362952 0
1590 5.45535302162 31.457099 102.91722 1.6541397 28.0643265933 102.522720193 1.68090165125 3.41563093749 1.53334685808 0
1593 5.44651007652 31.546684 101.34427 1.631357 28.1845117498 102.016762805 1.65305063843 3.42876782709 1.24295392417 0
1596 5.45866203308 31.536552 101.09899 1.5279681 28.1711621005 101.808060045 1.56919455688 3.43927746838 2.36210198375 0
1599 5.44265198708 31.522716 100.84711 1.3818466 28.3776621101 102.222802026 1.45167986256 3.43276747277 4.00115121455 0
1602 5.47199606895 31.33472 100.81397 1.2437751 28.6363570442 101.854822481 1.34531213821 2.8921508481 5.81764375389 0
1605 5.44357395172 31.335612 100.76499 1.1262837 28.3986982835 101.657684761 1.18439287651 3.06958728722 3.32941056517 0
1608 5.52093410492 30.238332 99.003137 0.9296569 27.134234031 101.205443356 0.985832242591 3.80599231287 3.21861004317 0
1611 5.4771130085 28.772289 97.32743 0.78863198 26.0605474218 98.8096907636 0.856010326252 3.09041087212 3.86049487081 0
1614 5.43999099731 27.005154 95.945316 0.6582802 24.350698478 97.5985509557 0.710454540659 3.12719042221 2.98936951861 0
1617 5.44654607773 26.209553 95.323497 0.64585939 24.1623506026 95.5782943708 0.688902343899 2.06299766267 2.46617959617 0
1620 5.45485901833 26.225548 95.299359 0.74214735 24.1823822221 94.7386438843 0.87240116713 2.11870900242 7.46299398701 0
1623 5.46947288513 26.287241 95.304851 0.87876564 23.4700499149 94.3401852809 0.935209496121 2.97777527013 3.23399473516 0
1626 5.48823809624 26.503119 95.525486 1.0159202 24.6958255795 94.7540404455 1.05087893224 1.96505413444 2.00298781445 0
1629 5.44687104225 26.584147 95.637624 1.1414331 22.9998978389 94.7115182094 1.23162435937 3.7019608296 5.16757851066 0
1632 5.4440741539 26.62792 95.717086 1.2595284 25.0811435459 95.9764315381 1.30420420247 1.56836778442 2.55973492809 0
1635 5.52155590057 26.756174 95.797181 1.3910555 23.4992779154 96.2577848449 1.41356277042 3.28930509497 1.28957160341 0
1638 5.48625612259 26.381693 93.77201 1.3952992 23.598197255 93.7754742669 1.49425441546 2.78349790079 5.6697162065 0
1641 5.49489879608 26.011804 91.856332 1.39866 23.5040428774 92.2948062668 1.49530516839 2.54580547774 5.53736025903 0
1644 5.45804786682 25.609249 89.727224 1.3968171 22.7615274256 90.2951841015 1.46652785777 2.90380730116 3.99413220678 0
1647 5.47353601456 25.2462 87.568251 1.3940659 22.9098150734 87.6733863767 1.47039680307 2.33874923249 4.37343859221 0
1650 5.44325017929 24.820481 85.505592 1.4017015 22.0000528988 85.5715611085 1.45709877088 2.82119949619 3.17402981776 0
1653 5.41991209984 24.493958 83.448062 1.398475 21.5230909623 84.3139748682 1.4749095319 3.09448801114 4.37937608698 0
1656 5.47716498375 24.080092 81.345956 1.3962744 20.6747861457 81.9842653977 1.43139376673 3.46461352079 2.01219149302 0
1659 5.44981503487 23.622432 79.208855 1.3888608 20.6780613746 78.76907502 1.46705562556 2.97703288706 4.48023348443 0
1662 5.46664214134 23.236261 77.182266 1.3737053 19.3181705384 77.3976701353 1.40341279473 3.92400711098 1.70211406773 0
1665 5.50643897057 22.741503 75.111069 1.3685019 19.8852164201 75.218021217 1.45282088701 2.85828826455 4.83112208872 0
1668 5.49270105362 22.23837 73.007777 1.3690406 19.5654540291 72.7554923444 1.45237165523 2.68479558535 4.7745177673 0
1671 5.42561006546 21.796618 70.8705 1.3677106 19.5991796334 71.1573597523 1.46660407725 2.21608300666 5.66617886755 0
1674 5.4433350563 21.306705 68.900927 1.3588762 19.9548487333 69.1831857399 1.46499096407 1.3810088204 6.07992812528 0
1677 5.44722986221 20.800373 66.796896 1.3509317 20.0156759948 67.0701531402 1.48557320081 0.830914468955 7.71438974377 0
1680 5.41532707214 20.180988 64.758154 1.3339286 20.2948530838 65.2033950876 1.49168362969 0.459570324779 9.03869739846 0
1683 5.44054889679 19.716632 62.635567 1.3210663 17.8466132434 63.0678552788 1.39500648803 1.91933407883 4.23646071073 0
1686 5.43594789505 19.127208 60.642471 1.320188 17.3038494857 60.905395648 1.41373213132 1.84221758815 5.35968392286 0
1689 5.4845252037 18.573484 58.538556 1.3117791 17.6856490554 58.0214093777 1.44066810241 1.02746849964 7.38479586348 0
1692 5.48702907562 18.03732 56.562177 1.3046299 17.2299964864 56.6760599249 1.43496874856 0.815316243028 7.46786592905 0
1695 5.49596595764 17.470308 54.449011 1.30616 16.1362390145 54.2764351142 1.39609436385 1.34518492941 5.1528594817 0
1698 5.70567798615 16.865167 52.414515 1.2995721 15.3301530088 52.2154002322 1.41331827853 1.54787423389 6.51717596536 0
1701 5.74532699585 16.322269 50.452679 1.2871313 15.0546279087 50.9475507682 1.39977928812 1.36081299347 6.45425429004 0
1704 5.48662209511 15.679585 48.421133 1.2791916 14.6885338315 48.4396486338 1.38368438307 0.991224115551 5.98699545926 0
1707 5.53499913216 15.049517 46.343459 1.2810584 13.7284961836 46.4249796255 1.36309776625 1.32353375848 4.7005094401 0
1710 5.5332698822 14.370513 44.264129 1.2685694 14.1551221942 44.5011080135 1.42790608883 0.320237805444 9.12931979174 0
1713 5.55627608299 13.728985 42.398373 1.2622613 13.0695610403 42.7693887003 1.36764549278 0.756632413044 6.03806947392 0
1716 5.57023191452 13.116178 40.310007 1.2578142 12.9260761425 40.7564035888 1.36704926482 0.48518927304 6.25870818896 0
1719 5.44007611275 12.482531 38.460523 1.239848 12.3857623453 38.9396543833 1.35943164725 0.488805743564 6.85163828619 0
1722 5.53296780586 12.331027 38.238303 1.1567887 10.8440191369 38.2666800548 1.23470473837 1.4872786027 4.46426015472 0
1725 5.44274902344 12.263795 38.100898 1.043782 11.1496677135 37.3710793193 1.12234788761 1.33188397286 4.50149377365 0
1728 5.52405714989 12.231882 38.075858 0.90529637 11.3548222813 37.5066628206 1.04523049334 1.04557013274 8.01763467708 0
1731 5.4385061264 12.170047 37.918491 0.7605547 11.2702216896 37.9993422266 0.908215922509 0.903450336291 8.46036484751 0
1734 5.62269902229 11.9457 37.868652 0.60051086 11.8612239202 37.8139050115 0.8084639666 0.100664992959 11.9148353448 0
1737 5.47121405602 11.861848 37.85602 0.47073445 11.9361949286 37.7524275357 0.664064770145 0.127510252348 11.0770113962 0
1740 5.42314887047 11.68598 37.868337 0.32347919 11.9660299882 37.5713851567 0.486935904334 0.408176913984 9.36537986443 0
1743 5.61977601051 11.634663 37.834152 0.18688423 11.5384211222 37.2493295201 0.313858549697 0.592688646805 7.2750926252 0
1746 5.64925217628 11.546787 37.799316 0.059161186 12.8454485593 36.3849053838 0.10228361511 1.9201768765 2.47073319037 0
1749 5.49964809418 11.461332 37.784444 -0.088384018 13.1344196529 37.0020714129 5.48848272528e-05 1.84697838628 5.06717587677 0
1752 5.45961999893 11.353119 37.809133 -0.22428348 13.1032662577 37.5148943707 -0.149024103239 1.77470893237 4.31204465721 0
1755 5.48720502853 11.259101 37.929753 -0.36642208 12.5463969193 38.4393837423 -0.1884823362 1.38450506582 10.1951963274 0
1758 5.4932911396 11.22919 38.083377 -0.50941267 12.2802827251 37.7610563932 -0.25417605664 1.09940278808 14.6239807228 0
1761 5.50647997856 11.185129 38.110347 -0.64618684 12.7434699141 37.9391794637 -0.441232043967 1.56771321674 11.7430448036 0
1764 5.61657595634 11.588805 37.741111 -0.76036767 11.3541299552 36.8505222731 -0.600152324008 0.920988955982 9.17966313857 0
1767 5.4699151516 13.063467 36.224873 -0.77289998 12.6874185389 36.5508771981 -0.709638846516 0.497685826902 3.62459595584 0
1770 5.79250717163 14.493375 34.807156 -0.77803694 13.503716747 36.2779079682 -0.840884137427 1.77271960827 -3.60087916682 0
1773 5.56461596489 15.892318 33.28564 -0.77023756 16.0999225728 33.3654345282 -0.680145040972 0.222411387711 5.161921106 0
1776 5.54005002975 17.405154 31.857105 -0.77891679 17.8630800956 32.0518675126 -0.77627283826 0.497623095699 0.15148727594 0
1779 5.6323261261 19.008966 30.381332 -0.78385491 19.0726329002 30.8450247592 -0.76171459345 0.468043212852 1.26854669538 0
1782 5.52586197853 20.517371 28.856906 -0.78454873 20.9101183907 29.1455266255 -0.788039801361 0.487393453323 -0.200023654989 0
1785 5.47522497177 22.037399 27.308602 -0.78653789 21.6131562545 27.5603224671 -0.77308916665 0.493300213553 0.770555087786 0
1788 5.60665488243 23.470866 25.802264 -0.78746834 23.8692919216 25.709321475 -0.771777551467 0.409122876346 0.899015960145 0
1791 5.44372320175 25.030138 24.239515 -0.79252133 24.6958926428 24.6009538776 -0.745135388864 0.492298711196 2.71501443537 0
1794 5.4819920063 26.508975 22.80392 -0.79210599 26.4088462808 23.2408002503 -0.791063015882 0.448207667817 0.059758015125 0
1797 5.53973889351 27.961008 21.312251 -0.79564812 28.0379207271 21.8312721851 -0.788082087669 0.524689010896 0.433501720243 0
1800 5.50954794884 29.36401 19.750057 -0.78815021 28.8724220472 19.9506786184 -0.797742942838 0.530949855529 -0.549623105594 0
1803 5.53322792053 31.016391 18.179875 -0.79578372 30.8145700971 18.9879994567 -0.77172646637 0.832944664621 1.37837909967 0
1806 5.64887690544 32.405165 16.663972 -0.79079715 31.7116141339 17.9344012196 -0.764733831076 1.44741259012 1.49331817443 0
1809 5.58426189423 33.875627 15.226881 -0.79213801 33.6277276138 15.795168984 -0.824267963844 0.620004305151 -1.84091075124 0
1812 5.61953306198 34.400964 14.714584 -0.72873329 33.5321762889 14.9582048215 -0.758821268976 0.902298837222 -1.72391420939 0
1815 5.53081703186 34.541831 14.529671 -0.59347242 33.7142537953 14.3791861229 -0.662305477537 0.841147863337 -3.94384368784 0
1818 5.55604410172 34.648846 14.435796 -0.47955783 33.8217457101 15.5090989295 -0.549956796357 1.35501810617 -4.03356365436 0
1821 5.64586591721 34.668797 14.324629 -0.34405458 34.0055345268 15.004930459 -0.410829385882 0.950119562732 -3.82591455483 0
1824 5.48636198044 34.864126 14.20779 -0.22615765 34.3078819104 15.4566892208 -0.272008523043 1.3671710759 -2.62706151235 0
1827 5.4986140728 35.017605 14.088235 -0.094353638 35.2911346687 15.313699057 -0.139772755726 1.25561962181 -2.60232375493 0
1830 5.51781702042 36.599142 14.0692 -0.022879679 36.333047096 15.0718485763 -0.0417102879446 1.03735753983 -1.07891441819 0
1833 5.53631019592 38.63985 14.009333 -0.014813302 38.7242723713 14.7823299172 -0.050903851004 0.777593319607 -2.06783613824 0
1836 5.50642299652 40.768535 13.925491 -0.0089087199 40.1558198937 14.3038087939 -0.0315607252154 0.720100100456 -1.29786430208 0
1839 5.56166696548 42.905865 13.952369 -0.011506708 41.6725977743 15.5455927819 -0.0545548089589 2.01477295723 -2.466474501 0
1842 5.46024703979 45.04117 13.838962 -0.010052037 45.0098078122 14.8855478549 -0.0269792030236 1.04705565201 -0.969855172268 0
1845 5.49899601936 47.095509 13.764363 -0.008210261 46.1259539753 14.6407152165 0.00444005259638 1.3069162763 0.72480957859 0
1848 5.44597387314 49.256947 13.750747 -0.012245698 48.3640423558 14.9720739433 -0.00733881710258 1.51291711802 0.281143565996 0
1851 5.48387503624 51.347189 13.680192 -0.017629817 51.0029651626 15.4355953531 -0.0247977365001 1.78883509088 -0.410691535245 0
1854 5.73430299759 53.510554 13.649042 -0.0075411209 52.5732882261 14.7980431579 0.0286428809449 1.48279155373 2.07319059161 0
1857 5.52504706383 55.608657 13.581194 -0.0077936973 55.1755322784 15.0966522863 0.0132160406965 1.5761379514 1.20376931587 0
1860 5.48182702065 57.666716 13.591636 -0.01411162 56.602439594 15.0377375849 0.0128312278891 1.79552055472 1.54371147211 0
1863 5.47578811646 59.905766 13.533857 -0.012519778 59.2087005004 14.9634395884 0.0121849863525 1.59047373058 1.41547873126 0
1866 5.5168800354 62.027534 13.447994 -0.021676244 60.6949334307 15.0865225864 0.0120362831296 2.11201330624 1.93158552125 0
1869 5.50820994377 64.181261 13.371995 -0.025327169 63.2003407884 15.1075201668 -0.00728358855064 1.9935526244 1.03382100705 0
1872 5.49458098412 66.241252 13.310079 -0.024907545 65.6675684648 15.2235572057 -0.0147260461508 1.99762650215 0.583356913177 0
1875 5.45487093925 68.444119 13.24669 -0.026304862 66.873744744 15.0207675562 0.00267444090041 2.3692670764 1.66039174942 0
1878 5.42303204536 70.49734 13.123327 -0.017605166 69.1610500376 15.1309107589 -0.00515514909593 2.41165159432 0.71333342347 0
1881 5.42567801476 72.634932 13.039101 -0.019360635 71.8295917429 14.7821805017 0.0135109691985 1.9201299641 1.8834041864 0
1884 5.43762803078 74.720419 12.994859 -0.019347658 73.8048313719 14.9807048163 0.0142213114264 2.18675200029 1.92336027074 0
1887 5.49860811234 76.914825 12.90632 -0.036038761 75.74132956 14.8609052468 -0.00959175683005 2.27980153406 1.5153017197 0
1890 5.51327109337 79.004774 12.78569 -0.032634565 78.0187712915 15.1203466105 -0.000757985035577 2.53432887177 1.82639349727 0
1893 5.47918009758 81.177999 12.691712 -0.029848436 80.8524502083 15.0337013176 0.0111238617331 2.36450755536 2.34753973706 0
1896 5.4770359993 83.222919 12.597068 -0.02122413 82.0402474675 15.0219937079 -0.0132950714326 2.69795786527 0.454301591423 0
1899 5.49057388306 85.390174 12.538762 -0.021700441 84.3531750086 14.7795984576 0.00811189580681 2.46915267611 1.70812107645 0
1902 5.55652093887 87.449986 12.512039 -0.030894579 86.7215353775 15.0629205446 -0.0069526505875 2.65285449356 1.37177145144 0
1905 5.54411888123 89.572355 12.414566 -0.034322832 88.0078454788 14.9404229525 0.00315916189803 2.97113503333 2.14756005809 0
1908 5.65907001495 91.713838 12.339838 -0.030338307 90.3823009853 14.7886377621 0.00432186165295 2.78740221283 1.98588138103 0
1911 5.44658493996 93.866625 12.234111 -0.027880568 93.1474841047 14.8675617295 0.00513011996514 2.72987662215 1.89137309923 0
1914 5.56066298485 96.027017 12.118277 -0.016096141 95.2771685884 14.8946672012 0.00815106628632 2.87586772808 1.38926264249 0
1917 5.50111603737 98.003729 12.063433 -0.023465033 97.4335413459 14.742677611 0.0255035449943 2.73924545199 2.80569284783 0
1920 5.55785012245 100.1865 11.996018 -0.023536261 99.2130039085 14.825744089 0.0117822666805 2.99249801656 2.02360257471 0
1923 5.43753600121 102.26857 11.921444 -0.023061579 101.766923338 15.020548485 0.0189140855678 3.13944230438 2.40502842199 0
1926 5.43855285645 104.50291 11.810699 -0.022632517 104.221161359 15.6670086543 -0.00456548421394 3.86658847646 1.03516472697 0
1929 5.48836684227 106.528 11.779433 -0.025937223 105.986473625 15.2734712112 0.00471601699848 3.53575364471 1.75630128031 0
1932 5.51657915115 108.61821 11.737233 -0.017267816 107.849211663 14.7966092547 0.00332037037789 3.15454299552 1.17961618728 0
1935 5.47608709335 110.65428 11.638117 -0.015586443 109.333040552 14.9730887936 0.0202414663597 3.58715911858 2.05278799509 0
1938 5.51305198669 112.94226 11.558687 -0.011710616 111.30390101 15.3516249298 -0.00979483292061 4.13165805937 0.109766284912 0
1941 5.4938621521 114.89636 11.528856 -0.01668203 113.70627927 15.0294369574 0.0116183990004 3.69734488274 1.62149514013 0
1944 5.52280116081 117.03777 11.494892 -0.018548407 116.469819566 15.4007071235 0.00316441901929 3.94689238202 1.24405329221 0
1947 5.62623095512 119.07747 11.406331 -0.016261061 117.705437558 15.0085419226 0.00321771531946 3.85465907077 1.11605167318 0
1950 5.46659088135 121.291 11.334615 -0.012126455 120.249960536 14.8847306599 0.0119255471826 3.6996059741 1.3780782139 0
1953 5.43429493904 123.43737 11.229443 0.0013807468 122.930298558 14.9229770886 0.00240307822304 3.72817857827 0.0585752758036 0
1956 5.46012210846 125.58554 11.258252 -0.0049853053 124.20244403 15.7087919455 0.0128880179358 4.660500002 1.02406598728 0
1959 5.65795493126 127.50849 11.183265 -0.012828209 126.239951435 15.0216930064 0.00434016570419 4.04261297314 0.983675411649 0
1962 5.48086690903 130.28779 11.390648 -0.01314096 128.930343403 14.9559950102 0.00214065617641 3.8150177676 0.875572111047 0
1965 5.46660208702 132.78769 11.256475 0.0084755214 131.225877917 14.8919462044 -0.0190610949727 3.95675471338 -1.57773190023 0
1968 5.7274389267 125.9239 10.596074 0.27888777 132.582369891 14.9417037867 -0.000447105132476 7.95108291593 -16.0047094159 0
1971 5.48099112511 93.936275 13.265891 0.84250578 132.873390404 14.4072086976 -0.00580425865037 38.9538388613 -48.6045849332 0
1974 5.56846785545 59.212281 6.4432491 1.3602712 133.221959415 14.602186447 -0.0219467278518 74.4580469646 -79.1952536332 0
1977 5.46409583092 41.747696 3.5851691 1.5088422 138.989655702 12.6506632286 -0.0566224451072 97.6636161038 -89.6945171416 0
1980 5.49684381485 40.889782 2.6549702 1.6071612 139.891084709 11.8065306163 -0.0236747854585 99.4233825418 -93.4400190448 0
1983 5.45268297195 40.408125 3.8011614 1.6070032 66.9668221688 104.098082691 0.148485339802 103.753731575 -83.5669177338 0
1986 5.54762411118 40.388712 5.5337894 1.5172855 116.880105131 64.2359319265 0.0422010653488 96.4203026355 -84.516112531 0
1989 5.48084807396 40.44034 7.6724587 1.5542124 35.5969039899 92.7639838347 -1.96531049764 85.2292586037 158.346192065 0
1992 5.59036397934 40.554207 9.7439313 1.5604739 34.3304125479 89.507483985 -2.02341780534 80.0059994895 154.658131052 0
1995 5.51236200333 40.580821 11.876658 1.5652859 33.6685117299 86.2708843383 -1.91477342316 74.7146634331 160.607288328 0
1998 5.49007511139 40.665042 14.024391 1.567666 123.048317986 61.5879119955 -0.130260222818 95.1277703498 -97.284006492 0
2001 5.47333407402 40.771617 16.174621 1.5548315 34.5711674755 79.522417445 -1.79097223956 63.650521512 168.299566644 0
2004 5.50196504593 40.847233 18.25792 1.5551713 25.682370875 95.7081981529 2.56594007445 78.920964447 57.9127848394 0
2007 5.48013186455 40.88758 20.352438 1.5597309 25.1874502675 98.0092967812 2.69277196261 79.2280366371 64.9184709025 0
2010 5.49794697762 40.971014 22.508388 1.5678505 24.770878079 101.283438747 2.91660311314 80.4235849991 77.2778323401 0
2013 5.44303297997 41.044823 24.54743 1.5705547 93.7775021625 26.3781700334 -1.61241876359 52.7644488337 177.629054234 0
2016 5.66921496391 41.105608 26.696222 1.5717508 64.381947955 76.3265055963 -0.504337687407 54.8174520709 -118.951108224 0
2019 5.5547349453 41.160404 28.869777 1.5672714 108.768345782 85.0803236492 1.71253772149 87.9230308084 8.32314712654 0
2022 5.49407196045 41.204205 31.003136 1.5608691 128.194486645 56.5223506478 1.44817720098 90.6561603915 -6.45677019935 0
2025 5.47449302673 41.244227 33.116661 1.5660557 60.2793464395 129.145594773 1.85019182138 97.8973538646 16.2798005621 0
2028 5.51262879372 41.277887 35.228156 1.5643441 40.1680355894 35.6183651962 1.53844416957 1.17644947638 -1.48395670328 0
2031 5.65175700188 41.31792 37.33529 1.5797774 16.6842539697 115.679779736 2.91502007422 82.1259798974 76.5037698584 0
2034 5.5010228157 41.419072 39.474789 1.5713492 38.2886823498 39.4917536911 1.56315193085 3.13043561866 -0.469668925634 0
2037 5.45999217033 41.429937 41.518923 1.5745722 39.9155478351 41.03523392 1.62856833852 1.58975773907 3.09375084707 0
2040 5.61344218254 41.494048 43.684079 1.5737379 121.387800415 21.3268692143 -0.0254545899098 82.9629827354 -91.6269803008 0
2043 5.60216903687 41.508319 45.798644 1.5762653 39.7995394589 45.6865351231 1.67427295151 1.71245318777 5.61542479179 0
2046 5.49288201332 41.512588 47.943477 1.5772604 39.0957214046 47.8549031356 1.57829851998 2.41848908813 0.0594798935818 0
2049 5.53279590607 41.583607 50.107906 1.5744728 39.3179502254 49.8451465775 1.61038985579 2.28084263689 2.05789570945 0
2052 5.53557610512 41.632502 52.265699 1.5728612 39.216712659 51.7737196721 1.62623257682 2.46537660394 3.05795463866 0
2055 5.5336830616 41.660201 54.305408 1.5732479 38.5802041118 53.6948645641 1.57709223611 3.13992740653 0.220264234096 0
2058 5.51329994202 41.689009 56.508616 1.5685378 39.0179977674 56.8029537706 1.58291067897 2.68717988382 0.823505304151 0
2061 5.51831698418 41.794127 58.57462 1.5657057 39.2914256872 58.6263512544 1.60302931351 2.5032359025 2.13848553044 0
2064 5.55569696426 41.856016 60.76704 1.5641567 39.1842560136 60.4820537499 1.62214923061 2.68691618545 3.32272724719 0
2067 5.60135006905 41.858156 62.785084 1.5639758 38.9950423842 63.0062071273 1.58302676821 2.871639778 1.0915400743 0
2070 5.49789905548 41.958088 65.023529 1.5767642 39.4439048886 64.5725268693 1.61139202062 2.55431392738 1.98402797507 0
2073 5.4858019352 41.99726 67.044355 1.5737097 38.9148519505 66.7742447764 1.6025711514 3.09422024371 1.65363935603 0
2076 5.63772892952 42.044947 69.102812 1.5759217 38.7842303972 68.8206207291 1.59666526638 3.27290462394 1.18851880535 0
2079 5.63001203537 42.097902 71.261122 1.5727544 39.010104554 71.2070933097 1.61202071461 3.0882700929 2.24979410397 0
2082 5.45167803764 42.114798 73.459441 1.5684742 38.2017711782 73.1817826763 1.61235797748 3.92286541356 2.51435523895 0
2085 5.51511383057 42.172982 75.545483 1.5804547 39.1083410004 75.112236849 1.5875781105 3.09511335555 0.408141357138 0
2088 5.54936289787 42.213453 77.648417 1.5799022 38.8801471148 77.828695164 1.58543256499 3.33817739804 0.316866572868 0
2091 5.48050904274 42.308345 79.80823 1.5843424 38.1470438376 79.9002494715 1.60865927284 4.16231845815 1.39325418446 0
2094 5.45906591415 42.259747 81.948131 1.5870316 38.5296592315 81.9849642138 1.60404833652 3.73026962114 0.974987183895 0
2097 5.4135351181 42.325886 84.065588 1.5841531 38.4035340039 84.0915607412 1.58012874045 3.92243798739 -0.230578817602 0
2100 5.59177088737 42.338042 86.100283 1.5789413 38.1704536739 86.1252597822 1.62052995229 4.16766316962 2.38285425174 0
