3 1.36410403252 72.513547 45.80148 1.6808269 81.2973835116 43.0375628473 -0.334958700644 9.20842124849 -115.49600732 0
6 1.37034487724 72.505015 45.806851 1.6805552 72.312772196 8.46662982832 0.216116568494 37.3407160409 -83.9061529412 0
9 1.35891819 72.51553 45.801787 1.6811119 95.2285760044 122.140039175 0.115822627449 79.6455347397 -89.6844690343 0
12 1.34769487381 72.511327 45.798497 1.6805172 109.030474278 21.9814091654 1.08260517085 43.5993324586 -34.2578357905 0
15 1.36703705788 72.518426 45.80176 1.6806948 99.2709634204 104.07558595 0.542006563671 64.1212683069 -65.2420301229 0
18 1.3651599884 72.509508 45.806599 1.6825332 120.307759405 61.3168422494 0.662144343473 50.2517709441 -58.4639749412 0
21 1.36918902397 72.510969 45.800989 1.6811293 38.5572703844 29.1802622437 0.0941285126991 37.8034681952 -90.9284471963 0
24 1.36612582207 72.522343 45.818169 1.6838228 28.7242984427 92.8916833779 0.439972673086 64.2976240846 -71.267362619 0
27 1.37279891968 72.508499 45.799812 1.6808804 104.209743819 68.7477144817 0.240142233019 39.1353440181 -82.5482163515 0
30 1.36839604378 72.523901 45.815543 1.6832165 46.3910356407 91.034957632 -2.68170127388 52.2275991364 109.908633635 0
33 1.37950897217 72.511009 45.802779 1.6808191 50.2979849853 99.9378223987 -3.07083572935 58.5151378675 87.7502325752 0
36 1.37952303886 72.527172 45.853315 1.6851825 148.913548038 7.41934914272 -1.91849956865 85.5105150011 153.524226759 0
39 1.36858606339 72.188088 49.017093 1.6798669 72.419880962 130.67605007 1.55972816484 81.6592860474 -6.88344248082 0
42 1.37375712395 71.804616 53.279503 1.6643548 79.9903300426 135.090377071 1.85875969244 82.2193713829 11.1385798535 0
45 1.36441016197 71.568933 57.324136 1.642571 77.0679746654 139.918410407 2.47138558689 82.7771322533 47.4875778275 0
48 1.35299897194 71.37336 61.652431 1.6431927 102.307191973 81.6161075666 -2.27807488087 36.8164411998 135.327917275 0
51 1.34194302559 71.165072 65.844712 1.6344026 68.0524585634 141.662714359 2.50162337311 75.8818676895 49.6880902051 0
54 1.35527896881 70.960331 70.343426 1.6128178 95.8098496022 65.5708547074 -1.62108806098 25.3036758497 174.710842823 0
57 1.36155700684 70.885213 74.631613 1.6236159 75.858553585 116.097415677 1.08501155544 41.7629849057 -30.8597557708 0
60 1.37790799141 70.832043 79.069602 1.6124517 37.8747081704 83.6856686528 -2.47794008243 33.2790322938 125.637814312 0
63 1.37139010429 70.841819 83.283634 1.5826474 73.5567506289 19.0537315174 -2.095410429 64.2872555541 149.262809593 0
66 1.37449002266 70.897044 87.066595 1.5142468 100.755412745 111.819697582 3.09182835531 38.7845107165 90.3887649569 0
69 1.38094997406 70.898205 87.488163 1.2381173 41.7407451887 131.243372173 2.2676349545 52.5801844083 58.987016537 0
72 1.38034200668 70.648486 87.373684 0.94938085 51.5724389022 70.6540018744 -2.33263829022 25.3661850356 171.954154984 0
75 1.36655712128 70.490448 87.162959 0.64684814 47.0827719082 70.3633707783 -2.63105781144 28.8122450434 172.189823341 0
78 1.36053681374 73.090524 88.460194 0.4660111 43.6927500656 69.9870902022 -1.94991605714 34.7200903833 -138.422429715 0
81 1.36648797989 76.750616 90.291223 0.4640309 53.7357538102 126.732139963 -0.858116188649 43.100166017 -75.7534480751 0
84 1.37855887413 80.704264 92.172539 0.45240664 58.2257195601 95.4477183155 0.895598567496 22.7158922273 25.3930269598 0
87 1.37659883499 84.637734 93.972859 0.42386385 91.2265037998 103.67470732 0.443575879304 11.7276488818 1.12941608474 0
90 1.36903500557 88.678811 95.730817 0.41656148 31.3909974985 69.1284990351 3.04519414188 63.1630975878 150.609557416 0
93 1.37805509567 92.647535 97.41769 0.40779386 103.671598426 38.6845125544 2.12030423887 59.758816147 98.1196170814 0
96 1.37183094025 96.759828 99.128022 0.39320766 17.5190163835 47.3485555598 2.69718198841 94.6584352843 132.008005125 0
99 1.36901497841 100.07577 100.58602 0.32958371 16.4557819157 70.7864947142 -3.05371279206 88.7711333401 166.151389591 0
102 1.37273693085 100.12714 100.52966 0.1390585 85.8661096314 138.459117996 2.95269166508 40.5218554735 161.209305457 0
105 1.3736550808 100.08551 100.52401 -0.14356162 14.6946204914 78.6738979846 2.1607826876 88.1421091542 132.02920337 0
108 1.37311697006 99.772178 100.71077 -0.40700642 124.623424715 75.488671729 -1.95507330458 35.4081728488 -88.6976988904 0
111 1.35664200783 99.760338 100.7618 -0.66729138 98.5884106695 57.4191426812 -2.08981087062 43.3584980958 -81.5043630874 0
114 1.37257289886 99.638101 100.95548 -0.8821311 13.8709061388 67.2904382535 1.90993802012 92.1376510996 159.973776692 0
117 1.35840296745 99.549051 101.11221 -1.1251977 20.7458465708 110.614267193 -0.957090890543 79.3740141306 9.63181068932 0
120 1.36920309067 100.80276 98.46873 -1.1938854 65.9674898529 74.8530838168 1.99942114831 42.0855651129 -177.03701209 0
123 1.36009907722 102.35582 94.496879 -1.1822805 121.901620247 60.1041310966 -0.278582604326 39.5588095831 51.7780753769 0
126 1.37177205086 103.84912 90.431736 -1.1842505 119.671474201 35.4155063905 -2.83247432784 57.2462436578 -94.4362690282 0
129 1.3585729599 105.46668 86.336829 -1.1831903 63.9874789477 110.545133716 1.12649677843 48.0267231567 132.33532159 0
132 1.37519216537 106.96067 82.891423 -1.1821311 105.24618996 81.4537252827 -1.04878931349 2.23750229802 7.63992160001 0
135 1.35967493057 108.13488 79.987125 -1.1809983 35.7236930569 94.9007159188 2.20623984532 73.931016418 -165.925550068 0
138 1.36877512932 109.11096 77.465416 -1.174964 106.845636331 80.7062937978 -1.21542672574 3.9541092833 -2.31834341236 0
141 1.35839605331 110.00241 75.115832 -1.1797573 110.02976737 75.4283544742 -1.24514233096 0.31371758406 -3.74628631707 0
144 1.36786603928 110.9669 72.896666 -1.1819268 110.278996039 74.5275607911 -1.02951714215 1.77003663193 8.73243015159 0
147 1.36399292946 111.79529 70.750926 -1.1680053 109.200952981 73.8410064035 -1.24396748237 4.03474676643 -4.35231245267 0
150 1.3862850666 112.62755 68.634671 -1.166408 108.591016353 70.5064408866 -1.17013878504 4.44939618269 -0.213758236856 0
153 1.38237500191 113.50263 66.493746 -1.1746568 110.907182334 69.9585632966 -1.16999635374 4.32912317719 0.267023901626 0
156 1.37406301498 114.39844 64.423702 -1.1690506 111.229963508 67.1587705075 -1.10906649227 4.18567115512 3.43683621073 0
159 1.37367796898 114.9392 62.935672 -1.1627449 112.197426542 67.3619112911 -1.0650024677 5.20662231741 5.60022885021 0
162 1.37097716331 115.58582 61.52951 -1.1720902 114.718883589 64.2533336689 -1.12663498104 2.85846009596 2.60439220336 0
165 1.38268208504 116.16312 60.165609 -1.1710096 114.513205027 60.9538546711 -1.18003691996 1.82853784679 -0.517227333845 0
168 1.36888194084 116.71267 58.758483 -1.1690165 114.415384293 61.4625462996 -1.11389964816 3.54816571586 3.15796299065 0
171 1.34984087944 117.29804 57.404001 -1.1730259 114.934149893 60.1922381701 -1.17583594583 3.65544018598 -0.161003766411 0
174 1.3505730629 117.3062 57.346669 -1.1782941 115.118993826 59.6529367096 -1.22838203437 3.17848102031 -2.86982724416 0
177 1.35455989838 117.30973 57.394113 -1.1925087 114.187412656 60.5006976796 -1.21460685975 4.40451290915 -1.26613128891 0
180 1.35927915573 117.3509 57.478875 -1.2542253 114.192874618 62.0334500057 -1.30080169021 5.54231700595 -2.66863058389 0
183 1.3657169342 117.31554 57.561663 -1.3141336 114.154881679 60.5782430284 -1.24509805572 4.36915507764 3.95544532365 0
186 1.35640192032 117.31761 57.625945 -1.389572 114.600220569 60.3450531706 -1.34933803785 3.84418451198 2.30523622434 0
189 1.35306811333 117.34247 57.653648 -1.4539696 116.514665356 61.9913919951 -1.4577550098 4.41602575805 -0.216888005496 0
192 1.36745405197 117.36058 57.739095 -1.5147103 114.047039469 60.2475931142 -1.37590666357 4.15597324788 7.95286254834 0
195 1.35463285446 117.34118 57.80351 -1.5718326 113.98606974 61.441246803 -1.38943412654 4.94872649334 10.4506627188 0
198 1.36755108833 117.32521 57.826191 -1.6475747 115.612999213 60.2216052159 -1.46551626147 2.94443119184 10.4311801527 0
201 1.36339306831 117.28663 57.948056 -1.7072698 117.464609422 59.6833347807 -1.682795779 1.74438216036 1.40225811109 0
204 1.36366391182 117.37131 58.006137 -1.7818651 116.524004199 62.4032541049 -1.62586528149 4.47800915085 8.93813120526 0
207 1.35988998413 117.40314 57.989067 -1.8555926 111.924799398 69.4713622102 -1.55139639116 12.7222371873 17.4291589106 0
210 1.36116790771 117.02719 57.008887 -1.8977403 117.436886286 61.9799047302 -1.65481820491 4.98787212357 13.9184107991 0
213 1.35019683838 116.38504 55.250118 -1.9095407 117.115741146 56.2677632225 -1.93251075482 1.25280723309 -1.31608719631 0
216 1.35237312317 115.67443 53.450651 -1.9075572 115.568960101 55.2756653932 -1.61410739014 1.82805947247 16.8134356037 0
219 1.36685490608 115.02136 51.574537 -1.9165104 116.412593824 51.4684062151 -1.57217572108 1.39527606446 19.7289238419 0
222 1.35026407242 114.35753 49.684701 -1.9233127 113.457534592 52.0968907748 -1.79566181514 2.57461671793 7.31385695359 0
225 1.3455619812 113.59486 47.870819 -1.9110101 112.63490289 49.2707113548 -1.63774302842 1.69741458056 15.6570498816 0
228 1.34842896461 112.87829 45.986656 -1.9118326 114.336236829 46.9748217444 -1.73687531335 1.76127240756 10.0243141198 0
231 1.35053300858 112.17059 44.128463 -1.9122248 113.509092869 44.0293944081 -1.70193470753 1.34216411647 12.0487347719 0
234 1.359801054 111.43202 42.277019 -1.9027456 112.73193375 40.9306342815 -1.71194101684 1.87150409242 10.9322973268 0
237 1.36374092102 110.82393 40.37458 -1.9174412 111.495293668 40.5168091417 -1.79119910187 0.686264018776 7.23313941962 0
240 1.3715929985 110.14399 38.567468 -1.912432 113.102117395 39.6822399005 -1.77253772194 3.16120769217 8.0153517107 0
243 1.36779689789 109.42625 36.696167 -1.9074722 111.909152856 37.1111356038 -1.91115666439 2.51734096474 -0.211104259238 0
246 1.36276698112 108.96452 35.308972 -1.917648 106.363294343 40.7598024256 -1.66465902399 6.03969595664 14.495200589 0
249 1.35204219818 108.91335 35.330429 -1.9171391 110.838311377 35.2336433596 -1.90687369538 1.92739299684 0.588164359592 0
252 1.34943604469 108.9585 35.348205 -1.9450374 108.851121046 38.5855237171 -2.0605371701 3.23909905923 -6.61764936173 0
255 1.34225296974 108.97674 35.368834 -2.0165302 107.70465637 38.3810180491 -2.05825779284 3.26977820455 -2.39081495902 0
258 1.36290216446 108.99865 35.397074 -2.0803106 109.352552599 37.8793237563 -2.10958909295 2.50735137188 -1.67753407664 0
261 1.36311411858 109.05048 35.474836 -2.159245 110.280173473 38.182651629 -2.26590465273 2.97395553385 -6.11114794551 0
264 1.35463094711 109.09365 35.518169 -2.2238592 108.30343667 39.0728807062 -2.11044256982 3.64148491973 6.49829423569 0
267 1.34356999397 109.14301 35.568827 -2.2920109 110.152006605 39.0597843068 -2.28337798324 3.63384879524 0.494629695413 0
270 1.36695289612 109.24021 35.586114 -2.3597618 106.428870745 37.7417324543 -2.32498373161 3.54264298645 1.99263653854 0
273 1.3629348278 109.32691 35.57971 -2.4292889 109.290625428 37.3532035401 -2.2794900215 1.77386468113 8.58284351391 0
276 1.36530208588 109.34422 35.612178 -2.4970016 106.229478117 36.7938329597 -2.37936102039 3.33135489586 6.74030871114 0
279 1.363312006 109.45255 35.562283 -2.5751384 113.028264533 34.7815273376 -2.57803263786 3.65996090518 -0.165827614479 0
282 1.36733102798 109.51035 35.610832 -2.6455993 108.544043673 36.5353061322 -2.3673995322 1.33731086104 15.9396725562 0
285 1.36549496651 109.52669 35.619453 -2.7060079 108.636471778 37.8125950944 -2.47137751558 2.36693065563 13.4433307729 0
288 1.35798096657 109.56751 35.667144 -2.7779359 108.614522589 36.164309183 -2.58783657703 1.07487591135 10.8918888946 0
291 1.36803793907 109.58407 35.725569 -2.8421247 112.841863493 35.5525261487 -2.79500231512 3.26238597873 2.69991377426 0
294 1.36467194557 109.62066 35.728072 -2.9074408 108.345577952 36.9972279894 -2.69275141154 1.79905284929 12.3007958652 0
297 1.36827802658 108.40689 35.538158 -2.9474042 107.241372792 39.9052536871 -2.66605932556 4.51995078531 16.1198738931 0
300 1.3501098156 106.63579 35.154474 -2.9731605 107.27152641 38.3358906923 -2.52287229454 3.24431394183 25.7996137372 0
303 1.3604631424 104.74277 34.838538 -2.9724974 108.41183304 34.3878149859 -2.73932751139 3.69664372416 13.3596505267 0
306 1.35023999214 102.71686 34.507066 -2.970186 103.799560938 34.6170458298 -2.86403024268 1.08827243069 6.08227686571 0
309 1.35218715668 100.87602 34.149296 -2.9774562 103.629283135 36.1903308831 -2.95368732475 3.42728482723 1.36185623588 0
312 1.36054706573 98.917573 33.856952 -2.9648121 102.31165711 35.2726771231 -2.86673892455 3.67751064816 5.61917903688 0
315 1.3571138382 96.872255 33.519705 -2.9713846 96.7989741025 34.5069842704 -2.90453129757 0.989995175559 3.83041207549 0
318 1.37088513374 94.700759 33.157106 -2.9752463 97.186834233 32.7681279572 -2.75178294232 2.516321518 12.803507271 0
321 1.35436701775 92.656194 32.878926 -2.9695623 91.9150477918 33.4207972071 -3.04035937772 0.918107895093 -4.05637375499 0
324 1.36205387115 90.628889 32.525228 -2.9736018 91.892706906 32.9078061628 -2.81969336121 1.32045512994 8.81830397428 0
327 1.36411905289 88.510396 32.191288 -2.9695852 87.4506618143 30.2044451984 -2.84468643436 2.25179503127 7.15617213741 0
330 1.34988212585 87.334812 32.006658 -2.9896435 87.272270017 35.3605569486 -2.96620736583 3.35448202511 1.34279157578 0
333 1.36494612694 87.328365 31.983283 -3.0015998 85.7025455091 33.9576616146 -2.96394829298 2.55762779369 2.15727244469 0
336 1.35687494278 87.328448 32.00285 -3.0442403 87.8766648238 34.2902035346 -3.13067005345 2.35213262341 -4.95206009682 0
339 1.35470509529 87.480424 31.977098 -3.121648 99.8498539893 26.4837422644 2.74932109018 13.5343915821 -23.618249481 0
342 1.36342477798 87.509332 32.088761 3.0972389 44.5312995238 72.146842751 -1.49540007925 58.7516909467 96.8611696616 0
345 1.37047290802 87.537767 32.004513 3.0032565 47.3811701454 71.408101247 -1.40535012152 56.2600661009 107.405447054 0
348 1.36159706116 87.588829 31.971963 2.902116 43.1704672504 71.9917813416 -1.43088642675 59.7877639706 111.737248327 0
351 1.35193896294 87.696053 31.883789 2.7788249 47.0185835782 71.8613431167 -1.17105252427 57.0338614484 133.688693996 0
354 1.35715699196 87.777704 31.698119 2.6376296 43.3931746737 70.843432783 -1.35748496171 59.1805883267 131.096796943 0
357 1.35748887062 87.896098 31.65995 2.4917922 46.3923763513 72.7852699524 -1.96561589935 58.4281683085 104.60932834 0
360 1.36552095413 87.958395 31.594625 2.366513 30.8007802446 137.841174586 -0.381496888181 120.645440127 -157.449368653 0
363 1.35309100151 87.964094 31.460561 2.2184109 92.366321027 55.1391866356 2.41356049807 24.0843707576 11.1812483431 0
366 1.35506105423 87.708527 31.831987 2.1125682 41.1936590233 75.4094579727 -2.46072773903 63.7387552378 97.9694442291 0
369 1.37489700317 86.721318 33.612273 2.0920166 85.8657572223 66.3122224305 2.16764145766 32.7111399527 4.33298517013 0
372 1.36897683144 85.724716 35.405361 2.0873093 37.8239883693 63.3971818119 -1.91597483482 55.479921953 130.628714883 0
375 1.35727000237 84.755772 37.248267 2.0862059 61.0332482029 97.321664015 1.23181253167 64.5877013388 -48.9531340495 0
378 1.36181712151 83.690185 39.149374 2.0868314 131.75383121 64.4906985542 2.81068823438 54.3350422576 41.4739415815 0
381 1.35626316071 82.666747 40.97523 2.090975 93.4548947397 72.2434594465 1.56725073241 33.0769754417 -30.0071901613 0
384 1.35270881653 81.635815 42.877142 2.0910396 104.039958203 103.444143446 -1.4367170733 64.5779164794 157.874431471 0
387 1.36420202255 80.624097 44.699122 2.0805048 131.70670021 39.8573619403 -1.84996191324 51.3115483223 134.800845815 0
390 1.35095691681 79.602515 46.546403 2.0762437 105.665448589 95.8298047977 -0.298466665418 55.7506071716 -136.060881504 0
393 1.36943984032 78.599692 48.40129 2.0808805 38.2869016462 82.7064352519 1.44449679674 52.9335815609 -36.4621003474 0
396 1.36223602295 77.532669 50.298142 2.0919608 58.9723475523 131.552271076 1.53969032921 83.3469796942 -31.6427671261 0
399 1.35447001457 76.53881 52.074716 2.0854653 59.6997638138 105.412678709 -1.81289177527 55.9329218119 136.640592552 0
402 1.36322903633 75.533974 53.92833 2.0838411 113.8231523 18.7706027073 1.96929754828 51.9819869119 -6.56286208405 0
405 1.36452484131 74.451304 55.860797 2.0823704 62.0778967984 138.721503334 1.29828890518 83.7794596539 -44.9245604475 0
408 1.36062884331 73.464188 57.689364 2.0801622 53.2555894101 97.7251691966 -1.96757350255 44.8469971649 128.081827659 0
411 1.36166906357 72.461178 59.521835 2.0808323 93.8178302522 94.2147911201 1.67830717981 40.7395115308 -23.0629905347 0
414 1.35526514053 71.469371 61.42577 2.0898858 53.3640813462 92.6422242176 -1.81003178411 36.0869578569 136.551181981 0
417 1.36154389381 70.386885 63.322712 2.0827703 47.2329789859 97.6032807303 -2.32500376088 41.367387592 107.453149264 0
420 1.37017416954 69.38246 65.186025 2.0922796 51.4885150703 90.8636266245 -2.52972353329 31.29748377 95.1787275663 0
423 1.37546205521 68.400253 67.014087 2.0893798 36.9282516721 120.679856113 -2.77488804858 62.2133558171 81.2979818554 0
426 1.36844992638 67.30799 68.901204 2.089526 21.8743072869 62.4469621449 -2.04990491989 45.8898328914 122.828078704 0
429 1.35908889771 66.315197 70.741557 2.0869248 97.2217458491 41.2914775026 -2.43493581891 42.6910054246 100.91647099 0
432 1.36519002914 65.281228 72.464006 2.0745737 29.2141727353 109.410042347 -2.82565810648 51.6317932793 79.237398853 0
435 1.35410904884 64.283593 74.421326 2.0918621 69.8572726893 50.2360116784 -0.908056731359 24.8192532948 -171.882687919 0
438 1.35481715202 63.28447 76.191493 2.091939 107.241182263 79.2029145164 -0.823244605144 44.059745943 -167.02771708 0
441 1.36350798607 62.204887 78.125252 2.0893553 130.382069101 87.9847126202 1.63326568257 68.886407389 -26.1320101582 0
444 1.34848999977 61.273659 79.948227 2.0960183 76.9216407474 54.2988383523 3.06057000414 30.0458062094 55.2647417692 0
447 1.3564260006 60.19879 81.787566 2.089809 56.7426710444 83.4115455698 2.25758550144 3.81864738861 9.61288543399 0
450 1.35708117485 59.161438 83.629466 2.0974137 58.2642835568 81.3568763928 2.02990880264 2.44326617825 -3.86774571546 0
453 1.36460208893 58.11891 85.485673 2.0964985 56.5605601074 88.5288059915 2.11539032216 3.41893445268 1.08242167687 0
456 1.36828899384 57.036783 87.336936 2.0992423 54.9312682906 87.6854120021 2.23215513363 2.13415737832 7.61534441029 0
459 1.36664819717 56.357629 88.602308 2.124456 55.765233705 90.6794409685 2.19036622938 2.15995684083 3.77637796993 0
462 1.35171484947 56.200217 88.720884 2.2094598 54.240213472 87.7343366462 2.14988502754 2.19428564937 -3.41338302729 0
465 1.36150503159 56.199637 89.07416 2.3631742 53.8898215364 87.7498830276 2.30873616186 2.66250952592 -3.11906983019 0
468 1.35864686966 56.109511 89.161307 2.4869631 52.7834581978 89.0808875861 2.54293712342 3.3270248759 3.20707530426 0
471 1.36878299713 56.023191 89.233423 2.608836 52.0939345584 89.0590673727 2.55309580706 3.93312294095 -3.19367780487 0
474 1.37014293671 54.873312 89.789936 2.6823278 51.1116628577 87.3825941783 3.01125078394 4.46601600047 18.8458987645 0
477 1.35573196411 52.997249 90.667048 2.6986067 49.665456193 90.5319328852 2.80185837644 3.33453136184 5.91588528744 0
480 1.36042881012 51.122563 91.609157 2.7018871 48.7788075953 91.9991724306 2.67346434587 2.37598430832 -1.62850385352 0
483 1.35494709015 49.137432 92.566213 2.7007601 107.419771735 76.3744589839 -2.27297576484 60.4897017942 75.0259265316 0
486 1.3507540226 47.308569 93.452781 2.7003868 45.4692518095 90.9726436261 2.73793431203 3.0877449896 2.15131397077 0
489 1.34429383278 45.360782 94.336008 2.7008969 42.9022992983 92.8285149946 2.74862618707 2.88386413614 2.73468670802 0
492 1.3553071022 43.468079 95.251019 2.7064338 40.4906306412 91.5652601691 2.72769978619 4.73814487843 1.21845125577 0
495 1.36425995827 41.590918 96.131677 2.7064065 37.8599923577 92.9690743086 2.85925984612 4.8909980507 8.7578516169 0
498 1.36427903175 39.606214 97.06058 2.704478 38.0977462606 97.2086480977 2.7506313468 1.51571734911 2.64439198214 0
501 1.35706186295 37.718719 97.944153 2.696243 35.7599245228 96.4023049692 2.75035849581 2.49282393163 3.10058951633 0
504 1.35697102547 35.769603 98.891663 2.7044976 32.5942457151 95.8713459486 2.63604991492 4.38237481028 -3.92176347233 0
507 1.3549849987 33.862509 99.822852 2.7013631 29.3609696813 96.5031766937 2.98141955331 5.59321914263 16.0460527998 0
510 1.35416197777 31.979521 100.73965 2.7066945 30.6525180166 99.9747094622 2.72712276808 1.5316889189 1.17045354394 0
513 1.35736608505 30.015598 101.64307 2.7044148 26.8869348687 100.49730092 2.83765015474 3.33186430915 7.63382350837 0
516 1.35616207123 28.083667 102.5122 2.7038251 24.3638884615 101.224216498 2.70747349127 3.93645194026 0.209037421922 0
519 1.35347485542 26.231599 103.44351 2.6987262 23.4765789392 102.650355623 2.87772437892 2.8669198457 10.2558401928 0
522 1.357858181 24.326425 104.3449 2.7056645 20.2055309914 105.572086363 2.6121163778 4.29973880598 -5.3599125837 0
525 1.35578799248 23.072168 104.95788 2.6888385 19.3107699441 105.470563261 2.68430741462 3.79617695334 -0.259612069143 0
528 1.35032987595 23.059574 104.94595 2.6093304 20.1074411539 106.496484228 2.57362941903 3.33455315358 -2.04551553391 0
531 1.35387778282 23.148655 105.02795 2.4881616 17.3557038539 106.220637473 2.51859370205 5.91445571383 1.74363100908 0
534 1.35495996475 23.15609 104.97342 2.3614352 17.718419554 103.820124526 2.4124007505 5.55862845775 2.92011094449 0
537 1.36341190338 23.189116 104.80794 2.2179164 18.9811227583 106.182253858 2.13537302854 4.42673081423 -4.72938681137 0
540 1.36474585533 23.170444 104.45908 2.0515088 19.2521917972 102.213804747 2.10010535519 4.51596736982 2.7843775113 0
543 1.35783314705 23.203193 104.36781 1.9241471 18.9166023778 106.192213915 1.97821809287 4.65868101572 3.09803968538 0
546 1.36505007744 23.268475 104.40083 1.8086424 19.4951414816 107.737810778 1.78987925363 5.03721019536 -1.07504909715 0
549 1.35815000534 23.269141 104.3114 1.6661585 17.8835611213 102.642939279 1.60945881997 5.63810533833 -3.2486523653 0
552 1.35845112801 23.273746 104.22596 1.531085 18.8961352963 104.581521073 1.46413808946 4.39202677022 -3.83577542519 0
555 1.3599281311 23.201513 103.9692 1.3630267 18.7708276159 103.646325822 1.26691220312 4.44243409716 -5.5069550215 0
558 1.3595187664 23.573375 105.47089 1.3112874 19.5870335789 105.124351641 1.3348561803 4.00137560847 1.35039163936 0
561 1.35131406784 24.091257 107.45193 1.3021436 19.9377390128 107.775316593 1.32776971856 4.1660881602 1.46826843893 0
564 1.36783385277 24.69734 109.54228 1.2971878 19.6418258082 115.874293919 1.33832126706 8.10263068448 2.35677405937 0
567 1.36328196526 25.24514 111.62222 1.291934 21.9780980372 111.603121742 1.45763809452 3.26709778396 9.49414526404 0
570 1.37282109261 25.838263 113.71051 1.2925571 21.7524251804 113.691848399 1.19030848538 4.08588043677 -5.85841407862 0
573 1.37249708176 26.485855 115.66064 1.2984976 23.1011327708 116.387927408 1.36673783915 3.46197798123 3.90987769619 0
576 1.36018681526 26.666562 116.70228 1.2516028 24.1769922328 116.762756609 1.42532977359 2.49030420754 9.95382237422 0
579 1.35026192665 26.671044 116.66524 1.1445574 22.36908552 116.079934518 1.09721624923 4.34159294167 -2.71244813626 0
582 1.35370206833 26.68282 116.71548 1.0360889 24.2055288769 115.022216768 1.05175961172 3.00068520209 0.897865643574 0
585 1.35384702682 26.598988 116.54426 0.86252405 22.9823780891 116.397594158 0.859068095774 3.61958258875 -0.198011591326 0
588 1.35870194435 26.490987 116.49462 0.72378221 23.080979137 116.084826832 0.688203314772 3.43454277399 -2.03852053631 0
591 1.35629582405 26.414554 116.44154 0.58967497 22.3383504674 115.432190741 0.724235864169 4.19931198716 7.70977132341 0
594 1.35294699669 26.30131 116.37003 0.43724496 22.4441970259 117.119517626 0.493224869135 3.92925593417 3.20741253094 0
597 1.3486931324 26.176025 116.35464 0.31453037 20.5988332924 116.653714881 0.471624453863 5.58520484204 9.00082799184 0
600 1.34993004799 26.088883 116.46581 0.14702743 19.2039849487 115.286800612 0.124054711954 6.98511877596 -1.31623978796 0
603 1.35754108429 25.977812 116.45377 0.019989929 21.8554811171 115.973388683 0.0555341312746 4.15022627301 2.03653277649 0
606 1.36626410484 25.890585 116.45549 -0.11586106 23.0026750934 116.395659525 0.00188095815415 2.88852961111 6.74612071159 0
609 1.36311388016 27.617035 116.21759 -0.13548047 24.2362988657 117.655623602 -0.0924977668887 3.67386954722 2.46272748034 0
612 1.35422086716 29.732468 115.90829 -0.14344069 28.0471755627 115.23530044 -0.12327641678 1.814697095 1.15532775246 0
615 1.34388589859 31.744289 115.6014 -0.14068963 28.3419969722 114.224979215 -0.130801530403 3.67016691999 0.566546374323 0
618 1.34415483475 33.87565 115.27561 -0.13567301 30.2437498041 114.858312616 -0.102095687791 3.65579487116 1.92383884995 0
621 1.35324192047 35.936054 114.9269 -0.14240112 30.3626256129 113.779096998 -0.20747999962 5.69039152585 -3.72874513768 0
624 1.35055494308 38.113735 114.67885 -0.14674677 32.3924635626 116.127725979 -0.121391585438 5.90188007864 1.45274506418 0
627 1.36574888229 40.163768 114.30534 -0.14012204 35.0312523272 116.013148931 -0.0245457847687 5.40918926237 6.62203163668 0
630 1.35350108147 42.346763 113.98058 -0.16006212 38.2169797053 115.039611333 -0.132536477701 4.26340913188 1.5771031321 0
633 1.35944318771 44.341947 113.67079 -0.15507802 41.4282478134 113.793623105 -0.121592986709 2.9162871809 1.91855108443 0
636 1.35811519623 46.544067 113.30502 -0.15009707 43.9433453924 113.25734884 -0.123629541591 2.60115847651 1.51647767199 0
639 1.35473608971 48.557097 112.97025 -0.14631805 44.4109733025 113.424302513 -0.0469577430848 4.17091181871 5.69292623737 0
642 1.35651898384 50.586062 112.64729 -0.14866611 47.9887230292 114.46824966 -0.0852697547009 3.17207563168 3.63234359515 0
645 1.36296701431 52.747394 112.3225 -0.14488479 49.2968348253 114.426347448 -0.047689833953 4.04135283052 5.56886077145 0
648 1.36620903015 54.919709 111.95097 -0.14565598 51.6923383616 113.333755003 0.0645233623549 3.51112739744 12.0423892578 0
651 1.35323286057 56.9199 111.70562 -0.14317608 53.7754394378 114.164983345 -0.00791329661668 3.99200454524 7.74998661306 0
654 1.34573793411 58.963864 111.32719 -0.14485493 56.6783817441 114.409702338 -0.108887756972 3.8373573528 2.06076721552 0
657 1.35792398453 61.070196 111.0267 -0.15209978 57.3748905566 112.582030149 -0.108761871176 4.00928100681 2.48307926853 0
660 1.35471105576 63.25691 110.67843 -0.1447313 59.8604503555 111.589253727 -0.125662250473 3.51646668958 1.0925760572 0
663 1.34789896011 65.338645 110.4192 -0.14848438 61.785841525 111.208679511 -0.129455914141 3.63946293154 1.09025078434 0
666 1.36674880981 67.412523 110.08404 -0.1445869 63.5163387856 111.795319548 -0.0933268332488 4.2554352451 2.9369854824 0
669 1.36300396919 69.507235 109.73429 -0.15139682 66.7451528675 112.237772729 -0.0845710601535 3.72780410958 3.82883400196 0
672 1.37171292305 71.647859 109.39116 -0.14906575 68.9126741808 111.317665849 -0.155025713457 3.34554342093 -0.341480752118 0
675 1.38254880905 73.702975 109.06139 -0.1559357 69.4127710131 111.432309463 -0.0652556736373 4.90174554098 5.19558279672 0
678 1.37338995934 75.754203 108.72815 -0.15045699 72.7605043198 110.197296418 -0.122762061958 3.33475980905 1.58680249072 0
681 1.36592102051 77.860742 108.43703 -0.15243836 74.8012633033 109.613650001 -0.207203605111 3.27793296495 -3.13781740884 0
684 1.36775183678 79.97813 108.08555 -0.15170568 75.5521862663 108.709054207 -0.167703995257 4.46964600735 -0.916635943541 0
687 1.37887883186 82.120618 107.73965 -0.14888428 79.1393803499 108.626979694 -0.205158331482 3.11048740752 -3.224265646 0
690 1.37885808945 84.192494 107.42985 -0.14593359 81.8678442375 108.364888126 -0.180629792277 2.50565217377 -1.98794595562 0
693 1.37386918068 86.28045 107.15458 -0.15823172 83.0624256244 107.794999321 -0.119180652492 3.28113056566 2.2374613537 0
696 1.37484288216 88.385341 106.75858 -0.15035877 85.2568619032 108.753515208 -0.117866889189 3.7104107515 1.8616476389 0
699 1.36692500114 90.512184 106.42958 -0.15443508 86.8321123042 108.751045229 -0.126624208562 4.3511065829 1.593445558 0
702 1.38068389893 92.541412 106.11165 -0.15857271 89.0496021327 108.759229681 -0.132893367974 4.38205594613 1.47131791879 0
705 1.36574697495 94.624435 105.7799 -0.14991569 91.7854536966 107.347952596 -0.135392928696 3.24323970528 0.832092929622 0
708 1.36402797699 96.812614 105.41142 -0.16008539 94.6670872141 106.134950619 -0.109093220835 2.26423977207 2.9216360814 0
711 1.36037802696 98.833392 105.05687 -0.15857643 93.3469183333 107.273361924 -0.168827777882 5.91728229381 -0.587358967941 0
714 1.35854816437 100.9283 104.72764 -0.15390186 93.2790502447 106.537576285 -0.179613188929 7.86046380155 -1.47315063333 0
717 1.36771202087 103.02648 104.38009 -0.15580909 97.6757514477 106.498751973 -0.21116313677 5.75491308334 -3.17155325891 0
720 1.37340092659 103.56436 104.3046 -0.21764658 98.4873184254 104.875921719 -0.238727216648 5.10908599031 -1.20783150938 0
723 1.37408089638 103.46604 104.39779 -0.32798619 98.2408703704 106.156844224 -0.35029255937 5.51331746044 -1.27806082117 0
726 1.38435602188 103.43166 104.43448 -0.46455789 97.3393242412 106.141216055 -0.490252191983 6.32688730419 -1.47217506117 0
729 1.37085604668 103.35806 104.51276 -0.60050128 96.7126627775 106.87354623 -0.620173409729 7.05227735347 -1.12713000748 0
732 1.37009096146 103.30537 104.5712 -0.75278089 99.7605869804 106.191096023 -0.676832648611 3.89737729521 4.35151369302 0
735 1.36632514 103.24477 104.73622 -0.88717849 99.5785350209 107.763356675 -0.758375221576 4.75445426647 7.37988366818 0
738 1.35894203186 103.11543 104.83266 -1.0218313 96.0718465085 105.264951504 -1.06682396445 7.05683670955 -2.57788978225 0
741 1.35929894447 103.3336 104.43355 -1.1359167 98.994192914 105.899538277 -1.14845021469 4.58034665572 -0.718117494316 0
744 1.36095404625 104.18264 102.5184 -1.1499809 100.625879871 104.029659212 -1.04973721341 3.86451122709 5.7435401646 0
747 1.36631584167 105.02068 100.61649 -1.1544373 103.392440926 102.468084566 -1.01903828847 2.4656773754 7.75779191098 0
750 1.37362289429 105.97315 98.645528 -1.1675657 103.384908083 100.145682689 -0.950656970337 2.99156486005 12.4279547492 0
753 1.37108302116 106.66644 96.709247 -1.154133 103.365228158 99.3755386943 -0.976830804949 4.24347864667 10.1586674748 0
756 1.3648018837 107.65453 94.805864 -1.1707179 104.978161346 97.6545198979 -1.10477782444 3.9086813115 3.77808803045 0
759 1.36563205719 108.36584 92.821603 -1.1639211 106.403401324 95.201366106 -1.06925211357 3.08454826487 5.42413337317 0
762 1.35817694664 109.18739 90.932737 -1.1605274 108.775356675 90.6946230884 -1.11465357666 0.475888322545 2.62837646771 0
765 1.35852384567 110.00551 88.971931 -1.1631703 107.443835146 90.112058676 -1.13319202424 2.80393815509 1.7176286779 0
768 1.36504197121 110.83946 87.051439 -1.1600004 110.088211959 87.1198729658 -1.0779172805 0.754358553599 4.70301631654 0
771 1.35717391968 111.68317 85.129972 -1.1502451 110.79163922 87.0754069265 -1.12794810179 2.13998695915 1.2775238932 0
774 1.3720099926 112.49307 83.177328 -1.1488654 110.940875571 87.2221402683 -1.09903358897 4.33241431913 2.85515245751 0
777 1.36276197433 113.40329 81.226755 -1.149046 110.807503819 83.9711525419 -1.12912701338 3.77754202688 1.14127386553 0
780 1.3710808754 114.20236 79.347389 -1.1522317 112.353774027 81.9305662725 -1.12537693529 3.17648782786 1.53866467784 0
783 1.36465191841 115.10134 77.33273 -1.146946 113.429327631 80.0441986502 -1.08358082496 3.18554353345 3.63055709789 0
786 1.37569499016 115.87569 75.433999 -1.1405871 119.91636713 75.8849411651 -0.983750135386 4.06576198351 8.986096144 0
789 1.36884403229 116.74641 73.521868 -1.1514597 114.313437586 73.9957895103 -1.13028048681 2.47870053962 1.21347952944 0
792 1.34701609612 117.66191 71.592443 -1.1472421 115.405379841 75.4624161895 -0.992212605618 4.47980142908 8.88253572814 0
795 1.36251187325 118.47567 69.543126 -1.1411103 117.475522377 71.8474159493 -1.08401369832 2.5119807799 3.27139430075 0
798 1.37157893181 119.32773 67.660396 -1.1493947 116.832581315 69.5953863092 -1.08928896617 3.15752346861 3.44380487315 0
801 1.35982203484 120.23613 65.736718 -1.1477983 131.180390794 66.3376397409 -0.877226653533 10.9607459263 15.5026133985 0
804 1.38135695457 121.05504 63.851108 -1.1435448 119.64349165 67.4155398155 -1.06015652296 3.83375050191 4.77779633547 0
807 1.45640683174 121.9387 61.889647 -1.1416966 119.531115998 63.75651294 -1.09594805355 3.04657991237 2.62119863067 0
810 1.36909413338 122.75206 59.947854 -1.134592 121.175428172 64.7412056032 -1.14911314554 5.04598726856 -0.832000353104 0
813 1.36846709251 123.61313 58.017737 -1.1345099 122.923413183 60.4929734842 -1.12649990954 2.56953399287 0.458938647028 0
816 1.37012791634 124.50226 56.14403 -1.1250591 122.88606419 59.3891088643 -1.1301438052 3.62527595263 -0.291332148196 0
819 1.38008594513 125.37031 54.195354 -1.1346431 123.894002808 57.6805169107 -1.16203200219 3.78494959526 -1.56926850123 0
822 1.37980699539 126.19009 52.293812 -1.120627 123.272880824 54.6504701147 -1.00004081989 3.75019290789 6.90907918782 0
825 1.37585997581 127.09539 50.434417 -1.1252352 125.387493255 53.6928823843 -0.992075392064 3.67892755474 7.6294949955 0
828 1.35428118706 127.94916 48.435924 -1.125081 127.239471779 52.603556522 -1.07938903708 4.22762559961 2.61795663309 0
831 1.36530804634 128.83417 46.49897 -1.1135569 126.851502988 52.347258279 -1.0598012305 6.17522827713 3.0799729874 0
834 1.36171007156 129.69028 44.561049 -1.1141866 127.53862183 47.9171806957 -1.17961026399 3.98663427461 -3.74849982678 0
837 1.36570596695 130.6504 42.689185 -1.1179531 129.430575645 45.7713541172 -1.08065941806 3.31477569759 2.13677057774 0
840 1.35175800323 131.56218 40.752166 -1.1133477 126.962050951 45.1670019807 -1.03990180674 6.37588927155 4.20813970612 0
843 1.36397695541 131.80181 39.159633 -1.0655485 132.029335619 41.0969496558 -1.16714293828 1.95063162383 -5.8209325353 0
846 1.3503382206 89.526265 39.287264 -0.26055386 132.299640004 41.1007265517 -1.03141442585 42.8118004254 -44.167057016 0
849 1.36865305901 49.129117 22.860079 0.57174269 132.382727466 41.3337667824 -1.14526023815 85.2786069061 -98.3770211948 0
852 1.35756206512 45.693587 19.436118 1.0035584 132.342614178 42.0061047161 -1.12206959813 89.5402602817 -121.789513108 0
855 1.35957407951 46.841947 21.209275 1.0214136 33.9776378842 92.6392855466 -2.26182281827 72.5791764607 171.88441009 0
858 1.35763478279 48.00008 22.972907 1.0079248 34.5750016634 87.3637739915 -1.14672853577 65.7755006082 -123.452542453 0
861 1.35843586922 49.170996 24.731115 1.014741 65.3178720045 104.238015006 0.0581296899586 81.1299497919 -54.8097906999 0
864 1.36382102966 50.349541 26.532036 1.0144485 37.2080901282 88.6793788712 1.98227462972 63.5215708006 55.4523525354 0
867 1.35986590385 51.518278 28.351001 1.0069992 62.5287350777 99.4777555812 -0.834231893127 71.9739215433 -105.494770744 0
870 1.36819195747 52.642563 30.101924 1.0170679 47.7741843693 100.043590345 0.538049390471 70.1108964538 -27.4457389047 0
873 1.35168385506 53.80357 31.912095 1.0183648 35.641003238 98.9016554579 2.02477280994 69.4080689958 57.6629314376 0
876 1.36619997025 54.946688 33.671099 1.0064723 48.3177718092 104.122208634 2.47430933678 70.7622878276 84.1008672206 0
879 1.35707592964 56.161659 35.476636 1.0152563 51.6514989857 100.900640839 2.70332356364 65.579279902 96.7191297407 0
882 1.36726999283 57.333476 37.252395 1.017552 81.7178546913 107.323756056 1.4233110789 74.1929482123 23.2482827198 0
885 1.37356996536 58.434052 39.044555 1.0099164 13.4852930798 72.5746441762 2.90875541464 56.0772485829 108.795461513 0
888 1.37227582932 59.558673 40.733157 1.0155176 78.1189989498 91.6376274371 -0.516495856958 54.1825692437 -87.777905241 0
891 1.34967088699 60.829575 42.673596 1.0256616 118.629113112 44.9326716016 -0.535940214741 57.8436688714 -89.4731932646 0
894 1.36334705353 61.938983 44.298725 1.0235902 10.5597550038 74.6157330143 -2.7551928426 59.6569027391 143.491679963 0
897 1.36545085907 63.08776 46.123861 1.0214801 85.7780529281 85.853530757 -0.547525872633 45.7525524115 -89.8974202627 0
900 1.36511707306 64.233274 47.872937 1.026201 64.5078802582 109.373368268 1.40623401071 61.5010443391 21.7742875892 0
903 1.36210513115 65.367062 49.701179 1.0288308 78.1308333082 100.849245318 -1.28296421147 52.7165870106 -132.456097257 0
906 1.35577082634 66.47055 51.411163 1.0247772 14.3841674037 68.2826532938 1.66098381249 54.7506934815 36.4519537937 0
909 1.36000800133 67.601685 53.206336 1.0345375 67.723361705 89.7584172104 -2.45174896662 36.5522837321 160.250499289 0
912 1.3627679348 68.713633 54.989386 1.0321621 82.1029530011 121.9304969 2.96604836048 68.2670214567 110.803520784 0
915 1.35966706276 69.889939 56.860516 1.0335194 75.9229277624 123.24892897 0.759279022762 66.6619706438 -15.7128161878 0
918 1.36993503571 70.97178 58.665246 1.0279054 68.7803958419 94.8364639037 -1.08749142502 36.2375381223 -121.203310069 0
921 1.35913896561 72.083269 60.388926 1.0348295 69.8184978069 60.931149297 1.77178415763 2.32877535647 42.2243915748 0
924 1.36754798889 73.21006 62.180545 1.0389104 88.5404091132 138.335623908 2.30424380353 77.6827886178 72.4982636989 0
927 1.35832214355 74.211219 63.966291 1.0279221 48.4787083015 120.854471818 -0.36856655499 62.4373864252 -80.0129060688 0
930 1.36510205269 75.394113 65.876292 1.0355825 85.7127861084 63.1143151392 0.843051661096 10.6819254303 -11.0312044953 0
933 1.36543083191 76.475569 67.55587 1.0353462 82.8015391623 64.1311361334 1.65682263328 7.19351795382 35.6079766937 0
936 1.37071490288 77.652303 69.425792 1.0395167 98.1989752639 65.7656379323 0.408898626074 20.8701334188 -36.1317541206 0
939 1.36425304413 78.72098 71.209083 1.0347632 76.9630651701 74.0443279657 0.968574054127 3.33599738683 -3.7923587081 0
942 1.34657287598 79.923618 73.070281 1.0406815 31.0197726753 93.8640758871 2.41796382703 53.1410198749 78.912464537 0
945 1.35958695412 80.886825 74.813727 1.0240856 78.6809968235 76.4854506595 1.04862250162 2.76773155095 1.4058609053 0
948 1.3592300415 82.003807 76.66259 1.0354781 104.481635672 73.4655868749 0.301275868232 22.7040439303 -42.0666891894 0
951 1.37040400505 83.149971 78.458347 1.0359732 82.1932120558 79.1286074003 1.1191391391 1.16817664819 4.76505730964 0
954 1.35103201866 84.209192 80.07724 1.046865 82.8571837094 80.7588533301 1.07187298027 1.51410803767 1.43285172361 0
957 1.36184716225 84.421821 80.346791 1.1291589 81.2315644355 82.3765154301 0.937676180479 3.78120592003 -10.9711516782 0
960 1.36628699303 84.549549 80.462185 1.2384433 81.6514590951 81.7997195732 1.15047876966 3.19185272704 -5.0399963352 0
963 1.36563110352 84.477315 80.645515 1.377415 82.4429319001 80.4062162079 1.24542498794 2.04840877493 -7.5624706289 0
966 1.36787104607 84.491575 80.745704 1.5042297 80.6894796576 75.6727802651 1.54745232976 6.33959653388 2.47647426494 0
969 1.36786198616 84.58151 81.604236 1.6242617 81.9116744279 79.4394881545 1.7550020482 3.43717256134 7.49087016398 0
972 1.35141897202 84.52138 83.606555 1.6450761 82.1439045752 82.9463278169 1.92296632999 2.46744591208 15.9219373465 0
975 1.36729311943 84.450105 85.633891 1.6510189 80.5426901751 86.1727350945 1.46437106362 3.9443939423 -10.69413328 0
978 1.35574007034 84.288283 87.799076 1.6553182 81.1155551333 87.8525704497 1.65938432919 3.17317881193 0.232972041422 0
981 1.34998893738 84.219899 89.940013 1.6574582 82.7491959475 90.4179408693 1.76841831312 1.54640955669 6.3575461761 0
984 1.34889006615 84.085061 91.960688 1.6559816 80.705345631 94.0954246008 1.66701448089 3.99744622607 0.632137510605 0
987 1.35593390465 83.972707 94.061302 1.6546883 79.2313660478 94.8848048598 1.65415575895 4.81232490438 -0.0305123543378 0
990 1.34675383568 83.850194 96.236204 1.650278 79.2837820446 94.9476593829 1.62711073067 4.74473027442 -1.32738675567 0
993 1.35948801041 83.742141 98.372522 1.653672 78.6230861032 97.422490315 1.75742481371 5.2064655227 5.94459833829 0
996 1.36170005798 83.558608 100.37046 1.6603574 77.1997832646 97.6866193607 1.80014561755 6.90200352019 8.00927489111 0
999 1.36932301521 83.448658 102.54165 1.6520527 54.9570073615 103.658989611 -2.20393190088 28.5135512329 139.068356502 0
1002 1.35776305199 83.308795 104.69204 1.6576029 77.7722013868 104.75530105 1.60128969704 5.53695501135 -3.22650886055 0
1005 1.35750508308 83.194681 106.76107 1.661421 77.9263897755 107.277005155 1.68530102381 5.29349426287 1.36822457914 0
1008 1.367208004 83.066158 108.84686 1.6653468 78.4872287838 107.857119675 1.73840602513 4.6846748744 4.18598525417 0
1011 1.36318898201 82.920912 111.09751 1.6564676 79.1326307788 111.740444665 1.65819446697 3.8424522891 0.0989421894008 0
1014 1.35295891762 82.798446 113.12029 1.6519674 78.3387300536 113.723166235 1.65578131886 4.50028066658 0.218521454231 0
1017 1.35550689697 82.725101 115.25424 1.6521864 78.8690336764 115.408374612 1.66273337344 3.85914662629 0.604297064611 0
1020 1.36794614792 82.605874 115.888 1.7134215 79.670959253 115.997494381 1.72068981651 2.93695651849 0.416443860209 0
1023 1.35482001305 82.650086 115.98425 1.8265292 79.2164224913 115.837390182 1.82320061685 3.43680271429 -0.190713765985 0
1026 1.35368084908 82.697137 116.16336 1.9516157 77.1170718472 114.916029327 2.14340089344 5.71777587163 10.988482157 0
1029 1.36449503899 82.611261 116.28116 2.0730733 79.0735573334 117.332063957 2.16752574263 3.6904940536 5.41172632729 0
1032 1.35186100006 82.517518 116.45008 2.1971216 77.618207699 114.085943571 2.15298496173 5.43988809465 -2.52884309478 0
1035 1.34886789322 82.418538 116.4581 2.3123831 78.2831238077 115.951274738 2.42601926301 4.16635600843 6.51087254047 0
1038 1.36377906799 82.414024 116.83182 2.4679277 78.9801488468 112.609754835 2.44911415468 5.44218088907 -1.07793674426 0
1041 1.3695268631 82.282962 116.94587 2.5874118 77.5456304412 113.904554136 2.88672500666 5.62955704124 17.1493834943 0
1044 1.35763597488 82.208722 116.96752 2.707272 78.1419761888 115.332975528 -2.88765918765 4.38293932474 39.4340562815 0
1047 1.37174201012 82.043289 117.20312 2.8493508 79.0199372388 116.748150084 2.68846939112 3.05739325182 -9.21782573116 0
1050 1.35838413239 81.832352 117.28824 2.9891727 79.4951127141 84.1229114145 -2.08086868504 33.2475819822 69.5080266807 0
1053 1.36750411987 81.142386 117.29523 3.0875315 74.4039965545 114.716242685 3.1414052278 7.21505841206 3.0867372295 0
1056 1.36777305603 79.131234 117.37152 3.1037602 73.8497835213 115.634119416 -3.02043128899 5.55988128906 9.10967475101 0
1059 1.3610098362 77.094643 117.50841 3.1079346 74.8744693643 115.716366042 3.01811284921 2.85317236054 -5.1464072288 0
1062 1.36734890938 74.899205 117.59033 3.115912 70.8974526146 116.428118032 -2.96797301058 4.16710436772 11.4190658509 0
1065 1.35913395882 72.824078 117.69503 3.116944 70.2673458172 114.746216038 -3.08757343607 3.90286859079 4.50733699805 0
1068 1.35824608803 70.711208 117.83017 3.1174699 66.1469419988 116.593120771 -3.12877470702 4.72893380419 2.1165462114 0
1071 1.36279916763 68.550781 117.88294 3.1169773 65.4719173676 117.152031861 3.03505476522 3.16443169855 -4.69381549009 0
1074 1.36607003212 66.454241 117.99143 3.11617 63.2862596491 117.189017445 3.0580613643 3.26802260511 -3.32937957884 0
1077 1.36028599739 64.352032 118.06903 3.1139299 61.0530269481 117.785483188 3.11604525382 3.31116794005 0.121200846124 0
1080 1.36464595795 62.204954 118.16997 3.1178991 58.5321928331 117.743719714 2.99977058906 3.69741313568 -6.76826511682 0
1083 1.3645670414 60.134729 118.2293 3.1166836 56.6137274897 117.052298725 3.04343934233 3.71251715656 -4.1965868378 0
1086 1.36397409439 58.034017 118.36643 3.1239361 55.3125649937 117.467868453 3.09358677187 2.86595775902 -1.73888841288 0
1089 1.37162995338 55.858025 118.47896 3.1251128 52.5469965438 116.948174616 3.13043474512 3.64776826717 0.3049249943 0
1092 1.36462497711 53.766425 118.55 3.1243401 51.4840535573 116.609819841 3.11235604447 2.99558315717 -0.686635803054 0
1095 1.3695628643 51.628528 118.603 3.1187628 47.2308119056 117.091107431 -3.13538087922 4.65034686725 1.66396271201 0
1098 1.35704898834 49.494235 118.64783 3.1200968 47.1368256906 117.085523472 3.08143826719 2.8281054327 -2.21497077239 0
1101 1.36503005028 47.379245 118.80828 3.1260538 47.6433616683 116.611159778 3.04788319441 2.21293806618 -4.47884578238 0
1104 1.34730291367 45.313934 118.87713 3.1250737 45.366756293 117.375390265 3.11195178188 1.5026684353 -0.75183052732 0
1107 1.34895610809 43.229975 118.9845 3.131291 42.8358557915 117.669034198 3.13407790353 1.37323713389 0.15967780994 0
1110 1.366948843 41.038059 119.03542 3.1300111 39.0223635344 116.021424259 3.1384395098 3.62590658095 0.48291230964 0
1113 1.35536909103 38.877743 119.09254 3.1262084 36.4928337353 117.621605216 3.003820095 2.80204235126 -7.01233333841 0
1116 1.36031889915 36.866989 119.17866 3.1252668 32.9151658912 119.170318571 3.07106580251 3.95183191227 -3.1054884014 0
1119 1.35213899612 34.67231 119.25843 3.1314701 32.5550692096 120.387250978 3.00823370668 2.3993635335 -7.06092521956 0
1122 1.36057591438 32.567479 119.34722 3.1353596 32.1386481215 120.062902628 3.05095566643 0.834324604569 -4.83598916797 0
1125 1.3597779274 30.502201 119.36971 3.1349527 31.2304723932 118.794190801 3.0579664345 0.928224956599 -4.41098809381 0
1128 1.36124300957 29.15421 119.31018 -3.13185 32.9008215957 120.72806374 3.12405220629 4.0059321948 -1.56320653294 0
1131 1.37218904495 28.938717 119.39146 -3.028318 31.5596524499 121.311738379 3.06853915893 3.24911860118 -10.6758164993 0
1134 1.35978603363 28.80706 119.32785 -2.9089456 32.4998284612 119.780569229 -2.97385137675 3.72041578437 -3.71882707374 0
1137 1.36219096184 28.607415 119.34948 -2.7753086 26.0258302012 115.891879511 -2.76469670012 4.31504127584 0.608017075577 0
1140 1.36388397217 28.309413 119.3977 -2.6319404 27.9113745541 119.452696713 -2.59715347974 0.401819913467 1.99314371327 0
1143 1.36970591545 28.176965 119.31562 -2.5155106 33.3729317046 122.373923797 -2.78896633724 6.0292032733 -15.6678596272 0
1146 1.37890791893 28.13257 119.1422 -2.3876282 34.5741908042 123.2880508 -2.5450981011 7.66045412773 -9.02236073361 0
1149 1.37611198425 28.071656 119.10664 -2.2643471 26.5923991603 119.681508687 -2.2594059086 1.58703333451 0.283109412743 0
1152 1.38041782379 27.847582 119.05477 -2.1225081 42.9451175259 135.148415027 -3.13675783043 22.0667394332 -58.1122289257 0
1155 1.37598395348 27.651134 118.95518 -2.0012288 32.7380649509 75.3285259766 -2.16533839266 43.9222245313 -9.40278703681 0
1158 1.37649607658 27.585975 118.8068 -1.8653126 60.2161618093 95.8776494356 -1.6039629741 39.8807602337 14.9742305416 0
1161 1.3544549942 27.545652 118.66047 -1.7395281 43.3406598413 135.698096854 -2.10582530395 23.2328001225 -20.9872838339 0
1164 1.37038493156 27.426878 118.54472 -1.6078392 49.0099675589 96.6424252021 0.994088944253 30.7496385722 149.079501262 0
1167 1.36009597778 27.408113 118.27266 -1.4907581 31.2436521263 72.9854700244 -1.62463771964 45.4493227263 -7.67073716824 0
1170 1.35498094559 27.619078 117.43976 -1.368489 40.6333798032 143.843060464 -1.6132171135 29.4364795247 -14.0218880317 0
1173 1.3741080761 28.00462 115.50954 -1.3464267 40.7584085184 138.65696118 -2.18740200745 26.42843599 -48.1843357916 0
1176 1.36929988861 28.352772 113.43776 -1.3439724 52.0044258265 96.9890207758 0.873990039387 28.8090567495 127.079886895 0
1179 1.36803889275 28.777386 111.37552 -1.3470791 39.1125482906 135.098753007 -2.04974778521 25.8767726709 -40.2599500584 0
1182 1.3747677803 29.292879 109.18718 -1.3487141 38.9113534547 135.667887393 -2.61575007055 28.1734434331 -72.5958136039 0
1185 1.3601129055 29.664866 107.14961 -1.3582731 17.9129684043 79.4160255222 2.42160560064 30.1207371272 -143.428903382 0
1188 1.36642003059 30.155372 105.1583 -1.3627181 21.8153302779 83.8091137994 1.65536624135 22.9203849739 172.923494974 0
1191 1.35171198845 30.584999 103.08809 -1.3538609 46.9143021461 99.6494532184 2.77774974473 16.6874313228 -123.276147466 0
1194 1.36379408836 30.932942 101.04272 -1.3388863 131.383477604 107.296156834 0.130559576932 100.644997766 84.1930469711 0
1197 1.36538386345 31.46397 98.886394 -1.3633561 24.3000787089 88.3580954367 1.46270519019 12.7344575491 161.921384573 0
1200 1.37339401245 31.761459 96.890841 -1.3338862 101.267719295 84.0269735168 -2.9996231498 70.6866274966 -95.4396970027 0
1203 1.36188602448 32.148779 94.808879 -1.340085 20.2655354416 125.53853965 -2.57629181701 32.9472839721 -70.8294332199 0
1206 1.36874508858 32.63242 92.742465 -1.3409888 21.03804065 124.174588539 -2.60724119618 33.5023584641 -72.5509180996 0
1209 1.36601996422 33.223163 90.635151 -1.3443959 29.1467400855 89.861222241 -0.824629985091 4.14923962936 29.780393259 0
1212 1.37143993378 33.480467 88.544154 -1.3400822 121.003393807 43.6256985456 -2.4940744728 98.37647258 -66.1188868224 0
1215 1.37322402 33.996344 86.523674 -1.3537744 31.8213813908 85.2549612676 -1.48308743685 2.51795439771 -7.40909124773 0
1218 1.37576389313 34.391099 84.502242 -1.3500462 23.4383570317 14.7066093806 -2.58805041128 70.649790441 -70.9324163255 0
1221 1.37588810921 34.871654 82.311763 -1.3462417 22.2209148821 42.9722280059 -2.43026609285 41.3236035914 -62.1100225993 0
1224 1.36726498604 35.319079 80.358924 -1.358939 123.589838921 54.0389953726 0.299708882228 92.111159476 95.03352335 0
1227 1.36360192299 35.776446 78.250756 -1.3606991 83.096646882 37.8842917069 0.0791570857359 62.1984955689 82.4976825485 0
1230 1.36456894875 36.167733 76.160289 -1.3496683 34.3739321466 82.4385329529 -1.80115884253 6.52947690354 -25.868502577 0
1233 1.3637650013 36.593873 74.026216 -1.3452321 33.5689008184 75.470626412 -1.36615841637 3.35213038795 -1.19898960864 0
1236 1.35325884819 37.096668 72.068535 -1.358637 32.6381114936 71.4186257426 -1.36942269174 4.50567510629 -0.617974615717 0
1239 1.35036897659 37.456761 70.030489 -1.3570922 35.3545088225 70.0263096392 -1.40075345814 2.10225633185 -2.50160581971 0
1242 1.34419202805 37.942935 67.912468 -1.3598503 35.75900602 68.8931052652 -1.2927874331 2.39399148609 3.84241923535 0
1245 1.35095191002 38.381728 65.750541 -1.3597279 38.5770935488 63.5878732332 -1.4454085096 2.17147405399 -4.90913731638 0
1248 1.35363507271 38.78715 63.709446 -1.3638712 37.630799581 64.3381792515 -1.28561326861 1.31622634566 4.48384918205 0
1251 1.34878015518 39.284372 61.704874 -1.358189 36.468864927 62.2845422733 -1.286632682 2.8745600333 4.09987501864 0
1254 1.36110591888 39.616785 59.610797 -1.3616912 39.5957560903 59.828286248 -1.32298258282 0.218503519474 2.21784039523 0
1257 1.35080289841 40.0981 57.483375 -1.3627524 38.5396807644 58.4448706901 -1.32686681935 1.83115932563 2.05609231634 0
1260 1.35883688927 40.478176 55.366289 -1.371191 40.9836833492 56.3800929072 -1.38942421537 1.1328442269 -1.04468628775 0
1263 1.36017179489 40.927924 53.368372 -1.3697355 39.9386660226 53.242299354 -1.35115258091 0.997259072628 1.06472283477 0
1266 1.36547803879 41.311773 51.24524 -1.3687118 38.2727235087 51.8107096675 -1.36296654371 3.09120975594 0.329178937784 0
1269 1.36482095718 41.752813 49.127024 -1.3690442 41.2750130711 51.0554271921 -1.33153480752 1.98671377991 2.14912988104 0
1272 1.35588812828 42.124468 46.999249 -1.3746445 42.029658482 47.7089646938 -1.35706321175 0.716020398295 1.00733361537 0
1275 1.36176490784 42.489069 45.000812 -1.3756167 42.4723606529 46.7522974318 -1.3572938768 1.75156512485 1.04982043787 0
1278 1.35542607307 42.919623 42.847052 -1.3693623 40.7030057228 44.9892272547 -1.38101508616 3.08258121958 -0.66765546651 0
1281 1.34919095039 43.26925 40.76156 -1.3849404 41.8419845607 42.363310164 -1.41261058217 2.14538812855 -1.58538465657 0
1284 1.3652639389 43.723057 38.666685 -1.382086 43.0626168638 39.2722407204 -1.35416504668 0.896035102034 1.59975278517 0
1287 1.36578416824 44.069109 36.638541 -1.3748634 46.0235180936 36.6450002358 -1.36362241147 1.95441976728 0.644061200315 0
1290 1.36174082756 44.48264 34.512889 -1.372972 43.2438722898 35.0690671038 -1.35981888551 1.35789525479 0.753617947983 0
1293 1.35476088524 44.660959 33.544964 -1.3339999 43.9747175589 34.2292882951 -1.33602778468 0.969137274249 -0.116189233461 0
1296 1.3532128334 44.654294 33.324157 -1.2074321 45.4687109077 34.618823832 -1.20647181599 1.52952185513 0.0550202208186 0
1299 1.3703649044 44.699557 33.107025 -1.0711259 44.2950367161 32.2290577403 -1.0130844074 0.966676351801 3.32553256264 0
1302 1.37455701828 44.829945 32.953901 -0.95914547 44.0362452673 33.7039231277 -0.965034131264 1.09201303003 -0.337395437416 0
1305 1.35301184654 44.914184 32.826307 -0.82117543 42.4806784977 32.3079116932 -0.660940118843 2.48810826212 9.18080705826 0
1308 1.3703250885 44.932468 32.690373 -0.70238554 42.8871247732 30.3737397228 -0.664224335207 3.09034280569 2.18647597576 0
1311 1.37591004372 45.019913 32.619075 -0.56167342 42.5754222505 32.6263685369 -0.5703124789 2.44450163025 -0.494981613943 0
1314 1.36397695541 45.164806 32.47066 -0.44585332 41.2338680524 31.7033783932 -0.35853669865 4.00512099843 5.00287388468 0
1317 1.36145305634 45.307079 32.373178 -0.30795343 43.5167476559 33.4863347005 -0.563818611238 2.10817555283 -14.6599950093 0
1320 1.352684021 45.468859 32.25314 -0.19105128 43.4758127564 34.2774363503 -0.699392817101 2.84077613395 -29.1258246271 0
1323 1.35004901886 46.833289 32.057508 -0.10389315 42.9409270386 30.0795100129 -0.0814613892245 4.36611471167 1.28524521948 0
1326 1.35923886299 48.863767 31.868312 -0.084237935 47.1188196618 32.3549677582 -0.0261376474829 1.81153941169 3.32890126323 0
1329 1.35427808762 51.033972 31.691587 -0.08198003 47.3794328265 31.9604257371 0.123258795839 3.66441411918 11.7593185128 0
1332 1.35262799263 53.111195 31.42619 -0.084122232 51.9805195083 33.0415185597 0.051107115293 1.97172853688 7.7480708662 0
1335 1.36801505089 55.206155 31.249451 -0.082409142 53.0255898209 32.2225201437 0.0303759685684 2.3878291519 6.46211082749 0
1338 1.36524319649 57.287235 31.07162 -0.080297126 55.9313530137 32.9416630817 -0.0244464759225 2.30986516671 3.2000065325 0
1341 1.35796689987 59.516372 30.847745 -0.092608556 57.6591283588 32.7003104929 -0.0557135794718 2.62323328131 2.1139264403 0
1344 1.3732252121 61.567611 30.670937 -0.091677002 60.461529138 32.5047036757 0.000483923066207 2.14152219377 5.28043204232 0
1347 1.36641597748 63.68279 30.502969 -0.089332225 63.8898618489 32.3954122372 -0.133225203447 1.90373846858 -2.51488241528 0
1350 1.35384106636 65.773678 30.270465 -0.081918863 67.6757483645 32.2471872061 -0.0915391728003 2.74322845411 -0.551203149164 0
1353 1.35164189339 67.870787 30.052005 -0.080757136 67.8536762946 32.6619279701 -0.102346546441 2.60997905855 -1.23698210045 0
1356 1.35751891136 69.978421 29.855203 -0.080851998 69.918122739 29.9259343401 -0.0510954008658 0.092945159898 1.70492742846 0
1359 1.35666108131 72.04312 29.748383 -0.089661546 69.9223279077 31.8892039931 -0.135297066476 3.01344879218 -2.61472271918 0
1362 1.35042095184 74.192216 29.503442 -0.097083695 71.4208416203 31.0307820134 -0.0537060508854 3.16437726398 2.48535593298 0
1365 1.35480713844 76.337484 29.313327 -0.092202589 75.5296529873 30.2753553713 -0.120653190191 1.2562203359 -1.63009937287 0
1368 1.36110711098 78.469083 29.072242 -0.088851811 77.2682158062 29.13825277 -0.0776170211965 1.20268010663 0.643706039457 0
1371 1.36451482773 80.508884 28.860474 -0.08148585 79.0281610188 29.1888484314 -0.154568618584 1.51669717289 -4.18733419502 0
1374 1.35220003128 82.648681 28.706332 -0.092016755 81.0484799606 30.1531457705 -0.0442818984556 2.15729308459 2.73500581565 0
1377 1.3575758934 84.803463 28.469695 -0.089914919 84.1568075564 30.5430478002 -0.026883504642 2.17185522006 3.61143401946 0
1380 1.35245513916 86.909059 28.274418 -0.095059786 85.457073231 31.1492616871 -0.105222398837 3.22071248307 -0.582274824391 0
1383 1.34646606445 88.999768 28.069648 -0.093100738 87.6343105238 30.0047962127 -0.0844961454653 2.3683903235 0.493006836669 0
1386 1.35850596428 91.148907 27.8824 -0.087682683 90.0358168805 30.2042521299 -0.052841024417 2.57487221569 1.99627998804 0
1389 1.36551690102 93.191686 27.680334 -0.085944106 91.4211886347 29.5790861583 -0.0745119573847 2.59613572051 0.655013866425 0
1392 1.36070394516 94.597595 27.536443 -0.026113958 94.2477056752 30.8681188306 -0.057978850086 3.34999796709 -1.82572383117 0
1395 1.35691094398 66.734672 23.138609 0.64678418 95.722767027 32.3641739765 0.0315555833986 30.4207281706 -35.250002021 0
1398 1.34817099571 41.954155 8.6979942 1.5862633 99.2709018021 30.5914823321 0.0947543674452 61.3558007573 -85.4571669415 0
1401 1.34951400757 40.498777 7.6026468 1.6671323 99.2838896941 30.9615297129 -0.0727660859534 63.2560422837 -99.6888342968 0
1404 1.35566806793 40.36551 9.5759073 1.6613912 101.404559049 30.3223138716 0.0226919798891 64.4684333176 -93.8905492037 0
1407 1.35178613663 40.15753 11.693798 1.6450717 102.21145279 29.8856291687 0.0365423008607 64.6655399337 -92.1619457934 0
1410 1.36317801476 40.017928 13.779826 1.6578436 101.534532207 30.1777157849 -0.00916794544903 63.6646164093 -95.5127259538 0
1413 1.35075092316 39.937066 15.922073 1.6651068 105.913441269 31.7917782297 0.0703255893003 67.8581582252 -91.3742326199 0
1416 1.36619114876 39.75755 17.953862 1.6630734 105.336762782 30.9572625683 -0.0738270729308 66.8559763632 -99.5170665332 0
1419 1.35719490051 39.645384 20.177858 1.663423 107.319152705 31.9937086917 -0.0147281941731 68.6975494346 -96.150980811 0
1422 1.35666298866 39.526919 22.292671 1.6684735 110.368454712 31.9675756788 0.00492094889211 71.4991395936 -95.3145401767 0
1425 1.35679507256 39.303781 24.413998 1.6572417 113.218456933 32.8235559156 0.110318037226 74.391531659 -88.6321971059 0
1428 1.34868192673 39.21094 26.55624 1.6661167 114.106709908 33.1202863065 0.109490098846 75.1828640978 -89.1881345239 0
1431 1.36255908012 39.049874 28.673026 1.6660737 116.697668585 34.2034743564 0.259307305514 77.8444979619 -80.6017771649 0
1434 1.36627697945 38.816051 30.701859 1.6598041 118.296696798 35.0746600657 0.086046961441 79.6008445037 -90.169642018 0
1437 1.34951996803 38.695572 32.853799 1.6647394 123.131559215 34.9188997856 0.111531218348 84.4612371341 -88.9922735139 0
1440 1.36934399605 38.58982 35.008607 1.6723781 125.3132028 36.3272039801 0.103716343891 86.7334066103 -89.8776981086 0
1443 1.37194705009 38.393816 37.160762 1.6689022 125.305421127 36.3186168178 0.131254643725 86.9156850878 -88.1007153531 0
1446 1.3535349369 38.314928 39.264936 1.6781402 128.782716667 36.7489466593 0.254954969313 90.5027678507 -81.5425071837 0
1449 1.36984014511 38.042909 41.445131 1.6601298 130.128231919 36.0056748531 0.274665233567 92.2458366558 -79.3812723215 0
1452 1.35457205772 37.893052 43.482766 1.6655679 136.590746927 26.0425153479 -0.035313646622 100.226729602 -97.4533340731 0
1455 1.35032606125 37.737395 45.529248 1.6663309 138.063518835 28.0881045196 0.00124595037378 101.830862756 -95.4023401443 0
1458 1.35391807556 37.667375 47.706088 1.6735516 138.832861866 27.6050296741 -0.102545209804 103.143144603 -101.762851208 0
1461 1.35258412361 37.411337 49.793915 1.6717816 140.827273544 24.9562252279 -0.0115642729987 106.356789932 -96.4486139836 0
1464 1.35132694244 37.208006 51.943854 1.66906 141.971262065 45.198801632 0.576847883916 104.980167426 -62.5791445847 0
1467 1.35635709763 37.03196 53.963531 1.6741645 136.658681134 34.1999545496 -0.0257599350867 101.568117625 -97.3984956216 0
1470 1.37180089951 36.983983 56.143126 1.6856298 77.9931129219 37.3076137836 -0.152810336978 45.1278767217 -105.334860736 0
1473 1.35668802261 36.720012 58.206076 1.6746777 98.5280970086 105.802052143 -1.36823916808 78.0103603211 -174.34629395 0
1476 1.369328022 36.536888 60.398002 1.6787317 84.9559959725 61.5491714106 1.79425276085 48.4327906264 6.61886923174 0
1479 1.35316801071 36.401835 62.417273 1.6766351 96.6878186481 76.0229310826 -0.566470911181 61.8022148169 -128.520507441 0
1482 1.36486387253 36.239068 64.615141 1.6886647 94.466980855 44.1331237503 -1.08172824276 61.7252206644 -158.731823213 0
1485 1.36004686356 35.99676 66.655908 1.678851 72.565450083 11.6813318524 1.49488034381 66.0263062498 -10.5407421542 0
1488 1.36240696907 35.830181 68.859683 1.6854848 34.618233816 96.3106285361 -0.750125481891 27.4776859798 -139.550189691 0
1491 1.36673808098 35.575227 70.898859 1.683738 93.5675990954 11.7393286222 -1.43717430908 82.8430157332 -178.81510354 0
1494 1.37326002121 35.463169 73.006353 1.6935188 67.8314631223 102.476771298 1.51603764723 43.7745590387 -10.168920997 0
1497 1.36477804184 35.205801 75.07321 1.6913976 36.0957954722 96.8782285795 -0.644271751891 21.8231740453 -133.823996201 0
1500 1.35510492325 34.978045 77.287591 1.6912075 85.86648791 86.9426622272 -1.64194230756 51.7962742116 169.024583542 0
1503 1.36177802086 34.814043 79.320098 1.7000185 34.4561541659 91.6020801939 -1.24765866803 12.2871954094 -168.889461095 0
1506 1.37928795815 34.580736 81.372215 1.6970036 30.9053808149 81.0298545579 1.93119881301 3.69126623383 13.4183972876 0
1509 1.36458396912 34.345965 83.441951 1.6955247 34.326872703 85.4108911466 -2.39913145827 1.96903271092 125.393483574 0
1512 1.36687898636 34.142398 85.698773 1.7034669 31.5152360644 84.9915561384 1.32463458663 2.72068659079 -21.7054926992 0
1515 1.3575489521 33.910208 87.748137 1.7016389 30.3702535131 88.7617513787 1.97177559592 3.682212905 15.477692568 0
1518 1.35168385506 33.670818 89.737713 1.6967853 29.8382950908 90.1711406304 1.91331675412 3.85695363733 12.4063384527 0
1521 1.35122680664 33.472926 91.900649 1.7056804 29.3522725492 91.0119156279 1.72261027385 4.21540411686 0.970010319514 0
1524 1.3700928688 33.217902 94.036516 1.7078464 29.3928977107 92.4651821959 1.80513178325 4.13518412372 5.5740418688 0
1527 1.3603489399 33.034075 96.178482 1.7177188 27.4724666026 95.7917831652 1.71459173244 5.57503578061 -0.179167773554 0
1530 1.36426997185 32.713254 98.174723 1.7080491 27.3373894073 97.9304077672 1.65098819676 5.38141338793 -3.26934893074 0
1533 1.35618519783 32.45653 100.24821 1.7068362 25.7130238235 99.1676633827 1.7059613011 6.82952828129 -0.0501280143637 0
1536 1.3646531105 32.217075 102.39435 1.7082962 28.5914063691 102.395158725 1.73163597698 3.62566872107 1.33727071562 0
1539 1.35616707802 31.955228 104.48204 1.7110577 28.8951958278 103.73451263 1.64894887698 3.15001493064 -3.55857342969 0
1542 1.36521983147 31.741377 106.6002 1.7198575 28.3837123457 105.78770279 1.67572963129 3.45457141297 -2.5283406362 0
1545 1.36359214783 31.439656 108.68741 1.7105287 28.5441396524 109.052041138 1.69486618078 2.91838496189 -0.897396247653 0
1548 1.35723304749 31.216018 110.75498 1.7177022 27.6170581633 110.594417778 1.7583227605 3.60253967826 2.32738667823 0
1551 1.35849189758 30.916985 112.90957 1.719675 27.0532688491 112.182808943 1.76062747858 3.93147353145 2.3464041832 0
1554 1.36393904686 30.668641 114.94646 1.716506 27.3961656312 113.672793283 1.71564623795 3.51159820397 -0.0492607368477 0
1557 1.35408997536 30.419865 117.12266 1.716223 28.7069334641 114.641721278 1.69597738146 3.01482858397 -1.15998849624 0
1560 1.37821507454 30.132888 119.21343 1.725557 26.7843807369 116.463970082 1.66222685814 4.33267016187 -3.6285498445 0
1563 1.36441302299 29.88258 121.34383 1.72867 26.5124847002 120.429315663 1.68608087153 3.49197348249 -2.44017731465 0
1566 1.37426710129 29.981486 120.5055 1.7055843 25.272450003 118.730027469 1.7171560068 5.03262582851 0.66300996146 0
1569 1.35478281975 30.170653 118.4575 1.6900862 25.7180993324 118.974220952 1.59343838948 4.48243624661 -5.53751164224 0
1572 1.36315917969 30.502618 115.6086 1.6745202 25.995283791 115.473389296 1.66583771299 4.50936177366 -0.497469861112 0
1575 1.36632680893 30.699806 113.48782 1.6738205 27.6946565359 111.548793892 1.57553513625 3.57641518125 -5.63133653083 0
1578 1.36930394173 30.8492 111.36091 1.6697397 27.9458880799 112.258515634 1.72006672054 3.03890045568 2.8835258724 0
1581 1.35703706741 30.973164 109.37107 1.6787837 26.0032564947 108.844460484 1.60650773713 4.99772930377 -4.14110763271 0
1584 1.36069083214 31.204408 107.09871 1.665475 27.5146504829 107.373163819 1.67887628895 3.69995073396 0.767837296996 0
1587 1.36331701279 31.322843 104.96751 1.6587885 29.320817062 105.704298085 1.85270700385 2.13329898014 11.1107118399 0
1590 1.35926485062 31.457099 102.91722 1.6541397 28.3331404563 103.281565952 1.67862758011 3.14513353542 1.40305217963 0
1593 1.34884190559 31.546684 101.34427 1.631357 29.1796570806 101.908271863 1.7119302192 2.43329294144 4.6165054019 0
1596 1.36367082596 31.536552 101.09899 1.5279681 28.060215777 103.410013514 1.56906883409 4.17441531432 2.35489859815 0
1599 1.35536003113 31.522716 100.84711 1.3818466 26.2751218203 101.745144519 1.34029683392 5.32388116628 -2.38062623639 0
1602 1.35990595818 31.33472 100.81397 1.2437751 27.7432666143 102.591649832 1.21418598337 4.00732866228 -1.69533150266 0
1605 1.37282896042 31.335612 100.76499 1.1262837 30.1083934742 100.276197893 1.16807130874 1.32097805947 2.39425361682 0
1608 1.3753452301 30.238332 99.003137 0.9296569 27.4454570828 101.741378815 1.00261280668 3.91128093331 4.18006554325 0
1611 1.37992286682 28.772289 97.32743 0.78863198 26.9853693541 96.6726565091 0.820579861023 1.9031053952 1.83047874699 0
1614 1.35178780556 27.005154 95.945316 0.6582802 24.3013918498 98.8504013879 0.679723712064 3.96860817869 1.22862273922 0
1617 1.36819291115 26.209553 95.323497 0.64585939 23.5552212279 94.0419487592 0.815010729369 2.94751472427 9.69165784483 0
1620 1.37507200241 26.225548 95.299359 0.74214735 24.8779436046 92.6323880636 0.90503059822 2.98810501519 9.33252267641 0
1623 1.37900209427 26.287241 95.304851 0.87876564 22.6906911939 95.118314031 0.921563378599 3.60138397679 2.45212979444 0
1626 1.37199902534 26.503119 95.525486 1.0159202 23.7598604929 93.4227469911 1.12240173607 3.4564401595 6.10094261285 0
1629 1.37584805489 26.584147 95.637624 1.1414331 27.0997935583 95.195042709 1.17861782515 0.679536292068 2.13052781317 0
1632 1.36168193817 26.62792 95.717086 1.2595284 25.1316677687 97.6810947537 1.44498671975 2.46902837653 10.6259789971 0
1635 1.37498307228 26.756174 95.797181 1.3910555 20.3571452532 97.7019837081 1.19378494898 6.67651422969 -11.3027699957 0
1638 1.36602401733 26.381693 93.77201 1.3952992 23.5905121735 95.1782621676 1.55025456743 3.12541766251 8.87828856658 0
1641 1.3755300045 26.011804 91.856332 1.39866 20.4819168614 91.8696100367 1.4572315428 5.52990307979 3.35590220175 0
1644 1.37330389023 25.609249 89.727224 1.3968171 25.0131596325 92.2933928389 1.4724063626 2.63449142034 4.33094572346 0
1647 1.36410498619 25.2462 87.568251 1.3940659 23.1390286434 89.2262381188 1.47395549323 2.68124829363 4.57733651934 0
1650 1.36992001534 24.820481 85.505592 1.4017015 19.3784520756 86.8022219638 1.34186870763 5.59436574394 -3.42816647952 0
1653 1.36481595039 24.493958 83.448062 1.398475 21.1105008236 85.3644965061 1.41505899057 3.88850918489 0.950192667363 0
1656 1.355946064 24.080092 81.345956 1.3962744 18.3981399126 81.1408941968 1.45900787602 5.68565122622 3.59436340997 0
1659 1.3583419323 23.622432 79.208855 1.3888608 21.4129729475 77.8711306377 1.50998984532 2.58286967817 6.94018307308 0
1662 1.36017107964 23.236261 77.182266 1.3737053 18.3963289662 78.3578261414 1.34986673144 4.98065093517 -1.36584936822 0
1665 1.36033511162 22.741503 75.111069 1.3685019 18.4963767012 76.3721411757 1.38707998031 4.42847607249 1.06444559322 0
1668 1.3624458313 22.23837 73.007777 1.3690406 16.7571386934 72.8542063739 1.37501562407 5.48338222023 0.3423436615 0
1671 1.37081599236 21.796618 70.8705 1.3677106 17.7359400458 71.9893969109 1.35296215169 4.21201089092 -0.845023842769 0
1674 1.36013698578 21.306705 68.900927 1.3588762 19.803300518 69.1429365495 1.4144671188 1.5227585687 3.18512502673 0
1677 1.36473989487 20.800373 66.796896 1.3509317 21.5278181471 66.1671388541 1.57777636959 0.962169686125 12.9972421726 0
1680 1.37335991859 20.180988 64.758154 1.3339286 23.8642570402 64.7100848586 1.65526333509 3.68358269419 18.4111241315 0
1683 1.36900401115 19.716632 62.635567 1.3210663 18.1273921427 62.2666514447 1.48781465539 1.6314968621 9.55397700483 0
1686 1.37266206741 19.127208 60.642471 1.320188 17.8234434201 61.9436256519 1.52618985919 1.84195697778 11.8030371033 0
1689 1.37190794945 18.573484 58.538556 1.3117791 18.2900126869 58.5081611263 1.47016945514 0.285096183223 9.07509886531 0
1692 1.35468387604 18.03732 56.562177 1.3046299 16.6978155113 57.7310184067 1.43876770485 1.77776896956 7.68553009105 0
1695 1.35365700722 17.470308 54.449011 1.30616 17.9997372683 55.0974935691 1.51957925356 0.837152908756 12.2280224956 0
1698 1.35407805443 16.865167 52.414515 1.2995721 13.1519674728 51.4041579881 1.35278154642 3.84820373948 3.04867670997 0
1701 1.34994006157 16.322269 50.452679 1.2871313 17.7854507345 52.2889883442 1.61756091686 2.34796354229 18.932222472 0
1704 1.36343288422 15.679585 48.421133 1.2791916 18.0237608133 50.1942548477 1.39161187199 2.9392382228 6.44120711678 0
1707 1.35247707367 15.049517 46.343459 1.2810584 14.1566107077 44.8972132869 1.5094257807 1.69967888427 13.0844870927 0
1710 1.35912084579 14.370513 44.264129 1.2685694 14.6804196586 42.8898493728 1.40489749355 1.40878906543 7.8110243897 0
1713 1.36826920509 13.728985 42.398373 1.2622613 14.9361994844 42.8367000809 1.49988739287 1.28432762224 13.6149722234 0
1716 1.35537004471 13.116178 40.310007 1.2578142 14.179739507 39.6274671645 1.43830832767 1.26373403304 10.3415517426 0
1719 1.3626909256 12.482531 38.460523 1.239848 14.2995748429 39.7087230858 1.40726019686 2.2044617895 9.59201231928 0
1722 1.35357499123 12.331027 38.238303 1.1567887 16.4389926945 36.7407723681 1.44874925306 4.37241125021 16.7281074749 0
1725 1.35947799683 12.263795 38.100898 1.043782 11.3638635054 37.0433713701 1.12864150911 1.38861055299 4.86209172357 0
1728 1.35552096367 12.231882 38.075858 0.90529637 12.2394527206 37.4941554852 1.13959282252 0.581751778306 13.424197884 0
1731 1.37063598633 12.170047 37.918491 0.7605547 43.124265494 87.5262019195 -0.302069378087 58.47297346 -60.8838748833 0
1734 1.34986305237 11.9457 37.868652 0.60051086 10.5388059028 35.9700042257 0.826368514256 2.36309423673 12.9406903596 0
1737 1.35578799248 11.861848 37.85602 0.47073445 8.3941444707 38.3421951967 0.721555615522 3.50161878122 14.370994197 0
1740 1.36630797386 11.68598 37.868337 0.32347919 12.3359244222 36.7892180162 0.559197225431 1.25973232601 13.5056485853 0
1743 1.3525660038 11.634663 37.834152 0.18688423 10.7661886005 33.964907052 0.599267277023 3.96551437394 23.6278081371 0
1746 1.34629797935 11.546787 37.799316 0.059161186 11.2601506178 38.4329494516 -0.0485991624917 0.695450765015 -6.17421316743 0
1749 1.36138010025 11.461332 37.784444 -0.088384018 13.1490624046 34.9790181369 0.249760801489 3.27396520932 19.3742710209 0
1752 1.36183691025 11.353119 37.809133 -0.22428348 11.2599668018 38.1004396575 0.0234466235997 0.305838030237 14.1938893946 0
1755 1.36213517189 11.259101 37.929753 -0.36642208 10.5964314968 34.1637132633 -0.0197635589883 3.82389672576 19.8620701862 0
1758 1.35686016083 11.22919 38.083377 -0.50941267 12.9896897202 39.8598729547 -0.312698448492 2.50105920398 11.2708946626 0
1761 1.3623111248 11.185129 38.110347 -0.64618684 13.8771258724 38.2377866998 -0.343334330304 2.69501169536 17.3521706205 0
1764 1.36801409721 11.588805 37.741111 -0.76036767 11.1204774085 39.6781709258 -0.808253466243 1.99287026399 -2.74365402335 0
1767 1.36269497871 13.063467 36.224873 -0.77289998 13.8945993939 35.5355243159 -0.575395027486 1.07980677178 11.316200212 0
1770 1.35629177094 14.493375 34.807156 -0.77803694 13.1962595562 33.28710602 -0.624531136852 1.9982643509 8.79523465114 0
1773 1.36045598984 15.892318 33.28564 -0.77023756 18.6612215716 33.7202825265 -0.732427859968 2.8028095038 2.16633623651 0
1776 1.34451699257 17.405154 31.857105 -0.77891679 15.3794599058 33.6596103952 -0.94755471579 2.71154241402 -9.66224141361 0
1779 1.36581897736 19.008966 30.381332 -0.78385491 16.0082391379 32.7930096157 -0.697234459968 3.8497468258 4.96298620637 0
1782 1.35801386833 20.517371 28.856906 -0.78454873 22.7944924344 29.0504994259 -0.789219556959 2.28533595813 -0.267618671559 0
1785 1.36812496185 22.037399 27.308602 -0.78653789 21.6495424664 26.6964362008 -0.781982454277 0.724692801362 0.261007240788 0
1788 1.36390399933 23.470866 25.802264 -0.78746834 22.7370716931 25.2651554467 -0.762637315365 0.909362239634 1.42271291259 0
1791 1.37285780907 25.030138 24.239515 -0.79252133 24.8276060292 24.8567583849 -0.907846354799 0.64962188645 -6.60763719321 0
1794 1.36717200279 26.508975 22.80392 -0.79210599 27.3342408911 23.3740384584 -0.711752740504 1.0030447884 4.60390206626 0
1797 1.38285803795 27.961008 21.312251 -0.79564812 28.5985036379 21.289004386 -0.78109013341 0.637919347078 0.834111189839 0
1800 1.36519408226 29.36401 19.750057 -0.78815021 28.4167873502 20.3352532239 -0.854797471061 1.11341159 -3.81860677488 0
1803 1.37967610359 31.016391 18.179875 -0.79578372 30.5713836676 20.0958139817 -0.794446184256 1.96694018914 0.0766351530529 0
1806 1.35799884796 32.405165 16.663972 -0.79079715 32.6856356995 18.0441130272 -0.808802165147 1.4083511878 -1.031611378 0
1809 1.36147594452 33.875627 15.226881 -0.79213801 32.7598512834 14.9795282215 -0.795985808708 1.14286431688 -0.220462626405 0
1812 1.35972499847 34.400964 14.714584 -0.72873329 32.66600619 14.6937368774 -0.737829060508 1.73508305422 -0.521149261548 0
1815 1.35780286789 34.541831 14.529671 -0.59347242 31.7491714799 13.7496055638 -0.706401640204 2.89956018735 -6.4703677014 0
1818 1.36921191216 34.648846 14.435796 -0.47955783 32.1341171855 15.4383146395 -0.480460414159 2.70719497503 -0.0517142629861 0
1821 1.35280609131 34.668797 14.324629 -0.34405458 32.8919659021 14.9198424938 -0.386423195355 1.8738750902 -2.42754284365 0
1824 1.37220978737 34.864126 14.20779 -0.22615765 36.5972732269 15.5506415215 -0.290422761783 2.192498465 -3.68211967511 0
1827 1.35805106163 35.017605 14.088235 -0.094353638 35.0346289707 14.042901595 0.0024716702065 0.048424510227 5.54768151029 0
1830 1.37289690971 36.599142 14.0692 -0.022879679 36.2944674399 14.3226803885 -0.0886893050004 0.396331799037 -3.77061382116 0
1833 1.36833500862 38.63985 14.009333 -0.014813302 39.9400593559 14.7473254198 -0.0950874406353 1.49505089575 -4.59936934785 0
1836 1.3665201664 40.768535 13.925491 -0.0089087199 41.1076503424 12.0250863443 -0.0344050199435 1.93042406503 -1.46083038569 0
1839 1.37192296982 42.905865 13.952369 -0.011506708 41.8376368682 14.6985389318 0.0186300748207 1.30302759325 1.72671046373 0
1842 1.37133002281 45.04117 13.838962 -0.010052037 45.0114299405 15.1228383613 0.0407630845781 1.28422076853 2.91149200187 0
1845 1.36193013191 47.095509 13.764363 -0.008210261 45.9303906466 15.1082714155 0.0100447380745 1.77864853378 1.04593440198 0
1848 1.37043905258 49.256947 13.750747 -0.012245698 48.7630940708 16.1590708414 5.46190663635e-05 2.45843739819 0.704756254575 0
1851 1.36739516258 51.347189 13.680192 -0.017629817 51.6320611366 16.3954195117 -0.0149429444332 2.73013050506 0.153946458165 0
1854 1.35971498489 53.510554 13.649042 -0.0075411209 51.7552010185 15.1394590863 0.0293707387479 2.30273906046 2.1148937718 0
1857 1.36426711082 55.608657 13.581194 -0.0077936973 57.22164644 16.5407130976 0.0499808591482 3.3705323352 3.31023824772 0
1860 1.37667107582 57.666716 13.591636 -0.01411162 56.7479926595 16.4398266717 0.0333217820065 2.99269822712 2.71773374292 0
1863 1.36064600945 59.905766 13.533857 -0.012519778 59.8797456378 15.6749380471 0.00744287443369 2.14123915281 1.14377573234 0
1866 1.36574602127 62.027534 13.447994 -0.021676244 60.1749466074 15.6807934549 -0.0462007114586 2.90128824027 -1.40514848019 0
1869 1.37652897835 64.181261 13.371995 -0.025327169 63.7558492367 14.2560948333 0.00105789454787 0.981125722651 1.51175278348 0
1872 1.36846613884 66.241252 13.310079 -0.024907545 65.5918216596 15.741813061 -0.0632895729017 2.51696053016 -2.19912820792 0
1875 1.36950397491 68.444119 13.24669 -0.026304862 66.580204408 15.114991666 -0.004379746592 2.63907724806 1.25621657822 0
1878 1.37195801735 70.49734 13.123327 -0.017605166 69.5096069789 15.0023256 0.0398214958203 2.12279350384 3.29030535383 0
1881 1.37298321724 72.634932 13.039101 -0.019360635 71.5281361341 14.1530288322 0.0566204610193 1.57029688408 4.35339612468 0
1884 1.36167407036 74.720419 12.994859 -0.019347658 73.6741644489 14.5535539041 0.0353005253231 1.87727951829 3.13111026247 0
1887 1.36634206772 76.914825 12.90632 -0.036038761 77.2176803592 14.8460036247 0.0321530110821 1.9631846405 3.90710073782 0
1890 1.37723994255 79.004774 12.78569 -0.032634565 77.2549560492 15.3324824362 0.0236322041134 3.08998617693 3.22384839703 0
1893 1.37163710594 81.177999 12.691712 -0.029848436 79.9615012997 14.1861824831 -0.00570740111055 1.92699472752 1.38317941224 0
1896 1.36651492119 83.222919 12.597068 -0.02122413 81.8197069415 13.8331247499 -0.0251231287896 1.8699840561 -0.223396174971 0
1899 1.36460709572 85.390174 12.538762 -0.021700441 84.6475553713 15.0591909666 -0.009892879142 2.62755487166 0.676523460803 0
1902 1.36417508125 87.449986 12.512039 -0.030894579 86.8065101126 15.1922273358 -0.0041471220582 2.75635098146 1.53251639547 0
1905 1.35425901413 89.572355 12.414566 -0.034322832 88.4558637217 14.8608929415 0.0242268604855 2.68906457326 3.35465027121 0
1908 1.36663603783 91.713838 12.339838 -0.030338307 90.6455158077 15.0957728057 0.00369511169713 2.95575522662 1.94997125375 0
1911 1.36662793159 93.866625 12.234111 -0.027880568 92.5645575771 14.7756075857 0.00787311698922 2.85562330655 2.04853525192 0
1914 1.36503195763 96.027017 12.118277 -0.016096141 95.5118065928 14.4568519606 -0.0210072837286 2.39465542619 -0.281387750937 0
1917 1.3761241436 98.003729 12.063433 -0.023465033 97.1619316435 15.1457746051 0.00774690208491 3.19522339748 1.7883121508 0
1920 1.36374998093 100.1865 11.996018 -0.023536261 98.601649764 14.5495054429 0.0291496998514 3.005336652 3.01868319638 0
1923 1.35806703568 102.26857 11.921444 -0.023061579 102.051025403 15.5484956385 0.0233442746541 3.63356976537 2.65885955908 0
1926 1.35867404938 104.50291 11.810699 -0.022632517 104.451587536 15.5680576209 0.010604023505 3.75770911612 1.90431349655 0
1929 1.36642599106 106.528 11.779433 -0.025937223 105.848954471 15.7046300402 0.065388310644 3.98350029936 5.23256763958 0
1932 1.35862398148 108.61821 11.737233 -0.017267816 108.034624788 15.3848474776 -0.0101758272487 3.69400366501 0.406341023806 0
1935 1.36395406723 110.65428 11.638117 -0.015586443 108.977886802 16.1619046334 -0.0111502157383 4.82441174699 0.254177099057 0
1938 1.37928891182 112.94226 11.558687 -0.011710616 112.13015375 16.0711951723 -0.0469199833761 4.58500235192 -2.01734814997 0
1941 1.37509918213 114.89636 11.528856 -0.01668203 114.719059311 14.9712386332 -0.0595564483552 3.44694556494 -2.45652322083 0
1944 1.37155795097 117.03777 11.494892 -0.018548407 115.84527914 15.2431335024 -0.0279731234795 3.93336354943 -0.539996477384 0
1947 1.36350798607 119.07747 11.406331 -0.016261061 118.6024458 15.5069680428 0.0510700983671 4.12805912591 3.85779126146 0
1950 1.36603999138 121.291 11.334615 -0.012126455 120.158633136 14.3189548612 -0.0182395415057 3.19194911024 -0.350254056575 0
1953 1.37182283401 123.43737 11.229443 0.0013807468 123.871840645 15.0388491648 -0.00783779919215 3.83410225076 -0.528183778598 0
1956 1.36672496796 125.58554 11.258252 -0.0049853053 125.665602096 16.2195193096 0.00482638145884 4.9619132657 0.562168241186 0
1959 1.35492086411 127.50849 11.183265 -0.012828209 127.013984989 14.8520638494 0.0110743402821 3.70197517598 1.36951519347 0
1962 1.3554148674 130.28779 11.390648 -0.01314096 129.133332871 16.529941564 -0.0442197703247 5.26736267983 -1.78068466389 0
1965 1.37172889709 132.78769 11.256475 0.0084755214 131.952514334 14.0010645801 -0.0155002892421 2.86884826313 -1.3737127602 0
1968 1.36748790741 125.9239 10.596074 0.27888777 131.456744537 14.2678795206 -0.00632066909634 6.64037080713 -16.3412398417 0
1971 1.36646914482 93.936275 13.265891 0.84250578 132.191280082 14.3754190945 -0.0100974699363 38.2710917851 -48.8505678205 0
1974 1.38254904747 59.212281 6.4432491 1.3602712 132.442805535 13.4238223145 -0.00242575124942 73.5624777051 -78.0767840619 0
1977 1.36688685417 41.747696 3.5851691 1.5088422 133.657408911 12.7435958891 -0.0661447341344 92.3648856909 -90.2401041142 0
1980 1.37354516983 40.889782 2.6549702 1.6071612 136.919053652 9.29430575923 -0.197506472076 96.2585154187 -103.399841034 0
1983 1.36829304695 40.408125 3.8011614 1.6070032 137.915439836 10.3345195181 -0.113082960314 97.7259495467 -98.5536773849 0
1986 1.3625869751 40.388712 5.5337894 1.5172855 21.6045554781 38.9935150687 -2.6309423429 38.3718357401 122.324052143 0
1989 1.36499190331 40.44034 7.6724587 1.5542124 35.6727554373 97.1197395641 1.98075968851 89.5742480658 24.4393593941 0
1992 1.36526584625 40.554207 9.7439313 1.5604739 37.7264211388 85.3068502599 -1.80542274346 75.6158124642 167.148328052 0
1995 1.36667895317 40.580821 11.876658 1.5652859 36.0957040172 94.2961069442 1.53361216752 82.5413946976 -1.81477119226 0
1998 1.37124609947 40.665042 14.024391 1.567666 33.7051520035 80.8232818718 -0.904957577807 67.1604935245 -141.670895333 0
2001 1.35758304596 40.771617 16.174621 1.5548315 103.638636974 89.2849723538 2.66752549077 96.422952016 63.7526695605 0
2004 1.36746287346 40.847233 18.25792 1.5551713 61.6986497426 132.22863536 3.01016225838 115.862442317 83.3648411449 0
2007 1.36585998535 40.88758 20.352438 1.5597309 32.8147473229 117.230368182 2.95690615495 97.2137026541 80.0522453487 0
2010 1.35990095139 40.971014 22.508388 1.5678505 9.95951146333 71.7488841075 -1.18040595199 58.1922653494 -157.463495719 0
2013 1.35956811905 41.044823 24.54743 1.5705547 125.48294068 74.8635714147 -2.79347595932 98.2929794246 109.959461555 0
2016 1.35255694389 41.105608 26.696222 1.5717508 132.295559394 74.0158126912 -0.296566542671 102.736317329 -107.046698526 0
2019 1.37097215652 41.160404 28.869777 1.5672714 10.9959614287 33.7228406343 -2.46226066555 30.55234561 129.124819231 0
2022 1.3703649044 41.204205 31.003136 1.5608691 79.2169872256 34.8506375741 -1.79366042052 38.2070004174 167.799616222 0
2025 1.35403609276 41.244227 33.116661 1.5660557 114.309912789 13.7671677306 -2.54363597344 75.5843722576 124.532012012 0
2028 1.3703379631 41.277887 35.228156 1.5643441 136.423823164 32.8097065735 0.74529818046 95.176667656 -46.927874417 0
2031 1.37207794189 41.31792 37.33529 1.5797774 66.0681464589 74.4879714071 -2.13485102952 44.6418575499 147.167468529 0
2034 1.39344286919 41.419072 39.474789 1.5713492 120.221450751 88.6755266115 -2.541048377 92.9006322819 124.376975158 0
2037 1.37175583839 41.429937 41.518923 1.5745722 118.64624042 21.729204103 0.103515041531 79.7119218678 -84.2853666028 0
2040 1.35397195816 41.494048 43.684079 1.5737379 10.6295731793 69.1827669968 2.11323927537 40.0349709069 30.9111518503 0
2043 1.36876797676 41.508319 45.798644 1.5762653 131.335093871 70.2705899042 1.20287884649 93.1006209431 -21.3934679136 0
2046 1.35836410522 41.512588 47.943477 1.5772604 118.101700915 73.0129017105 -0.588949198486 80.5876434224 -124.114667534 0
2049 1.35560083389 41.583607 50.107906 1.5744728 34.6722930346 51.0483548059 1.4861518832 6.97500571219 -5.06041577565 0
2052 1.35722994804 41.632502 52.265699 1.5728612 104.994664713 59.1851879008 0.561956707599 63.7388656185 -57.9205609054 0
2055 1.36314201355 41.660201 54.305408 1.5732479 84.6684392182 31.9457520983 2.84564771503 48.4733201531 72.9031392542 0
2058 1.35876178741 41.689009 56.508616 1.5685378 67.1640392561 60.0986570079 2.54310097665 25.7267479675 55.8383568908 0
2061 1.37429904938 41.794127 58.57462 1.5657057 90.7877465352 107.062544713 3.10822512189 68.930788463 88.379852691 0
2064 1.36166882515 41.856016 60.76704 1.5641567 85.6535195674 25.2504555531 0.545361708094 56.3883772556 -58.3726532253 0
2067 1.36384892464 41.858156 62.785084 1.5639758 51.9860606685 32.3661328535 2.781585322 32.0606775011 69.7638867053 0
2070 1.35848212242 41.958088 65.023529 1.5767642 40.8084653804 69.6694261104 1.84432395586 4.78602048971 15.3300447782 0
2073 1.36785411835 41.99726 67.044355 1.5737097 125.573856909 25.6751016022 -2.94855949247 93.2548265644 100.893061449 0
2076 1.35832095146 42.044947 69.102812 1.5759217 52.33361895 53.154003243 -1.85082453361 18.979496075 163.661903352 0
2079 1.3631799221 42.097902 71.261122 1.5727544 63.5618370649 77.526454704 1.91413391344 22.3596713384 19.5596053325 0
2082 1.36032319069 42.114798 73.459441 1.5684742 36.8766483854 71.567819299 1.7207960479 5.56924088583 8.72739901231 0
2085 1.36380600929 42.172982 75.545483 1.5804547 82.0967569034 133.375154524 0.425770424549 70.2721759385 -66.1585356535 0
2088 1.36070203781 42.213453 77.648417 1.5799022 37.2741272152 79.821772462 2.24638112284 5.39633330819 38.1864294133 0
2091 1.36091089249 42.308345 79.80823 1.5843424 37.8494236658 99.4075567343 -1.51004336422 20.1001390021 -177.295244475 0
2094 1.34893488884 42.259747 81.948131 1.5870316 38.5373763848 83.8405505565 1.54280853133 4.17579869904 -2.53379519194 0
2097 1.35162806511 42.325886 84.065588 1.5841531 37.7093113325 84.0178037988 1.63442800333 4.61682195783 2.88053977598 0
2100 1.35569882393 42.338042 86.100283 1.5789413 39.0591139244 85.9243405945 1.6004048884 3.28364508666 1.22977302843 0
