3 5.34379005432 72.513547 45.80148 1.6808269 97.4022838493 78.3977241173 0.125014711785 41.0117587103 -89.1414720997 0
6 5.68667006493 72.505015 45.806851 1.6805552 34.3906386069 102.568781844 0.680014824615 68.3712109075 -57.326740742 0
9 5.31569314003 72.51553 45.801787 1.6811119 78.1522465095 120.899168736 -1.0537576305 75.3086271063 -156.696481616 0
12 5.8077712059 72.511327 45.798497 1.6805172 38.4497551311 77.4146753235 2.28918459287 46.4733623699 34.8740727385 0
15 5.56376886368 72.518426 45.80176 1.6806948 74.2982543653 36.6795227758 0.0774745620152 9.29424558444 -91.8577532665 0
18 5.41681718826 72.509508 45.806599 1.6825332 111.268209565 109.724226708 -2.53610976738 74.7509202545 118.289562697 0
21 5.52293205261 72.510969 45.800989 1.6811293 19.7335392448 101.648239114 -0.501525347119 76.8399143469 -125.056899415 0
24 6.12202382088 72.522343 45.818169 1.6838228 68.1694718328 99.2811974233 2.52894331298 53.6399375054 48.4218385737 0
27 6.50613617897 72.508499 45.799812 1.6808804 87.1982865797 29.2056270626 0.449603731195 22.1620584078 -70.5469565355 0
30 5.78201007843 72.523901 45.815543 1.6832165 121.849962565 69.3883431896 -1.75796474948 54.6693447763 162.834837865 0
33 6.3644759655 72.511009 45.802779 1.6808191 54.4528296832 101.101644052 0.58349592099 58.1726939062 -62.8719869192 0
36 5.86726593971 72.527172 45.853315 1.6851825 42.7512615052 83.6995838569 2.33858515176 48.1554245354 37.4372142684 0
39 6.12397408485 72.188088 49.017093 1.6798669 76.9361580128 137.863184588 -1.7756668622 88.9728731652 162.012499461 0
42 5.53475093842 71.804616 53.279503 1.6643548 102.284093122 49.3995581686 -1.82971794679 30.725437304 159.804378297 0
45 5.60203385353 71.568933 57.324136 1.642571 27.7708572107 124.983928531 -0.911434943566 80.5985047517 -146.333761418 0
48 5.38266015053 71.37336 61.652431 1.6431927 23.6932706855 29.004465251 -1.13424846289 57.7865086727 -159.13565648 0
51 5.77792596817 71.165072 65.844712 1.6344026 86.2529435333 60.4275862571 -2.61699001216 16.0308801605 116.41314627 0
54 5.34935903549 70.960331 70.343426 1.6128178 110.651270927 93.0314200775 1.8842616754 45.7177841497 15.5525884352 0
57 5.34710979462 70.885213 74.631613 1.6236159 25.3598514396 18.6731481683 -1.05046625654 72.1381198225 -153.213621641 0
60 5.33741903305 70.832043 79.069602 1.6124517 41.8101189731 82.9181073907 -2.1485962597 29.275981076 144.507825363 0
63 5.30012106895 70.841819 83.283634 1.5826474 40.3132266471 78.7840797127 -2.09910399692 30.8584014465 149.05118374 0
66 5.36895489693 70.897044 87.066595 1.5142468 53.8924585776 110.632323878 -2.2943937562 29.0602736214 141.780970448 0
69 5.37114810944 70.898205 87.488163 1.2381173 54.9485988281 108.389088507 -2.60869564381 26.2914173083 139.593853743 0
72 5.34015512466 70.648486 87.373684 0.94938085 56.8243492532 107.718848487 -2.85046932955 24.5974078876 142.28462193 0
75 5.31379818916 70.490448 87.162959 0.64684814 43.5019095358 131.625591898 1.86051854781 52.012565142 69.5381920876 0
78 5.35050702095 73.090524 88.460194 0.4660111 51.8986762025 69.4306390237 -2.55868512973 28.4818955772 -173.302328273 0
81 5.35321116447 76.750616 90.291223 0.4640309 48.3395527313 107.61351404 2.95664967872 33.2753705152 142.816535956 0
84 5.28909087181 80.704264 92.172539 0.45240664 42.6918095356 108.984861395 2.98408127583 41.5644184214 145.054271733 0
87 5.29079198837 84.637734 93.972859 0.42386385 57.3385539438 105.290836025 1.86985888832 29.5523575317 82.8494128927 0
90 5.36441707611 88.678811 95.730817 0.41656148 91.3618476614 129.138633367 2.20885712776 33.5153827386 102.690976257 0
93 5.30525493622 92.647535 97.41769 0.40779386 76.6133742417 37.4127336742 2.77858237386 62.1102978168 135.836175962 0
96 5.36833810806 96.759828 99.128022 0.39320766 89.4225061817 138.124106446 2.28316389542 39.6803590406 108.286515754 0
99 5.30601406097 100.07577 100.58602 0.32958371 84.3891816325 139.10598579 2.27238513193 41.5915474471 111.314321909 0
102 5.37290000916 100.12714 100.52966 0.1390585 13.4385810866 68.9548484377 2.95492167672 92.2598231717 161.337075712 0
105 5.38267302513 100.08551 100.52401 -0.14356162 104.161497824 61.8184658922 -2.29821845328 38.9195686181 -123.452742846 0
108 5.33997511864 99.772178 100.71077 -0.40700642 103.135531261 59.3395507141 -2.42575237967 41.5077092883 -115.665623398 0
111 5.30924296379 99.760338 100.7618 -0.66729138 100.221813001 59.2339356408 -2.27708737897 41.5304283316 -92.2345166182 0
114 5.33339810371 99.638101 100.95548 -0.8821311 57.7087639503 69.9174051064 1.80799517391 52.1673403436 154.132881852 0
117 5.34198784828 99.549051 101.11221 -1.1251977 69.4903620868 124.629117883 -0.00762871123653 38.1650328907 64.0319863708 0
120 5.30892014503 100.80276 98.46873 -1.1938854 140.016415143 76.6297775855 -2.72920400936 44.8848592765 -87.967276524 0
123 5.36664199829 102.35582 94.496879 -1.1822805 101.05034701 96.6760538621 -1.01325099392 2.54028793788 9.68467731154 0
126 5.38023996353 103.84912 90.431736 -1.1842505 102.223924531 92.9057239755 -1.18547880644 2.96004675873 -0.0703767748501 0
129 5.33894586563 105.46668 86.336829 -1.1831903 103.482376346 87.8911265087 -1.16862142759 2.52057567553 0.834734901323 0
132 5.39132905006 106.96067 82.891423 -1.1821311 104.466058617 86.067721897 -1.21596959343 4.03880683318 -1.93880285873 0
135 5.36315894127 108.13488 79.987125 -1.1809983 106.40547331 80.8795435975 -1.18798512949 1.94608798709 -0.400315842165 0
138 5.32979393005 109.11096 77.465416 -1.174964 107.120374839 78.2663335114 -1.15954152878 2.14566962593 0.883642510414 0
141 5.322275877 110.00241 75.115832 -1.1797573 108.73682252 77.6730146377 -1.1575498669 2.85322531737 1.27239219072 0
144 5.36520600319 110.9669 72.896666 -1.1819268 110.03900197 74.818852073 -1.14517062925 2.1344306155 2.10597345523 0
147 5.38974094391 111.79529 70.750926 -1.1680053 109.649760771 73.9174140984 -1.19764262413 3.8249107899 -1.69809358859 0
150 5.34970402718 112.62755 68.634671 -1.166408 110.567934389 71.7154425226 -1.20602702097 3.70582914329 -2.27000268996 0
153 5.37915205956 113.50263 66.493746 -1.1746568 112.166701206 69.5374121117 -1.15522549188 3.32394481647 1.11333194541 0
156 5.38734507561 114.39844 64.423702 -1.1690506 112.939802921 67.8897792555 -1.16300883475 3.76049380663 0.346167649399 0
159 5.3377790451 114.9392 62.935672 -1.1627449 113.904807944 65.9587365605 -1.12918512277 3.19513478011 1.92283359647 0
162 5.34281277657 115.58582 61.52951 -1.1720902 113.7888579 64.5813362435 -1.15914516821 3.54156973777 0.741695687255 0
165 5.34649300575 116.16312 60.165609 -1.1710096 114.531344968 63.6270059921 -1.15669271033 3.82674259538 0.820297353798 0
168 5.40768003464 116.71267 58.758483 -1.1690165 114.791512852 60.9668764475 -1.17033369573 2.9270883837 -0.0754697563998 0
171 5.29211091995 117.29804 57.404001 -1.1730259 114.951019037 60.5915930344 -1.14022629905 3.95844039743 1.87927870432 0
174 5.35663604736 117.3062 57.346669 -1.1782941 114.675881335 60.5414119637 -1.1878278707 4.1382313712 -0.54624482395 0
177 5.40246701241 117.30973 57.394113 -1.1925087 114.752768699 60.5640055331 -1.230919921 4.07262443246 -2.2008008491 0
180 5.31937885284 117.3509 57.478875 -1.2542253 114.736258194 59.4175342759 -1.30801941945 3.25495799677 -3.08217600715 0
183 5.30518388748 117.31554 57.561663 -1.3141336 115.55773205 60.8893398205 -1.36799164516 3.76341889925 -3.08583868025 0
186 5.34504294395 117.31761 57.625945 -1.389572 115.421411176 60.6783573672 -1.44269351492 3.59343724596 -3.04363860628 0
189 5.3354511261 117.34247 57.653648 -1.4539696 115.140250106 60.5536581574 -1.4503025219 3.64140513719 0.21010809809 0
192 5.34900188446 117.36058 57.739095 -1.5147103 115.652594942 60.8035852378 -1.53649409302 3.50832059185 -1.24811940156 0
195 5.31979203224 117.34118 57.80351 -1.5718326 115.633107852 60.7828028775 -1.60292192313 3.43419517673 -1.78128700337 0
198 5.37018799782 117.32521 57.826191 -1.6475747 116.041111425 60.3307729566 -1.65547929916 2.81457633169 -0.452900170492 0
201 5.34122300148 117.28663 57.948056 -1.7072698 116.250590184 59.7554055441 -1.71515899325 2.08324047443 -0.452017477157 0
204 5.34602093697 117.37131 58.006137 -1.7818651 116.411713392 59.8221292621 -1.74404487697 2.05393611048 2.16693915981 0
207 5.33613204956 117.40314 57.989067 -1.8555926 115.939786403 60.6478600198 -1.71019728204 3.0348944088 8.3305380798 0
210 5.36988091469 117.02719 57.008887 -1.8977403 116.138034781 58.9315027951 -1.81869406437 2.11826544589 4.52901568813 0
213 5.34354496002 116.38504 55.250118 -1.9095407 115.2712052 56.8412759233 -1.84572375909 1.94226967682 3.65644137557 0
216 5.36137795448 115.67443 53.450651 -1.9075572 116.1171618 55.6133255431 -1.79583757548 2.20752635918 6.40106297398 0
219 5.32023501396 115.02136 51.574537 -1.9165104 114.370049014 53.2760971339 -1.8773126855 1.82195304271 2.24586360753 0
222 5.3753221035 114.35753 49.684701 -1.9233127 113.411671779 52.0824647706 -1.87912461786 2.57758004208 2.53179061162 0
225 5.33358979225 113.59486 47.870819 -1.9110101 113.077563391 49.9730849977 -1.87414372915 2.16497531315 2.11228745558 0
228 5.34083199501 112.87829 45.986656 -1.9118326 113.614807579 46.1285020039 -1.84366674282 0.750052286908 3.90561592351 0
231 5.32646989822 112.17059 44.128463 -1.9122248 112.185802138 44.9945201224 -1.87110642761 0.866190711367 2.35590919842 0
234 5.3801009655 111.43202 42.277019 -1.9027456 110.455641893 44.8512839929 -1.92465300311 2.75320803094 -1.25520173843 0
237 5.34986805916 110.82393 40.37458 -1.9174412 110.346379102 43.0627115918 -1.93390828895 2.73022092791 -0.943494697793 0
240 5.36582899094 110.14399 38.567468 -1.912432 109.625434808 41.0132360529 -1.89601755281 2.50013616738 0.940478546761 0
243 5.31135296822 109.42625 36.696167 -1.9074722 109.077308015 38.3260481652 -1.89952725914 1.66681526329 0.455211579924 0
246 5.34964895248 108.96452 35.308972 -1.917648 108.63052056 37.0510086606 -1.91971221685 1.77376643134 -0.118270913276 0
249 5.33476209641 108.91335 35.330429 -1.9171391 109.277259518 37.5063634369 -1.93690238666 2.20615521009 -1.13235291489 0
252 5.35170102119 108.9585 35.348205 -1.9450374 109.829228688 36.537497621 -1.97679959659 1.4739692622 -1.81983981278 0
255 5.31070899963 108.97674 35.368834 -2.0165302 108.478931758 38.1008317707 -2.03911400905 2.77698125043 -1.29395694373 0
258 5.34631705284 108.99865 35.397074 -2.0803106 110.323314997 36.6235284588 -2.11139855334 1.80525009194 -1.78120851981 0
261 5.33626079559 109.05048 35.474836 -2.159245 108.073127476 38.1828148534 -2.12078024086 2.8789524878 2.20386835862 0
264 5.36745500565 109.09365 35.518169 -2.2238592 109.205286018 37.5819556348 -2.23099969185 2.06680378234 -0.409120046764 0
267 5.31258201599 109.14301 35.568827 -2.2920109 109.009707784 37.7487368195 -2.29086015228 2.18398175401 0.0659329878262 0
270 5.35476398468 109.24021 35.586114 -2.3597618 110.489069034 38.1314302355 -2.33056711114 2.83518670024 1.67273245597 0
273 5.36882591248 109.32691 35.57971 -2.4292889 109.201024911 37.2051977287 -2.4057991131 1.63035499558 1.34586565091 0
276 5.34275817871 109.34422 35.612178 -2.4970016 108.127460227 37.5356704804 -2.45184883003 2.27603331843 2.58706315265 0
279 5.34772586823 109.45255 35.562283 -2.5751384 108.740388856 37.3195733829 -2.5175043264 1.89611259827 3.30218917354 0
282 5.35589790344 109.51035 35.610832 -2.6455993 108.773915922 37.0683006688 -2.60757810491 1.63295746147 2.17845401067 0
285 5.35583615303 109.52669 35.619453 -2.7060079 110.239362216 36.2273271663 -2.62216983904 0.936703095967 4.80356705559 0
288 5.37529587746 109.56751 35.667144 -2.7779359 109.88744395 36.9120456835 -2.65222994107 1.28535517806 7.20242090626 0
291 5.31417489052 109.58407 35.725569 -2.8421247 110.972915544 35.6384762807 -2.74839642702 1.39157360135 5.37023446285 0
294 5.35956978798 109.62066 35.728072 -2.9074408 110.747646233 36.301841048 -2.81018187826 1.26463784902 5.57252573542 0
297 5.33452987671 108.40689 35.538158 -2.9474042 109.588033207 37.5779503688 -2.86017989467 2.35708552726 4.99758456618 0
300 5.39196109772 106.63579 35.154474 -2.9731605 105.699330282 37.0543571411 -2.87221929799 2.11813898329 5.78350485437 0
303 5.37166500092 104.74277 34.838538 -2.9724974 105.533351805 36.1052980302 -2.86273842017 1.49321819043 6.28872630784 0
306 5.36709403992 102.71686 34.507066 -2.970186 102.038095545 35.7310129833 -2.88004323493 1.39955971746 5.16479999223 0
309 5.33244013786 100.87602 34.149296 -2.9774562 101.366378286 34.9605516012 -2.89619805013 0.947938235836 4.65574903881 0
312 5.36978578568 98.917573 33.856952 -2.9648121 97.7698403805 34.9850312601 -2.87885806704 1.60930201731 4.92480332058 0
315 5.32840013504 96.872255 33.519705 -2.9713846 96.2305178091 34.637462967 -2.86201055756 1.28887916224 6.26667102035 0
318 5.38016009331 94.700759 33.157106 -2.9752463 93.9309457086 34.3442543478 -2.8881436888 1.41489706458 4.99061200625 0
321 5.35107016563 92.656194 32.878926 -2.9695623 92.2899445378 34.34982394 -2.90759013363 1.51580982269 3.55074358045 0
324 5.34351015091 90.628889 32.525228 -2.9736018 89.7448069937 33.9598896587 -2.92427540844 1.68518695363 2.82619405515 0
327 5.30505609512 88.510396 32.191288 -2.9695852 86.9732905973 32.9991096339 -2.94371390089 1.73645293955 1.48231624931 0
330 5.3540058136 87.334812 32.006658 -2.9896435 86.4213855564 33.4890861417 -2.97291304528 1.74124698513 0.958584444804 0
333 5.3337199688 87.328365 31.983283 -3.0015998 86.4474003914 33.1396407855 -3.02544947651 1.45370628725 -1.36648580695 0
336 5.37848305702 87.328448 32.00285 -3.0442403 86.2767410268 33.8427010102 -3.09750691058 2.11923082681 -3.05195197543 0
339 5.36444020271 87.480424 31.977098 -3.121648 86.3370009063 33.3498881128 -3.05310765767 1.78660825725 3.92707234173 0
342 5.40426707268 87.509332 32.088761 3.0972389 86.113391695 34.0723999969 3.10627425434 2.42558714649 0.517687669906 0
345 5.36867499352 87.537767 32.004513 3.0032565 86.7494709927 34.2083165907 3.07939599324 2.34054712869 4.36247161682 0
348 5.38221311569 87.588829 31.971963 2.902116 86.5244152395 33.7242629994 2.95717367409 2.05025167758 3.15457235541 0
351 5.36020302773 87.696053 31.883789 2.7788249 85.9426268129 33.2777655635 2.853278248 2.24001652961 4.26586261082 0
354 5.40952801704 87.777704 31.698119 2.6376296 86.6255407234 33.1445910647 2.79264263757 1.8492597573 8.88159282235 0
357 5.36009693146 87.896098 31.65995 2.4917922 85.6532781153 32.7067715981 2.66157736419 2.47509120909 9.7279733323 0
360 5.3813419342 87.958395 31.594625 2.366513 85.9235885975 33.097633925 2.48537708034 2.52971795351 6.81041013896 0
363 5.36070609093 87.964094 31.460561 2.2184109 85.9589909154 34.1508728588 2.49619464333 3.35532655304 15.91583611 0
366 5.37967395782 87.708527 31.831987 2.1125682 85.5865906402 34.7422836599 2.29863357567 3.60172744165 10.6607607395 0
369 5.37797403336 86.721318 33.612273 2.0920166 85.0147190771 35.8541302044 2.29144787243 2.81751727748 11.4265702134 0
372 5.37674093246 85.724716 35.405361 2.0873093 83.9117803675 36.8339841189 2.14879712815 2.30818102053 3.52299304415 0
375 5.34990906715 84.755772 37.248267 2.0862059 83.3531407935 38.7025394412 2.07950459411 2.02046594493 -0.383956544482 0
378 5.37885308266 83.690185 39.149374 2.0868314 82.2944532031 39.8238053864 2.13912400629 1.55013707255 2.99614564008 0
381 5.36937212944 82.666747 40.97523 2.090975 81.3459061409 41.7316957916 2.15688648145 1.52212386783 3.77644970848 0
384 5.3938369751 81.635815 42.877142 2.0910396 79.9556169375 43.5390192273 2.10070174938 1.80586461102 0.553600380298 0
387 5.34392499924 80.624097 44.699122 2.0805048 79.0457447919 45.0451872639 2.14704460379 1.61584555565 3.81244992707 0
390 5.34847187996 79.602515 46.546403 2.0762437 78.2366656223 47.5860092958 2.11158939757 1.71648646158 2.02515929487 0
393 5.36552214622 78.599692 48.40129 2.0808805 77.5709534761 48.9442280006 2.0807583396 1.16322165691 -0.00699927508909 0
396 5.37674880028 77.532669 50.298142 2.0919608 75.5880733388 51.1258046321 2.13722842895 2.11340429596 2.59364408754 0
399 5.34443092346 76.53881 52.074716 2.0854653 74.8849120352 52.9772864854 2.10449823771 1.88414754173 1.09050700232 0
402 5.32984399796 75.533974 53.92833 2.0838411 74.56760553 54.572737465 2.07364950623 1.16152012494 -0.583935309739 0
405 5.32417702675 74.451304 55.860797 2.0823704 72.8563247303 55.9595293009 2.12718889056 1.59803220808 2.56791035319 0
408 5.36629319191 73.464188 57.689364 2.0801622 71.4508021223 57.6157232732 2.15110086561 2.01473215322 4.06448614397 0
411 5.33077812195 72.461178 59.521835 2.0808323 70.0532439524 60.233668915 2.13630789164 2.51094681346 3.17851726676 0
414 5.35075378418 71.469371 61.42577 2.0898858 69.5958693397 62.0310238391 2.12415692082 1.96884247229 1.96359058214 0
417 5.33055186272 70.386885 63.322712 2.0827703 67.7966177702 63.4644153074 2.11950016703 2.59414034872 2.10446636295 0
420 5.35772514343 69.38246 65.186025 2.0922796 67.1514106086 65.0101854432 2.12671791038 2.23796803741 1.97316983846 0
423 5.32879090309 68.400253 67.014087 2.0893798 66.1771139364 67.5317622213 2.1359531691 2.28261580881 2.66845748689 0
426 5.34427881241 67.30799 68.901204 2.089526 64.7491719718 68.9622374157 2.13856589194 2.55954581499 2.80977883586 0
429 5.31263303757 66.315197 70.741557 2.0869248 63.3444532617 70.2260132471 2.10930605415 3.01514572116 1.28235140316 0
432 5.3617208004 65.281228 72.464006 2.0745737 62.7089207121 72.2557820682 2.09741776541 2.58072121497 1.30886853477 0
435 5.33465385437 64.283593 74.421326 2.0918621 61.4887102996 74.1085804337 2.10150590165 2.81232627872 0.552549132975 0
438 5.37792801857 63.28447 76.191493 2.091939 60.2647283348 75.9827307252 2.13784999693 3.02694919221 2.63050635723 0
441 5.33118605614 62.204887 78.125252 2.0893553 59.3535888064 77.8680326937 2.13145096257 2.86287672813 2.41190380106 0
444 5.33921504021 61.273659 79.948227 2.0960183 58.3753429243 79.8220621794 2.1233960037 2.90106077785 1.56862687501 0
447 5.3105199337 60.19879 81.787566 2.089809 57.8802016304 81.8139731445 2.12035956538 2.31873874443 1.75041845781 0
450 5.32814288139 59.161438 83.629466 2.0974137 56.4167806786 83.359621311 2.09667606241 2.75789049242 -0.0422635208744 0
453 5.28426504135 58.11891 85.485673 2.0964985 55.657709621 86.0316433357 2.09739260024 2.5210297327 0.0512281699679 0
456 5.33200597763 57.036783 87.336936 2.0992423 55.2745796912 87.9667253631 2.08233001053 1.87136184188 -0.969002808612 0
459 5.29858207703 56.357629 88.602308 2.124456 54.6419147011 88.6695862139 2.08232028572 1.71703288069 -2.41419859515 0
462 5.29716014862 56.200217 88.720884 2.2094598 54.3435510201 88.4011309654 2.20748860528 1.88399855729 -0.112941138146 0
465 5.34741091728 56.199637 89.07416 2.3631742 53.3010790873 88.2516858275 2.35939489906 3.01298883799 -0.21653799325 0
468 5.30249190331 56.109511 89.161307 2.4869631 52.8406000599 88.3715028208 2.48404737729 3.36297032037 -0.167058605774 0
471 5.33323693275 56.023191 89.233423 2.608836 52.7739280163 88.8351076238 2.6145611548 3.27358596586 0.328027207256 0
474 5.34522891045 54.873312 89.789936 2.6823278 51.797440885 89.087934549 2.68779750233 3.15496262311 0.313390858897 0
477 5.35718607903 52.997249 90.667048 2.6986067 49.6043870001 89.595884804 2.69783551832 3.55793523586 -0.0441854552979 0
480 5.34437799454 51.122563 91.609157 2.7018871 47.481758719 90.5484860702 2.70372697288 3.792160154 0.105416950684 0
483 5.3963239193 49.137432 92.566213 2.7007601 46.3610976779 91.7349403056 2.69971350553 2.89811086058 -0.0599654458451 0
486 5.32102203369 47.308569 93.452781 2.7003868 44.1464957296 92.424543858 2.69185919098 3.32505323078 -0.488596006266 0
489 5.29874920845 45.360782 94.336008 2.7008969 42.6479317165 93.0821002294 2.70580810006 2.98861863705 0.281391035663 0
492 5.30117893219 43.468079 95.251019 2.7064338 40.6602107601 94.1042180031 2.73437630621 3.03303092286 1.60098767501 0
495 5.31384205818 41.590918 96.131677 2.7064065 38.7441676076 95.2038771967 2.72592918089 2.99412763119 1.11856721979 0
498 5.30639410019 39.606214 97.06058 2.704478 35.9645681068 96.7201645195 2.71790349056 3.65752204513 0.769223946919 0
501 5.32432985306 37.718719 97.944153 2.696243 34.5194697958 97.1242573039 2.7346045753 3.3026390089 2.19795635995 0
504 5.33493518829 35.769603 98.891663 2.7044976 33.1141268837 97.2934758016 2.76781645942 3.09931536401 3.62790340861 0
507 5.34071993828 33.862509 99.822852 2.7013631 30.8587596409 97.8526244791 2.75199553972 3.59225649089 2.90102510261 0
510 5.33828186989 31.979521 100.73965 2.7066945 28.9313240894 99.4551162567 2.72974280892 3.30779856456 1.32057082594 0
513 5.30883288383 30.015598 101.64307 2.7044148 27.8630416581 100.492964527 2.71039429464 2.44054121153 0.342599806514 0
516 5.34573602676 28.083667 102.5122 2.7038251 25.74608118 102.397634559 2.70510991088 2.34039157114 0.0736142411475 0
519 5.32715392113 26.231599 103.44351 2.6987262 23.1859548503 102.687002449 2.69908197082 3.13819246736 0.0203841663938 0
522 5.3429210186 24.326425 104.3449 2.7056645 21.2977192161 104.107857916 2.68584103289 3.0379676883 -1.13580100098 0
525 5.31345701218 23.072168 104.95788 2.6888385 19.6361037605 104.348180008 2.65709913355 3.48973803291 -1.81853174224 0
528 5.34372901917 23.059574 104.94595 2.6093304 19.0158372252 104.837913205 2.56961854718 4.04517973063 -2.27532156301 0
531 5.3015460968 23.148655 105.02795 2.4881616 18.4378267003 104.159251441 2.4591061314 4.79025473798 -1.66475572243 0
534 5.31708908081 23.15609 104.97342 2.3614352 18.0630009634 104.570547629 2.32068241211 5.10899814861 -2.33496274938 0
537 5.3487739563 23.189116 104.80794 2.2179164 19.0095177294 104.110359805 2.19642061317 4.23741192612 -1.23161786293 0
540 5.31005597115 23.170444 104.45908 2.0515088 19.6182273709 104.057076056 2.08893841537 3.57489162783 2.14455898947 0
543 5.35706496239 23.203193 104.36781 1.9241471 18.8523904076 104.454126629 1.9243212675 4.3516587364 0.00997906245551 0
546 5.36212205887 23.268475 104.40083 1.8086424 19.5935158507 103.876875712 1.80043921615 3.71212241781 -0.470007813229 0
549 5.35597419739 23.269141 104.3114 1.6661585 18.9107620944 103.436376128 1.66186269437 4.44534964438 -0.246131531988 0
552 5.38776612282 23.273746 104.22596 1.531085 20.0835651165 104.930861048 1.58737314681 3.26713017146 3.22507324892 0
555 5.3579761982 23.201513 103.9692 1.3630267 19.9247626762 104.734320551 1.42070927154 3.36489258994 3.30496790044 0
558 5.37031912804 23.573375 105.47089 1.3112874 19.8349003051 105.912735861 1.32413550516 3.76449476156 0.736142200361 0
561 5.52312088013 24.091257 107.45193 1.3021436 19.2654940557 106.459729539 1.30497340871 4.92670780029 0.162136096159 0
564 5.49739003181 24.69734 109.54228 1.2971878 21.0115553587 108.500893028 1.29716581776 3.83007770764 -0.00125948947157 0
567 5.32792615891 25.24514 111.62222 1.291934 21.3294381297 111.128111091 1.34132209352 3.94675369779 2.8297293169 0
570 5.46740484238 25.838263 113.71051 1.2925571 22.7051720342 113.965829592 1.31899718086 3.14347691162 1.51490504316 0
573 5.34832692146 26.485855 115.66064 1.2984976 22.1641596851 115.155148563 1.32271051205 4.35115754573 1.38729767046 0
576 5.36867499352 26.666562 116.70228 1.2516028 22.4382726223 116.49198057 1.2825103825 4.23351590433 1.77087403213 0
579 5.36779284477 26.671044 116.66524 1.1445574 22.3085940825 116.714440169 1.11709703644 4.362727351 -1.57336293566 0
582 5.27768182755 26.68282 116.71548 1.0360889 22.9168126149 115.774674778 1.02327125673 3.88174266163 -0.734396862873 0
585 5.31102013588 26.598988 116.54426 0.86252405 23.2907785073 115.470986407 0.907187956439 3.4779543203 2.5590533355 0
588 5.33978390694 26.490987 116.49462 0.72378221 23.0625887674 115.249541645 0.761408527835 3.64748331749 2.15582921055 0
591 5.33357095718 26.414554 116.44154 0.58967497 22.9473871935 115.59321111 0.66456493189 3.56944079214 4.29087874418 0
594 5.35930800438 26.30131 116.37003 0.43724496 21.4137978758 116.292154189 0.505283199961 4.888132507 3.89830399528 0
597 5.30374288559 26.176025 116.35464 0.31453037 22.3476171259 116.418714711 0.365205406443 3.82894403443 2.90346571485 0
600 5.33470702171 26.088883 116.46581 0.14702743 22.1690826491 116.194271196 0.214654959215 3.92919433386 3.87477200294 0
603 5.35580515862 25.977812 116.45377 0.019989929 21.3699689743 116.386130834 0.0608579746321 4.60833944128 2.34156653167 0
606 5.35727000237 25.890585 116.45549 -0.11586106 21.2570845797 115.669037494 -0.00341646181842 4.69976953577 6.44260090485 0
609 5.34034204483 27.617035 116.21759 -0.13548047 24.4537949853 116.168562513 -0.0765040689836 3.16361993374 3.37909886911 0
612 5.32056999207 29.732468 115.90829 -0.14344069 26.5760452012 114.931740695 -0.0580072029381 3.30403593065 4.89497823773 0
615 5.35686302185 31.744289 115.6014 -0.14068963 27.6879104449 115.520594587 -0.123549841829 4.05718332058 0.982037523947 0
618 5.34863591194 33.87565 115.27561 -0.13567301 30.6738289045 114.603900175 -0.0708787854938 3.27152142242 3.71243560103 0
621 5.33998703957 35.936054 114.9269 -0.14240112 32.7558859132 115.086189785 -0.115491519112 3.18415487936 1.54180655928 0
624 5.28768014908 38.113735 114.67885 -0.14674677 34.8572376574 114.645016014 -0.116587689587 3.25667310012 1.72798802165 0
627 5.3083422184 40.163768 114.30534 -0.14012204 36.2537560693 114.520012067 -0.0897639753918 3.91590058531 2.8853045665 0
630 5.2594640255 42.346763 113.98058 -0.16006212 38.9979709489 114.602094498 -0.0804848696236 3.40597834297 4.55944059182 0
633 5.29245495796 44.341947 113.67079 -0.15507802 40.9257052278 114.128687379 -0.0678771911464 3.44679240109 4.99623946335 0
636 5.28574299812 46.544067 113.30502 -0.15009707 42.4681510747 114.517076838 -0.0677391265961 4.25231377108 4.71876256642 0
639 5.31311917305 48.557097 112.97025 -0.14631805 44.9004641285 114.482513374 -0.0847215189497 3.95700700894 3.52922126183 0
642 5.25620794296 50.586062 112.64729 -0.14866611 47.8387066948 114.01681449 -0.0702690703152 3.06978150719 4.49181950026 0
645 5.31618094444 52.747394 112.3225 -0.14488479 50.1898865367 114.535118119 -0.073342209597 3.38179292172 4.09908791257 0
648 5.29141497612 54.919709 111.95097 -0.14565598 51.4328739864 113.820150427 -0.0549099297501 3.95624239389 5.1993656868 0
651 5.32445716858 56.9199 111.70562 -0.14317608 53.8453761891 113.513642909 -0.0558232478998 3.56674130046 5.00494860786 0
654 5.30199289322 58.963864 111.32719 -0.14485493 56.3486265985 113.411151493 -0.0336425826451 3.34400391281 6.37199813318 0
657 5.2916328907 61.070196 111.0267 -0.15209978 57.9426594572 112.032133612 -0.100099462301 3.28517603409 2.97939873748 0
660 5.28434610367 63.25691 110.67843 -0.1447313 59.8362050956 112.224499192 -0.130162480924 3.75387159999 0.834731845522 0
663 5.31807398796 65.338645 110.4192 -0.14848438 61.2245068806 111.785010378 -0.131443215179 4.3349245038 0.976386822234 0
666 5.26284003258 67.412523 110.08404 -0.1445869 63.50800581 111.525321872 -0.11732905984 4.16203651139 1.56175919979 0
669 5.32334017754 69.507235 109.73429 -0.15139682 66.0218137939 111.458671026 -0.108020148607 3.88865669701 2.48530020015 0
672 5.27782011032 71.647859 109.39116 -0.14906575 68.1211203901 111.125548899 -0.104706054274 3.9301386839 2.54162334559 0
675 5.31463217735 73.702975 109.06139 -0.1559357 69.888032601 111.363855181 -0.0920338026129 4.45590971829 3.66130902316 0
678 5.296656847 75.754203 108.72815 -0.15045699 72.0975789302 110.045841986 -0.130171071089 3.88679968077 1.16229753716 0
681 5.25240898132 77.860742 108.43703 -0.15243836 74.246060466 109.374664464 -0.153981587324 3.73431131275 -0.0884204125118 0
684 5.26822400093 79.97813 108.08555 -0.15170568 75.8095929879 108.987179025 -0.160224781946 4.26493091615 -0.488108586729 0
687 5.30689811707 82.120618 107.73965 -0.14888428 78.2207499656 108.909713126 -0.136902570648 4.07161127867 0.686501377208 0
690 5.28406000137 84.192494 107.42985 -0.14593359 80.8404390386 108.231454982 -0.13664962796 3.44656974563 0.531931842079 0
693 5.33240604401 86.28045 107.15458 -0.15823172 81.8173298971 108.696520959 -0.126112921543 4.72197236062 1.84027159462 0
696 5.32449603081 88.385341 106.75858 -0.15035877 84.1175432449 108.582493846 -0.109084036878 4.64120236527 2.36486800842 0
699 5.2770819664 90.512184 106.42958 -0.15443508 87.0026600023 108.836085344 -0.107512579712 4.25535270703 2.68846123068 0
702 5.29713106155 92.541412 106.11165 -0.15857271 89.469739955 108.729682002 -0.112725121497 4.03599562894 2.62687332207 0
705 5.30572795868 94.624435 105.7799 -0.14991569 91.1674216597 107.939022105 -0.11532286295 4.07587407807 1.98202299141 0
708 5.31542515755 96.812614 105.41142 -0.16008539 93.8910018606 106.902272092 -0.126070068411 3.28000875798 1.94893436586 0
711 5.30794787407 98.833392 105.05687 -0.15857643 93.951852941 106.269102005 -0.146355534765 5.02980417291 0.700205718825 0
714 5.30610084534 100.9283 104.72764 -0.15390186 95.89069298 106.750493543 -0.106013641597 5.4285744855 2.74379280289 0
717 5.32272315025 103.02648 104.38009 -0.15580909 98.8031519654 106.634433601 -0.128137895463 4.78733378401 1.58544266106 0
720 5.31749606133 103.56436 104.3046 -0.21764658 99.3482971133 106.736367672 -0.200082242705 4.86710183508 1.00636239694 0
723 5.33857989311 103.46604 104.39779 -0.32798619 98.7151583188 106.102416146 -0.321384682797 5.04743767117 0.378238501144 0
726 5.3732252121 103.43166 104.43448 -0.46455789 99.6436087486 106.78602636 -0.436926643402 4.45859872226 1.58315381274 0
729 5.34385085106 103.35806 104.51276 -0.60050128 99.522384072 106.714257526 -0.571001220754 4.42255595558 1.6902288902 0
732 5.2875790596 103.30537 104.5712 -0.75278089 100.846697278 106.756402797 -0.655867805437 3.28940462969 5.55271072505 0
735 5.32279396057 103.24477 104.73622 -0.88717849 99.6701874122 106.816427518 -0.764910137119 4.1358075385 7.0054605881 0
738 5.41179180145 103.11543 104.83266 -1.0218313 100.181268338 106.691926654 -0.933111661277 3.47364033089 5.08326085873 0
741 5.4187309742 103.3336 104.43355 -1.1359167 99.4744669061 107.208454011 -1.0525521199 4.75320949527 4.77643860046 0
744 5.31635189056 104.18264 102.5184 -1.1499809 101.275758881 104.915540002 -1.05538546942 3.76778954186 5.4199189337 0
747 5.33243584633 105.02068 100.61649 -1.1544373 103.519868292 103.11368807 -1.05977557779 2.9134917162 5.42371716425 0
750 5.31456708908 105.97315 98.645528 -1.1675657 104.370612643 101.778737321 -1.05448386061 3.51925086233 6.47911213665 0
753 5.28178596497 106.66644 96.709247 -1.154133 104.753811198 99.0288587472 -1.07835733817 3.00645099578 4.34162561273 0
756 5.33070588112 107.65453 94.805864 -1.1707179 105.309583664 97.1069610374 -1.11159145392 3.28539508938 3.38769581779 0
759 5.39433097839 108.36584 92.821603 -1.1639211 105.813787925 95.8098614811 -1.10857807112 3.92971481726 3.17092198016 0
762 5.3143889904 109.18739 90.932737 -1.1605274 106.879646577 93.6705284213 -1.1261634536 3.58066775519 1.96890909599 0
765 5.30930089951 110.00551 88.971931 -1.1631703 108.005310604 90.6405078387 -1.11505014622 2.6047929456 2.75708172131 0
768 5.33637189865 110.83946 87.051439 -1.1600004 109.051741236 89.1371557055 -1.13892480638 2.7470261294 1.20754256515 0
771 5.3115170002 111.68317 85.129972 -1.1502451 110.7706123 86.8237290813 -1.10775021242 1.92394766205 2.43477770926 0
774 5.34073615074 112.49307 83.177328 -1.1488654 111.380502964 86.0569049512 -1.10295465671 3.08703236593 2.63049182482 0
777 5.3124089241 113.40329 81.226755 -1.149046 112.255971884 83.5432508568 -1.11401128413 2.5850516269 2.00734135596 0
780 5.34021306038 114.20236 79.347389 -1.1522317 111.44871088 81.7994769923 -1.14764280587 3.68718307083 0.262924266221 0
783 5.32153892517 115.10134 77.33273 -1.146946 113.312830693 80.6288296872 -1.14075578174 3.7500718246 0.354673380676 0
786 5.31675601006 115.87569 75.433999 -1.1405871 113.690103652 78.1181570542 -1.12713338943 3.46142920559 0.770840834645 0
789 5.33039999008 116.74641 73.521868 -1.1514597 114.368954724 76.0878893922 -1.1420652777 3.49810797095 0.538260748559 0
792 5.33437991142 117.66191 71.592443 -1.1472421 115.351387481 74.2939587144 -1.11363276119 3.55481384378 1.92567326579 0
795 5.27316904068 118.47567 69.543126 -1.1411103 116.854278237 71.6456546716 -1.12816537876 2.65509662026 0.741689353326 0
798 5.2786359787 119.32773 67.660396 -1.1493947 117.559521761 70.1989698742 -1.12361943427 3.09368997961 1.47681394218 0
801 5.27742815018 120.23613 65.736718 -1.1477983 118.76470887 68.7767665113 -1.07640379877 3.37742136716 4.09060360064 0
804 5.31614804268 121.05504 63.851108 -1.1435448 119.453536702 66.1829707554 -1.09202454578 2.82885077761 2.95189312642 0
807 5.30537700653 121.9387 61.889647 -1.1416966 120.375020415 64.5568765429 -1.13895716825 3.09179677174 0.156957877824 0
810 5.28948903084 122.75206 59.947854 -1.134592 121.304062925 62.8303454548 -1.1086200381 3.22574836521 1.48808380246 0
813 5.58853697777 123.61313 58.017737 -1.1345099 122.4611289 61.5363945178 -1.08020858561 3.70243936658 3.11123613635 0
816 5.399518013 124.50226 56.14403 -1.1250591 122.875126602 59.4040910489 -1.10786922362 3.6435643453 0.984907367172 0
819 5.29345417023 125.37031 54.195354 -1.1346431 123.739244075 57.801750293 -1.11315829547 3.95808922025 1.23098862333 0
822 5.2985470295 126.19009 52.293812 -1.120627 124.591478227 55.727306027 -1.11969807409 3.78740555457 0.053223533962 0
825 5.32931995392 127.09539 50.434417 -1.1252352 125.711676262 54.4664712246 -1.1101376058 4.26287754677 0.865028428445 0
828 5.31136012077 127.94916 48.435924 -1.125081 126.47233559 51.4639831474 -1.097440409 3.36899874405 1.58368920782 0
831 5.36124205589 128.83417 46.49897 -1.1135569 127.124223737 49.682870917 -1.10820385655 3.61402009817 0.306706797414 0
834 5.37765312195 129.69028 44.561049 -1.1141866 127.784834331 47.1085522608 -1.13283622101 3.18127271101 -1.0685445735 0
837 5.28644704819 130.6504 42.689185 -1.1179531 129.222501232 45.3901688016 -1.13505875375 3.05519367451 -0.980081765496 0
840 5.85659408569 131.56218 40.752166 -1.1133477 130.02466352 43.8019965147 -1.1094559417 3.41546821002 0.222981325586 0
843 5.30861902237 131.80181 39.159633 -1.0655485 131.60266202 42.3056799873 -1.10717856632 3.15234382074 -2.3852271008 0
846 5.32194185257 89.526265 39.287264 -0.26055386 132.866780041 40.8434558355 -1.09351323426 43.3684444854 -47.7250566511 0
849 5.34176301956 49.129117 22.860079 0.57174269 133.697864865 40.0477570449 -1.05486463221 86.2976789492 -93.1977344877 0
852 5.31930398941 45.693587 19.436118 1.0035584 135.979430427 39.4802783178 -1.03069145032 92.4840628763 -116.553930898 0
855 5.36449122429 46.841947 21.209275 1.0214136 134.455751537 39.5587748428 -1.01704667597 89.5147076743 -116.795170518 0
858 5.44878482819 48.00008 22.972907 1.0079248 112.802803884 73.389718024 2.12440286851 82.1051025004 63.9694812447 0
861 5.46708416939 49.170996 24.731115 1.014741 111.700595673 72.7479490129 1.962715945 78.838868484 54.3149634328 0
864 5.39527201653 50.349541 26.532036 1.0144485 67.8134137301 103.599096505 -0.582692805355 79.0210014211 -91.5094560829 0
867 5.30951619148 51.518278 28.351001 1.0069992 61.2249056776 101.898545044 -1.98002392079 74.185307547 -171.143818129 0
870 5.27482104301 52.642563 30.101924 1.0170679 57.1876685484 104.16855848 -3.02005359541 74.2059588419 128.689976932 0
873 5.32883286476 53.80357 31.912095 1.0183648 55.2182680726 103.263267683 -2.95027364892 71.3651960965 132.613766463 0
876 5.60977196693 54.946688 33.671099 1.0064723 49.1578400513 102.540921004 0.523440549077 69.1126843891 -27.6756806987 0
879 5.3283059597 56.161659 35.476636 1.0152563 35.9663222147 106.356260971 1.968648425 73.7005621679 54.6253449837 0
882 5.34478211403 57.333476 37.252395 1.017552 100.678843248 57.6778267384 2.28277866281 47.916793753 72.4921479062 0
885 5.3686709404 58.434052 39.044555 1.0099164 112.970922447 44.969710838 -1.46249392136 54.8577953424 -141.658676638 0
888 5.30386900902 59.558673 40.733157 1.0155176 122.841802877 43.5298184375 -0.552503960408 63.3448959443 -89.8410175969 0
891 5.36961007118 60.829575 42.673596 1.0256616 60.6887147563 108.349170362 0.340474895874 65.6757254193 -39.2583063249 0
894 5.37227797508 61.938983 44.298725 1.0235902 141.792785135 77.9509619047 1.88568668071 86.6550792744 49.394489878 0
897 5.39853692055 63.08776 46.123861 1.0214801 45.2823592217 57.6063077124 0.188219981914 21.1867618899 -47.7422880029 0
900 5.40073490143 64.233274 47.872937 1.026201 59.2651078034 53.0446883108 -0.568954193421 7.17144943353 -91.3956602514 0
903 5.33009409904 65.367062 49.701179 1.0288308 142.770678214 88.4592075162 1.00714959454 86.5650309159 -1.24224156758 0
906 5.34067797661 66.47055 51.411163 1.0247772 65.2180151206 50.5935178858 0.970958738972 1.4957898104 -3.08357067677 0
909 5.31605291367 67.601685 53.206336 1.0345375 66.7273991048 53.7073498937 0.936995443632 1.00766599045 -5.58874815491 0
912 5.26848101616 68.713633 54.989386 1.0321621 66.3217524636 56.3695139829 0.942332359337 2.76149339118 -5.14686501473 0
915 5.31148386002 69.889939 56.860516 1.0335194 66.762736371 58.0219895897 1.03128836702 3.33592823395 -0.12782877381 0
918 5.41897892952 70.97178 58.665246 1.0279054 68.0420002335 60.5342465522 0.987208902225 3.47516511036 -2.33173756348 0
921 5.3252351284 72.083269 60.388926 1.0348295 69.3463129454 61.3736265567 1.01063956757 2.90870480302 -1.38598103522 0
924 5.39087414742 73.21006 62.180545 1.0389104 70.4003977209 63.018059206 1.02427813695 2.93183085591 -0.83836691748 0
927 5.34490513802 74.211219 63.966291 1.0279221 70.581537948 65.4930010975 1.01049545186 3.93769326653 -0.998473389642 0
930 5.35866498947 75.394113 65.876292 1.0355825 72.682186871 66.9332827696 1.00855808275 2.91063099967 -1.54838505219 0
933 5.33328700066 76.475569 67.55587 1.0353462 73.3278571827 69.0012248679 1.00946837029 3.46368883982 -1.48269042561 0
936 5.33963704109 77.652303 69.425792 1.0395167 74.4139297014 70.7812274212 0.993409830798 3.51059351137 -2.64172901182 0
939 5.34616398811 78.72098 71.209083 1.0347632 75.6603471529 72.6233716753 1.0037332479 3.37159989946 -1.77788529402 0
942 5.45570707321 79.923618 73.070281 1.0406815 78.6320270112 74.5148398367 0.973816834894 1.93777127525 -3.8310631091 0
945 5.31700491905 80.886825 74.813727 1.0240856 78.8887892464 76.0915857528 0.990007638166 2.37172297387 -1.95252338748 0
948 5.32170915604 82.003807 76.66259 1.0354781 80.014993737 77.2478855991 0.994024485266 2.07314956853 -2.37511716984 0
951 5.34198713303 83.149971 78.458347 1.0359732 82.3230780512 79.8588276552 0.960362282442 1.62637572976 -4.33218646116 0
954 5.3008441925 84.209192 80.07724 1.046865 82.2030474242 80.1604956913 0.990706181711 2.00787140253 -3.21766327041 0
957 5.33866596222 84.421821 80.346791 1.1291589 81.5303684903 80.7812862156 1.07875079717 2.92391581756 -2.88817154528 0
960 5.29417991638 84.549549 80.462185 1.2384433 81.351394656 80.5710854459 1.1883490775 3.200007893 -2.87018752727 0
963 5.28714394569 84.477315 80.645515 1.377415 82.2689213785 79.9935546251 1.2955409594 2.30261909959 -4.69103697817 0
966 5.27637577057 84.491575 80.745704 1.5042297 81.9601137052 80.9175114996 1.46849164243 2.53728478967 -2.04763986704 0
969 5.67981886864 84.58151 81.604236 1.6242617 81.4289045889 81.438306846 1.59440953075 3.1569690151 -1.71040330731 0
972 5.2786591053 84.52138 83.606555 1.6450761 81.2737854058 83.6683261672 1.63386124231 3.24818200309 -0.642564013215 0
975 5.29033493996 84.450105 85.633891 1.6510189 81.3376500128 86.3240109177 1.60032413109 3.18804666652 -2.90459630167 0
978 5.30204200745 84.288283 87.799076 1.6553182 81.0671339724 88.2671638542 1.61750759816 3.25498191962 -2.16638790624 0
981 5.29452395439 84.219899 89.940013 1.6574582 80.7119897415 90.0987572076 1.58664953269 3.51149926521 -4.05703778967 0
984 5.28565979004 84.085061 91.960688 1.6559816 81.1624701894 92.616492515 1.61655936461 2.99526569912 -2.25872770668 0
987 5.33775997162 83.972707 94.061302 1.6546883 80.246214023 95.1849246063 1.62270198697 3.89220730033 -1.83268073868 0
990 5.29128313065 83.850194 96.236204 1.650278 80.6997309176 96.5139772021 1.67561036858 3.16268486977 1.45143780472 0
993 5.30406093597 83.742141 98.372522 1.653672 79.680737625 99.0097458194 1.64854572273 4.11108885462 -0.293714052057 0
996 5.3227789402 83.558608 100.37046 1.6603574 79.8186267969 100.716369754 1.63639068593 3.75594368397 -1.37319156518 0
999 5.30028605461 83.448658 102.54165 1.6520527 79.9370235631 102.73863556 1.62211064371 3.51715506181 -1.71555345525 0
1002 5.32459211349 83.308795 104.69204 1.6576029 79.9450374983 105.348099401 1.6208891011 3.42713852466 -2.10354572695 0
1005 5.31695413589 83.194681 106.76107 1.661421 78.8429466346 107.993291363 1.66426557315 4.52282671271 0.162982035954 0
1008 5.28874182701 83.066158 108.84686 1.6653468 78.5766159881 109.527972224 1.66817099518 4.54091415229 0.161814464086 0
1011 5.25449299812 82.920912 111.09751 1.6564676 78.5444718748 111.603921797 1.65971750401 4.40564195975 0.186205783748 0
1014 5.35154414177 82.798446 113.12029 1.6519674 78.1761103316 113.764389229 1.65059437459 4.66699591255 -0.0786685610384 0
1017 5.31493902206 82.725101 115.25424 1.6521864 78.663858389 116.385886113 1.64875947224 4.21595949597 -0.196348497128 0
1020 5.30054306984 82.605874 115.888 1.7134215 78.7924608061 117.27716837 1.7043252094 4.05855995979 -0.521179060385 0
1023 5.28422117233 82.650086 115.98425 1.8265292 78.4290829293 116.729940686 1.80212899452 4.28636460452 -1.39802879336 0
1026 5.27284908295 82.697137 116.16336 1.9516157 78.5783462518 116.542260789 1.97054993479 4.13618218111 1.08485174178 0
1029 5.29042696953 82.611261 116.28116 2.0730733 78.3791578894 116.895895543 2.08174584919 4.27651686849 0.496900466404 0
1032 5.3151011467 82.517518 116.45008 2.1971216 78.4231370393 116.66634843 2.21198831602 4.10008871672 0.851800083168 0
1035 5.269313097 82.418538 116.4581 2.3123831 78.4992333986 116.774430606 2.37517969502 3.93204954328 3.59797986246 0
1038 5.3770699501 82.414024 116.83182 2.4679277 78.1732499941 115.746569241 2.52436373616 4.37743456601 3.2335466846 0
1041 5.32444810867 82.282962 116.94587 2.5874118 79.4053445153 116.4813151 2.66328555585 2.91487455021 4.34724598605 0
1044 5.33127689362 82.208722 116.96752 2.707272 77.9451848209 115.469127418 2.74450001114 4.51917355361 2.13300791796 0
1047 5.31193804741 82.043289 117.20312 2.8493508 78.5738727666 116.858287255 2.86461278558 3.48651095266 0.874447360901 0
1050 5.2918241024 81.832352 117.28824 2.9891727 78.3467822237 117.163791635 2.97673598219 3.48779071351 -0.712571441365 0
1053 5.32896614075 81.142386 117.29523 3.0875315 77.6894421577 116.679138744 -3.14120718016 3.5074762456 3.11956193683 0
1056 5.33556294441 79.131234 117.37152 3.1037602 75.3640063071 115.864070467 3.13018751968 4.05763583676 1.51417388174 0
1059 5.30618596077 77.094643 117.50841 3.1079346 73.9220960059 116.45097451 -3.13044213297 3.34413280921 2.56734218827 0
1062 5.29677987099 74.899205 117.59033 3.115912 72.0657838697 116.688637319 3.12836135498 2.97343656264 0.713295498231 0
1065 5.31696796417 72.824078 117.69503 3.116944 69.2950410595 116.17794584 -3.13695473663 3.84130785996 1.67799688869 0
1068 5.36585998535 70.711208 117.83017 3.1174699 67.9805325474 116.555896575 -3.12913765683 3.01336376656 2.09575071911 0
1071 5.31725311279 68.550781 117.88294 3.1169773 65.4086417768 116.945729098 3.13768941177 3.27893323702 1.18671658939 0
1074 5.29030609131 66.454241 117.99143 3.11617 63.4814241915 116.754354646 3.12574708629 3.21993714363 0.548726624354 0
1077 5.31986498833 64.352032 118.06903 3.1139299 61.3666544719 117.55491666 3.12570863896 3.0293219558 0.674872030129 0
1080 5.32529592514 62.204954 118.16997 3.1178991 59.4833692878 117.475113669 3.10055432053 2.80888744275 -0.993782660138 0
1083 5.3234629631 60.134729 118.2293 3.1166836 57.0370318688 117.838377415 3.11981977629 3.12226648193 0.179689665034 0
1086 5.28904891014 58.034017 118.36643 3.1239361 54.7645157904 117.11710551 3.1377003522 3.50006426233 0.788633559132 0
1089 5.33993506432 55.858025 118.47896 3.1251128 52.7184334588 117.23433484 -3.14034779872 3.37729578727 1.01555098772 0
1092 5.32009100914 53.766425 118.55 3.1243401 50.0919984283 117.183837113 -3.122914527 3.92018005526 2.05867632907 0
1095 5.44057011604 51.628528 118.603 3.1187628 47.7293882503 117.343821925 3.12825494471 4.09741628491 0.543859830244 0
1098 5.28210306168 49.494235 118.64783 3.1200968 46.6785487885 117.121060899 3.13143376243 3.2029849718 0.649560099617 0
1101 5.28065013885 47.379245 118.80828 3.1260538 45.169513586 117.546980783 3.11977667533 2.54436409305 -0.359652751031 0
1104 5.29069209099 45.313934 118.87713 3.1250737 42.6782066519 117.192285846 3.10854266215 3.12821969743 -0.947158699582 0
1107 5.29324793816 43.229975 118.9845 3.131291 41.2314234638 118.096148101 3.13651965733 2.18709335402 0.29957999754 0
1110 5.36013889313 41.038059 119.03542 3.1300111 38.5257311654 117.808582304 -3.11186835464 2.79587587019 2.36665101952 0
1113 5.34362006187 38.877743 119.09254 3.1262084 36.179864561 117.748383349 3.09966371941 3.01418399807 -1.52089816653 0
1116 5.43062591553 36.866989 119.17866 3.1252668 34.0435272621 118.404852447 3.08298248338 2.92757823381 -2.42271288197 0
1119 5.33190917969 34.67231 119.25843 3.1314701 32.1461620435 119.001833937 3.06118504883 2.53914651751 -4.0270367949 0
1122 5.28303909302 32.567479 119.34722 3.1353596 31.0998232168 118.833348915 3.09772717202 1.55501671692 -2.15617929626 0
1125 5.30963110924 30.502201 119.36971 3.1349527 26.5696355801 117.363736934 3.12513162407 4.4146346083 -0.562706200985 0
1128 5.41005992889 29.15421 119.31018 -3.13185 26.3656932164 117.633329001 -3.10888243473 3.25386771769 1.31594455594 0
1131 5.41004300117 28.938717 119.39146 -3.028318 26.5921322716 117.767424021 -2.99931834022 2.8537611583 1.66155811294 0
1134 5.35005998611 28.80706 119.32785 -2.9089456 26.6573167204 117.912926234 -2.87469234775 2.57359776025 1.96256678869 0
1137 5.40443110466 28.607415 119.34948 -2.7753086 26.2976371907 117.207395401 -2.76556569065 3.15017459146 0.558227585966 0
1140 5.38145899773 28.309413 119.3977 -2.6319404 26.8045389188 117.538391182 -2.64151818338 2.39200235828 -0.54876656495 0
1143 5.42674803734 28.176965 119.31562 -2.5155106 26.6998234159 117.406102467 -2.47525359992 2.41416744822 2.30655620069 0
1146 5.38692617416 28.13257 119.1422 -2.3876282 26.1260011021 117.5866669 -2.38439015637 2.5388977858 0.185526233689 0
1149 5.33303403854 28.071656 119.10664 -2.2643471 25.8690166824 118.239573742 -2.29239355868 2.36715522516 -1.60694371293 0
1152 5.29622793198 27.847582 119.05477 -2.1225081 25.7718314272 118.625361883 -2.09832004641 2.11970086847 1.38587338507 0
1155 5.31582689285 27.651134 118.95518 -2.0012288 24.7528652486 119.107155623 -1.98924882801 2.90225056556 0.686401833484 0
1158 5.57920885086 27.585975 118.8068 -1.8653126 24.8433770942 118.64616078 -1.87329560782 2.74729835147 -0.457392655979 0
1161 5.30952095985 27.545652 118.66047 -1.7395281 24.0096595621 118.439797354 -1.72685459136 3.54287156664 0.726138556466 0
1164 5.46274399757 27.426878 118.54472 -1.6078392 25.3431308783 117.409737493 -1.61924578177 2.37280158406 -0.653548993878 0
1167 5.44063997269 27.408113 118.27266 -1.4907581 27.4314765348 117.452322008 -1.55079700325 0.820670625818 -3.43997576278 0
1170 5.41569709778 27.619078 117.43976 -1.368489 25.9736807423 116.688520748 -1.39465169648 1.80878206257 -1.49901208912 0
1173 5.31118512154 28.00462 115.50954 -1.3464267 27.2730916217 115.057526454 -1.25953545942 0.859912794602 4.97850136192 0
1176 5.33487319946 28.352772 113.43776 -1.3439724 26.465613505 113.608289228 -1.38340196748 1.8948475936 -2.25914780455 0
1179 5.35597610474 28.777386 111.37552 -1.3470791 26.6469087022 111.103021484 -1.37751610823 2.14783354979 -1.74391211239 0
1182 5.34308600426 29.292879 109.18718 -1.3487141 25.6487557728 110.236876037 -1.44254204207 3.79229427445 -5.37594508129 0
1185 5.39177584648 29.664866 107.14961 -1.3582731 26.9121781472 107.916204455 -1.45883044701 2.85743897098 -5.76151158273 0
1188 5.3022069931 30.155372 105.1583 -1.3627181 28.3921450258 105.398762988 -1.43223964953 1.77954820414 -3.98329137346 0
1191 5.34012699127 30.584999 103.08809 -1.3538609 27.3853639329 103.481985542 -1.45309310297 3.22378942552 -5.68558642198 0
1194 5.31507992744 30.932942 101.04272 -1.3388863 28.850757477 101.305374623 -1.41862484018 2.09868526438 -4.56868181661 0
1197 5.32887816429 31.46397 98.886394 -1.3633561 28.4213607258 98.783941993 -1.38218941066 3.04433368885 -1.07906921518 0
1200 5.37160801888 31.761459 96.890841 -1.3338862 30.6257982524 97.0621084515 -1.35920776484 1.14850244825 -1.45081879605 0
1203 5.31957602501 32.148779 94.808879 -1.340085 30.4303764511 94.8771608109 -1.35549263483 1.71975862429 -0.882792448227 0
1206 5.52339315414 32.63242 92.742465 -1.3409888 31.2017451409 93.0590797415 -1.33489705949 1.46529022618 0.349031021154 0
1209 5.39882707596 33.223163 90.635151 -1.3443959 31.2325909821 90.9529331219 -1.33100087334 2.01577836961 0.767478494347 0
1212 5.34428906441 33.480467 88.544154 -1.3400822 31.3932045862 89.0144302232 -1.33489018777 2.13958503225 0.29748038807 0
1215 5.38171410561 33.996344 86.523674 -1.3537744 32.2596257041 85.9650644121 -1.30801936779 1.8243451184 2.6215702372 0
1218 5.32479310036 34.391099 84.502242 -1.3500462 32.6358169205 84.2119864793 -1.33467756553 1.77911872734 0.880557891827 0
1221 5.38170194626 34.871654 82.311763 -1.3462417 33.0108936796 83.0191330217 -1.35395698242 1.99067860728 -0.44205312052 0
1224 5.31363606453 35.319079 80.358924 -1.358939 34.3442416613 80.6510075035 -1.33551762502 1.0176544649 1.34194593701 0
1227 5.41408586502 35.776446 78.250756 -1.3606991 34.6959788675 78.0454549407 -1.33152644836 1.09979895863 1.6714698164 0
1230 5.33906507492 36.167733 76.160289 -1.3496683 34.6361192726 76.7470426558 -1.34803132703 1.64015866992 0.0937916421005 0
1233 5.32199788094 36.593873 74.026216 -1.3452321 34.6491779856 74.5379910212 -1.35043000707 2.01090834488 -0.297818137371 0
1236 5.30072784424 37.096668 72.068535 -1.358637 34.7093882311 71.9443803891 -1.36753368646 2.39050602648 -0.509742585753 0
1239 5.26663613319 37.456761 70.030489 -1.3570922 35.1941184258 70.0968136309 -1.3740352957 2.26361444935 -0.970767875574 0
1242 5.38969492912 37.942935 67.912468 -1.3598503 36.3953714437 67.4414998995 -1.38812576474 1.61764146601 -1.62006479321 0
1245 5.33751392365 38.381728 65.750541 -1.3597279 37.1009387505 65.831264037 -1.34927076227 1.28333055383 0.599149857694 0
1248 5.32721495628 38.78715 63.709446 -1.3638712 37.9443376689 63.2227489261 -1.3697336997 0.973245430095 -0.335896490252 0
1251 5.42957210541 39.284372 61.704874 -1.358189 37.7030763631 62.1177025371 -1.3597758058 1.6342959623 -0.0909172754326 0
1254 5.34311485291 39.616785 59.610797 -1.3616912 38.1660217935 59.5340708776 -1.35251620412 1.45279068664 0.525688540885 0
1257 5.35315012932 40.0981 57.483375 -1.3627524 38.600732484 58.097479068 -1.33756927494 1.61840454906 1.44288678078 0
1260 5.33819007874 40.478176 55.366289 -1.371191 39.9386180684 56.1456608542 -1.3111121154 0.947915211764 3.44226652528 0
1263 5.33830595016 40.927924 53.368372 -1.3697355 40.0618475165 54.0723220048 -1.32062312712 1.11607978413 2.81393168768 0
1266 5.61913108826 41.311773 51.24524 -1.3687118 40.6669761596 51.4624826803 -1.3479066192 0.680409690972 1.19204905193 0
1269 5.29241514206 41.752813 49.127024 -1.3690442 40.8467084555 50.4196131414 -1.34908852769 1.57854747597 1.14337580056 0
1272 5.28334903717 42.124468 46.999249 -1.3746445 41.5709801268 47.8178585872 -1.3528623528 0.988165209852 1.2480251031 0
1275 5.37824296951 42.489069 45.000812 -1.3756167 41.4839845654 46.0179348442 -1.37229215225 1.42994181727 0.190482555122 0
1278 5.32911896706 42.919623 42.847052 -1.3693623 41.648004955 43.9129679879 -1.36431194824 1.65927374038 0.289363840953 0
1281 5.3840200901 43.26925 40.76156 -1.3849404 42.8295560343 42.3554610104 -1.32316102923 1.65343618399 3.53969720593 0
1284 5.38462305069 43.723057 38.666685 -1.382086 43.217629557 38.8711175865 -1.33564745212 0.54520600013 2.66073280021 0
1287 5.393887043 44.069109 36.638541 -1.3748634 44.8036512728 37.3188232278 -1.34116296694 1.00116744847 1.93089258234 0
1290 5.32957220078 44.48264 34.512889 -1.372972 43.7186726832 35.3484545129 -1.36990737752 1.13217303778 0.175589933681 0
1293 5.52383303642 44.660959 33.544964 -1.3339999 44.4254697341 33.8174534347 -1.31074704936 0.360146756664 1.3322902036 0
1296 5.33075618744 44.654294 33.324157 -1.2074321 44.0942056799 33.8218612731 -1.19057800175 0.74927195987 0.965668696957 0
1299 5.35920095444 44.699557 33.107025 -1.0711259 44.5911722928 33.3060015881 -1.08162035337 0.226580951059 -0.601287886264 0
1302 5.30222988129 44.829945 32.953901 -0.95914547 44.0979491785 33.5943441104 -0.94139102558 0.972617736018 1.01725473287 0
1305 5.27132105827 44.914184 32.826307 -0.82117543 43.9806200095 33.896376311 -0.844751239079 1.42006691914 -1.35079435883 0
1308 5.33306002617 44.932468 32.690373 -0.70238554 43.4571621225 33.0898918124 -0.823810741377 1.52844454061 -6.95715156544 0
1311 5.34010195732 45.019913 32.619075 -0.56167342 43.8924531427 33.1229680311 -0.7843874442 1.23493883109 -12.7605736251 0
1314 5.70314192772 45.164806 32.47066 -0.44585332 43.295310051 32.861497926 -0.552384252307 1.90991345035 -6.10377280878 0
1317 5.32271909714 45.307079 32.373178 -0.30795343 43.495318579 32.4915830915 -0.467836449967 1.81562539876 -9.1606222599 0
1320 5.36577105522 45.468859 32.25314 -0.19105128 43.32713565 31.4658232156 -0.317451687776 2.28185157869 -7.24220989432 0
1323 5.32842493057 46.833289 32.057508 -0.10389315 44.5504862153 32.3621295731 -0.236118105581 2.30303774535 -7.57593190112 0
1326 5.36297488213 48.863767 31.868312 -0.084237935 47.8175518397 32.6163386627 -0.25593976271 1.28612209756 -9.83779006248 0
1329 5.31479811668 51.033972 31.691587 -0.08198003 47.846208313 28.4368799743 -0.567439498207 4.55576065513 -27.8147786529 0
1332 5.34828996658 53.111195 31.42619 -0.084122232 51.630773308 33.4049343964 -0.00983511014648 2.47125024478 4.25633855438 0
1335 5.34113502502 55.206155 31.249451 -0.082409142 53.9163465695 33.3847554622 -0.0575726670093 2.49462039872 1.42302519495 0
1338 5.32262897491 57.287235 31.07162 -0.080297126 56.3697014246 32.7811674538 -0.00648357926619 1.94021142115 4.22920469874 0
1341 5.29935693741 59.516372 30.847745 -0.092608556 58.5942519322 33.1112144102 -0.034571564362 2.44409475885 3.32527467649 0
1344 5.29536104202 61.567611 30.670937 -0.091677002 60.6151615642 32.5303873818 -0.00513778638026 2.08919019001 4.95833181738 0
1347 5.32435417175 63.68279 30.502969 -0.089332225 62.9740015331 32.1250479036 -0.059885454349 1.77017543205 1.68717567859 0
1350 5.28010106087 65.773678 30.270465 -0.081918863 64.9742440882 31.5163644365 -0.103702735356 1.48032428383 -1.24812394744 0
1353 5.33082103729 67.870787 30.052005 -0.080757136 68.2958006981 31.7555735638 -0.0886935669526 1.75578543543 -0.454723997981 0
1356 5.29714584351 69.978421 29.855203 -0.080851998 69.4417136462 31.619112989 -0.091076653928 1.84375519876 -0.58582963165 0
1359 5.3237080574 72.04312 29.748383 -0.089661546 70.5875358093 30.948772855 -0.0797070834214 1.88670642662 0.570348693075 0
1362 5.26449799538 74.192216 29.503442 -0.097083695 72.3589166122 30.8924408467 -0.121345534016 2.30006618193 -1.39010097885 0
1365 5.25179100037 76.337484 29.313327 -0.092202589 74.9159317597 30.4905820239 -0.0963700235687 1.8457356699 -0.238776412181 0
1368 5.2432539463 78.469083 29.072242 -0.088851811 77.6055545062 30.1809698657 -0.0840346525225 1.40533232365 0.276002850009 0
1371 5.38598179817 80.508884 28.860474 -0.08148585 79.3276295234 30.2000819129 -0.0972124539685 1.78603233414 -0.901068033467 0
1374 5.55345702171 82.648681 28.706332 -0.092016755 81.1347769732 30.423048519 -0.0656691932411 2.28889078134 1.50960408925 0
1377 5.30287098885 84.803463 28.469695 -0.089914919 83.4741914517 30.2272569888 -0.0546315207528 2.20363041221 2.02158980644 0
1380 5.70312714577 86.909059 28.274418 -0.095059786 84.8847815237 30.4411970623 -0.0802344059061 2.96523705727 0.849431709057 0
1383 5.34306287766 88.999768 28.069648 -0.093100738 87.1766064389 30.3087864826 -0.0497877017441 2.88750051466 2.48165417536 0
1386 5.26524806023 91.148907 27.8824 -0.087682683 89.9800374781 30.4194330983 -0.0662671434271 2.7933479735 1.22702003352 0
1389 5.24817204475 93.191686 27.680334 -0.085944106 91.0574835889 30.1115608314 -0.060459560566 3.23507091692 1.46015689618 0
1392 5.34963083267 94.597595 27.536443 -0.026113958 93.4216343656 30.3198386783 -0.0696681258838 3.02161793015 -2.49546999994 0
1395 5.39518809319 66.734672 23.138609 0.64678418 95.2820791779 30.8899265084 -0.0309820135676 29.581030741 -38.8331423881 0
1398 5.31051397324 41.954155 8.6979942 1.5862633 98.2991873033 31.6562428787 -0.000246484161323 60.8427797496 -90.9003147887 0
1401 5.40775585175 40.498777 7.6026468 1.6671323 99.8277248294 31.018929863 0.0166564073194 63.7828061708 -94.5653028387 0
1404 5.3455221653 40.36551 9.5759073 1.6613912 100.488548426 31.4762464907 -0.0080659731062 63.9875347721 -95.6528500968 0
1407 5.33897805214 40.15753 11.693798 1.6450717 102.077106032 29.9522841654 -0.0357649789953 64.555450684 -96.3048477572 0
1410 5.56661295891 40.017928 13.779826 1.6578436 103.386048061 30.0109157849 -0.00785907346844 65.4138128814 -95.4377331134 0
1413 5.278247118 39.937066 15.922073 1.6651068 105.347953069 31.8536112834 0.0693843228268 67.3230871187 -91.4281632162 0
1416 5.71089291573 39.75755 17.953862 1.6630734 106.463019336 30.5915394789 -0.0137199434142 67.8920505755 -96.0731816933 0
1419 5.29970622063 39.645384 20.177858 1.663423 107.666745514 29.111475109 -0.0420364488377 68.6055036921 -97.7156285491 0
1422 5.36203598976 39.526919 22.292671 1.6684735 111.658660407 33.4108724956 0.0402782633591 72.9835770771 -93.2887152828 0
1425 5.3149061203 39.303781 24.413998 1.6572417 112.032397258 32.8976581343 0.0856593902179 73.2217461697 -90.0450335079 0
1428 5.35307383537 39.21094 26.55624 1.6661167 115.453639499 33.3894476993 0.105607188488 76.5482981806 -89.4106088996 0
1431 5.64834618568 39.049874 28.673026 1.6660737 117.730259042 34.217166511 0.164970163715 78.8754745427 -86.0068972413 0
1434 5.29968595505 38.816051 30.701859 1.6598041 119.686990413 34.6223722976 0.113311028672 80.9659142235 -88.6075260333 0
1437 5.30248713493 38.695572 32.853799 1.6647394 122.956213112 35.5172180679 0.119157696764 84.3027249963 -88.5553084881 0
1440 5.3511390686 38.58982 35.008607 1.6723781 124.033224733 35.7376074556 0.102303129871 85.446514581 -89.9586693075 0
1443 5.74129581451 38.393816 37.160762 1.6689022 126.263727632 35.6720511906 0.127888148188 87.8825217556 -88.2936013392 0
1446 5.59926009178 38.314928 39.264936 1.6781402 129.274047438 36.8498473603 0.162835253557 90.9911757374 -86.8205781065 0
1449 5.32419800758 38.042909 41.445131 1.6601298 130.463182113 37.4068109661 0.153153302706 92.5084585913 -86.3433931204 0
1452 5.33606505394 37.893052 43.482766 1.6655679 135.466900589 27.2831421994 -0.0766440929233 98.909472447 -99.8213942116 0
1455 5.31685805321 37.737395 45.529248 1.6663309 137.814002198 27.2451064719 -0.0736356210519 101.73316637 -99.6927381503 0
1458 5.32563900948 37.667375 47.706088 1.6735516 140.876652341 26.0969859268 -0.121262966775 105.447182142 -102.835299685 0
1461 5.65771603584 37.411337 49.793915 1.6717816 142.514622369 25.470666389 -0.148339401548 107.881050321 -104.285251592 0
1464 5.29044294357 37.208006 51.943854 1.66906 139.070636938 37.5671666433 0.188283323102 102.872176613 -84.8422539876 0
1467 5.32832884789 37.03196 53.963531 1.6741645 139.87804484 39.3372547515 0.151954503049 103.880917996 -87.2162083579 0
1470 5.32445907593 36.983983 56.143126 1.6856298 27.5300222192 120.089835209 1.87447176577 64.6417743655 10.8198476334 0
1473 5.32924199104 36.720012 58.206076 1.6746777 28.8425859762 118.718887986 1.66502187847 61.0233910496 -0.553237821316 0
1476 5.74443793297 36.536888 60.398002 1.6787317 33.2841595646 59.6382773984 1.6958828081 3.34027300456 0.982686108357 0
1479 5.32537579536 36.401835 62.417273 1.6766351 32.4258964341 62.9770941222 1.82291809979 4.01515717857 8.38139850258 0
1482 5.45260596275 36.239068 64.615141 1.6886647 34.9688184762 62.8675329066 1.67351797768 2.16047862767 -0.867843262564 0
1485 5.33786797523 35.99676 66.655908 1.678851 33.4527270573 66.6303747753 1.66785669963 2.54416107181 -0.629927010127 0
1488 5.22783899307 35.830181 68.859683 1.6854848 32.7764472196 69.1841576358 1.6983939396 3.07092393113 0.739639216503 0
1491 5.29838514328 35.575227 70.898859 1.683738 32.8429880683 71.4844770502 1.63758522436 2.79429384297 -2.64435925685 0
1494 5.34381508827 35.463169 73.006353 1.6935188 33.2531296431 73.2776625284 1.63535401403 2.2266303733 -3.33259675238 0
1497 5.61409497261 35.205801 75.07321 1.6913976 32.3201577532 74.0255964027 1.72842972424 3.06992364682 2.12178442525 0
1500 5.61586809158 34.978045 77.287591 1.6912075 31.5286003134 75.6418470619 1.68637912343 3.82192906212 -0.276645599196 0
1503 5.31819605827 34.814043 79.320098 1.7000185 30.5827191881 78.0660586915 1.70381251589 4.4132432279 0.217381097961 0
1506 5.3625869751 34.580736 81.372215 1.6970036 31.2680956441 81.0715898183 1.70797454167 3.32625339194 0.628588654937 0
1509 5.32422804832 34.345965 83.441951 1.6955247 30.0963474131 83.4602711739 1.69809521538 4.24965707598 0.147279682423 0
1512 5.36668205261 34.142398 85.698773 1.7034669 29.6676376731 85.176422729 1.71619189125 4.50514481331 0.729088293136 0
1515 5.36121916771 33.910208 87.748137 1.7016389 30.3073676795 87.2252838051 1.695535271 3.64058152472 -0.349712181593 0
1518 5.36864304543 33.670818 89.737713 1.6967853 30.3302670193 89.5442778027 1.68217446225 3.34614674371 -0.83713933836 0
1521 5.31976103783 33.472926 91.900649 1.7056804 29.8183571963 91.7599529357 1.66528366512 3.65727610704 -2.31456241469 0
1524 5.3573820591 33.217902 94.036516 1.7078464 29.8776243173 93.7085244023 1.67564528143 3.35634227784 -1.84498818988 0
1527 5.29149699211 33.034075 96.178482 1.7177188 28.6402231603 96.1797262663 1.70783834972 4.39385201591 -0.566108100922 0
1530 5.28113293648 32.713254 98.174723 1.7080491 28.6549736939 97.1234159633 1.70793309859 4.19224111044 -0.00664639097413 0
1533 5.29055380821 32.45653 100.24821 1.7068362 27.8252192253 99.2548779065 1.69812286428 4.73663890749 -0.499237362289 0
1536 5.60250592232 32.217075 102.39435 1.7082962 27.4257061831 101.988014216 1.68673042282 4.8085677606 -1.2356280145 0
1539 5.28727006912 31.955228 104.48204 1.7110577 27.9326995612 103.46225595 1.6841248973 4.1497824702 -1.54313592544 0
1542 5.32482814789 31.741377 106.6002 1.7198575 27.8179673542 105.366219921 1.67822082906 4.11288828964 -2.38560551794 0
1545 5.30477809906 31.439656 108.68741 1.7105287 27.3516155474 108.253582085 1.67814894423 4.11099518391 -1.855223347 0
1548 5.32632279396 31.216018 110.75498 1.7177022 27.1250154212 110.418594857 1.69615309718 4.10480901672 -1.23467264411 0
1551 5.30785083771 30.916985 112.90957 1.719675 26.8883289011 112.334470469 1.67199645544 4.06949744247 -2.7317793767 0
1554 5.28833603859 30.668641 114.94646 1.716506 26.9796976636 114.697454116 1.66150611915 3.69733780835 -3.15126104647 0
1557 5.31796598434 30.419865 117.12266 1.716223 27.3257240614 115.130680955 1.66500271769 3.67990334956 -2.93470600165 0
1560 5.32951307297 30.132888 119.21343 1.725557 26.2064162795 117.151574638 1.67350396668 4.43491011246 -2.98241912004 0
1563 5.30080580711 29.88258 121.34383 1.72867 25.6295405953 119.643404435 1.69571982692 4.58037021211 -1.88790585165 0
1566 5.33826589584 29.981486 120.5055 1.7055843 25.8529566726 119.934750572 1.69625561864 4.16779429874 -0.534494070331 0
1569 5.69067907333 30.170653 118.4575 1.6900862 26.5284695441 117.797362591 1.6775665679 3.7015242434 -0.717322080651 0
1572 5.572026968 30.502618 115.6086 1.6745202 27.5586926583 114.434425277 1.68740534753 3.16944517197 0.738264571731 0
1575 5.312926054 30.699806 113.48782 1.6738205 27.2985987434 112.399524245 1.66348531273 3.57107805203 -0.592162611082 0
1578 5.35491895676 30.8492 111.36091 1.6697397 27.4289281661 111.234064885 1.68328456448 3.42262313162 0.776063568699 0
1581 5.31115603447 30.973164 109.37107 1.6787837 27.5849283041 108.685244957 1.67306070457 3.45694910596 -0.327903484408 0
1584 5.56835508347 31.204408 107.09871 1.665475 28.9759561447 107.322143162 1.71912690263 2.23962497954 3.07402758328 0
1587 5.30496001244 31.322843 104.96751 1.6587885 27.7757177493 105.304879939 1.68450911585 3.56313289397 1.47368273471 0
1590 5.28850197792 31.457099 102.91722 1.6541397 27.9325850019 102.571792826 1.67911479509 3.54140069118 1.43096754161 0
1593 5.3299138546 31.546684 101.34427 1.631357 28.7853980401 101.721230813 1.67866558819 2.78689784659 2.71058243781 0
1596 5.30680584908 31.536552 101.09899 1.5279681 29.347820269 102.037832484 1.60361160772 2.38159018305 4.33405374008 0
1599 5.38648605347 31.522716 100.84711 1.3818466 28.4407463249 102.080226213 1.45055640375 3.31950488359 3.93678176617 0
1602 5.59198403358 31.33472 100.81397 1.2437751 28.7621737189 102.210437373 1.31761945875 2.92713434816 4.23097009705 0
1605 5.54495596886 31.335612 100.76499 1.1262837 28.5889754031 101.727557501 1.18040157999 2.9104207236 3.10072611939 0
1608 5.31739020348 30.238332 99.003137 0.9296569 28.1675991972 100.452761844 1.03042355074 2.52771567393 5.77350380282 0
1611 5.35261487961 28.772289 97.32743 0.78863198 26.6545406484 98.9504023042 0.844307287355 2.66812615532 3.18996013451 0
1614 5.33530712128 27.005154 95.945316 0.6582802 25.0503599033 97.1309660215 0.726395979428 2.28626025069 3.90274667947 0
1617 5.60657191277 26.209553 95.323497 0.64585939 23.9697152278 95.7148542107 0.703363957174 2.27377081341 3.29476900182 0
1620 5.29007482529 26.225548 95.299359 0.74214735 23.0918244461 94.5798961669 0.803269128635 3.21525272418 3.50201995209 0
1623 5.32561802864 26.287241 95.304851 0.87876564 24.9300043152 93.952828535 0.994662347451 1.91573906484 6.64039219642 0
1626 5.32087683678 26.503119 95.525486 1.0159202 24.74872275 95.072802603 1.08251081295 1.81185773724 3.81536107738 0
1629 5.31740117073 26.584147 95.637624 1.1414331 22.9972214894 96.3306966886 1.06019176229 3.65327036645 -4.65478577303 0
1632 5.6307220459 26.62792 95.717086 1.2595284 24.9486720747 96.4765152613 1.26290340659 1.84298844202 0.193373633256 0
1635 5.37284207344 26.756174 95.797181 1.3910555 23.5837145322 95.3847188261 1.47586261476 3.19915990843 4.85908974871 0
1638 5.58092093468 26.381693 93.77201 1.3952992 23.7624088596 93.8291071147 1.50750407638 2.61990638934 6.42886585723 0
1641 5.63357305527 26.011804 91.856332 1.39866 22.9169469117 92.3904976818 1.47594591614 3.14061671855 4.42815681035 0
1644 5.3164999485 25.609249 89.727224 1.3968171 23.2800842099 90.2423019401 1.48664764392 2.38543788509 5.14691103802 0
1647 5.33101201057 25.2462 87.568251 1.3940659 23.3555007836 88.0144907222 1.50777682653 1.94264598331 6.51515617458 0
1650 5.38289809227 24.820481 85.505592 1.4017015 22.0566705514 85.6989591646 1.4345634395 2.77056655865 1.88285043994 0
1653 5.35361909866 24.493958 83.448062 1.398475 20.8256104674 84.7316157555 1.43590949858 3.88642301649 2.14483877711 0
1656 5.27411913872 24.080092 81.345956 1.3962744 20.0859276424 81.747730853 1.4162368512 4.01432085768 1.14376420242 0
1659 5.34082698822 23.622432 79.208855 1.3888608 20.3368182682 78.9164447437 1.43968980046 3.29859990792 2.91228720311 0
1662 5.31940102577 23.236261 77.182266 1.3737053 20.6043384805 77.4675595 1.45135983582 2.64733989687 4.44927716227 0
1665 5.63123393059 22.741503 75.111069 1.3685019 19.6300617933 74.957335981 1.41396112556 3.11523678453 2.60462176425 0
1668 5.37192201614 22.23837 73.007777 1.3690406 19.091877436 72.4830762114 1.42168513008 3.18994143723 3.01630938797 0
1671 5.38272619247 21.796618 70.8705 1.3677106 19.255301869 71.2937205781 1.43245300517 2.57631584539 3.70946657158 0
1674 5.36997079849 21.306705 68.900927 1.3588762 19.5330325561 69.4157548079 1.45876428317 1.84687888346 5.72316558908 0
1677 5.56246519089 20.800373 66.796896 1.3509317 19.9153883667 66.9319816123 1.47752971855 0.895235122083 7.25353215787 0
1680 5.22427010536 20.180988 64.758154 1.3339286 19.6803490626 65.6642420626 1.45726130923 1.03519801136 7.06644371481 0
1683 5.31361794472 19.716632 62.635567 1.3210663 18.365614975 63.0129755064 1.43531232204 1.40274166641 6.5458148893 0
1686 5.40315699577 19.127208 60.642471 1.320188 16.7131891992 61.194398983 1.40037791558 2.47631001073 4.59454372251 0
1689 5.26632905006 18.573484 58.538556 1.3117791 17.2348167373 58.5420771224 1.43862345606 1.33867189357 7.26764625705 0
1692 5.26086401939 18.03732 56.562177 1.3046299 16.9054773954 57.2183873984 1.42274343554 1.30831180096 6.76740709001 0
1695 5.27656197548 17.470308 54.449011 1.30616 16.8989696619 54.3421519105 1.44112494727 0.581245526027 7.7329218607 0
1698 5.34933996201 16.865167 52.414515 1.2995721 14.7796195514 51.9691629793 1.39561395997 2.13256807219 5.50279323298 0
1701 5.28610014915 16.322269 50.452679 1.2871313 14.6718360496 51.0496938292 1.36810200596 1.75509419403 4.63927971565 0
1704 5.42811799049 15.679585 48.421133 1.2791916 14.7163249253 48.1869564978 1.39634983926 0.991316602147 6.71267264493 0
1707 5.38389992714 15.049517 46.343459 1.2810584 14.5323138369 46.3554502947 1.41567162815 0.517342152806 7.71276983978 0
1710 5.65391016006 14.370513 44.264129 1.2685694 14.1512131563 44.7221308252 1.4185697067 0.507797295502 8.59438449967 0
1713 5.31795501709 13.728985 42.398373 1.2622613 13.3157135126 42.2943860661 1.38000806771 0.426153264342 6.74639284107 0
1716 5.31795215607 13.116178 40.310007 1.2578142 12.8139831606 39.9723890192 1.38060086486 0.453108841133 7.03515767675 0
1719 5.27793288231 12.482531 38.460523 1.239848 13.1322706308 39.0183714841 1.39203726812 0.856362375981 8.71980275025 0
1722 5.33601903915 12.331027 38.238303 1.1567887 10.5280584536 37.9179944553 1.26074521425 1.83119991897 5.95626951967 0
1725 5.31665706635 12.263795 38.100898 1.043782 12.0019683072 38.4098779193 1.14810616305 0.404996058768 5.977334244 0
1728 5.3063390255 12.231882 38.075858 0.90529637 11.3313776165 36.8926554687 1.04764559953 1.48690160228 8.15601006886 0
1731 5.25600790977 12.170047 37.918491 0.7605547 11.6983329944 37.571291033 0.927616830731 0.585714879535 9.57195500734 0
1734 5.30947589874 11.9457 37.868652 0.60051086 11.4745004839 38.3967374449 0.706331098139 0.707745166751 6.06305303244 0
1737 5.28798103333 11.861848 37.85602 0.47073445 11.9289154511 37.3945987102 0.670492492626 0.466269932222 11.4452927662 0
1740 5.3045938015 11.68598 37.868337 0.32347919 11.1270275584 37.0510508427 0.502412402739 0.990143673901 10.2521179047 0
1743 5.29498291016 11.634663 37.834152 0.18688423 12.1973046138 36.9599316491 0.204891042116 1.0396282064 1.03171433676 0
1746 5.35542607307 11.546787 37.799316 0.059161186 12.9546732753 37.9360528004 0.0500725425376 1.41451076945 -0.520740911895 0
1749 5.34800291061 11.461332 37.784444 -0.088384018 12.523327505 36.8256071449 0.0471584419202 1.43080486696 7.76601089825 0
1752 5.38048601151 11.353119 37.809133 -0.22428348 12.2058755484 37.2524875392 -0.082029748884 1.01835548797 8.15053841293 0
1755 5.31541395187 11.259101 37.929753 -0.36642208 12.7398461786 37.7618541919 -0.244909393285 1.49023363724 6.96216410604 0
1758 5.30061984062 11.22919 38.083377 -0.50941267 12.2149871949 39.6128185297 -0.416470569355 1.81961190973 5.32519010601 0
1761 5.3292388916 11.185129 38.110347 -0.64618684 13.2659580025 39.1809590333 -0.596013699454 2.34009817388 2.87470919821 0
1764 5.49917411804 11.588805 37.741111 -0.76036767 11.2449601978 38.2266186039 -0.703637818368 0.594934350549 3.25038107093 0
1767 5.3111000061 13.063467 36.224873 -0.77289998 13.1718034914 36.5109352511 -0.805878541181 0.305889533747 -1.8895323701 0
1770 5.36511898041 14.493375 34.807156 -0.77803694 14.3476774893 35.355940041 -0.737648167099 0.567795463475 2.31410622692 0
1773 5.31317901611 15.892318 33.28564 -0.77023756 15.9392065189 34.1064937814 -0.765674163504 0.82219186546 0.261463359443 0
1776 5.37900304794 17.405154 31.857105 -0.77891679 17.4356087444 32.2641085402 -0.759325873844 0.408141364265 1.12247681251 0
1779 5.31038403511 19.008966 30.381332 -0.78385491 18.5219501003 31.0600563177 -0.783976635088 0.835374877559 -0.0069743338119 0
1782 5.44074296951 20.517371 28.856906 -0.78454873 20.9341669294 29.6285915751 -0.771745385327 0.87705043962 0.73357761342 0
1785 5.32290887833 22.037399 27.308602 -0.78653789 21.5646741323 27.4718834872 -0.78386027896 0.500129627837 0.153415811791 0
1788 5.30298995972 23.470866 25.802264 -0.78746834 23.8970407349 25.8023947654 -0.771988104186 0.426174754929 0.886952178002 0
1791 5.36002206802 25.030138 24.239515 -0.79252133 24.8580014254 24.5596307162 -0.766022184562 0.36346261441 1.5182891943 0
1794 5.29537677765 26.508975 22.80392 -0.79210599 26.7869670249 23.0216854472 -0.771666818778 0.353130791527 1.17107824774 0
1797 5.30648398399 27.961008 21.312251 -0.79564812 27.9212261932 21.5658883608 -0.750297046171 0.256738199268 2.5984251268 0
1800 5.318557024 29.36401 19.750057 -0.78815021 29.0150996711 19.9239848396 -0.776218370932 0.389858065193 0.683644020448 0
1803 5.35605597496 31.016391 18.179875 -0.79578372 30.5930011484 19.0367142755 -0.763909338865 0.955736632391 1.8262675136 0
1806 5.38458919525 32.405165 16.663972 -0.79079715 32.6129356592 17.684507323 -0.79200844459 1.04147059115 -0.0694020677301 0
1809 5.35119605064 33.875627 15.226881 -0.79213801 33.4224624676 15.8444530096 -0.804143010245 0.765998224876 -0.687835847102 0
1812 5.34147977829 34.400964 14.714584 -0.72873329 33.4943875271 14.6275942423 -0.753599231156 0.910740423615 -1.42471348185 0
1815 5.52373600006 34.541831 14.529671 -0.59347242 33.8444038208 14.7789995463 -0.687846901101 0.740654706528 -5.40725946085 0
1818 5.341588974 34.648846 14.435796 -0.47955783 34.0997391465 15.1132100742 -0.50950110259 0.872013855712 -1.71562314423 0
1821 5.28961801529 34.668797 14.324629 -0.34405458 33.948459278 15.3932276091 -0.405598960652 1.28871619106 -3.52623326413 0
1824 5.57563304901 34.864126 14.20779 -0.22615765 34.4764811372 15.1188669113 -0.247949128084 0.99011599213 -1.24855972358 0
1827 5.30065798759 35.017605 14.088235 -0.094353638 35.1357353002 15.1411983876 -0.106906794854 1.05956909329 -0.71924290729 0
1830 5.70231890678 36.599142 14.0692 -0.022879679 36.5420397439 15.4245514169 -0.0722051900764 1.35655377002 -2.826143607 0
1833 5.3326561451 38.63985 14.009333 -0.014813302 39.255464388 15.4614950333 -0.0763407004594 1.57726207263 -3.52526025614 0
1836 5.39124584198 40.768535 13.925491 -0.0089087199 40.1149036955 14.2135084864 -0.0884693222537 0.714274425356 -4.55848673039 0
1839 5.36881303787 42.905865 13.952369 -0.011506708 42.8342405674 14.8244839981 -0.0321577346292 0.875051215234 -1.18321666847 0
1842 5.36983084679 45.04117 13.838962 -0.010052037 44.6586513766 15.229013179 -0.020858217021 1.44172215681 -0.61914850786 0
1845 5.38874793053 47.095509 13.764363 -0.008210261 46.2873999733 14.9210969891 -0.00243022399796 1.41105411678 0.331171725646 0
1848 5.42640590668 49.256947 13.750747 -0.012245698 48.4190809879 14.8232986398 0.0124288103136 1.36102405356 1.41374518793 0
1851 5.3300280571 51.347189 13.680192 -0.017629817 50.7938980952 15.0878701587 -0.0138837800891 1.51251070206 0.214632104893 0
1854 5.29950618744 53.510554 13.649042 -0.0075411209 52.8563942705 15.3335628272 0.000307342652641 1.80707923708 0.449683837229 0
1857 5.32750511169 55.608657 13.581194 -0.0077936973 54.6550850398 15.1748160727 -0.00557586600442 1.85712971916 0.127072372909 0
1860 5.30754303932 57.666716 13.591636 -0.01411162 56.6729161584 15.3056441573 0.0228631974206 1.98127789277 2.11850098646 0
1863 5.30038404465 59.905766 13.533857 -0.012519778 59.1899042142 15.0981876226 0.0212711348593 1.7203454284 1.93607669273 0
1866 5.32967591286 62.027534 13.447994 -0.021676244 60.6843968593 14.8326871203 -0.0120672788426 1.9290910855 0.550553149007 0
1869 5.27700805664 64.181261 13.371995 -0.025327169 63.3507984351 15.1000308553 -0.00609878952552 1.91723133423 1.10170499076 0
1872 5.2957777977 66.241252 13.310079 -0.024907545 65.0546727353 14.7747049961 -0.000437222037793 1.88496675297 1.40204622906 0
1875 5.34433603287 68.444119 13.24669 -0.026304862 66.8226336337 14.993953235 0.00914257222779 2.38372473357 2.03098837582 0
1878 5.32303786278 70.49734 13.123327 -0.017605166 69.0196956101 14.7096731162 -0.0034312828509 2.16793148958 0.812103683755 0
1881 5.30812311172 72.634932 13.039101 -0.019360635 71.778725886 14.8904178151 0.00508423044238 2.03972127011 1.40058762061 0
1884 5.35082888603 74.720419 12.994859 -0.019347658 73.6207181156 14.7223246371 0.00473997986324 2.04779871145 1.380119988 0
1887 5.29499602318 76.914825 12.90632 -0.036038761 75.8792339953 14.9640921286 0.00660928562265 2.30366552742 2.44355307596 0
1890 5.33487915993 79.004774 12.78569 -0.032634565 78.1162018707 15.1748233105 -0.000189620288559 2.54902302941 1.8589583985 0
1893 5.31791687012 81.177999 12.691712 -0.029848436 80.6590547778 14.5853334026 0.0113475770229 1.96344216165 2.36035767898 0
1896 5.32044291496 83.222919 12.597068 -0.02122413 81.6232684298 14.753093313 0.00747355777972 2.68464654975 1.64425639156 0
1899 5.27631402016 85.390174 12.538762 -0.021700441 83.929580565 14.4925907681 -0.0168264413239 2.43942207037 0.279259610787 0
1902 5.31237792969 87.449986 12.512039 -0.030894579 86.9414722747 15.0010819827 0.0130348611335 2.54045688386 2.51697151602 0
1905 5.30042099953 89.572355 12.414566 -0.034322832 88.1666297157 14.9945243707 0.00793274482839 2.93806888441 2.42106621316 0
1908 5.30693602562 91.713838 12.339838 -0.030338307 90.167698833 14.7636847933 0.0148507973184 2.87499210457 2.58914495742 0
1911 5.29351115227 93.866625 12.234111 -0.027880568 92.9758898662 14.7739047491 0.00832896994661 2.69146082392 2.07465370246 0
1914 5.31368088722 96.027017 12.118277 -0.016096141 95.0803176064 15.0739355002 0.00388922148903 3.10357163794 1.14507692266 0
1917 5.30276918411 98.003729 12.063433 -0.023465033 97.4797137778 15.2199109263 -0.0124722574283 3.19967886702 0.62983964539 0
1920 5.31153512001 100.1865 11.996018 -0.023536261 98.8651715112 15.0740040447 -0.00449237413724 3.34961297265 1.09113434276 0
1923 5.29237318039 102.26857 11.921444 -0.023061579 102.418830604 15.0258334265 0.00656077832116 3.10802380309 1.69723605373 0
1926 5.33601999283 104.50291 11.810699 -0.022632517 104.413657879 15.0226330658 0.0174299505047 3.21317388016 2.2954103049 0
1929 5.27970194817 106.528 11.779433 -0.025937223 105.954639705 15.2117297108 0.00265443457528 3.47985671244 1.63818130835 0
1932 5.45654511452 108.61821 11.737233 -0.017267816 108.224295803 14.8160463952 0.017095330662 3.10391048789 1.96886327452 0
1935 5.29664897919 110.65428 11.638117 -0.015586443 108.79469945 15.0499283281 0.00824788931122 3.88567836575 1.36560664895 0
1938 5.31727099419 112.94226 11.558687 -0.011710616 111.441063114 14.8676594111 0.0165572052253 3.63357819631 1.61962685224 0
1941 5.2970790863 114.89636 11.528856 -0.01668203 114.134476991 15.2352765532 0.00071552357034 3.7839158337 0.996806393433 0
1944 5.33103895187 117.03777 11.494892 -0.018548407 116.461955862 14.8645272901 -0.00528686178698 3.41847976585 0.759830570528 0
1947 5.46935486794 119.07747 11.406331 -0.016261061 118.63829063 15.3813174453 0.00714670229951 3.99917438469 1.3411660449 0
1950 5.32951998711 121.291 11.334615 -0.012126455 120.304763558 14.9659212447 -0.00195922408149 3.76285096198 0.582539420966 0
1953 5.31881308556 123.43737 11.229443 0.0013807468 122.934520256 14.9969480735 0.00647638387848 3.80091467207 0.291958498527 0
1956 5.3458981514 125.58554 11.258252 -0.0049853053 124.435284822 15.5720252299 0.00615324898184 4.46449621507 0.638192150227 0
1959 5.3503370285 127.50849 11.183265 -0.012828209 126.209169497 14.9157596385 -0.00245329677842 3.95218294048 0.594438683115 0
1962 5.29450106621 130.28779 11.390648 -0.01314096 129.011830032 14.7559555085 -0.00758087985204 3.59907883605 0.318569126233 0
1965 5.34574913979 132.78769 11.256475 0.0084755214 131.061099399 14.4720135579 -0.0140904848705 3.64976757082 -1.29293691977 0
1968 5.34389185905 125.9239 10.596074 0.27888777 132.802211633 14.4274697258 0.00137185911613 7.87342137366 -15.9004904414 0
1971 5.32974004745 93.936275 13.265891 0.84250578 133.295244163 14.6036632107 -0.0135387756763 39.3816973744 -49.0477401154 0
1974 5.30970096588 59.212281 6.4432491 1.3602712 133.255321724 15.4423123289 -0.00728758980546 74.5879012889 -78.3553468919 0
1977 5.31472301483 41.747696 3.5851691 1.5088422 138.387871122 13.4265399586 -0.0725071446756 97.1399816137 -90.6046433857 0
1980 5.30812907219 40.889782 2.6549702 1.6071612 79.8013608475 132.827075234 3.00343218071 135.863489936 80.0004342513 0
1983 5.31329679489 40.408125 3.8011614 1.6070032 64.0119024476 106.896327111 -2.67337483191 105.762713197 114.752404051 0
1986 5.29578185081 40.388712 5.5337894 1.5172855 36.2168263181 89.8892068401 -1.71925201542 84.4585169278 174.560060131 0
1989 5.28532910347 40.44034 7.6724587 1.5542124 116.139594675 61.6306137573 -1.2255640183 92.961603125 -159.269456758 0
1992 5.33613109589 40.554207 9.7439313 1.5604739 85.5854137921 88.8947497482 1.5793336587 91.0640524366 1.08058457604 0
1995 5.35087895393 40.580821 11.876658 1.5652859 112.735082846 71.0573861742 1.05355262414 93.3198590322 -29.3201569431 0
1998 5.29784202576 40.665042 14.024391 1.567666 32.3896855322 87.1999214168 -1.04088715699 73.6419702103 -149.459086531 0
2001 5.32338690758 40.771617 16.174621 1.5548315 102.417940834 62.4400008974 -3.0765825712 77.0762909026 94.6395205425 0
2004 5.30952382088 40.847233 18.25792 1.5551713 100.74279289 61.9270016082 2.91301309692 74.1246705423 77.79860421 0
2007 5.34636497498 40.88758 20.352438 1.5597309 60.526321129 78.1322656109 -0.372369969176 61.0261307301 -110.701225397 0
2010 5.32965707779 40.971014 22.508388 1.5678505 60.277789905 78.181773869 -0.46797123322 58.9260340593 -116.643993155 0
2013 5.37066411972 41.044823 24.54743 1.5705547 63.1098114387 77.0974861439 -0.484945289135 56.9944919754 -117.771474167 0
2016 5.27946996689 41.105608 26.696222 1.5717508 63.5654734551 75.5797646057 -0.344507466502 53.7963408973 -109.793511128 0
2019 5.28489208221 41.160404 28.869777 1.5672714 119.208515927 30.5930850212 -0.856628625123 78.0671349927 -138.879241401 0
2022 5.31976389885 41.204205 31.003136 1.5608691 84.7381534324 113.127256223 2.25121334997 92.9493183868 39.5538119346 0
2025 5.27840185165 41.244227 33.116661 1.5660557 39.6935935146 32.8786395488 1.62397647903 1.56879521199 3.31861618471 0
2028 5.30945086479 41.277887 35.228156 1.5643441 39.841392909 34.041068846 1.57646950824 1.86351581285 0.694734717204 0
2031 5.30783605576 41.31792 37.33529 1.5797774 38.4505578873 37.7633223284 1.62033951112 2.89913386368 2.32403777542 0
2034 5.32513904572 41.419072 39.474789 1.5713492 39.2218419593 39.4778364245 1.67145385395 2.19723215396 5.73557418106 0
2037 5.26855683327 41.429937 41.518923 1.5745722 39.4297605104 41.4890321085 1.68074312168 2.0003998238 6.08314571938 0
2040 5.27437496185 41.494048 43.684079 1.5737379 39.149929711 43.056077935 1.61403323984 2.42678303324 2.30875290679 0
2043 5.30177116394 41.508319 45.798644 1.5762653 39.1636831078 45.619126926 1.60416076699 2.35149821325 1.59829252616 0
2046 5.34420084953 41.512588 47.943477 1.5772604 39.5940976973 47.3860117435 1.63273549368 1.99784197417 3.17848873602 0
2049 5.32383990288 41.583607 50.107906 1.5744728 38.9613447542 50.1705132197 1.59498542075 2.62300952143 1.17528659593 0
2052 5.62753415108 41.632502 52.265699 1.5728612 39.0701423135 51.8435371464 1.58556413443 2.59690350098 0.727824530287 0
2055 5.38966298103 41.660201 54.305408 1.5732479 38.9614963605 54.021456282 1.60516887961 2.71360190696 1.82893740952 0
2058 5.36450099945 41.689009 56.508616 1.5685378 38.6579094574 56.8596740015 1.58148976245 3.05136136134 0.742092784921 0
2061 5.37511491776 41.794127 58.57462 1.5657057 38.9701140694 58.4723941661 1.6018295639 2.82586255033 2.06974494115 0
2064 5.49920010567 41.856016 60.76704 1.5641567 38.9645962863 60.1714907974 1.59609415053 2.95211565045 1.8298811238 0
2067 5.33330988884 41.858156 62.785084 1.5639758 39.3576963772 62.7353433285 1.60467217739 2.50095430983 2.33173066604 0
2070 5.29875588417 41.958088 65.023529 1.5767642 39.1134268128 64.4916763172 1.58554084041 2.89395310019 0.502864453768 0
2073 5.27123904228 41.99726 67.044355 1.5737097 38.9642701743 66.3692511037 1.59350967267 3.10721620646 1.13445486819 0
2076 5.28194689751 42.044947 69.102812 1.5759217 38.4807197696 68.8268620642 1.60982521216 3.57489358125 1.94252815731 0
2079 5.36622714996 42.097902 71.261122 1.5727544 38.6115776317 71.3138098279 1.61197193852 3.48672247363 2.24699943993 0
2082 5.67325687408 42.114798 73.459441 1.5684742 38.7665454802 73.1258889936 1.60540974738 3.36482568301 2.11625097913 0
2085 5.2984290123 42.172982 75.545483 1.5804547 39.2921796621 74.9633681765 1.60883569518 2.93902701212 1.62611124214 0
2088 5.3078930378 42.213453 77.648417 1.5799022 39.0356033574 77.7538342352 1.59182022587 3.17959763873 0.682852582654 0
2091 5.37528514862 42.308345 79.80823 1.5843424 39.163456928 79.9431918666 1.61613993398 3.14778266259 1.82186449617 0
2094 5.29970788956 42.259747 81.948131 1.5870316 38.6637872928 82.5214419953 1.60350026958 3.64137497562 0.94358526114 0
2097 5.43671703339 42.325886 84.065588 1.5841531 38.353799928 84.4941494701 1.59817575778 3.99513863298 0.803439108417 0
2100 5.42755818367 42.338042 86.100283 1.5789413 38.7738920488 85.1935064685 1.60001474389 3.67769065486 1.20741939492 0
