3 10.607104063 72.513547 45.80148 1.6808269 58.3642176231 46.6786228526 -2.56082516295 14.1764911526 116.97123863 0
6 10.658427 72.505015 45.806851 1.6805552 65.9637985343 124.926490455 2.41606137879 79.3895765215 42.1413998502 0
9 10.7169380188 72.51553 45.801787 1.6811119 79.868164584 15.5007857579 -1.11375427889 31.1803128849 -160.134036354 0
12 10.6481180191 72.511327 45.798497 1.6805172 127.044871083 36.1842860462 -2.17228593611 55.374547244 139.250641006 0
15 10.6430809498 72.518426 45.80176 1.6806948 28.5972455084 92.5121548999 -0.156297614994 64.1165430095 -105.251912377 0
18 10.675552845 72.509508 45.806599 1.6825332 101.837038928 60.7944174726 -2.14261966843 32.9353726694 140.834884647 0
21 10.7202169895 72.510969 45.800989 1.6811293 79.7109312216 125.408044486 1.35319751284 79.9319882091 -18.7891073723 0
24 10.6853978634 72.522343 45.818169 1.6838228 61.4860148221 15.8328029005 -0.502451046733 31.9518813182 -125.264264278 0
27 10.5806808472 72.508499 45.799812 1.6808804 70.2830863431 112.881243733 -1.65411714712 67.1183353854 168.918715864 0
30 10.6002321243 72.523901 45.815543 1.6832165 32.5423008452 93.8971041891 -0.724099723779 62.5329103538 -137.929059576 0
33 10.6107211113 72.511009 45.802779 1.6808191 113.208064218 107.568279629 -2.3624262685 73.9677454797 128.339104849 0
36 10.6057829857 72.527172 45.853315 1.6851825 36.1114585798 87.2399044181 -1.97875081142 55.1267082961 150.072084838 0
39 10.6403579712 72.188088 49.017093 1.6798669 136.729460272 110.861130651 2.95014998449 89.3883310492 72.7818595283 0
42 10.5823941231 71.804616 53.279503 1.6643548 139.045129549 115.408444049 2.77697145593 91.5493963832 63.7482386005 0
45 10.6464350224 71.568933 57.324136 1.642571 99.8439070605 88.8619135291 -2.70302287086 42.3568833792 111.015811722 0
48 10.6323091984 71.37336 61.652431 1.6431927 99.875808586 73.5766659094 2.90698108217 30.896228792 72.4097404961 0
51 10.730932951 71.165072 65.844712 1.6344026 82.4774199344 70.6079676458 -1.49177662039 12.2742747296 -179.11687533 0
54 10.602200985 70.960331 70.343426 1.6128178 52.4333197593 99.1094484403 0.382306087947 34.2159932275 -70.5031277421 0
57 10.6324729919 70.885213 74.631613 1.6236159 65.9825740578 89.195969652 -1.63183401092 15.3673795191 173.476459688 0
60 10.7209639549 70.832043 79.069602 1.6124517 41.3183083566 83.7474073722 -2.20427873547 29.8821417523 141.317454509 0
63 10.7126588821 70.841819 83.283634 1.5826474 50.4247637915 129.115146754 2.72700566006 50.1735359003 65.5668985524 0
66 10.6836719513 70.897044 87.066595 1.5142468 44.8160705965 130.398499467 2.75977293127 50.5754003288 71.3633905948 0
69 10.7185199261 70.898205 87.488163 1.2381173 46.8901576552 129.419163871 2.65685779225 48.3176486531 81.28784243 0
72 10.6894490719 70.648486 87.373684 0.94938085 44.5202425782 132.157633168 2.2093015828 51.8486953294 72.1881405104 0
75 10.6029930115 70.490448 87.162959 0.64684814 55.8361094779 107.635565652 3.08778821506 25.176919205 139.855564345 0
78 10.673500061 73.090524 88.460194 0.4660111 47.6816306951 131.927679016 1.48943886062 50.3491222628 58.6380913203 0
81 10.6063730717 76.750616 90.291223 0.4640309 100.723265721 53.9235801578 -1.04399929198 43.5579313162 -86.4037653786 0
84 10.5953378677 80.704264 92.172539 0.45240664 43.2059722922 108.575224898 2.98128591073 40.9288405122 144.894109111 0
87 10.660615921 84.637734 93.972859 0.42386385 96.0175532935 55.6469944542 2.12820994236 39.9796470762 97.651837922 0
90 10.6330640316 88.678811 95.730817 0.41656148 91.4880135788 128.392094645 2.12157412428 32.7818650557 97.6900285336 0
93 10.5880930424 92.647535 97.41769 0.40779386 26.4933033711 68.8092886108 -2.9733207024 72.0751204817 166.276405525 0
96 10.6602611542 96.759828 99.128022 0.39320766 88.5097355361 135.668022267 2.07202578631 37.4597870416 96.1891932075 0
99 10.7149989605 100.07577 100.58602 0.32958371 85.2020524732 140.423409431 2.06733537429 42.523464931 99.5658362055 0
102 10.5688340664 100.12714 100.52966 0.1390585 83.3964736798 139.413964355 1.87400906173 42.3308908566 99.405344851 0
105 10.6604151726 100.08551 100.52401 -0.14356162 96.5811269483 103.051260517 -0.157981753536 4.32061289031 -0.826212791646 0
108 10.6996631622 99.772178 100.71077 -0.40700642 97.1424282053 103.659269718 -0.408814316709 3.95085238548 -0.103584851212 0
111 10.707983017 99.760338 100.7618 -0.66729138 80.0433763329 123.646396032 1.0441669806 30.2070076793 98.0593408749 0
114 10.6885700226 99.638101 100.95548 -0.8821311 74.672016423 106.951380228 -1.80603151419 25.6759848624 -52.9355944238 0
117 10.6719620228 99.549051 101.11221 -1.1251977 96.3411424032 103.84300611 -1.07746955976 4.21282861709 2.73462099972 0
120 10.6670589447 100.80276 98.46873 -1.1938854 98.3574048776 100.091569057 -1.10702060316 2.93485404751 4.97698624748 0
123 10.7286171913 102.35582 94.496879 -1.1822805 99.9953841841 96.1048478717 -1.13945853705 2.85608493104 2.45351774727 0
126 10.7639670372 103.84912 90.431736 -1.1842505 101.69443782 91.9247524056 -1.13745065703 2.62140292323 2.68143348421 0
129 10.9113130569 105.46668 86.336829 -1.1831903 103.533453474 88.2907642127 -1.1861847336 2.74867743018 -0.171568407373 0
132 10.7508790493 106.96067 82.891423 -1.1821311 104.864145693 84.8154618914 -1.17581937652 2.8455825106 0.361635117136 0
135 10.6402499676 108.13488 79.987125 -1.1809983 106.269455469 81.5641571911 -1.17419001628 2.4427114465 0.390085922961 0
138 10.5939691067 109.11096 77.465416 -1.174964 107.717525846 79.3033685778 -1.17131971261 2.3064536458 0.208802286537 0
141 11.8717839718 110.00241 75.115832 -1.1797573 108.407829406 77.4461598799 -1.15833589011 2.8236705367 1.2273563777 0
144 10.8024339676 110.9669 72.896666 -1.1819268 110.408804375 74.9263098562 -1.14102310871 2.10497622545 2.34360887764 0
147 10.556344986 111.79529 70.750926 -1.1680053 109.300471305 73.6311420186 -1.17123828311 3.81048089273 -0.185236287175 0
150 10.5181510448 112.62755 68.634671 -1.166408 110.811770735 71.5167838757 -1.15520754639 3.40640998213 0.641738720378 0
153 10.5736279488 113.50263 66.493746 -1.1746568 111.033936721 69.1654736915 -1.19692377859 3.63766069964 -1.27580389561 0
156 10.6232931614 114.39844 64.423702 -1.1690506 112.716746615 67.7039164509 -1.14926436028 3.68617681156 1.13366802821 0
159 10.5941939354 114.9392 62.935672 -1.1627449 113.994133078 65.7341472665 -1.14046686833 2.95374597833 1.27643719073 0
162 10.6054561138 115.58582 61.52951 -1.1720902 114.422498145 64.6720692773 -1.1440775477 3.35096949411 1.60500674993 0
165 10.5834710598 116.16312 60.165609 -1.1710096 114.67268837 63.1228582078 -1.14326921506 3.31160222845 1.5894069793 0
168 10.6160738468 116.71267 58.758483 -1.1690165 115.036587818 61.5512844338 -1.15823799373 3.25714465924 0.61756291883 0
171 10.5666918755 117.29804 57.404001 -1.1730259 115.068263682 60.1247097412 -1.16688479746 3.51769220963 0.351859256851 0
174 10.7402560711 117.3062 57.346669 -1.1782941 115.078158187 59.597154509 -1.21958333916 3.16683680465 -2.36569914327 0
177 10.5065910816 117.30973 57.394113 -1.1925087 115.017684789 60.1041002658 -1.25714135816 3.5492960191 -3.70317853112 0
180 10.5562198162 117.3509 57.478875 -1.2542253 114.940448118 60.402634173 -1.31203959843 3.78928040336 -3.3125152956 0
183 10.5644490719 117.31554 57.561663 -1.3141336 114.933251771 60.8735969865 -1.35622438175 4.07973086572 -2.41162415052 0
186 10.5587890148 117.31761 57.625945 -1.389572 115.029462484 60.2056569539 -1.44031411134 3.44826518969 -2.90730882315 0
189 10.5299580097 117.34247 57.653648 -1.4539696 115.227624938 60.297850493 -1.47990237651 3.3859085131 -1.48583864536 0
192 10.5410909653 117.36058 57.739095 -1.5147103 115.357133119 60.6376887203 -1.54913944009 3.52358410726 -1.9726444195 0
195 10.5942869186 117.34118 57.80351 -1.5718326 115.151604477 60.1815038425 -1.59558377687 3.23250609962 -1.36084219331 0
198 10.5924701691 117.32521 57.826191 -1.6475747 115.171658284 60.3783504212 -1.65163805577 3.33935663013 -0.232813136525 0
201 10.7043631077 117.28663 57.948056 -1.7072698 115.284835923 59.881559002 -1.71323244875 2.78309421056 -0.341634607947 0
204 10.5554709435 117.37131 58.006137 -1.7818651 116.105755244 59.6586669845 -1.78656384995 2.08146203211 -0.269218541088 0
207 10.7352230549 117.40314 57.989067 -1.8555926 116.068542828 59.6146558525 -1.80449722895 2.1032566959 2.92754911374 0
210 10.6710159779 117.02719 57.008887 -1.8977403 115.833716977 59.1916661247 -1.86583467689 2.4877505025 1.82805754717 0
213 10.5784850121 116.38504 55.250118 -1.9095407 115.705988145 56.7631739716 -1.88301159238 1.65844800799 1.52000590099 0
216 10.6349811554 115.67443 53.450651 -1.9075572 116.241485819 55.2124740368 -1.86548687612 1.85083027716 2.41045200089 0
219 10.6066019535 115.02136 51.574537 -1.9165104 114.167930396 53.3647172503 -1.88146542443 1.98320130538 2.00792919332 0
222 10.6266620159 114.35753 49.684701 -1.9233127 113.89983684 51.7069202577 -1.89192467327 2.0733677328 1.79840145887 0
225 10.6049659252 113.59486 47.870819 -1.9110101 113.277091549 50.2652411322 -1.8846466966 2.41541593431 1.51051174819 0
228 10.5559680462 112.87829 45.986656 -1.9118326 112.010279252 47.9007421444 -1.92202581889 2.10170607512 -0.584028421918 0
231 10.6421318054 112.17059 44.128463 -1.9122248 111.356939814 45.908581797 -1.90612813436 1.95725561854 0.349313210348 0
234 10.6828529835 111.43202 42.277019 -1.9027456 110.768311642 44.3051225725 -1.92184176811 2.13394303709 -1.09412983782 0
237 10.6093270779 110.82393 40.37458 -1.9174412 110.092032071 42.5495525684 -1.91968791197 2.29481595174 -0.128727113638 0
240 10.6084549427 110.14399 38.567468 -1.912432 110.017169327 40.7825162855 -1.91019384279 2.2186758191 0.128236961781 0
243 10.5535638332 109.42625 36.696167 -1.9074722 109.003148203 39.0048456398 -1.89093374259 2.34712849926 0.947583809328 0
246 10.5566301346 108.96452 35.308972 -1.917648 108.692213696 37.7760442522 -1.92222496528 2.4820548384 -0.262240793566 0
249 10.6636707783 108.91335 35.330429 -1.9171391 108.556788013 37.7555116661 -1.94996781538 2.45115531703 -1.88094683834 0
252 10.6057720184 108.9585 35.348205 -1.9450374 109.046846886 37.2659426163 -1.98659289806 1.91977153257 -2.38095465414 0
255 10.6459999084 108.97674 35.368834 -2.0165302 108.506392019 38.2345729162 -2.05487753023 2.90408105236 -2.19714017776 0
258 10.7686309814 108.99865 35.397074 -2.0803106 108.973055842 37.5190803132 -2.11202179953 2.12216065701 -1.8169178961 0
261 10.6641278267 109.05048 35.474836 -2.159245 108.392858253 38.3088886703 -2.1626237321 2.90935059756 -0.193587089348 0
264 10.6158971786 109.09365 35.518169 -2.2238592 109.016712283 37.9718624134 -2.24033490898 2.45489934197 -0.943988589114 0
267 10.6180691719 109.14301 35.568827 -2.2920109 108.616154716 37.595146108 -2.30153644362 2.09369186316 -0.54577344678 0
270 10.6416940689 109.24021 35.586114 -2.3597618 108.809172491 38.3257199921 -2.33262350848 2.77330747056 1.55490956705 0
273 10.6908829212 109.32691 35.57971 -2.4292889 108.774281724 38.1007908302 -2.37361131824 2.58093908558 3.19009044808 0
276 10.6160759926 109.34422 35.612178 -2.4970016 108.416917505 38.0089274075 -2.48849352125 2.56988280657 0.487477004334 0
279 10.6578028202 109.45255 35.562283 -2.5751384 108.546852458 37.639112743 -2.50982026947 2.26572500951 3.74245320507 0
282 10.6699960232 109.51035 35.610832 -2.6455993 108.166250018 37.1153153925 -2.59713375398 2.01744269793 2.77687123894 0
285 10.6272470951 109.52669 35.619453 -2.7060079 110.019239433 36.4220562533 -2.62863572191 0.941688337883 4.43309925657 0
288 10.6081411839 109.56751 35.667144 -2.7779359 108.930637626 36.5328787403 -2.68573693228 1.0747572105 5.28261172569 0
291 10.6951189041 109.58407 35.725569 -2.8421247 111.165252854 36.30741311 -2.72035962459 1.68483880137 6.97662491297 0
294 10.6408860683 109.62066 35.728072 -2.9074408 108.513119705 37.5608647391 -2.7779344646 2.14144220762 7.42016643862 0
297 10.6530120373 108.40689 35.538158 -2.9474042 108.594925708 37.0375056914 -2.89255888856 1.51109262691 3.14240487153 0
300 10.6209669113 106.63579 35.154474 -2.9731605 106.142272899 36.3789073931 -2.91162397953 1.32015009121 3.52578290905 0
303 10.6116178036 104.74277 34.838538 -2.9724974 104.883627659 36.5197358033 -2.89691628054 1.68708830053 4.33047915571 0
306 10.5975968838 102.71686 34.507066 -2.970186 102.550904084 35.9135595521 -2.88990433349 1.41625049976 4.59980066305 0
309 10.6560628414 100.87602 34.149296 -2.9774562 100.40348924 35.5716500696 -2.90701687483 1.49879165276 4.03587604421 0
312 10.6144959927 98.917573 33.856952 -2.9648121 98.4593957423 34.7728742902 -2.88850714072 1.02412891822 4.37195212272 0
315 10.4981539249 96.872255 33.519705 -2.9713846 95.8700799842 34.4575889862 -2.92305488072 1.37258192241 2.76908893977 0
318 10.5918951035 94.700759 33.157106 -2.9752463 93.9909555386 34.0013151287 -2.89927611202 1.10295512456 4.35277114008 0
321 10.6059539318 92.656194 32.878926 -2.9695623 92.2240833649 33.9839115797 -2.93677000889 1.18647070435 1.87885988097 0
324 10.6807539463 90.628889 32.525228 -2.9736018 90.023373704 33.6531370156 -2.94441680838 1.28016698952 1.67217684521 0
327 10.6097769737 88.510396 32.191288 -2.9695852 87.3162502136 33.4970077955 -2.9505541782 1.76943164422 1.09039722879 0
330 10.5840089321 87.334812 32.006658 -2.9896435 86.3828123617 33.2992014469 -2.96975470043 1.60529494901 1.13954427468 0
333 10.5648169518 87.328365 31.983283 -3.0015998 86.3224998017 33.6703077582 -3.01050865042 1.9641327175 -0.510439529635 0
336 10.6857719421 87.328448 32.00285 -3.0442403 86.4962201096 33.2141077888 -3.08590946504 1.46960834659 -2.3874672927 0
339 10.5934028625 87.480424 31.977098 -3.121648 86.5154452189 33.4808586994 -3.11852684153 1.78675132263 0.178829207633 0
342 10.6504130363 87.509332 32.088761 3.0972389 86.2742245412 34.1245668509 3.1110567822 2.38117531844 0.791706331907 0
345 10.6398019791 87.537767 32.004513 3.0032565 86.2584815429 33.5799090161 3.02008084242 2.02939495625 0.963963813888 0
348 10.6366391182 87.588829 31.971963 2.902116 86.4583290204 34.0931222001 3.02137253977 2.40361114912 6.8328964081 0
351 10.6195340157 87.696053 31.883789 2.7788249 86.3193824479 34.0435579837 2.94780703736 2.56121531146 9.68196328363 0
354 10.7207620144 87.777704 31.698119 2.6376296 86.1209450972 33.5319885419 2.80038220793 2.47142217332 9.325037539 0
357 10.7536561489 87.896098 31.65995 2.4917922 86.2172556093 33.6978074565 2.77442636168 2.64033611226 16.1937446104 0
360 10.6976249218 87.958395 31.594625 2.366513 86.1067915461 32.8198472195 2.51499220505 2.22027134324 8.50723179458 0
363 10.6703519821 87.964094 31.460561 2.2184109 86.1912370049 33.5759678769 2.3796070145 2.76006669845 9.23585703448 0
366 10.6740131378 87.708527 31.831987 2.1125682 86.082488739 34.2305744799 2.25034641407 2.89779611513 7.89411017515 0
369 10.6899671555 86.721318 33.612273 2.0920166 84.4850732551 36.0065255819 2.27506993933 3.27616177645 10.4881837694 0
372 10.6700041294 85.724716 35.405361 2.0873093 84.1806758781 36.441342724 2.07126086739 1.85938646616 -0.919507456296 0
375 10.7084438801 84.755772 37.248267 2.0862059 83.5216157277 38.3484590011 2.05860931309 1.65334937132 -1.58116795908 0
378 10.6343021393 83.690185 39.149374 2.0868314 82.1505137606 40.4657421207 2.13411117803 2.02568816816 2.70893173758 0
381 10.6785440445 82.666747 40.97523 2.090975 80.9625566403 41.6568743933 2.1402834482 1.83545739832 2.82516597612 0
384 10.5988140106 81.635815 42.877142 2.0910396 80.3570570691 43.8235910831 2.08968296095 1.59090782661 -0.0777296918955 0
387 10.5998511314 80.624097 44.699122 2.0805048 79.0238129527 45.3544299664 2.1063132279 1.72925925269 1.47871399467 0
390 10.589127779 79.602515 46.546403 2.0762437 78.0697131403 47.2098964885 2.10396377221 1.67024104556 1.58824314569 0
393 10.6274130344 78.599692 48.40129 2.0808805 77.0034888664 49.0235174976 2.09075466679 1.71319336399 0.565748083236 0
396 10.5150618553 77.532669 50.298142 2.0919608 75.7901566236 50.877495025 2.12171048548 1.836300441 1.70453141961 0
399 10.4771389961 76.53881 52.074716 2.0854653 75.138621131 52.8965968098 2.08878898819 1.62358151454 0.190433305506 0
402 10.4982841015 75.533974 53.92833 2.0838411 73.9864268084 54.5575836527 2.09678894747 1.6705874624 0.741857013946 0
405 10.5145990849 74.451304 55.860797 2.0823704 72.7559740918 56.0785154313 2.10714222333 1.70925270599 1.41932092763 0
408 10.5568649769 73.464188 57.689364 2.0801622 71.2410263605 58.3810422408 2.12849403143 2.32827542698 2.76920995695 0
411 10.5963590145 72.461178 59.521835 2.0808323 70.1729531496 59.9322768659 2.14798416373 2.32474417758 3.84751837843 0
414 10.5360741615 71.469371 61.42577 2.0898858 69.3270766271 62.0670712274 2.11662873292 2.23622280746 1.53225718798 0
417 10.4700078964 70.386885 63.322712 2.0827703 68.1248621836 63.8124360568 2.12212336491 2.31442797984 2.2547645304 0
420 10.5809149742 69.38246 65.186025 2.0922796 66.714153974 65.3765007672 2.13610863708 2.67509589856 2.51121884454 0
423 10.506704092 68.400253 67.014087 2.0893798 65.6596950322 67.6883584663 2.12784961652 2.82228630464 2.20415812513 0
426 10.5829100609 67.30799 68.901204 2.089526 64.520387315 69.0288275517 2.11945992449 2.79052262135 1.71508753771 0
429 10.6034989357 66.315197 70.741557 2.0869248 63.6977194452 70.6963673326 2.12146034471 2.61786761624 1.97874095482 0
432 10.5751051903 65.281228 72.464006 2.0745737 62.5886547528 72.3418115138 2.09958685568 2.69534453906 1.43314825257 0
435 10.5378270149 64.283593 74.421326 2.0918621 61.2928425984 74.3883131716 2.1092365813 2.99093259893 0.995484449498 0
438 10.5283110142 63.28447 76.191493 2.091939 60.0996748888 75.9572583838 2.12097974399 3.19339721233 1.66391206463 0
441 10.5007929802 62.204887 78.125252 2.0893553 59.1831234764 77.964537826 2.12969638495 3.02603434192 2.31137390879 0
444 10.6008169651 61.273659 79.948227 2.0960183 58.0289742879 79.8288380582 2.13508444826 3.24688044135 2.2383254171 0
447 10.4711780548 60.19879 81.787566 2.089809 57.3831158384 81.5889440654 2.1099792719 2.82267101471 1.15567145132 0
450 10.4260549545 59.161438 83.629466 2.0974137 56.8830173023 83.5582043642 2.09770021706 2.27953484213 0.0164162182362 0
453 10.4710001945 58.11891 85.485673 2.0964985 55.5268779014 85.9896374903 2.10093419716 2.64057012928 0.254146726671 0
456 10.4827890396 57.036783 87.336936 2.0992423 55.1168267981 87.9332835697 2.09043093572 2.01043832061 -0.504853984811 0
459 10.5876779556 56.357629 88.602308 2.124456 54.7307832714 88.9759744193 2.09530635779 1.66920748187 -1.67015147296 0
462 10.5053019524 56.200217 88.720884 2.2094598 53.9877938517 88.6515878901 2.21728465881 2.21350810664 0.448331385316 0
465 10.5661590099 56.199637 89.07416 2.3631742 53.2208517298 88.5604860389 2.36070534726 3.02275083725 -0.141454842394 0
468 10.5726010799 56.109511 89.161307 2.4869631 53.2054745682 88.353750878 2.49078848939 3.01422867204 0.219178667057 0
471 10.5985410213 56.023191 89.233423 2.608836 52.7278947358 88.9326911076 2.61511708201 3.30899035058 0.359879489979 0
474 10.6240050793 54.873312 89.789936 2.6823278 51.8631706237 89.2652389773 2.68834552481 3.05552909833 0.344790233957 0
477 10.5499899387 52.997249 90.667048 2.6986067 49.6362614804 90.2913601609 2.720256409 3.38191934547 1.24043695367 0
480 10.5970339775 51.122563 91.609157 2.7018871 47.7241887803 90.71615621 2.72081558173 3.51374412103 1.08452211585 0
483 10.598952055 49.137432 92.566213 2.7007601 46.5403736676 91.5406622501 2.71008846606 2.79221530737 0.534476004721 0
486 10.6563799381 47.308569 93.452781 2.7003868 44.5783078482 92.8161787585 2.6970738244 2.80349574123 -0.189819519239 0
489 10.568846941 45.360782 94.336008 2.7008969 42.6470755158 93.4974580241 2.72502596419 2.84031141686 1.38249354184 0
492 10.6802399158 43.468079 95.251019 2.7064338 40.8035576677 94.1243944129 2.73880134927 2.89291494705 1.8545239666 0
495 10.625494957 41.590918 96.131677 2.7064065 38.7984934606 95.1091577091 2.72832323603 2.97374856175 1.25573647501 0
498 10.5749161243 39.606214 97.06058 2.704478 36.7325170424 95.8186446561 2.72175292963 3.13058103272 0.989780558949 0
501 10.7043011189 37.718719 97.944153 2.696243 34.7056979126 96.9196104319 2.73883874938 3.18244930001 2.44055666485 0
504 10.5931351185 35.769603 98.891663 2.7044976 33.218001043 97.3680242637 2.75206946812 2.97189292303 2.72566726681 0
507 10.4885890484 33.862509 99.822852 2.7013631 30.6713492731 98.1731422509 2.75809705583 3.59235892677 3.2506162243 0
510 10.540982008 31.979521 100.73965 2.7066945 29.173569303 99.4849441244 2.72831118786 3.0737032648 1.23854498153 0
513 10.5274958611 30.015598 101.64307 2.7044148 27.2022553209 100.183020106 2.70398026303 3.16964394249 -0.024897134474 0
516 10.5854010582 28.083667 102.5122 2.7038251 25.6583934225 101.166298745 2.70703519414 2.77369827394 0.183924845844 0
519 10.5958478451 26.231599 103.44351 2.6987262 23.3547754247 102.443757599 2.7156076512 3.04559004918 0.967235905667 0
522 10.6119189262 24.326425 104.3449 2.7056645 21.6063203779 102.990982035 2.71224775289 3.03843101127 0.377192606293 0
525 10.6105630398 23.072168 104.95788 2.6888385 19.9459857843 104.439250202 2.68256894866 3.16891024061 -0.359218831081 0
528 10.5602719784 23.059574 104.94595 2.6093304 19.5461325571 104.365100885 2.5793349423 3.56113134653 -1.71861313076 0
531 10.6363608837 23.148655 105.02795 2.4881616 19.1809641 104.169129482 2.47189340836 4.05957433242 -0.932098721523 0
534 10.5871441364 23.15609 104.97342 2.3614352 18.7768887774 104.096304323 2.33771252871 4.4661768056 -1.35920894359 0
537 10.5407390594 23.189116 104.80794 2.2179164 19.061034741 104.651675624 2.20920332799 4.13103781587 -0.499222252802 0
540 10.5651519299 23.170444 104.45908 2.0515088 19.3743301778 103.516252957 2.094685081 3.91144512733 2.47381867609 0
543 10.5678739548 23.203193 104.36781 1.9241471 19.1375643257 104.929549757 1.94276104821 4.10425243754 1.06650067257 0
546 10.6589670181 23.268475 104.40083 1.8086424 19.1061576253 104.358233157 1.8009147345 4.16253533547 -0.442762618629 0
549 10.5671739578 23.269141 104.3114 1.6661585 19.3725512251 104.493018851 1.68947109045 3.90082007799 1.33571304238 0
552 10.5942568779 23.273746 104.22596 1.531085 19.4583108035 105.05257523 1.54013887261 3.90395164903 0.518748688815 0
555 10.5273678303 23.201513 103.9692 1.3630267 19.1643764715 103.678725656 1.40556611191 4.04757293875 2.43732876532 0
558 10.4944059849 23.573375 105.47089 1.3112874 19.554098061 105.827300146 1.32345187763 4.03504836455 0.696973228288 0
561 10.450510025 24.091257 107.45193 1.3021436 19.3603167951 106.709731698 1.34032188071 4.78880502236 2.1874543537 0
564 10.6062448025 24.69734 109.54228 1.2971878 20.4442788978 108.647943118 1.27461748136 4.34607491859 -1.2931840003 0
567 10.5506999493 25.24514 111.62222 1.291934 21.9956384304 111.324273946 1.32219794616 3.26313228385 1.7339963862 0
570 10.6099078655 25.838263 113.71051 1.2925571 22.1149190507 113.361594666 1.32406567596 3.73965667876 1.80530842119 0
573 10.4883098602 26.485855 115.66064 1.2984976 22.3969626608 115.845870988 1.33761000203 4.09308576511 2.24097556301 0
576 10.5794599056 26.666562 116.70228 1.2516028 22.6644735285 116.626783463 1.29625820429 4.00280050224 2.55856619803 0
579 10.5833308697 26.671044 116.66524 1.1445574 22.5044584263 116.442755108 1.1420048643 4.17252140434 -0.146249522592 0
582 10.5959818363 26.68282 116.71548 1.0360889 22.9506237565 115.76356639 1.01841616927 3.85167863676 -1.01257288331 0
585 10.5432970524 26.598988 116.54426 0.86252405 22.8982422515 115.818060705 0.904602911565 3.77132397322 2.41094117439 0
588 10.5816819668 26.490987 116.49462 0.72378221 22.1803242845 116.471819248 0.746126640925 4.31072301608 1.28024158763 0
591 10.5408511162 26.414554 116.44154 0.58967497 22.3136911541 115.842563114 0.635805949807 4.14437563353 2.64311044775 0
594 10.5531959534 26.30131 116.37003 0.43724496 21.7892995327 115.951929804 0.503796430702 4.53134044528 3.81311839164 0
597 10.567499876 26.176025 116.35464 0.31453037 22.2366096621 116.18173172 0.389006734822 3.94320814541 4.26718137779 0
600 10.654599905 26.088883 116.46581 0.14702743 21.8802045244 115.797889358 0.221944447213 4.26134867091 4.29242890003 0
603 10.5771651268 25.977812 116.45377 0.019989929 21.9016862157 115.833745189 0.0865886845304 4.1230125121 3.81582761272 0
606 10.6982219219 25.890585 116.45549 -0.11586106 22.2018752771 116.022647147 -0.0194411608152 3.71401835689 5.52445328437 0
609 10.5469222069 27.617035 116.21759 -0.13548047 24.4983668823 116.079236564 -0.048308194627 3.12173549517 4.99460346943 0
612 10.4889371395 29.732468 115.90829 -0.14344069 25.9001451117 116.09312006 -0.0946134860747 3.83677740703 2.79759271034 0
615 10.4749729633 31.744289 115.6014 -0.14068963 27.4601484419 115.091100241 -0.119706963619 4.31442535752 1.20221822658 0
618 10.5950229168 33.87565 115.27561 -0.13567301 30.4171375936 114.842867579 -0.0960101023037 3.48548046452 2.27251721422 0
621 10.65061903 35.936054 114.9269 -0.14240112 32.7841718013 114.55305979 -0.103731418847 3.17397509398 2.21561067112 0
624 10.5780448914 38.113735 114.67885 -0.14674677 34.6190290622 114.544600766 -0.121864379409 3.49728358141 1.42565596508 0
627 10.5139009953 40.163768 114.30534 -0.14012204 36.76539123 114.29279322 -0.0977767401276 3.39839993124 2.4262069649 0
630 10.5794849396 42.346763 113.98058 -0.16006212 39.1285945813 114.312580274 -0.0828638595157 3.23524839132 4.4231345115 0
633 10.6735141277 44.341947 113.67079 -0.15507802 41.0211853565 114.249808412 -0.0875060376781 3.37086342264 3.87158940038 0
636 10.6201779842 46.544067 113.30502 -0.15009707 42.8242679471 114.187523311 -0.0833526305685 3.82305075663 3.82417468539 0
639 10.5088608265 48.557097 112.97025 -0.14631805 45.1372049349 114.006449477 -0.0738475944013 3.57342568046 4.15225124519 0
642 10.489440918 50.586062 112.64729 -0.14866611 47.4317910027 114.051218746 -0.0794117554682 3.45259923086 3.96798222757 0
645 10.530107975 52.747394 112.3225 -0.14488479 49.9574965666 113.946634475 -0.0639378863076 3.22821010517 4.63791594623 0
648 10.5629451275 54.919709 111.95097 -0.14565598 51.4466425055 113.657948354 -0.0550186822933 3.86987932309 5.19313462506 0
651 10.5227959156 56.9199 111.70562 -0.14317608 53.7719488424 113.444553173 -0.0852978498193 3.59631548567 3.31617831504 0
654 10.5289821625 58.963864 111.32719 -0.14485493 56.6163916234 113.867888617 -0.0457377568729 3.45915828216 5.67899569745 0
657 10.5924150944 61.070196 111.0267 -0.15209978 57.5846911022 112.206655688 -0.132565577269 3.67981518816 1.11922737264 0
660 10.616245985 63.25691 110.67843 -0.1447313 59.365589768 111.673258285 -0.120051699945 4.01647313763 1.4140369232 0
663 10.514441967 65.338645 110.4192 -0.14848438 61.2696824089 111.695259063 -0.118186747425 4.26436200395 1.73592647579 0
666 10.6512300968 67.412523 110.08404 -0.1445869 63.336734823 111.696520451 -0.117376562336 4.38316580454 1.55903750727 0
669 10.5412530899 69.507235 109.73429 -0.15139682 66.0597459197 111.124699111 -0.126506115655 3.71731333825 1.42613230809 0
672 10.3889980316 71.647859 109.39116 -0.14906575 67.9869356551 111.44134245 -0.110552855207 4.19590369463 2.20662632845 0
675 10.4953660965 73.702975 109.06139 -0.1559357 70.0265716913 110.912117 -0.0915798723638 4.11596060687 3.68731731063 0
678 10.4834830761 75.754203 108.72815 -0.15045699 72.0708310995 110.32062417 -0.129643900818 4.01287958188 1.19250216874 0
681 10.5507121086 77.860742 108.43703 -0.15243836 74.5814915798 109.677705714 -0.1472904198 3.50610318518 0.294955246672 0
684 10.5299270153 79.97813 108.08555 -0.15170568 75.9467006203 109.09264804 -0.141989044423 4.15531819558 0.556722209648 0
687 10.5198261738 82.120618 107.73965 -0.14888428 78.2555842298 108.83483617 -0.136829675501 4.01720285675 0.690677961487 0
690 10.5163259506 84.192494 107.42985 -0.14593359 80.8604643903 108.508875824 -0.133730055051 3.50238747842 0.699211047691 0
693 10.5880298615 86.28045 107.15458 -0.15823172 82.551798088 108.424761114 -0.126894668789 3.9390614547 1.79548077678 0
696 10.5857219696 88.385341 106.75858 -0.15035877 84.4341769696 108.683685564 -0.122375132875 4.39519380986 1.60334430269 0
699 10.5298569202 90.512184 106.42958 -0.15443508 86.9457619579 108.600545759 -0.111197846665 4.17521957636 2.4773109879 0
702 10.5570909977 92.541412 106.11165 -0.15857271 89.2461623235 108.76363086 -0.106622776712 4.22985495172 2.97651192338 0
705 10.5267190933 94.624435 105.7799 -0.14991569 91.0700867874 108.11594686 -0.106003660741 4.25329356463 2.5159739464 0
708 10.4630789757 96.812614 105.41142 -0.16008539 93.5791979018 107.169610623 -0.129863565078 3.68051816093 1.73158301721 0
711 10.538038969 98.833392 105.05687 -0.15857643 95.0951323205 106.95132019 -0.123905460159 4.19088617761 1.98650024351 0
714 10.5609259605 100.9283 104.72764 -0.15390186 96.4566521125 106.936647316 -0.113703793247 4.98751923835 2.30317956953 0
717 10.6122870445 103.02648 104.38009 -0.15580909 99.1312986144 106.733893003 -0.132489125855 4.55113464993 1.33613552391 0
720 10.6453640461 103.56436 104.3046 -0.21764658 99.5228827658 106.504307562 -0.200197902273 4.60133150225 0.999735591866 0
723 10.6278641224 103.46604 104.39779 -0.32798619 99.5417059084 106.828300641 -0.285728822723 4.61603509926 2.42116879828 0
726 10.6227610111 103.43166 104.43448 -0.46455789 99.5092479526 106.892105199 -0.415946134441 4.62874042161 2.78524842827 0
729 10.5698280334 103.35806 104.51276 -0.60050128 99.6674874228 107.191471891 -0.565042737165 4.5602437811 2.03162485215 0
732 10.6105659008 103.30537 104.5712 -0.75278089 100.715317525 106.505005551 -0.66454173443 3.23233286203 5.05573120198 0
735 10.4899048805 103.24477 104.73622 -0.88717849 100.155230341 106.868606928 -0.78023953463 3.753975135 6.12715080824 0
738 10.623445034 103.11543 104.83266 -1.0218313 100.613973696 106.909037222 -0.936820605011 3.25094232644 4.87075403635 0
741 10.6120150089 103.3336 104.43355 -1.1359167 100.47101266 106.73212768 -1.06320548625 3.67122127266 4.16604567143 0
744 10.6531698704 104.18264 102.5184 -1.1499809 101.568911143 104.395058715 -1.07856408476 3.21767407762 4.09188209936 0
747 10.5818679333 105.02068 100.61649 -1.1544373 102.277200027 103.269846856 -1.08302110373 3.81667197584 4.0918466349 0
750 10.6203069687 105.97315 98.645528 -1.1675657 104.039728084 101.218911786 -1.05888164861 3.21876131713 6.2271374449 0
753 10.6335670948 106.66644 96.709247 -1.154133 104.60186517 99.2121081172 -1.09090207796 3.24450042381 3.62286496789 0
756 10.5660541058 107.65453 94.805864 -1.1707179 105.203490373 97.2513835198 -1.11135944131 3.46239237755 3.40098916157 0
759 10.5576751232 108.36584 92.821603 -1.1639211 106.057341353 94.7342791408 -1.12281226679 2.99791527916 2.35536264337 0
762 10.6089010239 109.18739 90.932737 -1.1605274 107.261273626 92.3865034652 -1.12482294025 2.41316415128 2.04571485329 0
765 10.5951879025 110.00551 88.971931 -1.1631703 108.143945992 90.8768142694 -1.11039937707 2.66345655584 3.02355116507 0
768 10.5781519413 110.83946 87.051439 -1.1600004 108.693228018 88.6356398559 -1.12093802889 2.66758393925 2.23810900262 0
771 10.4498109818 111.68317 85.129972 -1.1502451 110.330066556 86.783122781 -1.11242246976 2.136304387 2.167077083 0
774 10.4547820091 112.49307 83.177328 -1.1488654 110.970773706 85.9175074101 -1.08269029507 3.13464020377 3.79155422144 0
777 10.555644989 113.40329 81.226755 -1.149046 111.877883647 83.386931538 -1.12817048844 2.64447106551 1.19607870746 0
780 10.4783029556 114.20236 79.347389 -1.1522317 112.046793533 82.1181320499 -1.14078834732 3.51048199552 0.655655811887 0
783 10.5093581676 115.10134 77.33273 -1.146946 113.010345648 80.3274768368 -1.12260715055 3.65250133436 1.39451335157 0
786 10.5146100521 115.87569 75.433999 -1.1405871 114.084348334 78.2479496132 -1.12494386956 3.33574924389 0.896291082186 0
789 10.5271151066 116.74641 73.521868 -1.1514597 114.510768825 75.872945303 -1.14257136153 3.24432673248 0.509264281025 0
792 10.5075180531 117.66191 71.592443 -1.1472421 115.445648166 74.5427233326 -1.12138689775 3.68998246023 1.48139396758 0
795 10.4883708954 118.47567 69.543126 -1.1411103 116.684566156 72.0580437575 -1.13519670398 3.08753369304 0.338824093653 0
798 10.5946130753 119.32773 67.660396 -1.1493947 117.104107391 70.5241747372 -1.12897018467 3.62570354012 1.17023852719 0
801 10.6430740356 120.23613 65.736718 -1.1477983 118.88794525 68.4783258476 -1.11663102711 3.05516214136 1.78575319553 0
804 10.6649360657 121.05504 63.851108 -1.1435448 119.826839148 66.2482725503 -1.11876588917 2.69348755616 1.41972701176 0
807 10.5780510902 121.9387 61.889647 -1.1416966 120.318624157 64.5997960739 -1.12420649457 3.15746001372 1.00210922446 0
810 10.6240479946 122.75206 59.947854 -1.134592 121.264089093 62.4460982819 -1.11797160602 2.90779674508 0.952278428687 0
813 10.5695140362 123.61313 58.017737 -1.1345099 122.580942513 60.9997562041 -1.10354868688 3.15560604989 1.77394684013 0
816 10.5226659775 124.50226 56.14403 -1.1250591 123.18004858 59.1249924663 -1.13008937158 3.26103975209 -0.288213331207 0
819 10.5368249416 125.37031 54.195354 -1.1346431 123.896843473 58.0423552247 -1.1283639634 4.11952934568 0.359768026268 0
822 10.5787000656 126.19009 52.293812 -1.120627 124.633471151 55.5929213223 -1.10365841346 3.64790139136 0.972228393044 0
825 10.6056098938 127.09539 50.434417 -1.1252352 125.621221637 53.904723948 -1.10795914602 3.77043799506 0.989844979569 0
828 10.6343870163 127.94916 48.435924 -1.125081 126.803789514 51.6312790349 -1.10739158751 3.39443181541 1.0135286776 0
831 10.6023879051 128.83417 46.49897 -1.1135569 127.278205934 49.2852414882 -1.12466093782 3.19129017507 -0.63621450239 0
834 10.4880850315 129.69028 44.561049 -1.1141866 128.35918813 47.2971977123 -1.12338917594 3.04274799199 -0.527268761834 0
837 10.5473811626 130.6504 42.689185 -1.1179531 129.002344339 45.6866179624 -1.14094048401 3.42062740218 -1.31708008569 0
840 10.589220047 131.56218 40.752166 -1.1133477 130.283790309 43.2526904112 -1.11367226844 2.80836296307 -0.0185964018083 0
843 10.5363161564 131.80181 39.159633 -1.0655485 131.431899548 42.4952866185 -1.10723862753 3.35610172744 -2.3886683549 0
846 10.5938389301 89.526265 39.287264 -0.26055386 132.459596618 40.680042206 -1.0865859643 42.9559168799 -47.3281533187 0
849 10.5816309452 49.129117 22.860079 0.57174269 133.574844224 40.1426418483 -1.08940898467 86.1961009852 -95.1769800895 0
852 10.5596160889 45.693587 19.436118 1.0035584 134.901166876 37.7478901753 -1.05667483047 91.0676304052 -118.042668918 0
855 10.6160228252 46.841947 21.209275 1.0214136 38.4629235735 95.4027370021 0.698164274083 74.6651045499 -18.5208221055 0
858 10.5925447941 48.00008 22.972907 1.0079248 37.2648340204 89.6163611584 -0.862279834101 67.5025591249 -107.15483236 0
861 10.7125689983 49.170996 24.731115 1.014741 64.8897567746 104.838511615 -0.613322374155 81.635007397 -93.2811601189 0
864 10.6450388432 50.349541 26.532036 1.0144485 61.1401136965 103.143918842 3.08162156612 77.3680622203 118.440292212 0
867 10.7033891678 51.518278 28.351001 1.0069992 59.9613139333 102.884095358 -2.84041176946 75.0097794313 139.559589398 0
870 10.6450839043 52.642563 30.101924 1.0170679 56.7942544212 104.057148736 2.98221340749 74.0716666976 112.594543708 0
873 10.5648801327 53.80357 31.912095 1.0183648 28.0031582781 75.0112014182 -2.54780847043 50.2314067 155.673322592 0
876 10.6188809872 54.946688 33.671099 1.0064723 35.671149283 102.631262367 1.61738184899 71.603425368 35.0025388216 0
879 10.5724241734 56.161659 35.476636 1.0152563 22.6233745136 73.7095948187 -2.81180143211 50.8583883576 140.725743997 0
882 10.6200709343 57.333476 37.252395 1.017552 23.3196395919 70.9804418942 -2.61717201819 47.9011713269 151.745654063 0
885 10.6331751347 58.434052 39.044555 1.0099164 47.6937751127 109.780966079 2.01041055418 71.5471411028 57.3240924618 0
888 10.6551070213 59.558673 40.733157 1.0155176 122.997064875 43.2732263401 -0.62962049435 63.4892236207 -94.2594695225 0
891 10.6161940098 60.829575 42.673596 1.0256616 36.4489266135 111.228777047 1.61232747187 72.7614517733 33.6134784423 0
894 10.6970770359 61.938983 44.298725 1.0235902 35.6948111292 113.643825435 1.71938885545 74.1451246649 39.8663263481 0
897 10.6327700615 63.08776 46.123861 1.0214801 139.2996956 84.1343399014 1.24839759868 85.1648732413 13.0014149719 0
900 10.6669800282 64.233274 47.872937 1.026201 62.0614380196 48.823208224 1.06491053367 2.37063006917 2.21789290596 0
903 10.7132821083 65.367062 49.701179 1.0288308 63.1899998314 50.98690431 0.987769570764 2.52837680318 -2.35263513686 0
906 10.6414530277 66.47055 51.411163 1.0247772 64.6825468951 50.50107598 0.913991875529 2.00629346983 -6.34753152417 0
909 10.6620178223 67.601685 53.206336 1.0345375 65.2882438771 53.9437340848 0.979002897232 2.4281198003 -3.18189835551 0
912 10.6493740082 68.713633 54.989386 1.0321621 67.0020681299 55.2937931484 0.9654318122 1.73842400365 -3.82336385665 0
915 10.6198570728 69.889939 56.860516 1.0335194 66.8049539283 58.585572614 0.999163465459 3.53453719942 -1.9684500504 0
918 10.6775841713 70.97178 58.665246 1.0279054 68.068100747 60.0085795241 1.03142910693 3.19935902344 0.201893535114 0
921 10.5986258984 72.083269 60.388926 1.0348295 69.0818989618 61.3458715673 1.01990116506 3.15023283666 -0.855330587085 0
924 10.5234520435 73.21006 62.180545 1.0389104 70.2612314451 63.3711624172 1.03777559327 3.18011944433 -0.065019636417 0
927 10.6017830372 74.211219 63.966291 1.0279221 71.0907501284 65.0719313562 1.01541613332 3.31055381706 -0.716539109733 0
930 10.5573439598 75.394113 65.876292 1.0355825 72.3010987326 67.116290441 1.01905489683 3.33231652039 -0.946961907029 0
933 10.5633320808 76.475569 67.55587 1.0353462 73.4625723474 68.9629433975 1.01441842466 3.32535778142 -1.19907320181 0
936 10.5603380203 77.652303 69.425792 1.0395167 75.4269614838 70.6825797419 1.00281322747 2.5557113084 -2.1029540694 0
939 10.5499241352 78.72098 71.209083 1.0347632 76.263050488 72.2545761503 1.02464910606 2.67104350642 -0.579494896172 0
942 10.6019699574 79.923618 73.070281 1.0406815 77.2685765158 74.5412896526 1.00135113256 3.03531081418 -2.25346406085 0
945 10.5548510551 80.886825 74.813727 1.0240856 78.5601186475 75.9964493579 0.996368862275 2.61005644125 -1.58805209353 0
948 10.5438351631 82.003807 76.66259 1.0354781 80.0782133779 77.6306734509 0.991467388143 2.15524856233 -2.5216280428 0
951 10.4944760799 83.149971 78.458347 1.0359732 80.6698434231 79.9587947992 0.995797090811 2.89868528748 -2.30192149376 0
954 10.5994238853 84.209192 80.07724 1.046865 82.0433849465 81.1138311703 1.0104906018 2.40109171989 -2.08409949894 0
957 10.5956180096 84.421821 80.346791 1.1291589 81.636689633 81.0740285363 1.09658541456 2.87851197071 -1.86632323963 0
960 10.3668551445 84.549549 80.462185 1.2384433 81.7386087058 81.0525345166 1.22929761868 2.87226354797 -0.524008940352 0
963 10.4703559875 84.477315 80.645515 1.377415 81.8486599254 80.5460999152 1.31380221875 2.63053432982 -3.64474388876 0
966 10.4589941502 84.491575 80.745704 1.5042297 81.5729873197 80.6184732714 1.46854506663 2.92135956462 -2.04457888582 0
969 10.5565750599 84.58151 81.604236 1.6242617 81.4280168955 81.7304170437 1.6069621648 3.15601654243 -0.991190354589 0
972 10.5956711769 84.52138 83.606555 1.6450761 81.2518911054 83.5733189724 1.63404126153 3.2696578208 -0.632249671807 0
975 10.5681319237 84.450105 85.633891 1.6510189 81.0771652661 86.9113607959 1.62644476027 3.606750827 -1.40799449178 0
978 10.5981218815 84.288283 87.799076 1.6553182 81.5961634225 88.3173485635 1.63333078705 2.74155325861 -1.2597859644 0
981 10.5722980499 84.219899 89.940013 1.6574582 81.3388979785 90.2594614676 1.62882906284 2.89865731144 -1.64032873056 0
984 10.6114377975 84.085061 91.960688 1.6559816 80.8074692447 92.9089482524 1.62043631196 3.41200897134 -2.03659498628 0
987 10.5379891396 83.972707 94.061302 1.6546883 80.6523003099 95.045772699 1.63840892328 3.46327635984 -0.932739579165 0
990 10.6047739983 83.850194 96.236204 1.650278 80.0805301458 96.6647783596 1.66427056493 3.79394801699 0.801714915327 0
993 10.5218257904 83.742141 98.372522 1.653672 79.991063757 99.0014419154 1.66011626599 3.803435387 0.369229243271 0
996 10.5924899578 83.558608 100.37046 1.6603574 80.2038132825 101.189147171 1.63511117105 3.45324431235 -1.44650236762 0
999 10.4915480614 83.448658 102.54165 1.6520527 79.530601277 102.836456051 1.64151024395 3.92913210421 -0.604038237576 0
1002 10.6126360893 83.308795 104.69204 1.6576029 79.5196055078 105.116911086 1.6384308121 3.81293488638 -1.09847972108 0
1005 10.4873461723 83.194681 106.76107 1.661421 78.8831622877 107.660501866 1.6661693588 4.40433551038 0.272060918783 0
1008 10.6640710831 83.066158 108.84686 1.6653468 78.7644600103 109.332903961 1.68322613243 4.3290696837 1.0244102886 0
1011 10.5620279312 82.920912 111.09751 1.6564676 78.5100857378 111.836284635 1.67793083377 4.47226746477 1.22975270972 0
1014 10.5230009556 82.798446 113.12029 1.6519674 78.3902390824 113.672460545 1.65551985012 4.44265467255 0.203540398821 0
1017 10.6080560684 82.725101 115.25424 1.6521864 78.41423422 116.362635944 1.65893583929 4.45108008957 0.386714385681 0
1020 10.6389918327 82.605874 115.888 1.7134215 78.798528879 117.09604874 1.72147176962 3.99440341337 0.461246473382 0
1023 10.6298530102 82.650086 115.98425 1.8265292 78.7932530178 116.971086855 1.84160634197 3.98108121381 0.863856602126 0
1026 10.6571779251 82.697137 116.16336 1.9516157 78.2771520809 117.222296652 1.95272368374 4.54506474291 0.0634827918811 0
1029 10.5584409237 82.611261 116.28116 2.0730733 78.3945182643 117.146577879 2.10213789161 4.30463324866 1.66527843235 0
1032 10.6228380203 82.517518 116.45008 2.1971216 78.691206476 117.151780747 2.22326821217 3.89012131135 1.49809052588 0
1035 10.5614070892 82.418538 116.4581 2.3123831 78.5593633584 116.392845472 2.35898505589 3.85972629446 2.67009538943 0
1038 10.6963799 82.414024 116.83182 2.4679277 78.9671095914 116.197557133 2.50582627566 3.5047836345 2.1714284351 0
1041 10.6026930809 82.282962 116.94587 2.5874118 78.5583904967 117.842628118 2.60960520681 3.83100613482 1.27158854324 0
1044 10.6751029491 82.208722 116.96752 2.707272 78.7786998409 116.855922072 2.7507043275 3.4318371333 2.48848905992 0
1047 10.6028399467 82.043289 117.20312 2.8493508 78.2298918084 117.616785013 2.88563807806 3.8357680957 2.07910788269 0
1050 10.584387064 81.832352 117.28824 2.9891727 78.1494069642 117.072210863 3.01013042919 3.68927536582 1.20078943052 0
1053 10.6359820366 81.142386 117.29523 3.0875315 77.4664886905 116.931968448 3.11385015308 3.69380291648 1.50794774382 0
1056 10.5497660637 79.131234 117.37152 3.1037602 75.1643512826 116.622478784 -3.13238062052 4.03698169883 2.69545053501 0
1059 10.6478040218 77.094643 117.50841 3.1079346 74.3073358536 116.790254583 -3.10941503347 2.87833777226 3.77210624496 0
1062 10.5543971062 74.899205 117.59033 3.115912 72.1056387633 116.73540949 -3.12412005738 2.92145535591 2.47249908561 0
1065 10.6303200722 72.824078 117.69503 3.116944 69.4371295121 117.170703195 -3.12235427438 3.42729319706 2.51454175503 0
1068 10.5865499973 70.711208 117.83017 3.1174699 68.075023232 116.979863119 -3.11758582899 2.76992633882 2.75762169999 0
1071 10.6906518936 68.550781 117.88294 3.1169773 65.9137836856 117.103690255 -3.1279936663 2.74972453194 2.18952044953 0
1074 10.7131280899 66.454241 117.99143 3.11617 63.7875441225 117.160265415 -3.13677355673 2.79322516177 1.73272466597 0
1077 10.5070509911 64.352032 118.06903 3.1139299 60.927226687 117.306869823 -3.13391264821 3.50858654829 2.02499092528 0
1080 10.5467767715 62.204954 118.16997 3.1178991 59.4861476534 117.580431982 3.13204403704 2.78198904113 0.810445194079 0
1083 10.5168220997 60.134729 118.2293 3.1166836 57.1535395548 117.252572333 3.1334033321 3.13711450905 0.957970084198 0
1086 10.5429859161 58.034017 118.36643 3.1239361 54.7550857916 117.341888553 -3.13814490792 3.43526928283 1.20918727735 0
1089 10.5476858616 55.858025 118.47896 3.1251128 52.3601508147 116.943739481 3.14134795795 3.81995102833 0.930206030146 0
1092 10.5408380032 53.766425 118.55 3.1243401 50.1760481591 116.990718918 -3.12771712587 3.91435350368 1.7835076831 0
1095 10.5965080261 51.628528 118.603 3.1187628 47.9261831279 116.924437879 -3.13256794107 4.06508651165 1.82513219607 0
1098 10.5694038868 49.494235 118.64783 3.1200968 46.551460795 117.321759523 3.12569163829 3.22775199356 0.320560621117 0
1101 10.5591139793 47.379245 118.80828 3.1260538 45.0219254617 117.57831282 3.13298720814 2.65890478759 0.3972550241 0
1104 10.581925869 45.313934 118.87713 3.1250737 42.2847926965 117.650550107 3.13940442222 3.26805680346 0.821089900527 0
1107 10.5768940449 43.229975 118.9845 3.131291 40.8432382659 117.111549011 3.13366876427 3.03388490951 0.136235857149 0
1110 10.6309399605 41.038059 119.03542 3.1300111 38.6165649007 117.395435593 -3.13402261807 2.9245824535 1.09730522692 0
1113 10.5958240032 38.877743 119.09254 3.1262084 36.0458494501 118.148922588 3.12778596581 2.98496815699 0.0903878625903 0
1116 10.510778904 36.866989 119.17866 3.1252668 33.9328759394 118.67314154 3.08700720961 2.97734250057 -2.19211305532 0
1119 10.5849330425 34.67231 119.25843 3.1314701 32.0317663549 118.892471694 3.08733608685 2.66578247857 -2.52869268663 0
1122 10.6368379593 32.567479 119.34722 3.1353596 31.1693257528 118.703164062 3.09955334602 1.53936368483 -2.05154723307 0
1125 10.6353359222 30.502201 119.36971 3.1349527 26.9341587609 118.033842122 3.13403474958 3.80991711306 -0.0525946850931 0
1128 10.5316331387 29.15421 119.31018 -3.13185 26.1990057127 118.040192354 -3.12395300987 3.21653555871 0.4524642051 0
1131 10.5284361839 28.938717 119.39146 -3.028318 26.1658866294 117.958046193 -3.01699011798 3.12142009457 0.649039830421 0
1134 10.5419828892 28.80706 119.32785 -2.9089456 26.174171408 117.836202908 -2.88184550247 3.02607227042 1.55272121312 0
1137 10.6581978798 28.607415 119.34948 -2.7753086 26.3551068592 117.701311582 -2.76362099414 2.79094089803 0.669650488486 0
1140 10.6432108879 28.309413 119.3977 -2.6319404 26.4351665576 118.142500709 -2.62554443171 2.25573158606 0.366461988872 0
1143 10.6536791325 28.176965 119.31562 -2.5155106 26.5191812756 117.662902072 -2.52229867821 2.3408809085 -0.388928232608 0
1146 10.604279995 28.13257 119.1422 -2.3876282 26.0552671443 117.755936444 -2.37355729714 2.49738138861 0.806203347869 0
1149 10.7478339672 28.071656 119.10664 -2.2643471 26.005896299 118.20012589 -2.24059196529 2.25591023193 1.36106896043 0
1152 10.688521862 27.847582 119.05477 -2.1225081 26.1706403958 118.022274684 -2.13651153687 1.9693094532 -0.802337831552 0
1155 10.6570489407 27.651134 118.95518 -2.0012288 24.7668325256 118.645212903 -1.98151304527 2.90090927062 1.129629536 0
1158 10.6924450397 27.585975 118.8068 -1.8653126 25.2131959545 118.977784041 -1.85231678947 2.37893168056 0.744605094866 0
1161 10.6741139889 27.545652 118.66047 -1.7395281 26.4726582583 117.746122058 -1.76423084321 1.40973321191 -1.41536292815 0
1164 10.7605371475 27.426878 118.54472 -1.6078392 24.9937738846 117.873927008 -1.63378582581 2.5238777456 -1.48663215149 0
1167 10.6099450588 27.408113 118.27266 -1.4907581 26.0964119285 117.609390663 -1.46743795063 1.46985914761 1.33614613647 0
1170 10.6187729836 27.619078 117.43976 -1.368489 25.9011945905 116.969537789 -1.34841714294 1.78107617361 1.15003269631 0
1173 10.5599451065 28.00462 115.50954 -1.3464267 26.5205699961 115.621474009 -1.33818475481 1.48826531123 0.472228674497 0
1176 10.6160581112 28.352772 113.43776 -1.3439724 25.9437879791 113.546773065 -1.36144457242 2.41144932796 -1.00108173856 0
1179 10.6538760662 28.777386 111.37552 -1.3470791 27.0047836354 111.367940313 -1.37860796092 1.77261856995 -1.8064706636 0
1182 10.5929999352 29.292879 109.18718 -1.3487141 26.9183444223 109.613160328 -1.40911668971 2.41244143983 -3.46081346203 0
1185 10.6484098434 29.664866 107.14961 -1.3582731 27.0322086912 107.52577467 -1.42845825946 2.65939548851 -4.02131342142 0
1188 10.7509810925 30.155372 105.1583 -1.3627181 27.7034276011 105.444852619 -1.42372992266 2.4686319569 -3.4957199386 0
1191 10.6267440319 30.584999 103.08809 -1.3538609 27.3643885406 103.420558716 -1.41666369001 3.23772561812 -3.59833480909 0
1194 10.6803908348 30.932942 101.04272 -1.3388863 28.480342886 101.52240145 -1.3905308193 2.4990671675 -2.95901299112 0
1197 10.6172099113 31.46397 98.886394 -1.3633561 29.0561844013 99.0557446524 -1.40130577975 2.41373385704 -2.17435648329 0
1200 10.6415479183 31.761459 96.890841 -1.3338862 29.9258815584 97.1694185219 -1.34988565245 1.85659634277 -0.916701099651 0
1203 10.6681349277 32.148779 94.808879 -1.340085 30.5722455063 94.6444449303 -1.35051907985 1.5850856192 -0.597828738245 0
1206 10.6500551701 32.63242 92.742465 -1.3409888 31.2526075665 92.5810126118 -1.35858706143 1.38922612466 -1.0083061067 0
1209 10.6679558754 33.223163 90.635151 -1.3443959 32.019355949 91.2337376881 -1.31464965191 1.34441713738 1.70433447207 0
1212 10.6740019321 33.480467 88.544154 -1.3400822 31.5426481757 88.8553741579 -1.3398034314 1.96265121263 0.0159722643859 0
1215 10.6331350803 33.996344 86.523674 -1.3537744 32.0217828682 86.6458649313 -1.34899050882 1.978338264 0.274096774366 0
1218 10.6881380081 34.391099 84.502242 -1.3500462 32.7191091451 84.3474927735 -1.34518406362 1.67913590815 0.278579893839 0
1221 10.6628539562 34.871654 82.311763 -1.3462417 32.6857405287 82.8725279987 -1.36688908028 2.25669561257 -1.18300774801 0
1224 10.6841869354 35.319079 80.358924 -1.358939 33.9636596133 80.684997054 -1.33100581913 1.39408943414 1.60045337217 0
1227 10.6116518974 35.776446 78.250756 -1.3606991 34.6856558334 78.2801984075 -1.342743465 1.09118744629 1.02878210386 0
1230 10.6371059418 36.167733 76.160289 -1.3496683 34.4988508534 76.6973229624 -1.3267585971 1.7531608871 1.31262928635 0
1233 10.6570751667 36.593873 74.026216 -1.3452321 35.0803346743 74.3887367679 -1.35105038529 1.55634815212 -0.333363191001 0
1236 10.6887729168 37.096668 72.068535 -1.358637 35.364108911 72.2514698228 -1.37045433028 1.74219004308 -0.677083150396 0
1239 10.6748549938 37.456761 70.030489 -1.3570922 35.3050036584 70.0365905518 -1.38283730182 2.1517659924 -1.47508567744 0
1242 10.6825039387 37.942935 67.912468 -1.3598503 35.6154002118 67.9837646038 -1.3860949568 2.32862650414 -1.50370806923 0
1245 10.7620699406 38.381728 65.750541 -1.3597279 37.3440816501 65.5642652481 -1.35721183156 1.05423365683 0.144160102439 0
1248 10.6334881783 38.78715 63.709446 -1.3638712 37.544714348 63.4604258424 -1.35345426458 1.26714536983 0.596846434841 0
1251 10.5970680714 39.284372 61.704874 -1.358189 37.7872217738 61.8111054798 -1.35117452391 1.50091436371 0.401899875206 0
1254 10.546038866 39.616785 59.610797 -1.3616912 38.5417371098 59.7780025241 -1.3662797118 1.08797318601 -0.262902360603 0
1257 10.500136137 40.0981 57.483375 -1.3627524 39.1043189001 57.8819588516 -1.33775293332 1.07073337544 1.43236393083 0
1260 10.5579750538 40.478176 55.366289 -1.371191 39.6589955457 56.0348847044 -1.32651788474 1.05739152289 2.55958096208 0
1263 10.5879118443 40.927924 53.368372 -1.3697355 40.188907356 53.7650894391 -1.33107292375 0.838767146827 2.21520244417 0
1266 10.531870842 41.311773 51.24524 -1.3687118 40.5417587151 51.544568929 -1.3286013886 0.826147569518 2.29815728758 0
1269 10.7361629009 41.752813 49.127024 -1.3690442 40.7066801999 50.2119166139 -1.35213096943 1.50711174746 0.969056729596 0
1272 10.6063530445 42.124468 46.999249 -1.3746445 41.5861655252 47.764556421 -1.34065470998 0.935662868245 1.94747151461 0
1275 10.5854840279 42.489069 45.000812 -1.3756167 41.4946946594 45.568495225 -1.36343945478 1.14500854723 0.69770475721 0
1278 10.5667688847 42.919623 42.847052 -1.3693623 41.764937326 43.7475710087 -1.37089171857 1.46432014632 -0.0876292291622 0
1281 10.5720779896 43.26925 40.76156 -1.3849404 42.8357768353 41.417025438 -1.33249705518 0.785833267872 3.00478232173 0
1284 10.6877930164 43.723057 38.666685 -1.382086 43.2539877635 38.9884939431 -1.34740268283 0.568847030781 1.98720769314 0
1287 10.5810918808 44.069109 36.638541 -1.3748634 44.0832549601 37.0771826197 -1.33925304758 0.438869660307 2.04032290039 0
1290 10.6312971115 44.48264 34.512889 -1.372972 43.825517305 35.3493862341 -1.36699835386 1.06373768329 0.342264712328 0
1293 10.5371189117 44.660959 33.544964 -1.3339999 44.0950537546 33.8268059285 -1.30629159058 0.632205361806 1.58756918723 0
1296 10.6936738491 44.654294 33.324157 -1.2074321 43.9985006935 33.5517518038 -1.18600537642 0.694164429782 1.22766082996 0
1299 10.5422561169 44.699557 33.107025 -1.0711259 44.0307109426 33.4317726609 -1.04325754263 0.743516033287 1.59673925949 0
1302 10.6968212128 44.829945 32.953901 -0.95914547 44.2991836333 33.3101014398 -0.949414267372 0.639207620137 0.557556840147 0
1305 10.5075929165 44.914184 32.826307 -0.82117543 43.8381364641 32.8824363326 -0.912844882103 1.07751046469 -5.25227271579 0
1308 10.5748360157 44.932468 32.690373 -0.70238554 43.975704653 33.7422631888 -0.780525416254 1.42192442537 -4.47708512102 0
1311 10.5653300285 45.019913 32.619075 -0.56167342 43.7615063796 32.9833137544 -0.72772858216 1.31005995762 -9.51425995812 0
1314 10.6045358181 45.164806 32.47066 -0.44585332 43.8869074575 33.4302079231 -0.691678065122 1.59804784084 -14.0847203954 0
1317 10.5704910755 45.307079 32.373178 -0.30795343 43.6872150771 32.7491206537 -0.492802820946 1.66291671693 -10.5910899468 0
1320 10.6559300423 45.468859 32.25314 -0.19105128 44.0829376238 33.4934354175 -0.503774600768 1.85986848558 -17.9177264353 0
1323 10.6519629955 46.833289 32.057508 -0.10389315 44.9953649132 32.2628636114 -0.314377392471 1.84936093721 -12.0598587476 0
1326 10.6509349346 48.863767 31.868312 -0.084237935 46.9703812645 32.4641237042 -0.213326648094 1.98491841909 -7.39623844305 0
1329 10.6329910755 51.033972 31.691587 -0.08198003 48.522875569 29.736237961 -0.610861768983 3.1826082307 -30.3026915053 0
1332 10.6567151546 53.111195 31.42619 -0.084122232 51.0423233801 27.8272497698 -0.634707428705 4.15121675654 -31.5462080336 0
1335 10.4834959507 55.206155 31.249451 -0.082409142 53.8182729393 32.9958049937 -0.0274723528494 2.23068798491 3.14764615833 0
1338 10.5457749367 57.287235 31.07162 -0.080297126 56.2131367362 32.7583401886 -0.0534145453528 1.99967799284 1.5402584135 0
1341 10.5669021606 59.516372 30.847745 -0.092608556 58.5497914387 33.1876338178 -0.0183162830981 2.53167092275 4.25663368772 0
1344 10.5521130562 61.567611 30.670937 -0.091677002 60.4674305802 32.9604634208 -0.00107960824666 2.54014333999 5.19084829695 0
1347 10.6072859764 63.68279 30.502969 -0.089332225 62.5889816611 32.0466534995 -0.055866419971 1.8919245535 1.91744938617 0
1350 10.5959939957 65.773678 30.270465 -0.081918863 65.1756153787 31.989754179 -0.0932157500985 1.82033902893 -0.64726395238 0
1353 10.5736188889 67.870787 30.052005 -0.080757136 67.9214504359 31.7405026831 -0.0907494591463 1.68925759124 -0.572517943815 0
1356 10.6028370857 69.978421 29.855203 -0.080851998 69.5691069349 31.6049953958 -0.075493020877 1.79702850069 0.307046771658 0
1359 10.6139340401 72.04312 29.748383 -0.089661546 70.6195828701 30.431530392 -0.108690543317 1.57897065184 -1.09028123465 0
1362 10.6185240746 74.192216 29.503442 -0.097083695 72.6313421072 30.8442421881 -0.0960442563385 2.05768618931 0.0595554483649 0
1365 10.6038031578 76.337484 29.313327 -0.092202589 75.1655331842 30.3749084733 -0.0786600906566 1.58127288572 0.775927999141 0
1368 10.5693800449 78.469083 29.072242 -0.088851811 77.5422339112 30.2799748488 -0.0795110834681 1.52238886868 0.535184265161 0
1371 10.5086328983 80.508884 28.860474 -0.08148585 79.2671067172 30.0000912101 -0.0901455754943 1.68544896263 -0.496165722565 0
1374 10.5142469406 82.648681 28.706332 -0.092016755 81.2073152086 30.201941367 -0.060249258147 2.07710922273 1.82014349537 0
1377 10.5439329147 84.803463 28.469695 -0.089914919 83.4308959579 30.2997634456 -0.0755673191486 2.28759498175 0.82205691763 0
1380 10.6062598228 86.909059 28.274418 -0.095059786 84.7425957572 30.3949748566 -0.071709215383 3.03155477677 1.33788914557 0
1383 10.5459849834 88.999768 28.069648 -0.093100738 87.1846324783 30.3669043608 -0.0541390879288 2.92781552516 2.23233811194 0
1386 10.5706989765 91.148907 27.8824 -0.087682683 89.708328306 30.168754346 -0.0615694419041 2.70234771435 1.49617850421 0
1389 10.5097811222 93.191686 27.680334 -0.085944106 91.0527959071 30.0075273135 -0.0565993936495 3.16080362369 1.68132816871 0
1392 10.5363719463 94.597595 27.536443 -0.026113958 93.4328311997 30.2822617073 -0.0505609047442 2.9826490045 -1.40070687042 0
1395 10.5366048813 66.734672 23.138609 0.64678418 95.4749801483 31.1154435129 -0.0115796730995 29.8267531137 -37.7214701666 0
1398 10.4924468994 41.954155 8.6979942 1.5862633 98.094749463 31.8235291708 0.0219858918662 60.7170216195 -89.6264934737 0
1401 10.4576408863 40.498777 7.6026468 1.6671323 100.517537237 31.0232079674 -0.00448684287012 64.4265028211 -95.7767218397 0
1404 10.5725750923 40.36551 9.5759073 1.6613912 102.096972163 31.266075815 -0.0247097748501 65.4311610089 -96.6064696918 0
1407 10.4902260303 40.15753 11.693798 1.6450717 102.803323788 30.7850689646 -0.0259429875004 65.4902443602 -95.7420890981 0
1410 10.5636959076 40.017928 13.779826 1.6578436 103.342993468 30.4984270986 -0.0270607969748 65.4948512425 -96.5379108297 0
1413 10.6591579914 39.937066 15.922073 1.6651068 106.903322312 31.7486305433 0.0157062717163 68.8110413245 -94.5036889973 0
1416 10.5945010185 39.75755 17.953862 1.6630734 106.417318268 29.8592709316 -0.0391643224672 67.7145735232 -97.5310372253 0
1419 10.5521481037 39.645384 20.177858 1.663423 108.378369625 29.2310637553 -0.0657180840042 69.3266460123 -99.0724862961 0
1422 10.628278017 39.526919 22.292671 1.6684735 111.441889163 33.2004028673 0.0443739814966 72.7374837893 -93.0540479195 0
1425 10.6885819435 39.303781 24.413998 1.6572417 111.964623194 32.1976527323 0.0567172502441 73.0765575909 -91.7032959785 0
1428 10.7602369785 39.21094 26.55624 1.6661167 119.347999711 29.465415204 -0.0292805674045 80.1898474839 -97.1391080203 0
1431 10.6597700119 39.049874 28.673026 1.6660737 120.20608424 29.8260131503 -0.0515802082179 81.1644000777 -98.414319605 0
1434 10.7167069912 38.816051 30.701859 1.6598041 119.840881049 34.955642351 0.117803937172 81.1364144955 -88.3501013385 0
1437 10.7118058205 38.695572 32.853799 1.6647394 122.947545138 35.4585371973 0.0975738919671 84.2922276289 -89.7919694088 0
1440 10.6833450794 38.58982 35.008607 1.6723781 124.145981266 35.1245618915 0.106713626903 85.5562398431 -89.705966442 0
1443 10.5880310535 38.393816 37.160762 1.6689022 126.692058788 35.9398265793 0.0934904445134 88.3066835679 -90.2644445847 0
1446 10.6274240017 38.314928 39.264936 1.6781402 129.040190198 36.797681846 0.152126252776 90.7588042228 -87.434158654 0
1449 10.6142270565 38.042909 41.445131 1.6601298 130.222244142 37.5432282113 0.136679724887 92.2618809295 -87.2872596029 0
1452 10.6919159889 37.893052 43.482766 1.6655679 135.717817551 27.2287305422 -0.0690853672951 99.1659136185 -99.3883111346 0
1455 10.5679628849 37.737395 45.529248 1.6663309 138.432934409 27.409367172 -0.0667252835305 102.312862037 -99.2968049753 0
1458 10.591645956 37.667375 47.706088 1.6735516 140.952036434 26.6411127331 -0.0952636258303 105.410884023 -101.345647179 0
1461 10.6859087944 37.411337 49.793915 1.6717816 142.219911093 25.7235643783 -0.104345531666 107.537058647 -101.764588523 0
1464 10.7315149307 37.208006 51.943854 1.66906 27.1911266874 114.807475195 1.6397604079 63.6566786822 -1.67874296894 0
1467 10.6842451096 37.03196 53.963531 1.6741645 27.3534813774 116.878969525 1.63936303423 63.6555209959 -1.99397710923 0
1470 10.5851027966 36.983983 56.143126 1.6856298 27.2964683294 118.58671791 1.64803375847 63.1905856208 -2.15409450588 0
1473 10.601804018 36.720012 58.206076 1.6746777 25.4610266082 122.543434057 1.82207182262 65.3150854998 8.44506115109 0
1476 10.6411700249 36.536888 60.398002 1.6787317 32.1091787453 59.6776083358 1.64244720743 4.48593092629 -2.07894828625 0
1479 10.5388331413 36.401835 62.417273 1.6766351 32.2915132568 61.7434137193 1.69110066039 4.16519281216 0.82881555889 0
1482 10.666162014 36.239068 64.615141 1.6886647 32.742734136 63.6073028386 1.67490728871 3.63869320613 -0.788241604169 0
1485 10.6161949635 35.99676 66.655908 1.678851 33.3846420933 65.9111390342 1.63475312501 2.71621810075 -2.52662212258 0
1488 10.7601881027 35.830181 68.859683 1.6854848 33.0358124109 68.7014872919 1.63821810647 2.7988429205 -2.70818205055 0
1491 10.5979719162 35.575227 70.898859 1.683738 33.2559661215 71.0687949864 1.63778173579 2.32547828671 -2.63309998137 0
1494 10.5645608902 35.463169 73.006353 1.6935188 32.7490320854 72.8409584682 1.6544347465 2.7191716647 -2.23935131163 0
1497 10.6751949787 35.205801 75.07321 1.6913976 31.7879368054 74.718948298 1.6932187102 3.4361747636 0.104341928284 0
1500 10.6937320232 34.978045 77.287591 1.6912075 31.1925360262 76.1104331009 1.66881543967 3.96431317006 -1.2829705515 0
1503 10.6426708698 34.814043 79.320098 1.7000185 31.2413318221 78.7271415321 1.70861937569 3.62158287681 0.492793877111 0
1506 10.6327018738 34.580736 81.372215 1.6970036 30.8057033923 81.0311006258 1.69563902387 3.7904129334 -0.0781844530914 0
1509 10.688888073 34.345965 83.441951 1.6955247 30.575514507 83.1843073978 1.69226440967 3.77924293286 -0.186800875651 0
1512 10.7026278973 34.142398 85.698773 1.7034669 30.2580393031 85.1607648318 1.69382793128 3.92144045918 -0.552272226774 0
1515 10.5933830738 33.910208 87.748137 1.7016389 30.4643246629 86.9826188685 1.6767439486 3.52989093068 -1.42637564662 0
1518 10.6337029934 33.670818 89.737713 1.6967853 30.2813778366 89.7013860949 1.6479897214 3.38963482772 -2.79578071287 0
1521 10.63428092 33.472926 91.900649 1.7056804 29.9656063244 91.6835425223 1.67521869822 3.51403280144 -1.74532694876 0
1524 10.5245988369 33.217902 94.036516 1.7078464 30.0339064963 93.7370301622 1.67448951479 3.19804927025 -1.91120874011 0
1527 10.59384799 33.034075 96.178482 1.7177188 28.5645285445 96.0537669564 1.70645367811 4.47128609687 -0.645443940059 0
1530 10.6039969921 32.713254 98.174723 1.7080491 28.5136045381 97.2409409146 1.71434014078 4.30220926805 0.360450085451 0
1533 10.6425769329 32.45653 100.24821 1.7068362 27.7629674873 99.3882962797 1.69907195675 4.77168530679 -0.444858369473 0
1536 10.6474919319 32.217075 102.39435 1.7082962 27.7287688751 102.052627942 1.6971817172 4.50129601733 -0.636812955719 0
1539 10.5843708515 31.955228 104.48204 1.7110577 27.9481009585 103.52047952 1.68104270257 4.12088166347 -1.71973267455 0
1542 10.6015810966 31.741377 106.6002 1.7198575 27.9554299902 105.613083751 1.69683215238 3.91251750797 -1.31925524048 0
1545 10.6459178925 31.439656 108.68741 1.7105287 27.4684357087 107.911791965 1.68101819377 4.04625430952 -1.69082745835 0
1548 10.6607279778 31.216018 110.75498 1.7177022 27.4559520772 110.462722483 1.6855219709 3.77140692579 -1.84379131134 0
1551 10.6671710014 30.916985 112.90957 1.719675 27.1410384869 112.614989723 1.69856812165 3.78741991455 -1.20933504802 0
1554 10.6127698421 30.668641 114.94646 1.716506 27.193031714 114.312163447 1.6880335167 3.53301458056 -1.63135312515 0
1557 10.686549902 30.419865 117.12266 1.716223 26.69798135 116.296204169 1.68472207496 3.81253815002 -1.8048700554 0
1560 10.5730800629 30.132888 119.21343 1.725557 26.3904760006 117.797452143 1.70811079942 4.00132988702 -0.99959366192 0
1563 10.5868291855 29.88258 121.34383 1.72867 25.7684166815 119.927021525 1.70618268446 4.35128556489 -1.28842827316 0
1566 10.5696339607 29.981486 120.5055 1.7055843 26.1085664754 119.98338461 1.69956682027 3.90795472399 -0.344776192094 0
1569 10.5723938942 30.170653 118.4575 1.6900862 26.9588545367 117.988023139 1.69678469709 3.24592943417 0.383795612272 0
1572 10.5618498325 30.502618 115.6086 1.6745202 27.3488917576 114.791167915 1.67979362971 3.25794174688 0.302145265829 0
1575 10.5906608105 30.699806 113.48782 1.6738205 27.5729929181 112.350148992 1.68668894743 3.32734960172 0.737307726742 0
1578 10.5486161709 30.8492 111.36091 1.6697397 27.5679492378 110.847722965 1.68319610653 3.3211394878 0.770995301576 0
1581 10.5613501072 30.973164 109.37107 1.6787837 27.8697494941 108.979853194 1.69119610081 3.12797573279 0.711178180135 0
1584 10.6409399509 31.204408 107.09871 1.665475 27.9837209758 107.246912377 1.6943069398 3.22409504398 1.65194846544 0
1587 10.592676878 31.322843 104.96751 1.6587885 27.734262195 104.972285494 1.66776365713 3.58858398251 0.514238624208 0
1590 10.707242012 31.457099 102.91722 1.6541397 27.6528778178 102.880177491 1.65915814388 3.80440152334 0.287535654153 0
1593 10.6497311592 31.546684 101.34427 1.631357 28.9034592311 101.64809989 1.67788644996 2.66062958356 2.66594110598 0
1596 10.5683948994 31.536552 101.09899 1.5279681 28.3110927976 101.859025109 1.55025721581 3.31379547248 1.27707226481 0
1599 10.5027830601 31.522716 100.84711 1.3818466 28.0776805658 101.81056348 1.40816557284 3.5772212331 1.50796606493 0
1602 10.5074951649 31.33472 100.81397 1.2437751 27.9102408647 101.932697677 1.30829009868 3.60258365116 3.69643713991 0
1605 10.6269299984 31.335612 100.76499 1.1262837 28.3501946968 101.70563699 1.19826276155 3.13010115391 4.12409643984 0
1608 10.602175951 30.238332 99.003137 0.9296569 27.9470450245 100.476767927 1.01814967863 2.72425845184 5.07026273312 0
1611 10.6117451191 28.772289 97.32743 0.78863198 25.9275474489 99.0172433527 0.840706864226 3.30877978407 2.98367108478 0
1614 10.6607539654 27.005154 95.945316 0.6582802 25.2490306041 97.0913235518 0.737170132734 2.09697465181 4.52006019172 0
1617 10.7205832005 26.209553 95.323497 0.64585939 24.1863971122 95.7579298597 0.713253097438 2.06927321927 3.86137500191 0
1620 10.6291031837 26.225548 95.299359 0.74214735 23.3294071607 95.3021323174 0.787515665843 2.89614216717 2.59941302144 0
1623 10.6195940971 26.287241 95.304851 0.87876564 24.736666159 94.5894751782 0.969377647521 1.70764308448 5.19168560414 0
1626 10.5953400135 26.503119 95.525486 1.0159202 23.4924372964 94.9913762127 1.0673977062 3.05769154516 2.94944384509 0
1629 10.6201059818 26.584147 95.637624 1.1414331 23.5183010765 95.2685912816 1.16108003191 3.08797609671 1.12568627893 0
1632 10.6171281338 26.62792 95.717086 1.2595284 25.1808714105 95.9504067914 1.30262559007 1.46573811174 2.46928709963 0
1635 10.6708779335 26.756174 95.797181 1.3910555 24.3096396429 95.7908270501 1.46313524381 2.44654260805 4.12986510874 0
1638 10.6406290531 26.381693 93.77201 1.3952992 23.708898232 93.860260549 1.49617546545 2.67425130292 5.7797842633 0
1641 10.6379508972 26.011804 91.856332 1.39866 23.4755716307 92.1343610059 1.49927514565 2.55142602465 5.76482320109 0
1644 10.6706740856 25.609249 89.727224 1.3968171 23.2764519936 90.4027367238 1.49360823221 2.42863321914 5.54572337018 0
1647 10.6955070496 25.2462 87.568251 1.3940659 23.287602225 87.8211477332 1.49024252758 1.97485746369 5.51051484816 0
1650 10.6812849045 24.820481 85.505592 1.4017015 22.363870144 85.6884507002 1.47372515879 2.46340703138 4.12665167357 0
1653 10.6162509918 24.493958 83.448062 1.398475 21.1295278805 84.0297169898 1.44939210327 3.41433925618 2.91733512236 0
1656 10.5575070381 24.080092 81.345956 1.3962744 20.8916423166 81.398987548 1.43725019928 3.18889067372 2.34774036093 0
1659 10.6600849628 23.622432 79.208855 1.3888608 20.2838512851 79.1154418424 1.43506058803 3.33988730469 2.64705286851 0
1662 10.5641870499 23.236261 77.182266 1.3737053 19.896918208 77.2264694681 1.42891660596 3.33963534375 3.16337481283 0
1665 10.6338090897 22.741503 75.111069 1.3685019 19.3286105651 75.298122414 1.4106785243 3.41801459212 2.4165425663 0
1668 10.6071059704 22.23837 73.007777 1.3690406 19.5364480567 72.7456089228 1.43305588529 2.7146112592 3.66780567164 0
1671 10.6036100388 21.796618 70.8705 1.3677106 18.4153230349 71.566649493 1.41677076772 3.45221374738 2.81094055272 0
1674 10.6067340374 21.306705 68.900927 1.3588762 19.4512197539 69.1877282989 1.45099117802 1.87751976916 5.27779947022 0
1677 10.5976331234 20.800373 66.796896 1.3509317 19.6217047363 66.9153526542 1.47382675589 1.18460578027 7.04136802533 0
1680 10.6374661922 20.180988 64.758154 1.3339286 19.6747691988 65.6301032506 1.45892447295 1.0082425156 7.16173597663 0
1683 10.4905250072 19.716632 62.635567 1.3210663 18.5318426219 63.5002375354 1.45391701365 1.46675867318 7.61178519753 0
1686 10.6366398335 19.127208 60.642471 1.320188 17.4888220287 60.6561439179 1.42547503323 1.63844302306 6.03250264161 0
1689 10.5954401493 18.573484 58.538556 1.3117791 17.3006568703 58.3060269357 1.41283279064 1.2938928348 5.78994997803 0
1692 10.6330888271 18.03732 56.562177 1.3046299 17.0488485875 56.8984916032 1.42585290684 1.04411840601 6.94556667202 0
1695 10.5614237785 17.470308 54.449011 1.30616 16.2969050485 54.5306964721 1.38922665369 1.17624274834 4.75936867459 0
1698 10.6209359169 16.865167 52.414515 1.2995721 14.8294840053 52.5081614953 1.38632890627 2.03783584249 4.97079884318 0
1701 10.6499168873 16.322269 50.452679 1.2871313 15.4053704435 50.8127774646 1.41717942759 0.985075564157 7.45120884437 0
1704 10.6518068314 15.679585 48.421133 1.2791916 14.8867652219 48.3650249981 1.4080815085 0.794802685205 7.38484777868 0
1707 10.6669478416 15.049517 46.343459 1.2810584 13.7942356486 46.3373213236 1.36986405748 1.25529635638 5.08818937024 0
1710 10.6255290508 14.370513 44.264129 1.2685694 13.4654988176 44.4531620176 1.38015723845 0.924545375893 6.39351218807 0
1713 10.6778891087 13.728985 42.398373 1.2622613 13.4896056608 42.0198809428 1.39845001189 0.447837811454 7.80303840874 0
1716 10.5754480362 13.116178 40.310007 1.2578142 12.5886107668 40.147244256 1.36864920546 0.552104062962 6.35037803494 0
1719 10.6473250389 12.482531 38.460523 1.239848 13.1425109233 38.6419868848 1.39372887934 0.684472527301 8.81672493397 0
1722 10.4962050915 12.331027 38.238303 1.1567887 10.9942856269 38.19658456 1.24555995706 1.33739221129 5.08621837143 0
1725 10.4532060623 12.263795 38.100898 1.043782 12.0690348673 37.736158064 1.17011720424 0.413481233156 7.23847400693 0
1728 10.5512621403 12.231882 38.075858 0.90529637 11.167134374 37.5293495951 1.01085007843 1.19681199179 6.04778200499 0
1731 10.5950708389 12.170047 37.918491 0.7605547 11.0923503435 37.8743101731 0.886905743976 1.07860188624 7.23938155691 0
1734 10.5482320786 11.9457 37.868652 0.60051086 11.3941488058 37.4758152654 0.755378518159 0.677148004364 8.87326319559 0
1737 10.5017688274 11.861848 37.85602 0.47073445 12.2766852534 37.7095424125 0.677173679828 0.439938212068 11.8280965951 0
1740 10.4446160793 11.68598 37.868337 0.32347919 11.6666404862 37.5416985761 0.488131293061 0.327210447171 9.43387059334 0
1743 10.6910641193 11.634663 37.834152 0.18688423 11.2872169 36.8166513547 0.238556925635 1.07518666078 2.96062737594 0
1746 10.660654068 11.546787 37.799316 0.059161186 12.5362437645 37.3008510347 0.0976479515823 1.10792238465 2.20512923498 0
1749 10.6782388687 11.461332 37.784444 -0.088384018 11.5844860208 37.1340561752 0.0168939576224 0.661945039645 6.03198367884 0
1752 10.6475539207 11.353119 37.809133 -0.22428348 11.3778328207 37.2460160082 -0.13273517773 0.563659045367 5.24533134165 0
1755 10.6858930588 11.259101 37.929753 -0.36642208 11.7185463803 38.0856975996 -0.268526666385 0.485189422456 5.60899403385 0
1758 10.5597519875 11.22919 38.083377 -0.50941267 12.7956366452 38.155355628 -0.354668231661 1.56809949148 8.86620321996 0
1761 10.6348571777 11.185129 38.110347 -0.64618684 12.1731754302 37.3586466764 -0.366612121552 1.24148665909 16.0184514256 0
1764 10.6585540771 11.588805 37.741111 -0.76036767 12.2409765326 37.8223316467 -0.704352092803 0.657209632743 3.20945616038 0
1767 10.572769165 13.063467 36.224873 -0.77289998 12.8647515927 36.7984314473 -0.7834265604 0.607006676677 -0.603128629626 0
1770 10.6801230907 14.493375 34.807156 -0.77803694 14.406118043 34.9951206362 -0.736475542257 0.207230502153 2.38129268132 0
1773 10.6681101322 15.892318 33.28564 -0.77023756 15.9867000048 33.9196313379 -0.776931399587 0.640978142675 -0.38352875706 0
1776 10.7095019817 17.405154 31.857105 -0.77891679 17.2010329361 31.7838844042 -0.719580695671 0.216856321997 3.39970777783 0
1779 10.6810379028 19.008966 30.381332 -0.78385491 18.9723419627 30.765740552 -0.752869242636 0.386149265148 1.77534796537 0
1782 10.6893930435 20.517371 28.856906 -0.78454873 20.389893021 29.2122539293 -0.769182414568 0.377521901276 0.880425020915 0
1785 10.7703871727 22.037399 27.308602 -0.78653789 21.8404961485 27.6671381426 -0.771603418861 0.40904632801 0.855682165531 0
1788 10.7080869675 23.470866 25.802264 -0.78746834 23.7711223924 25.7182269455 -0.755024403493 0.311795009131 1.85890063263 0
1791 10.6363499165 25.030138 24.239515 -0.79252133 25.0977387549 24.7783572751 -0.799430910505 0.543066164898 -0.395889801129 0
1794 10.6310389042 26.508975 22.80392 -0.79210599 26.4815318268 23.2999681242 -0.781178035783 0.496806671976 0.626125655345 0
1797 10.6261970997 27.961008 21.312251 -0.79564812 27.9518208962 21.4510384357 -0.767829107144 0.139091175773 1.5939120269 0
1800 10.6887559891 29.36401 19.750057 -0.78815021 29.2614502955 19.9624671742 -0.779825585029 0.235874066148 0.476965876892 0
1803 10.5856850147 31.016391 18.179875 -0.79578372 30.7344161464 18.9662331875 -0.771558083187 0.835385549974 1.38802674542 0
1806 10.7055180073 32.405165 16.663972 -0.79079715 32.3402559983 17.2922591514 -0.786389583271 0.631631160616 0.252534971522 0
1809 10.6032869816 33.875627 15.226881 -0.79213801 33.6913326369 15.5135388892 -0.806635586968 0.340789022277 -0.830649973434 0
1812 10.6438550949 34.400964 14.714584 -0.72873329 33.8114230924 14.7342643572 -0.757371961359 0.589869306002 -1.64087499972 0
1815 10.6222879887 34.541831 14.529671 -0.59347242 33.85964634 14.5062465205 -0.654988190522 0.682586709894 -3.52459402439 0
1818 10.7059421539 34.648846 14.435796 -0.47955783 33.9441995649 15.1622480591 -0.501353410167 1.0120569118 -1.24879475562 0
1821 10.6614170074 34.668797 14.324629 -0.34405458 34.2183905999 14.894343677 -0.388073749114 0.726251153795 -2.52211260788 0
1824 10.6826541424 34.864126 14.20779 -0.22615765 34.7706291609 15.1454604854 -0.23658616406 0.942320326688 -0.597509842214 0
1827 10.5980300903 35.017605 14.088235 -0.094353638 34.9622822069 14.7557563356 -0.0896937786309 0.669809931972 0.266990274972 0
1830 10.6280989647 36.599142 14.0692 -0.022879679 36.5796195055 15.2687472676 -0.0553982570703 1.19970612025 -1.8631772792 0
1833 10.6002850533 38.63985 14.009333 -0.014813302 38.5504179692 14.6985811232 -0.0318416906324 0.695025944485 -0.975654800543 0
1836 10.7025470734 40.768535 13.925491 -0.0089087199 40.1121573954 14.3860034334 -0.0317554737111 0.801812485018 -1.30902256895 0
1839 10.5465898514 42.905865 13.952369 -0.011506708 42.3143590332 15.0602372986 -0.0214743711378 1.25588672883 -0.571105029403 0
1842 10.5223619938 45.04117 13.838962 -0.010052037 44.6627374438 15.0783482159 -0.011801623655 1.2958739876 -0.100243931226 0
1845 10.6412200928 47.095509 13.764363 -0.008210261 46.2999290943 14.9779820161 -0.00235073126052 1.45114386009 0.335726324003 0
1848 10.6936378479 49.256947 13.750747 -0.012245698 48.4341840912 14.952904016 -0.0121351964014 1.45674990825 0.00633127522883 0
1851 10.673566103 51.347189 13.680192 -0.017629817 50.8582990305 15.0293313902 -0.0109106994374 1.43498797785 0.384977078391 0
1854 10.6759970188 53.510554 13.649042 -0.0075411209 52.5041347127 15.0589044089 0.000168614160063 1.73222163533 0.441735280106 0
1857 10.7792031765 55.608657 13.581194 -0.0077936973 54.6882855753 15.145234188 -0.00868610623085 1.81474661292 -0.0511312653372 0
1860 10.7280020714 57.666716 13.591636 -0.01411162 57.0345851896 14.6595623091 0.025693029471 1.24098991254 2.28063841969 0
1863 10.7064499855 59.905766 13.533857 -0.012519778 59.0985211985 15.0210478374 0.00378287777228 1.69215269888 0.934073370606 0
1866 10.7683138847 62.027534 13.447994 -0.021676244 60.9184788075 15.0285046316 0.0129517241292 1.93080741568 1.98403642692 0
1869 10.7178070545 64.181261 13.371995 -0.025327169 63.28427439 15.167967958 -0.00501507733928 2.00751185408 1.16379712524 0
1872 10.7834098339 66.241252 13.310079 -0.024907545 65.4712747906 15.1795818725 -0.000499334894068 2.02185704079 1.39848742454 0
1875 10.690433979 68.444119 13.24669 -0.026304862 66.7646749497 14.8633448768 0.00817051817186 2.33111675143 1.97529378096 0
1878 10.7025611401 70.49734 13.123327 -0.017605166 69.0006949034 15.0473352808 0.00268790867737 2.43757141635 1.16270753236 0
1881 10.6048719883 72.634932 13.039101 -0.019360635 71.8071110776 15.1630605121 -0.0142290250871 2.27958142835 0.294019590116 0
1884 10.7378339767 74.720419 12.994859 -0.019347658 73.7376497779 14.9649579961 0.000988142604617 2.2016188131 1.16515554766 0
1887 10.7321779728 76.914825 12.90632 -0.036038761 75.9960513167 14.9380487349 0.00504590931717 2.22981316111 2.35397821186 0
1890 10.6774821281 79.004774 12.78569 -0.032634565 77.5429075262 14.9734307304 0.0133445223582 2.63120943493 2.63440765149 0
1893 10.559499979 81.177999 12.691712 -0.029848436 80.9109109823 14.8113483795 0.000599581181594 2.1363975263 1.74454287905 0
1896 10.5776209831 83.222919 12.597068 -0.02122413 82.185866719 15.0615566548 -0.00229198212669 2.6737953854 1.08473217026 0
1899 10.6347680092 85.390174 12.538762 -0.021700441 84.233010205 14.9380675809 0.00413894350114 2.66377463741 1.48048767713 0
1902 10.5525150299 87.449986 12.512039 -0.030894579 87.0366993092 15.0061059654 0.00582343998224 2.52807751399 2.10378751976 0
1905 10.5989210606 89.572355 12.414566 -0.034322832 88.2921056712 15.0727508694 -0.0025386236787 2.95042118074 1.82110099198 0
1908 10.6220140457 91.713838 12.339838 -0.030338307 90.4889874308 14.8574953029 0.00417957795876 2.79979592325 1.97772912586 0
1911 10.5979650021 93.866625 12.234111 -0.027880568 92.8016022061 15.0035601048 0.00798345537278 2.9671740589 2.05485717562 0
1914 10.6138010025 96.027017 12.118277 -0.016096141 94.9345958062 14.6673283149 0.00153747159086 2.77327363789 1.01033157903 0
1917 10.6145880222 98.003729 12.063433 -0.023465033 97.1936120956 14.7799426167 0.0166825076156 2.83473347895 2.3002846351 0
1920 10.5997891426 100.1865 11.996018 -0.023536261 99.0049796411 15.1300122249 0.00127021472284 3.34931487928 1.42130636351 0
1923 10.648581028 102.26857 11.921444 -0.023061579 101.956107645 15.0283060656 0.00213545347736 3.1225349667 1.44368361721 0
1926 10.6315281391 104.50291 11.810699 -0.022632517 104.071613839 14.9845210399 -0.00108640618721 3.20299277544 1.23450121449 0
1929 10.6879010201 106.528 11.779433 -0.025937223 105.749955234 15.3208957647 0.00397013495996 3.62592225116 1.71356538749 0
1932 10.5685560703 108.61821 11.737233 -0.017267816 108.032887348 14.8024676332 0.0118392125493 3.12061948385 1.66770989004 0
1935 10.6831271648 110.65428 11.638117 -0.015586443 109.474494581 15.0399049899 0.024817000211 3.60056317293 2.31494677379 0
1938 10.6069259644 112.94226 11.558687 -0.011710616 111.676141916 15.1100919612 0.0113658496484 3.770349082 1.32218408773 0
1941 10.6374320984 114.89636 11.528856 -0.01668203 113.7332777 14.8531711288 -0.00356030195694 3.52190736839 0.751819636786 0
1944 10.6269779205 117.03777 11.494892 -0.018548407 116.397817203 14.6863731027 0.00416874169691 3.2550101707 1.3015967429 0
1947 10.6795010567 119.07747 11.406331 -0.016261061 118.138962471 15.2815593509 0.0103166902136 3.9872535853 1.52279297349 0
1950 10.6430151463 121.291 11.334615 -0.012126455 120.464345728 15.2269359247 -0.0107565945215 3.97913551741 0.0784872239418 0
1953 10.5855638981 123.43737 11.229443 0.0013807468 122.694983645 15.1363860828 0.00602943254275 3.97685073304 0.266350073342 0
1956 10.6777691841 125.58554 11.258252 -0.0049853053 124.563395462 15.5719892293 0.00916836274785 4.43318264219 0.810945443771 0
1959 10.6287119389 127.50849 11.183265 -0.012828209 126.676560347 15.122379161 -0.00142911798062 4.02600637362 0.653119805696 0
1962 10.6151969433 130.28779 11.390648 -0.01314096 128.791155905 15.1707712491 -0.00869696585106 4.06561746752 0.254622108915 0
1965 10.6758999825 132.78769 11.256475 0.0084755214 131.298092884 14.9642999212 0.0098828581949 3.99585600505 0.080634458701 0
1968 10.5777859688 125.9239 10.596074 0.27888777 132.904082061 14.9799898204 -0.00638717716141 8.24267308129 -16.3450504732 0
1971 10.5904829502 93.936275 13.265891 0.84250578 133.21022792 15.1876389754 0.0073387415441 39.3209421717 -47.851546492 0
1974 10.5673780441 59.212281 6.4432491 1.3602712 133.329600899 15.3490959245 -0.0192303550497 74.650460258 -79.0396169361 0
1977 10.723129034 41.747696 3.5851691 1.5088422 139.38852463 14.1412585809 -0.048480424559 98.2097879069 -89.2280137275 0
1980 10.6812741756 40.889782 2.6549702 1.6071612 139.421251844 12.9993361184 0.0114025503506 99.0729854997 -91.4302357464 0
1983 10.7125220299 40.408125 3.8011614 1.6070032 64.3008284953 103.535507886 0.603059873901 102.55633159 -57.5217154558 0
1986 10.7258241177 40.388712 5.5337894 1.5172855 74.9852945306 133.668309322 2.46169594049 132.722939684 54.1107323682 0
1989 10.7454361916 40.44034 7.6724587 1.5542124 74.9189317159 133.034239638 -2.84889239358 130.016727411 107.720678574 0
1992 10.5730080605 40.554207 9.7439313 1.5604739 34.5765342814 91.3529144137 2.84629186804 81.8276157296 73.671942791 0
1995 10.6347022057 40.580821 11.876658 1.5652859 36.3295487159 84.0258494525 -1.86533515565 72.2743325343 163.439892402 0
1998 10.6178500652 40.665042 14.024391 1.567666 32.830408123 88.615115442 -0.75284683607 75.0010510644 -132.955591813 0
2001 10.6989431381 40.771617 16.174621 1.5548315 30.5167139104 82.3607651563 -2.0195937779 66.9758815967 155.200517392 0
2004 10.7223272324 40.847233 18.25792 1.5551713 56.9484586547 79.9326112315 -0.303722929967 63.7417995202 -106.506793938 0
2007 10.7186050415 40.88758 20.352438 1.5597309 59.4009152606 78.6574840581 -0.320370766614 61.1737033235 -107.721890553 0
2010 10.7150690556 40.971014 22.508388 1.5678505 60.6106711404 77.4395484226 -0.333936216978 58.3365110198 -108.964352417 0
2013 10.7095899582 41.044823 24.54743 1.5705547 63.6811978129 75.9205975231 -0.422362746151 56.1391824489 -114.185758582 0
2016 10.7498030663 41.105608 26.696222 1.5717508 63.911282938 74.6506161909 -0.304079184389 53.1010614921 -107.47714119 0
2019 10.7667272091 41.160404 28.869777 1.5672714 65.9601681321 74.0989509024 -0.363692802926 51.5820363392 -110.636099218 0
2022 10.7482919693 41.204205 31.003136 1.5608691 57.4507662323 10.7469247168 -1.49251086935 25.9666102413 -174.945785493 0
2025 10.7485189438 41.244227 33.116661 1.5660557 39.1401469305 32.818044611 1.56467006856 2.12516462573 -0.0793908335153 0
2028 10.7856090069 41.277887 35.228156 1.5643441 38.6580597315 35.5247866209 1.58941387594 2.63656682872 1.43639235472 0
2031 10.7669210434 41.31792 37.33529 1.5797774 39.4478538864 37.0019694837 1.57692991781 1.89953937463 -0.16314871192 0
2034 10.7558310032 41.419072 39.474789 1.5713492 38.975802993 39.6441153075 1.58250022893 2.44912940431 0.638906894815 0
2037 10.7162210941 41.429937 41.518923 1.5745722 39.347375337 41.8119392254 1.63307199899 2.10307431839 3.35179158463 0
2040 10.5504140854 41.494048 43.684079 1.5737379 38.9613724612 43.5675160792 1.62068705968 2.53535644425 2.68998870156 0
2043 10.571805954 41.508319 45.798644 1.5762653 39.0954766926 45.6965947758 1.59124106885 2.4149993881 0.858048350123 0
2046 10.5733880997 41.512588 47.943477 1.5772604 39.2559376369 48.0393643846 1.60296285026 2.25868662097 1.47264192276 0
2049 10.6824150085 41.583607 50.107906 1.5744728 39.0913222545 50.0550620898 1.57665837269 2.49284490727 0.125224091151 0
2052 10.6222989559 41.632502 52.265699 1.5728612 39.1366977009 51.4899030265 1.58955115258 2.61359876263 0.956263843209 0
2055 10.6457469463 41.660201 54.305408 1.5732479 39.1339956054 54.1780331082 1.58567893156 2.52941456836 0.712245643497 0
2058 10.6354930401 41.689009 56.508616 1.5685378 38.8523313238 56.7348020452 1.57403047508 2.84568100214 0.314707100202 0
2061 10.5738539696 41.794127 58.57462 1.5657057 38.9846584492 58.2343501967 1.59459616261 2.8299994836 1.6553015756 0
2064 10.6473991871 41.856016 60.76704 1.5641567 39.2348736473 60.505672846 1.60137893895 2.63414123047 2.13267719563 0
2067 10.6308939457 41.858156 62.785084 1.5639758 39.1690410663 62.7773965653 1.57846588647 2.68912592183 0.830220799591 0
2070 10.5788359642 41.958088 65.023529 1.5767642 39.15584413 64.4145800994 1.58534005768 2.86764528326 0.491360450881 0
2073 10.5945417881 41.99726 67.044355 1.5737097 39.0659304915 66.5037433355 1.5884630992 2.98076393881 0.845307507577 0
2076 10.6412420273 42.044947 69.102812 1.5759217 39.1569327132 68.9422411098 1.58591059176 2.89247463802 0.572321339688 0
2079 10.6239900589 42.097902 71.261122 1.5727544 38.880786768 71.3254525447 1.59237107976 3.21775835558 1.12395295843 0
2082 10.587829113 42.114798 73.459441 1.5684742 38.6364673094 73.1271003412 1.60555662162 3.49417153362 2.12466625292 0
2085 10.667703867 42.172982 75.545483 1.5804547 39.0755967546 75.0739678177 1.59002499527 3.13306909049 0.548337527843 0
2088 10.5759551525 42.213453 77.648417 1.5799022 39.0012231571 77.7393965769 1.58098124611 3.21351798606 0.0618247877661 0
2091 10.6654169559 42.308345 79.80823 1.5843424 39.0524837785 80.2829531216 1.58737189411 3.29028788036 0.173577226343 0
2094 10.6054029465 42.259747 81.948131 1.5870316 38.8608112388 82.1554882444 1.58721630396 3.405254959 0.0105827572121 0
2097 10.6118609905 42.325886 84.065588 1.5841531 38.3486810037 83.8149426172 1.59597875167 3.98509506667 0.677559930571 0
2100 10.6544449329 42.338042 86.100283 1.5789413 38.1798750012 86.5923473618 1.61119583119 4.18718045063 1.84804850739 0
