3 10.6986849308 72.513547 45.80148 1.6808269 139.701367938 105.751906408 -2.50515824619 90.0458600317 120.160718019 0
6 10.8136248589 72.505015 45.806851 1.6805552 92.4151598145 38.2511072904 2.25065630626 21.2956129176 32.6643872846 0
9 11.0077171326 72.51553 45.801787 1.6811119 80.3025227547 114.944637088 2.84860439674 69.579961012 66.8923926765 0
12 10.8028149605 72.511327 45.798497 1.6805172 71.0429870596 114.358452575 -1.5989498337 68.5756773986 172.100379917 0
15 10.76086092 72.518426 45.80176 1.6806948 56.5536105181 99.2609049265 1.00984057874 55.7920738962 -38.4371155465 0
18 10.7917451859 72.509508 45.806599 1.6825332 21.591086083 87.7459445746 1.50457256955 65.9666157821 -10.1963930442 0
21 10.8146519661 72.510969 45.800989 1.6811293 128.893707154 51.5848824721 -3.09330135756 56.6786254719 86.4452737441 0
24 10.7118320465 72.522343 45.818169 1.6838228 55.0095146121 127.367490087 1.29603879791 83.4085782636 -22.2183866824 0
27 10.7527630329 72.508499 45.799812 1.6808804 56.7590049711 110.130370913 -1.22805903564 66.2304112345 -166.669952521 0
30 10.7962481976 72.523901 45.815543 1.6832165 110.878194027 23.6758107037 2.12268533121 44.285658398 25.1797092561 0
33 10.8127260208 72.511009 45.802779 1.6808191 109.426635633 39.5825065018 -0.0993928295681 37.4360158091 -101.998630203 0
36 10.8250620365 72.527172 45.853315 1.6851825 118.100008152 27.5375926992 -1.72380536513 49.1156703948 164.679382917 0
39 10.7788667679 72.188088 49.017093 1.6798669 121.826581311 63.8563660473 -1.54308405891 51.8091115807 175.338512477 0
42 10.7853391171 71.804616 53.279503 1.6643548 61.549279752 101.700018891 -1.22049964055 49.4946288068 -165.289983953 0
45 10.7839891911 71.568933 57.324136 1.642571 42.6004304937 97.9883569304 -0.489898796799 49.9274774181 -122.181519296 0
48 10.7905709743 71.37336 61.652431 1.6431927 103.123657339 25.8546935279 -1.70729775818 47.8493405308 168.031037447 0
51 10.8083600998 71.165072 65.844712 1.6344026 14.2301445511 102.180867307 -0.995144302244 67.5418547723 -150.66193953 0
54 10.8033719063 70.960331 70.343426 1.6128178 68.638269397 115.955081084 -1.68167536892 45.670724207 171.239445786 0
57 10.7940201759 70.885213 74.631613 1.6236159 61.9999369132 120.736047388 -2.19385050247 46.9528167569 141.275286706 0
60 11.1732919216 70.832043 79.069602 1.6124517 54.9794478599 127.309225963 2.52358802615 50.7776140908 52.2042660493 0
63 10.7604579926 70.841819 83.283634 1.5826474 49.6916586453 129.807808042 2.19022629452 51.1060471305 34.8117063771 0
66 10.7361090183 70.897044 87.066595 1.5142468 108.443721085 101.368007054 -0.652239081866 40.1781451395 -124.130497406 0
69 10.7392091751 70.898205 87.488163 1.2381173 109.042768743 103.109434781 0.203846163615 41.2193143462 -59.2593709871 0
72 10.7565820217 70.648486 87.373684 0.94938085 21.705090847 49.507571838 -2.92198447186 61.8813249645 138.187106104 0
75 10.7253549099 70.490448 87.162959 0.64684814 55.754332598 105.753921911 -3.1041770517 23.7229213865 145.082087668 0
78 10.7783808708 73.090524 88.460194 0.4660111 53.3358066426 107.726208323 3.01942862659 27.5939878555 146.300047608 0
81 10.7528340816 76.750616 90.291223 0.4640309 48.7368241213 107.398674983 2.97290791958 32.8243423204 143.748064539 0
84 10.8762059212 80.704264 92.172539 0.45240664 41.6172960758 109.955583987 2.93023300838 42.9421442235 141.968993274 0
87 10.7179458141 84.637734 93.972859 0.42386385 37.4240968629 109.073633925 3.06949084813 49.5697582709 151.583261159 0
90 10.7334909439 88.678811 95.730817 0.41656148 99.7494717476 89.4614570556 2.82669218649 12.7225942126 138.090317557 0
93 10.8071880341 92.647535 97.41769 0.40779386 95.3585761781 90.9027455643 3.13145475194 7.05650375681 156.054273933 0
96 10.7439880371 96.759828 99.128022 0.39320766 22.1379429111 69.4520351793 -3.05375408064 80.3062259604 162.503640118 0
99 10.7399609089 100.07577 100.58602 0.32958371 85.264940431 139.671176434 2.24112289411 41.7972502205 109.523127623 0
102 10.7177600861 100.12714 100.52966 0.1390585 83.7169775551 140.581405032 1.90311011787 43.2832035738 101.072712547 0
105 10.7921111584 100.08551 100.52401 -0.14356162 22.0126948487 111.458186649 2.45561387444 78.8347682475 148.921786045 0
108 10.7498459816 99.772178 100.71077 -0.40700642 95.4188515551 103.581138684 -0.409136107104 5.21444795917 -0.122022082739 0
111 10.7375991344 99.760338 100.7618 -0.66729138 97.0997422827 102.361342399 -0.595509253463 3.10440098206 4.11281289503 0
114 10.7637929916 99.638101 100.95548 -0.8821311 21.6773405363 109.523131472 1.74781530248 78.4301270165 150.684829208 0
117 10.6943609715 99.549051 101.11221 -1.1251977 96.7429004477 102.813628775 -1.10268291806 3.28166219622 1.29000198182 0
120 10.7589008808 100.80276 98.46873 -1.1938854 98.4514451822 100.579103778 -1.14431580861 3.15948711912 2.84012837894 0
123 10.7138710022 102.35582 94.496879 -1.1822805 99.7631215309 96.6233501413 -1.18355195245 3.35320218094 -0.0728488590613 0
126 10.7975251675 103.84912 90.431736 -1.1842505 102.206700907 92.6420481343 -1.16937849994 2.75372841958 0.85210283653 0
129 10.8378300667 105.46668 86.336829 -1.1831903 103.238584531 88.215818968 -1.18145290258 2.91462050992 0.0995455395708 0
132 10.8210389614 106.96067 82.891423 -1.1821311 104.938121512 84.6422520649 -1.17793065594 2.67508968058 0.240667716572 0
135 10.8347921371 108.13488 79.987125 -1.1809983 106.558575877 81.1705873187 -1.153067259 1.97112093705 1.60033076681 0
138 10.7482779026 109.11096 77.465416 -1.174964 107.321147217 79.1008448405 -1.15857348898 2.42447051759 0.939107105599 0
141 11.0925359726 110.00241 75.115832 -1.1797573 108.388621348 77.6624941431 -1.15908083826 3.01492983058 1.18467399315 0
144 10.680314064 110.9669 72.896666 -1.1819268 110.315785682 75.1253893081 -1.13129536892 2.32188661211 2.9009673114 0
147 10.6541948318 111.79529 70.750926 -1.1680053 109.175648077 73.7719253042 -1.17791486228 3.99861983677 -0.567776095669 0
150 10.7407290936 112.62755 68.634671 -1.166408 110.491418664 71.2888689888 -1.18762839834 3.40702568954 -1.21583926461 0
153 10.7440068722 113.50263 66.493746 -1.1746568 111.36893708 69.6129017134 -1.17138618258 3.77912395177 0.187392574695 0
156 10.8333399296 114.39844 64.423702 -1.1690506 112.455424173 67.4281634817 -1.15708614092 3.57800213814 0.68551300923 0
159 10.8129041195 114.9392 62.935672 -1.1627449 113.445550001 65.8423311232 -1.14608566888 3.2679745374 0.954503633257 0
162 10.7808160782 115.58582 61.52951 -1.1720902 114.514349018 64.4206739198 -1.14780902747 3.08332270056 1.39120870781 0
165 11.2507169247 116.16312 60.165609 -1.1710096 114.495294071 63.1925459097 -1.15249298686 3.45600786827 1.06092378374 0
168 10.7930688858 116.71267 58.758483 -1.1690165 114.859825787 61.7853061633 -1.16582887712 3.54889984911 0.182637337799 0
171 11.3730688095 117.29804 57.404001 -1.1730259 115.304044885 60.7791699128 -1.17689036378 3.92017623428 -0.221417464746 0
174 10.9730389118 117.3062 57.346669 -1.1782941 115.136660086 61.2165061925 -1.20671814891 4.4365012491 -1.62857803926 0
177 10.7030820847 117.30973 57.394113 -1.1925087 115.292946972 60.4937518983 -1.23612357729 3.69799609008 -2.49894839259 0
180 11.2907629013 117.3509 57.478875 -1.2542253 115.308759692 60.5856547913 -1.33140117066 3.71785122186 -4.42185166897 0
183 12.1600089073 117.31554 57.561663 -1.3141336 114.752973579 60.7063335136 -1.36424093596 4.05656249834 -2.87093887312 0
186 12.2584359646 117.31761 57.625945 -1.389572 114.752040487 60.9734035972 -1.40969027903 4.21753790582 -1.15269247962 0
189 12.2285709381 117.34247 57.653648 -1.4539696 114.903438329 60.3652535468 -1.48138442534 3.647146848 -1.57075378825 0
192 11.7619550228 117.36058 57.739095 -1.5147103 115.546353837 60.078498115 -1.54090477484 2.96044312636 -1.50083285474 0
195 10.8113811016 117.34118 57.80351 -1.5718326 115.50398976 60.2182718192 -1.59835554772 3.0341955475 -1.51965296475 0
198 10.872262001 117.32521 57.826191 -1.6475747 115.474349641 59.7672201175 -1.6394585815 2.68202872924 0.465019336116 0
201 10.7809340954 117.28663 57.948056 -1.7072698 116.416878242 60.2969056455 -1.69794014806 2.50470812208 0.534549680576 0
204 10.8731000423 117.37131 58.006137 -1.7818651 116.597084991 60.2732734096 -1.78426984492 2.39569026894 -0.137781734609 0
207 10.8057408333 117.40314 57.989067 -1.8555926 115.913410927 59.5600827779 -1.83612714014 2.16503655513 1.11528869633 0
210 10.9021689892 117.02719 57.008887 -1.8977403 116.568220357 59.2125397461 -1.8820018599 2.25094170479 0.901746193717 0
213 10.8178720474 116.38504 55.250118 -1.9095407 116.034710027 56.9171336778 -1.87668838798 1.70342958763 1.88229882608 0
216 10.7060890198 115.67443 53.450651 -1.9075572 115.324946973 55.2627843599 -1.84002240601 1.84552586017 3.86945866571 0
219 10.6775009632 115.02136 51.574537 -1.9165104 114.501789531 53.4765192192 -1.89707590549 1.97167183743 1.11351451214 0
222 10.7604000568 114.35753 49.684701 -1.9233127 113.772195033 52.0343160215 -1.88840814356 2.42142680512 1.99988376996 0
225 10.674590826 113.59486 47.870819 -1.9110101 113.20163074 50.1645940787 -1.88681924017 2.32723728103 1.38603417119 0
228 10.7358949184 112.87829 45.986656 -1.9118326 112.12418163 47.8357627161 -1.90654732838 1.9969664696 0.302823757353 0
231 10.7404210567 112.17059 44.128463 -1.9122248 111.361559873 45.9555991809 -1.91240789783 1.9982383166 -0.0104907327222 0
234 10.7868850231 111.43202 42.277019 -1.9027456 110.549341147 44.6189224752 -1.91211695333 2.50272528351 -0.5369389939 0
237 10.7282819748 110.82393 40.37458 -1.9174412 110.294572019 42.2264473937 -1.91637880762 1.92604068379 0.0608705995336 0
240 10.7744431496 110.14399 38.567468 -1.912432 109.595508874 40.7504463721 -1.89254862363 2.25082787402 1.13923354847 0
243 10.7950260639 109.42625 36.696167 -1.9074722 108.752336388 38.6936923831 -1.89986111426 2.10814307201 0.436083090374 0
246 10.7814519405 108.96452 35.308972 -1.917648 108.865479763 37.1780909126 -1.91090817386 1.87174102856 0.386163592693 0
249 10.7691159248 108.91335 35.330429 -1.9171391 108.533262577 37.7529364431 -1.94916017342 2.45214370733 -1.83467236258 0
252 10.8170130253 108.9585 35.348205 -1.9450374 108.351304252 37.4881963691 -1.99640060249 2.22446616873 -2.94289472488 0
255 10.757158041 108.97674 35.368834 -2.0165302 108.82550064 37.7001240002 -2.06946380778 2.33619057638 -3.03287232033 0
258 10.7769570351 108.99865 35.397074 -2.0803106 108.849696226 38.0830120545 -2.13483571905 2.6900651404 -3.12405919907 0
261 10.7058689594 109.05048 35.474836 -2.159245 107.805583452 38.0894813128 -2.17953774089 2.89588285791 -1.16268840783 0
264 10.7679131031 109.09365 35.518169 -2.2238592 109.138717641 37.445079994 -2.25015880756 1.92743795517 -1.50685651618 0
267 10.7258331776 109.14301 35.568827 -2.2920109 108.764019483 37.7919544892 -2.2994904681 2.25520057764 -0.428547684881 0
270 10.807487011 109.24021 35.586114 -2.3597618 108.835228802 37.9509450125 -2.37683073615 2.39925727843 -0.977978002291 0
273 10.795443058 109.32691 35.57971 -2.4292889 109.127695823 37.4417527116 -2.41202500267 1.87266904395 0.989148455111 0
276 10.7603468895 109.34422 35.612178 -2.4970016 109.812758958 37.1781754484 -2.4711949314 1.63458764324 1.47861319398 0
279 10.7864091396 109.45255 35.562283 -2.5751384 108.80175488 37.6140350004 -2.48762269765 2.15249170937 5.01428038551 0
282 10.7868771553 109.51035 35.610832 -2.6455993 107.905086934 36.7134781192 -2.59387085554 1.94748503818 2.9638215485 0
285 10.789921999 109.52669 35.619453 -2.7060079 108.801094193 37.2393715325 -2.61714872015 1.77500009222 5.09125597653 0
288 10.8158559799 109.56751 35.667144 -2.7779359 110.405212368 36.480979116 -2.68000262616 1.16793529465 5.61116326491 0
291 10.8303189278 109.58407 35.725569 -2.8421247 110.100822616 36.4581553433 -2.73141906291 0.896502100908 6.34296577385 0
294 10.7673771381 109.62066 35.728072 -2.9074408 109.970934183 37.033037186 -2.7880079032 1.3511573336 6.84300092183 0
297 10.7998459339 108.40689 35.538158 -2.9474042 108.765411833 36.9262428884 -2.92874308947 1.43363787694 1.06920287421 0
300 10.726074934 106.63579 35.154474 -2.9731605 105.606258665 36.3488615011 -2.93701041055 1.57686279476 2.07124755424 0
303 10.7121870518 104.74277 34.838538 -2.9724974 105.606111688 36.0307099745 -2.89298306772 1.47194866991 4.55583565049 0
306 10.8664710522 102.71686 34.507066 -2.970186 101.666855605 35.8155384335 -2.90954083962 1.67767974871 3.47471173789 0
309 11.0524291992 100.87602 34.149296 -2.9774562 100.095614566 35.2383353018 -2.88638743997 1.33979074553 5.21785559548 0
312 10.7686159611 98.917573 33.856952 -2.9648121 98.2485153035 34.7803551384 -2.8907645463 1.14031204383 4.24261231002 0
315 10.7053508759 96.872255 33.519705 -2.9713846 96.3931418768 34.3515684885 -2.91116785868 0.959972003989 3.4501651337 0
318 10.7321989536 94.700759 33.157106 -2.9752463 93.9392842237 34.0893577357 -2.8929908023 1.2037180458 4.71289285998 0
321 10.6847839355 92.656194 32.878926 -2.9695623 92.2190421053 33.9851345555 -2.9375819047 1.18945329769 1.83234167766 0
324 10.7942419052 90.628889 32.525228 -2.9736018 89.906811738 33.7253399477 -2.94873212061 1.40059425219 1.42492766675 0
327 10.8176019192 88.510396 32.191288 -2.9695852 87.2325888589 33.1150984037 -2.93625270734 1.57677416012 1.9098111502 0
330 10.8364369869 87.334812 32.006658 -2.9896435 86.1990592361 33.530616819 -2.99072350951 1.90062748129 -0.0618799866881 0
333 10.7669129372 87.328365 31.983283 -3.0015998 86.3067126622 33.6510988081 -3.01548839678 1.95585865267 -0.795757978642 0
336 10.7960190773 87.328448 32.00285 -3.0442403 86.3861830357 33.8160723743 -3.0807005145 2.04343794657 -2.08901641125 0
339 10.7332639694 87.480424 31.977098 -3.121648 86.4978908985 34.1723750217 -3.02902941764 2.40512213775 5.30665387345 0
342 10.7160129547 87.509332 32.088761 3.0972389 86.5124841779 33.5578136573 3.12705225285 1.77533695126 1.70817929168 0
345 10.80981493 87.537767 32.004513 3.0032565 86.2156651967 33.8765830888 3.0303954285 2.29185505557 1.55494606369 0
348 10.8304319382 87.588829 31.971963 2.902116 86.3310620425 34.0839807315 3.01254081361 2.45816936301 6.32687577324 0
351 10.865541935 87.696053 31.883789 2.7788249 86.4175660118 33.5260152304 2.9755215851 2.08121021784 11.2698899005 0
354 10.8505589962 87.777704 31.698119 2.6376296 85.9789218902 32.8169509141 2.79650701084 2.11834886895 9.10300510085 0
357 10.8080689907 87.896098 31.65995 2.4917922 86.3457310722 32.7911059734 2.71802023743 1.91915383621 12.9619117521 0
360 10.7174949646 87.958395 31.594625 2.366513 86.3168554979 33.2525458938 2.53939695496 2.33309957498 9.90552096462 0
363 10.8468210697 87.964094 31.460561 2.2184109 85.9295488682 33.635670833 2.39902021766 2.97833454786 10.3481516426 0
366 10.7628691196 87.708527 31.831987 2.1125682 85.277419555 34.9882892858 2.29784817287 3.98403407724 10.6157604735 0
369 10.7165720463 86.721318 33.612273 2.0920166 84.8005393703 35.8588031966 2.26612139349 2.95572131105 9.97546986011 0
372 10.7598049641 85.724716 35.405361 2.0873093 84.1162300867 36.1342336816 2.05929912113 1.76592251229 -1.60486503254 0
375 10.7325799465 84.755772 37.248267 2.0862059 83.1553659938 38.6569201262 2.04253389415 2.1320419824 -2.50222161788 0
378 10.7212779522 83.690185 39.149374 2.0868314 82.1703656807 40.5733384127 2.13583264002 2.08267266082 2.80756424428 0
381 10.7703850269 82.666747 40.97523 2.090975 80.92170491 41.4890477352 2.11773440394 1.8191153237 1.53320090817 0
384 10.7707741261 81.635815 42.877142 2.0910396 80.0233921538 43.679844577 2.12129780369 1.80117707684 1.73366736724 0
387 10.7389340401 80.624097 44.699122 2.0805048 79.2508712119 45.237825163 2.10815285722 1.47511022057 1.58411699037 0
390 10.8302679062 79.602515 46.546403 2.0762437 78.2879020984 47.2613186495 2.12004926704 1.4964329143 2.5098741103 0
393 10.8104758263 78.599692 48.40129 2.0808805 76.9402805474 48.7350976042 2.08463671655 1.69265291353 0.215215355282 0
396 10.708190918 77.532669 50.298142 2.0919608 75.6900146267 51.0208549846 2.11885163402 1.97931533554 1.54073129701 0
399 10.6749408245 76.53881 52.074716 2.0854653 75.2205566564 52.786592102 2.08808374408 1.49818538989 0.150025794618 0
402 10.9759840965 75.533974 53.92833 2.0838411 73.8531974706 54.9334283798 2.09902832387 1.95837496276 0.870163830131 0
405 11.0050680637 74.451304 55.860797 2.0823704 73.2372282516 56.003056351 2.0905929889 1.22238195574 0.471119640602 0
408 10.9050540924 73.464188 57.689364 2.0801622 71.2371345327 58.047255543 2.12172010872 2.25562707527 2.38109277508 0
411 10.7274439335 72.461178 59.521835 2.0808323 69.9140828295 59.7025022107 2.13278338134 2.55349455617 2.9765777017 0
414 10.8437399864 71.469371 61.42577 2.0898858 69.2039864377 61.9106051424 2.07933177569 2.31668563477 -0.604701049868 0
417 10.8761789799 70.386885 63.322712 2.0827703 68.1101201122 63.6472563424 2.12772377555 2.29977985568 2.57564442372 0
420 10.733782053 69.38246 65.186025 2.0922796 66.8076356514 65.4573312709 2.12780286192 2.58907850765 2.03533298267 0
423 10.7402799129 68.400253 67.014087 2.0893798 65.7150030555 67.5746274264 2.11898530027 2.7431319389 1.69627021601 0
426 10.8682799339 67.30799 68.901204 2.089526 64.7397367584 69.0423466016 2.12414644763 2.57212868008 1.98360553423 0
429 10.9781138897 66.315197 70.741557 2.0869248 63.5714451763 70.5340689873 2.1141431663 2.75158596915 1.559497514 0
432 10.9140820503 65.281228 72.464006 2.0745737 62.9486076857 72.3831519436 2.11558033685 2.3340211887 2.34950722381 0
435 11.0878560543 64.283593 74.421326 2.0918621 61.4787370028 74.3323271309 2.10836738556 2.80626762156 0.945683202395 0
438 10.8089468479 63.28447 76.191493 2.091939 60.5600379107 75.7258826462 2.13124592396 2.76393256266 2.25212084845 0
441 10.7833640575 62.204887 78.125252 2.0893553 59.0221666038 77.836298274 2.12832819978 3.19581028478 2.23298267258 0
444 10.8491520882 61.273659 79.948227 2.0960183 57.6910264899 79.8552031544 2.11747835461 3.58383999894 1.22957055746 0
447 11.000015974 60.19879 81.787566 2.089809 56.8968655734 81.554650931 2.11762928782 3.31012905316 1.59398507699 0
450 10.647133112 59.161438 83.629466 2.0974137 56.961322793 83.5892498658 2.09523088896 2.20048273376 -0.125065859812 0
453 10.9885110855 58.11891 85.485673 2.0964985 55.4338813792 85.7078630542 2.09493591469 2.69420621235 -0.0895295431891 0
456 10.9646561146 57.036783 87.336936 2.0992423 54.9099211015 87.4460288704 2.08815851561 2.12965790438 -0.635054066683 0
459 10.6991100311 56.357629 88.602308 2.124456 54.6987040201 88.961554751 2.10908533775 1.6973774822 -0.880674075333 0
462 10.7993049622 56.200217 88.720884 2.2094598 53.9118978423 88.4318709553 2.20829479526 2.3064980181 -0.0667498544617 0
465 10.7167010307 56.199637 89.07416 2.3631742 53.2658103724 88.2735470276 2.35398534896 3.04110503142 -0.526482383052 0
468 10.7477428913 56.109511 89.161307 2.4869631 53.3058563221 88.7559840644 2.49719740415 2.83280183479 0.586382433947 0
471 10.8185679913 56.023191 89.233423 2.608836 52.7010170337 89.0240328434 2.62276750492 3.32876615284 0.798216434428 0
474 10.8246479034 54.873312 89.789936 2.6823278 51.6538464223 89.3479839409 2.67890273905 3.24965847871 -0.196241537075 0
477 10.806885004 52.997249 90.667048 2.6986067 49.6539124043 89.9196831961 2.7182118855 3.42585080556 1.12329438584 0
480 10.8581211567 51.122563 91.609157 2.7018871 47.9698873964 90.7590757942 2.73244060118 3.26527204346 1.75058666683 0
483 10.9180691242 49.137432 92.566213 2.7007601 46.4121411616 91.8814298452 2.70682770612 2.81000678341 0.347648222347 0
486 10.8420679569 47.308569 93.452781 2.7003868 44.430411624 92.5123268474 2.72095703494 3.02791081343 1.17858764559 0
489 10.6934370995 45.360782 94.336008 2.7008969 42.6438132666 93.4470810636 2.73647748713 2.85869029393 2.0386174753 0
492 10.7630770206 43.468079 95.251019 2.7064338 40.8762071924 93.7887888485 2.71801311359 2.97588919197 0.663445798495 0
495 10.7624669075 41.590918 96.131677 2.7064065 38.5325656994 95.2167066283 2.7215207424 3.19228594832 0.865982300131 0
498 10.7775700092 39.606214 97.06058 2.704478 36.0840443457 96.4633724464 2.74617326369 3.57244117313 2.38896263528 0
501 10.6923570633 37.718719 97.944153 2.696243 34.413620108 96.6195096842 2.73443326357 3.56066827997 2.18814092099 0
504 11.3609399796 35.769603 98.891663 2.7044976 32.1919850057 97.0395124168 2.74768582785 4.02862411943 2.47450318071 0
507 10.7618589401 33.862509 99.822852 2.7013631 30.5707218033 98.0240218109 2.74652448112 3.75122020113 2.58755653513 0
510 10.7134680748 31.979521 100.73965 2.7066945 28.9398317257 99.1854819901 2.73907105847 3.41396383804 1.85504015523 0
513 10.6374399662 30.015598 101.64307 2.7044148 27.4860111709 100.610784072 2.71579494414 2.73210976391 0.652034229514 0
516 10.7097868919 28.083667 102.5122 2.7038251 25.6720662934 101.540708565 2.69779409565 2.5999256869 -0.345551095346 0
519 10.7081370354 26.231599 103.44351 2.6987262 23.2316373476 102.169614081 2.7201390503 3.2592300821 1.22686594953 0
522 10.8034079075 24.326425 104.3449 2.7056645 21.4273176768 103.102572841 2.70314047845 3.15407673351 -0.144615782474 0
525 10.7651808262 23.072168 104.95788 2.6888385 19.7893574321 103.980583047 2.6822346861 3.42519409071 -0.378370665168 0
528 10.7682788372 23.059574 104.94595 2.6093304 19.477161502 104.333603103 2.58694496758 3.63437037584 -1.2825908001 0
531 10.8741497993 23.148655 105.02795 2.4881616 18.7819128638 104.725230935 2.44904306163 4.37722237455 -2.24132714952 0
534 10.7410860062 23.15609 104.97342 2.3614352 18.9960447921 104.014144795 2.35080892278 4.26921363376 -0.608840836642 0
537 10.7785000801 23.189116 104.80794 2.2179164 19.2053795317 103.883825701 2.1963334474 4.08951628998 -1.23661209315 0
540 10.8267688751 23.170444 104.45908 2.0515088 19.2843463559 104.61229879 2.0938220767 3.88911698167 2.42437217214 0
543 10.740334034 23.203193 104.36781 1.9241471 19.1188733305 105.15237108 1.94402796468 4.15899065288 1.13908963927 0
546 10.7756700516 23.268475 104.40083 1.8086424 19.6239779315 104.204103567 1.83933262347 3.6498027579 1.75842027725 0
549 10.6631269455 23.269141 104.3114 1.6661585 19.175489036 104.38641222 1.67635911982 4.09433916957 0.584452464075 0
552 10.7304499149 23.273746 104.22596 1.531085 19.6426117079 104.193008895 1.56723397594 3.63128379818 2.07118375497 0
555 10.7176778316 23.201513 103.9692 1.3630267 19.2858828451 104.795364215 1.39207500909 4.00183793032 1.66434551309 0
558 10.7736439705 23.573375 105.47089 1.3112874 19.5277344597 106.014407293 1.35287416225 4.08198706876 2.38274596073 0
561 10.7650980949 24.091257 107.45193 1.3021436 19.8162810105 106.348835102 1.35052624856 4.41500147965 2.7721215644 0
564 10.8548049927 24.69734 109.54228 1.2971878 20.9502820129 108.704652774 1.3048456556 3.83953941629 0.438762806255 0
567 10.7739069462 25.24514 111.62222 1.291934 21.4184597088 111.306796129 1.31396799854 3.83965809278 1.26245512207 0
570 10.8077769279 25.838263 113.71051 1.2925571 22.3295845183 113.390698889 1.33385457845 3.52322350058 2.36617121953 0
573 10.7748839855 26.485855 115.66064 1.2984976 22.6396010423 115.64565827 1.33366315866 3.84628313564 2.01483809516 0
576 10.7459270954 26.666562 116.70228 1.2516028 22.6279642167 116.503770942 1.29245941716 4.04347349455 2.34091172838 0
579 10.7294378281 26.671044 116.66524 1.1445574 22.7397353317 116.837651271 1.16584905855 3.9350874821 1.21992217358 0
582 10.7526991367 26.68282 116.71548 1.0360889 23.0530894507 116.067432359 1.05727885306 3.68712755478 1.21409487829 0
585 10.9700100422 26.598988 116.54426 0.86252405 22.613463721 116.108633166 0.880084768091 4.00926109363 1.00615503181 0
588 11.3357059956 26.490987 116.49462 0.72378221 22.3785858515 116.177997341 0.761036391234 4.12457187045 2.13450735392 0
591 11.3396661282 26.414554 116.44154 0.58967497 22.1038013957 116.340332053 0.622456011636 4.31194052182 1.87821533381 0
594 10.7599151134 26.30131 116.37003 0.43724496 21.883630178 116.168058145 0.502882643723 4.42229438641 3.76076225433 0
597 10.789896965 26.176025 116.35464 0.31453037 21.8211433784 116.486237823 0.343363495855 4.35686950974 1.65201642166 0
600 10.7819721699 26.088883 116.46581 0.14702743 21.9208679028 116.314068008 0.225560545523 4.17077636451 4.4996160715 0
603 10.7096159458 25.977812 116.45377 0.019989929 22.3269066202 116.171465771 0.102603143108 3.66180362252 4.73338850038 0
606 10.7473430634 25.890585 116.45549 -0.11586106 22.5314747661 115.897532697 -0.0217926796915 3.40513405245 5.38972117731 0
609 10.7546541691 27.617035 116.21759 -0.13548047 24.3446256488 115.795247946 -0.0693757770953 3.29955084407 3.78751990945 0
612 10.784840107 29.732468 115.90829 -0.14344069 26.4815279969 115.588656201 -0.0851079101677 3.26661547613 3.34222209166 0
615 11.1441600323 31.744289 115.6014 -0.14068963 27.9236759518 114.94108526 -0.110902556377 3.87725413394 1.70667360263 0
618 10.5519621372 33.87565 115.27561 -0.13567301 30.3657186867 114.851915575 -0.10547230114 3.53541154469 1.73037315598 0
621 10.6730089188 35.936054 114.9269 -0.14240112 32.9592039016 114.980229139 -0.118744201217 2.97732774576 1.35544160255 0
624 10.6261408329 38.113735 114.67885 -0.14674677 34.5107700522 114.598614955 -0.120964823984 3.60385822107 1.47719669435 0
627 10.735861063 40.163768 114.30534 -0.14012204 36.7240055387 114.646829379 -0.0983335488758 3.45667192343 2.39430417364 0
630 10.7573540211 42.346763 113.98058 -0.16006212 38.9915276561 114.245206151 -0.0849776310862 3.36565464844 4.30202432166 0
633 10.7930970192 44.341947 113.67079 -0.15507802 40.9685218864 114.557950799 -0.0898971128038 3.48813005487 3.73459088717 0
636 10.6909298897 46.544067 113.30502 -0.15009707 42.9005002157 114.17152583 -0.0653254987798 3.74518507756 4.85705325361 0
639 10.7817628384 48.557097 112.97025 -0.14631805 44.9856847071 113.994226893 -0.0747326412005 3.71530812233 4.10154179893 0
642 10.751955986 50.586062 112.64729 -0.14866611 47.6648924107 114.238656384 -0.0898352056471 3.32651149681 3.37076252436 0
645 10.73913908 52.747394 112.3225 -0.14488479 49.9300474867 114.009454676 -0.063645971849 3.28378706018 4.65464141268 0
648 10.7116658688 54.919709 111.95097 -0.14565598 51.6447752253 114.014302549 -0.0651145806374 3.87072763662 4.61468225955 0
651 11.1735200882 56.9199 111.70562 -0.14317608 53.5584417005 113.664461297 -0.0764517361437 3.89056051583 3.82302329375 0
654 10.745085001 58.963864 111.32719 -0.14485493 56.340924162 113.641196639 -0.067600746133 3.49777645362 4.42633868531 0
657 11.1733920574 61.070196 111.0267 -0.15209978 57.6692050408 112.364800961 -0.130134901611 3.65475767831 1.25849482921 0
660 10.7505779266 63.25691 110.67843 -0.1447313 59.8767701684 111.599813504 -0.117344038996 3.50346868738 1.56917446795 0
663 10.7405319214 65.338645 110.4192 -0.14848438 61.4410092248 111.664186938 -0.128152242753 4.09164479301 1.16494565274 0
666 10.8523850441 67.412523 110.08404 -0.1445869 63.530204019 111.668673653 -0.118187304479 4.19326417996 1.5125854042 0
669 10.6800580025 69.507235 109.73429 -0.15139682 65.7678261908 111.390682068 -0.113693191349 4.08984265307 2.16025879403 0
672 10.9397478104 71.647859 109.39116 -0.14906575 68.1844672801 111.286207283 -0.110790320733 3.94794711317 2.19302055603 0
675 10.6740839481 73.702975 109.06139 -0.1559357 70.0267575113 111.159311504 -0.0860926176682 4.23271185658 4.00171384579 0
678 10.9009559155 75.754203 108.72815 -0.15045699 72.058112285 110.174691836 -0.130370892326 3.9690767007 1.15084862361 0
681 10.6456999779 77.860742 108.43703 -0.15243836 74.3823087348 109.67767438 -0.130791407311 3.6930605814 1.24027902842 0
684 10.8548159599 79.97813 108.08555 -0.15170568 75.6617987731 109.288890438 -0.140576373102 4.48093109411 0.637662314162 0
687 10.7869288921 82.120618 107.73965 -0.14888428 78.171206566 108.940202208 -0.146050578815 4.12785371335 0.162359118288 0
690 11.2327461243 84.192494 107.42985 -0.14593359 80.7874261759 108.684069749 -0.137202237807 3.62871245284 0.500269630091 0
693 10.9830060005 86.28045 107.15458 -0.15823172 82.5085946981 108.85673052 -0.126484123242 4.13814074323 1.8190033039 0
696 10.7911829948 88.385341 106.75858 -0.15035877 84.6253874511 108.619449326 -0.112944309375 4.19524556332 2.14369068656 0
699 10.7571539879 90.512184 106.42958 -0.15443508 87.211262079 108.690407382 -0.103663188688 4.00092814007 2.90901509008 0
702 10.7524778843 92.541412 106.11165 -0.15857271 88.9812464783 108.507891457 -0.111202082065 4.29147429916 2.71413705354 0
705 10.5838370323 94.624435 105.7799 -0.14991569 91.4163550003 107.886557187 -0.118143150602 3.83793978435 1.82043241192 0
708 10.6550941467 96.812614 105.41142 -0.16008539 93.4077586723 107.450694621 -0.136396606014 3.96883871964 1.35726734417 0
711 10.8043279648 98.833392 105.05687 -0.15857643 94.791865373 106.921082475 -0.12455921141 4.45075562436 1.94904305596 0
714 10.7459230423 100.9283 104.72764 -0.15390186 96.8349127224 107.03800643 -0.120968562351 4.70038428687 1.88693896072 0
717 10.7628560066 103.02648 104.38009 -0.15580909 98.903693297 106.675260445 -0.124747802429 4.71859911076 1.77968068408 0
720 10.7716608047 103.56436 104.3046 -0.21764658 99.509913475 107.000209402 -0.178943123729 4.8687623347 2.2175446969 0
723 10.663038969 103.46604 104.39779 -0.32798619 99.302547606 106.795207265 -0.307179990362 4.80440198757 1.19210742696 0
726 10.9043829441 103.43166 104.43448 -0.46455789 99.5094747287 106.875099819 -0.442039403491 4.61954136306 1.290214238 0
729 10.7195510864 103.35806 104.51276 -0.60050128 99.3568106084 107.146229345 -0.570020564926 4.79011038336 1.7464163303 0
732 10.6659669876 103.30537 104.5712 -0.75278089 100.318954252 106.880337295 -0.687631536066 3.77502239327 3.73278301845 0
735 10.6236829758 103.24477 104.73622 -0.88717849 99.4375041292 106.526829103 -0.797634692997 4.20732151983 5.13048164985 0
738 10.7694969177 103.11543 104.83266 -1.0218313 100.508356938 106.858480035 -0.950229159159 3.30163243932 4.1025004743 0
741 10.7595169544 103.3336 104.43355 -1.1359167 100.214629232 106.496750661 -1.08683173776 3.73962239025 2.81236117386 0
744 10.8213341236 104.18264 102.5184 -1.1499809 101.49888494 104.458672722 -1.09922911748 3.31167623092 2.90786294108 0
747 10.7730979919 105.02068 100.61649 -1.1544373 102.877700427 103.429482736 -1.09893546564 3.53628188695 3.18002086394 0
750 10.7162818909 105.97315 98.645528 -1.1675657 104.187812365 100.997565899 -1.0513510799 2.95288210882 6.65860724945 0
753 11.2400951385 106.66644 96.709247 -1.154133 104.504238632 99.0442351805 -1.07641277159 3.18233947908 4.45304107083 0
756 10.754584074 107.65453 94.805864 -1.1707179 105.165522315 97.2291996235 -1.11838018593 3.47386165553 2.99873012541 0
759 10.7299129963 108.36584 92.821603 -1.1639211 106.140363163 95.3190035031 -1.11275048009 3.34510932899 2.93186055582 0
762 10.7189998627 109.18739 90.932737 -1.1605274 106.977364328 92.123518387 -1.1315814395 2.51041307002 1.65848137045 0
765 11.0933229923 110.00551 88.971931 -1.1631703 107.886059009 90.4345272215 -1.10701760784 2.57512333877 3.21731226912 0
768 11.1350779533 110.83946 87.051439 -1.1600004 108.893798613 88.8163148933 -1.12521918092 2.62685841835 1.99281705973 0
771 10.6950769424 111.68317 85.129972 -1.1502451 110.41512396 86.8327090582 -1.11091769019 2.12302949818 2.25329460119 0
774 10.7175860405 112.49307 83.177328 -1.1488654 110.856839711 85.8083339791 -1.09965764099 3.09829663199 2.81939691029 0
777 10.6524748802 113.40329 81.226755 -1.149046 111.606866987 83.5565815454 -1.10824961773 2.94197677983 2.33746052334 0
780 10.6576700211 114.20236 79.347389 -1.1522317 112.016092557 81.861979261 -1.12683554354 3.33210586775 1.45509258108 0
783 10.6356670856 115.10134 77.33273 -1.146946 113.184172486 80.1032273667 -1.12348897088 3.3691522578 1.34398876866 0
786 10.6430239677 115.87569 75.433999 -1.1405871 113.939847297 78.4770890418 -1.14037484272 3.60664441988 0.0121614465379 0
789 10.9139869213 116.74641 73.521868 -1.1514597 114.658107228 76.3219705728 -1.13413180245 3.49307642136 0.992815397223 0
792 10.8419981003 117.66191 71.592443 -1.1472421 115.588726286 74.3435074087 -1.15082729735 3.44477083301 -0.205416676859 0
795 10.9015221596 118.47567 69.543126 -1.1411103 116.504291973 71.8868819294 -1.11966587524 3.06260072195 1.22867503261 0
798 10.9823300838 119.32773 67.660396 -1.1493947 117.602778309 70.3111061165 -1.14468019793 3.16254999302 0.270121071148 0
801 11.0153470039 120.23613 65.736718 -1.1477983 118.419650697 68.2532607608 -1.11615806246 3.1036405278 1.81285207387 0
804 11.2122991085 121.05504 63.851108 -1.1435448 119.457046018 66.0587365483 -1.10006307476 2.72529054833 2.49131934248 0
807 10.9207868576 121.9387 61.889647 -1.1416966 120.288312367 64.0619537 -1.14849837002 2.72813044712 -0.3897127155 0
810 11.4699299335 122.75206 59.947854 -1.134592 121.561823881 62.4624221243 -1.12041000708 2.78203430448 0.812568339141 0
813 11.2103309631 123.61313 58.017737 -1.1345099 122.655821233 60.7324377916 -1.09079681678 2.87854832569 2.50457517812 0
816 10.8624210358 124.50226 56.14403 -1.1250591 123.222433213 59.3848242887 -1.13264068367 3.48435133495 -0.434392746093 0
819 10.7973899841 125.37031 54.195354 -1.1346431 123.658055477 57.7468943841 -1.10451287817 3.94274709437 1.72633454653 0
822 11.0642659664 126.19009 52.293812 -1.120627 124.709458229 55.7889915458 -1.0992188258 3.79585965216 1.22659802882 0
825 10.7200860977 127.09539 50.434417 -1.1252352 125.681990471 53.8241432801 -1.11703581162 3.67259342719 0.469790348755 0
828 11.0788919926 127.94916 48.435924 -1.125081 126.917360198 51.5873664069 -1.1127801874 3.31605188055 0.704784646318 0
831 10.7145791054 128.83417 46.49897 -1.1135569 127.062464567 49.5381030445 -1.12762309163 3.51785016792 -0.805933414454 0
834 10.6952469349 129.69028 44.561049 -1.1141866 128.063498793 47.308190614 -1.1341361246 3.19267977465 -1.14302356271 0
837 11.3646829128 130.6504 42.689185 -1.1179531 128.862235952 45.5805888749 -1.129358273 3.39966866472 -0.653468277486 0
840 13.8979969025 131.56218 40.752166 -1.1133477 130.100853743 43.1398963182 -1.12138662296 2.79941610027 -0.460596357587 0
843 10.8463099003 131.80181 39.159633 -1.0655485 131.29297823 42.1726171157 -1.10345905038 3.05564773018 -2.17211453589 0
846 10.8568668365 89.526265 39.287264 -0.26055386 132.682141264 40.9569918838 -1.10058767114 43.1881655932 -48.1303920265 0
849 10.7689139843 49.129117 22.860079 0.57174269 133.686640331 40.0636376604 -1.06596552213 86.2898440283 -93.8337686288 0
852 10.7372019291 45.693587 19.436118 1.0035584 135.200542974 39.491605483 -1.03837918135 91.7263198105 -116.994405441 0
855 10.747852087 46.841947 21.209275 1.0214136 134.002659145 34.1588002388 -1.14406544053 88.1174213509 -124.072809646 0
858 10.7711830139 48.00008 22.972907 1.0079248 35.7514515158 90.817642564 0.578005450612 68.9415480207 -24.6325642509 0
861 10.9130330086 49.170996 24.731115 1.014741 64.6413553476 105.083785141 0.442170373419 81.8283790451 -32.8058803763 0
864 10.7685649395 50.349541 26.532036 1.0144485 102.203825825 93.552952295 2.05623085068 84.7388345196 59.689731865 0
867 10.8648948669 51.518278 28.351001 1.0069992 101.307438793 96.6225231198 2.14525211447 84.4982914917 65.2170880176 0
870 10.7714869976 52.642563 30.101924 1.0170679 57.8785347117 102.285940837 -2.8695458537 72.3736670787 137.313435316 0
873 11.0915369987 53.80357 31.912095 1.0183648 57.0239496161 102.326868743 -2.76640016326 70.4883763901 143.148941156 0
876 10.7607450485 54.946688 33.671099 1.0064723 37.0492179422 101.606919097 1.55481983329 70.2537905508 31.4179993639 0
879 10.7863919735 56.161659 35.476636 1.0152563 37.3678346401 103.912962733 1.5356003653 70.9699841536 29.8135188361 0
882 10.7650268078 57.333476 37.252395 1.017552 89.9177963661 54.3723536984 2.80804191981 36.8080279226 102.587515666 0
885 11.213173151 58.434052 39.044555 1.0099164 87.1207211423 56.5635052256 2.83016645959 33.6130719138 104.292646073 0
888 11.1096258163 59.558673 40.733157 1.0155176 135.982154162 77.183272677 0.920263541118 84.6708887742 -5.45765555544 0
891 10.7496900558 60.829575 42.673596 1.0256616 138.807234417 80.1876553931 1.10235825835 86.5321906594 4.39439482603 0
894 10.8707649708 61.938983 44.298725 1.0235902 88.0269047311 73.335640457 2.46226252244 39.0348833674 82.429852178 0
897 10.7431809902 63.08776 46.123861 1.0214801 59.8062001576 47.7968822842 1.0104256774 3.68342710208 -0.633371760053 0
900 10.8049590588 64.233274 47.872937 1.026201 61.0850963457 48.8571034955 0.90527979308 3.29842481106 -6.92827481016 0
903 10.7555019855 65.367062 49.701179 1.0288308 63.5487927126 50.2271185245 0.927683220331 1.89280627237 -5.795329423 0
906 11.1332609653 66.47055 51.411163 1.0247772 64.1287519296 51.8666948469 0.945883742423 2.38569224039 -4.52026215034 0
909 10.7696609497 67.601685 53.206336 1.0345375 65.7767172461 53.2924187616 0.950996336849 1.82699686502 -4.78655606419 0
912 10.7378959656 68.713633 54.989386 1.0321621 66.7121467636 55.7473187348 0.96110854784 2.14018905354 -4.07106865815 0
915 10.7132520676 69.889939 56.860516 1.0335194 67.7626868931 57.774581732 0.965154138157 2.3153223725 -3.91704096893 0
918 11.1235439777 70.97178 58.665246 1.0279054 67.9957144898 60.0403805417 1.00223565651 3.27840829193 -1.47076796325 0
921 10.7744779587 72.083269 60.388926 1.0348295 69.6710393699 62.1180840422 1.00483652291 2.96796888853 -1.71847100215 0
924 10.7981419563 73.21006 62.180545 1.0389104 70.0210203216 63.4511763968 1.02088007673 3.43285278116 -1.03306142685 0
927 11.3117640018 74.211219 63.966291 1.0279221 71.1537372302 65.2127183264 0.994997832515 3.30178373798 -1.88642157043 0
930 10.7215850353 75.394113 65.876292 1.0355825 72.6654904429 66.9156746651 0.999630112401 2.91987968652 -2.05992007284 0
933 10.6881818771 76.475569 67.55587 1.0353462 73.9163264466 68.7476493003 1.00180116513 2.82312953078 -1.92198892171 0
936 10.7820301056 77.652303 69.425792 1.0395167 75.177749343 70.3072636476 0.996568475671 2.62686278032 -2.46075199164 0
939 10.7830908298 78.72098 71.209083 1.0347632 76.1033225512 72.1671679243 1.00546670106 2.78748224056 -1.67856574395 0
942 10.7337090969 79.923618 73.070281 1.0406815 78.2091602694 74.2415696393 0.968823185006 2.07636277821 -4.11717817205 0
945 10.7390110493 80.886825 74.813727 1.0240856 78.4520813176 75.9724059623 1.00366124222 2.69638901801 -1.17022949985 0
948 10.7214980125 82.003807 76.66259 1.0354781 80.099339339 78.1300152149 0.984332373287 2.4042324832 -2.93043428078 0
951 10.8029148579 83.149971 78.458347 1.0359732 81.1087565004 79.6623498812 0.978702227555 2.36984800597 -3.2813850097 0
954 10.6887869835 84.209192 80.07724 1.046865 81.9995917492 80.4430677518 0.996104403298 2.23967926552 -2.9083679566 0
957 10.7691369057 84.421821 80.346791 1.1291589 82.2483260457 80.7751834913 1.08455081954 2.21531046196 -2.55585474248 0
960 10.7461879253 84.549549 80.462185 1.2384433 81.7028011636 80.7778715022 1.21192975084 2.86419817951 -1.5191144668 0
963 10.5733070374 84.477315 80.645515 1.377415 82.0215801272 80.9922014478 1.32515382545 2.48008573611 -2.99434473436 0
966 10.6278140545 84.491575 80.745704 1.5042297 81.6024990882 81.0142578347 1.46903289134 2.90153076608 -2.01662858867 0
969 10.7041699886 84.58151 81.604236 1.6242617 81.2846890521 82.442559055 1.60258402403 3.40173689561 -1.24203934285 0
972 10.7331140041 84.52138 83.606555 1.6450761 81.2338889347 83.9941071651 1.62611274769 3.31025590935 -1.08652005266 0
975 10.9587910175 84.450105 85.633891 1.6510189 81.1078066861 86.6645288253 1.6194356498 3.49759522328 -1.80958693962 0
978 10.7462899685 84.288283 87.799076 1.6553182 81.2314392089 87.9687765373 1.60711981346 3.06155062596 -2.76156412831 0
981 11.1331510544 84.219899 89.940013 1.6574582 81.1755225291 90.3001869178 1.62688193663 3.06560815302 -1.75189084437 0
984 10.7169389725 84.085061 91.960688 1.6559816 80.854007621 92.8939779606 1.61685271736 3.36314378057 -2.24191983235 0
987 11.0174198151 83.972707 94.061302 1.6546883 80.7225561555 94.846776373 1.64415001923 3.34371806571 -0.603799011562 0
990 10.6757898331 83.850194 96.236204 1.650278 79.9236044609 96.7274028689 1.64940955939 3.95719366941 -0.0497579815184 0
993 11.1151480675 83.742141 98.372522 1.653672 79.9311824143 99.1847910524 1.65769667808 3.8965608369 0.230597068089 0
996 10.7574911118 83.558608 100.37046 1.6603574 79.5726285166 100.900698404 1.64579700916 4.02109253894 -0.834248942987 0
999 10.7671630383 83.448658 102.54165 1.6520527 79.8514796222 102.82244125 1.65047320841 3.60812084164 -0.0904982016337 0
1002 10.8477210999 83.308795 104.69204 1.6576029 79.3009218803 104.866158939 1.65010256751 4.01165356787 -0.429737396611 0
1005 10.8950250149 83.194681 106.76107 1.661421 78.9692163738 107.972624031 1.66155255342 4.39572684292 0.00753745551169 0
1008 10.7439260483 83.066158 108.84686 1.6653468 78.5511492332 109.274856297 1.6630557367 4.53524916564 -0.131268257615 0
1011 10.6287071705 82.920912 111.09751 1.6564676 78.6659373443 111.651377095 1.67718720932 4.29087148245 1.18714616737 0
1014 10.6290538311 82.798446 113.12029 1.6519674 78.4907158578 113.628223805 1.65739935713 4.3375725618 0.311228217919 0
1017 10.6930580139 82.725101 115.25424 1.6521864 78.284862121 116.549073818 1.64834341077 4.62518279853 -0.220187063425 0
1020 10.6621069908 82.605874 115.888 1.7134215 78.6635660326 116.85967645 1.70041411326 4.06028905795 -0.745268362699 0
1023 10.7289450169 82.650086 115.98425 1.8265292 78.637177373 117.24614361 1.83531958268 4.20663893525 0.503651827973 0
1026 10.7064530849 82.697137 116.16336 1.9516157 78.333690128 117.160325243 1.96161462443 4.47589189995 0.572896169287 0
1029 10.7571890354 82.611261 116.28116 2.0730733 78.6687850754 117.230583788 2.10237751167 4.05518457601 1.67900765072 0
1032 10.7385859489 82.517518 116.45008 2.1971216 78.4410455747 116.979409466 2.22023377283 4.11069545429 1.32422995864 0
1035 11.1272380352 82.418538 116.4581 2.3123831 78.3512229575 116.969490747 2.36047405556 4.09933801374 2.75540878642 0
1038 10.7256090641 82.414024 116.83182 2.4679277 78.5868889026 116.80252427 2.49473470613 3.82724722137 1.53592831234 0
1041 10.7544708252 82.282962 116.94587 2.5874118 78.6111188571 117.442077129 2.59354321146 3.70521977505 0.351303999139 0
1044 10.681661129 82.208722 116.96752 2.707272 79.2029078203 116.30048873 2.77770384342 3.07893643946 4.03544737116 0
1047 10.7085521221 82.043289 117.20312 2.8493508 78.178213772 117.231125294 2.86161562072 3.86517668606 0.702722463917 0
1050 10.7835681438 81.832352 117.28824 2.9891727 78.688570435 117.340130709 3.01223416265 3.14420978537 1.32132447903 0
1053 10.8526198864 81.142386 117.29523 3.0875315 77.4654848202 116.945453101 3.11784412476 3.69350052996 1.73678546493 0
1056 10.7715039253 79.131234 117.37152 3.1037602 75.6231996397 116.722096341 -3.12249887244 3.56764013897 3.26163299441 0
1059 11.0129230022 77.094643 117.50841 3.1079346 74.4243331632 116.173842608 -3.1099868259 2.98523445459 3.73934495224 0
1062 10.8764660358 74.899205 117.59033 3.115912 71.7957357467 117.038169701 -3.12992939635 3.15220595814 2.13964848084 0
1065 10.7206718922 72.824078 117.69503 3.116944 69.5929064125 116.974624546 -3.14144120128 3.31050658452 1.42094139936 0
1068 10.7133488655 70.711208 117.83017 3.1174699 67.7097036027 116.981429674 -3.1193676755 3.11919681773 2.65552941503 0
1071 11.3369281292 68.550781 117.88294 3.1169773 65.9322735648 117.034917871 -3.14126512457 2.75240308081 1.42912190225 0
1074 10.782720089 66.454241 117.99143 3.11617 63.8323773965 117.348554628 -3.12978018823 2.69952912542 2.13341516563 0
1077 10.7010421753 64.352032 118.06903 3.1139299 61.1839178827 117.321293516 3.12030831565 3.25515850752 0.36545629665 0
1080 10.7856411934 62.204954 118.16997 3.1178991 59.4213732286 117.51469881 3.14136593407 2.85966820513 1.34455055082 0
1083 10.6879479885 60.134729 118.2293 3.1166836 57.0745942701 117.487148405 3.14132597965 3.14884320902 1.41190435118 0
1086 10.8429310322 58.034017 118.36643 3.1239361 54.886380336 117.003318196 -3.12859356655 3.43011521063 1.75643882627 0
1089 10.7365570068 55.858025 118.47896 3.1251128 52.190747667 116.798995683 -3.13809524308 4.03375794316 1.1446129193 0
1092 10.7593369484 53.766425 118.55 3.1243401 49.8664833617 116.902624679 -3.14047279413 4.23360251213 1.05266172717 0
1095 10.9955320358 51.628528 118.603 3.1187628 48.0250868024 117.525750266 -3.13323170326 3.76101787462 1.78710142435 0
1098 10.7445948124 49.494235 118.64783 3.1200968 46.8766783658 117.511026151 3.13120232954 2.85375642362 0.63629997204 0
1101 10.7099440098 47.379245 118.80828 3.1260538 45.3932150935 117.512225527 3.13386707969 2.3715125945 0.447667950306 0
1104 10.7335450649 45.313934 118.87713 3.1250737 42.359964297 117.839078902 -3.14110027296 3.13105207367 0.97467765441 0
1107 10.8214921951 43.229975 118.9845 3.131291 40.7596764964 117.626827102 3.12597373932 2.81880300731 -0.304656595291 0
1110 10.7533679008 41.038059 119.03542 3.1300111 38.8909916119 117.01806635 3.13041649084 2.94611848373 0.0232271839293 0
1113 10.7220470905 38.877743 119.09254 3.1262084 35.7966792785 117.933591746 3.1117720413 3.29182543744 -0.827142424894 0
1116 10.6519939899 36.866989 119.17866 3.1252668 33.8182536077 118.2055969 3.07972233803 3.20025612879 -2.60950545083 0
1119 10.7564198971 34.67231 119.25843 3.1314701 31.7258315826 118.560518041 3.08097705501 3.02800531154 -2.89303837253 0
1122 10.7274069786 32.567479 119.34722 3.1353596 30.2015691118 118.255552812 3.10224919078 2.60562216149 -1.89708670643 0
1125 10.7153251171 30.502201 119.36971 3.1349527 27.2061010723 117.940718584 3.12691101512 3.59253269994 -0.46075460384 0
1128 10.7961568832 29.15421 119.31018 -3.13185 26.1846081778 118.149919859 -3.1096254762 3.18821871524 1.27337141545 0
1131 11.0393130779 28.938717 119.39146 -3.028318 26.2097873956 117.320502683 -3.01673079027 3.42577305071 0.663898213666 0
1134 10.7928209305 28.80706 119.32785 -2.9089456 26.1733191231 117.683218237 -2.89507475065 3.1050611334 0.794741126271 0
1137 11.1409738064 28.607415 119.34948 -2.7753086 26.2024732635 117.619866672 -2.76357561632 2.96231446995 0.672250445753 0
1140 10.8528988361 28.309413 119.3977 -2.6319404 26.3180415667 117.505904999 -2.63257386223 2.74671594995 -0.0362947125344 0
1143 10.9024939537 28.176965 119.31562 -2.5155106 26.3596117115 117.662643807 -2.4865182505 2.45664471767 1.66113926474 0
1146 10.7056410313 28.13257 119.1422 -2.3876282 25.6997902404 117.67432624 -2.37245276527 2.84131496554 0.869488362059 0
1149 10.6810660362 28.071656 119.10664 -2.2643471 25.6609224642 118.59595643 -2.23980855901 2.46423089195 1.40595483404 0
1152 11.0642209053 27.847582 119.05477 -2.1225081 26.1561626131 118.25019737 -2.11023486669 1.87302873944 0.703204469894 0
1155 11.1181960106 27.651134 118.95518 -2.0012288 25.3229523415 118.515019806 -2.03857342445 2.36942415618 -2.13968936857 0
1158 10.7850790024 27.585975 118.8068 -1.8653126 24.660181904 118.804664361 -1.86675619221 2.92579387549 -0.082711740766 0
1161 10.8090388775 27.545652 118.66047 -1.7395281 25.5320966316 117.935314615 -1.77606522827 2.14015316119 -2.09342324515 0
1164 10.742128849 27.426878 118.54472 -1.6078392 25.9645932646 118.14617606 -1.61175338793 1.51562327746 -0.224266448748 0
1167 10.9848389626 27.408113 118.27266 -1.4907581 26.2880040963 117.405176889 -1.48705647765 1.41674659128 0.212087338126 0
1170 11.1600608826 27.619078 117.43976 -1.368489 26.1790538405 116.819806992 -1.39424822101 1.56780461561 -1.47589464756 0
1173 10.7056829929 28.00462 115.50954 -1.3464267 26.705226191 115.989441288 -1.32283578358 1.38518212424 1.35165994547 0
1176 11.0094101429 28.352772 113.43776 -1.3439724 26.2034364134 113.832026965 -1.36641764198 2.18519790945 -1.28601763575 0
1179 10.8135790825 28.777386 111.37552 -1.3470791 26.7883163044 111.266729634 -1.38260768372 1.99204256925 -2.03563789932 0
1182 10.7554490566 29.292879 109.18718 -1.3487141 26.3708556876 109.786228718 -1.43267892365 2.98279727846 -4.81083002281 0
1185 10.6904251575 29.664866 107.14961 -1.3582731 26.9501915159 107.351551911 -1.40329192863 2.72217524973 -2.5793888794 0
1188 10.9512960911 30.155372 105.1583 -1.3627181 27.573881456 105.421134161 -1.41606360422 2.5948362617 -3.05647224773 0
1191 10.9261748791 30.584999 103.08809 -1.3538609 27.1784937583 102.884800188 -1.44538311514 3.41256570766 -5.2438366593 0
1194 10.7190771103 30.932942 101.04272 -1.3388863 28.3830957977 101.363816149 -1.38539923241 2.56998412298 -2.6649947197 0
1197 10.7188088894 31.46397 98.886394 -1.3633561 28.8469664956 98.9653609808 -1.38710219318 2.61819463105 -1.36055091935 0
1200 10.7003979683 31.761459 96.890841 -1.3338862 29.7986256044 97.1617462747 -1.35592153874 1.98144003359 -1.26253190986 0
1203 10.7670559883 32.148779 94.808879 -1.340085 30.4933295161 94.7617578226 -1.33517836798 1.6561199833 0.281129306399 0
1206 10.7424089909 32.63242 92.742465 -1.3409888 31.0536613978 92.4741652283 -1.33040697329 1.60139423361 0.606294009794 0
1209 10.7090158463 33.223163 90.635151 -1.3443959 31.6654490834 90.9077578203 -1.30635862589 1.58138772108 2.1793752707 0
1212 10.7634921074 33.480467 88.544154 -1.3400822 31.6153763691 89.1110567302 -1.34259620564 1.94934393247 -0.144041912658 0
1215 10.7515468597 33.996344 86.523674 -1.3537744 32.4350297669 86.5633217182 -1.34821980263 1.56181755533 0.318254986084 0
1218 10.7875041962 34.391099 84.502242 -1.3500462 32.6746305125 84.3543325604 -1.34112283289 1.7228294376 0.511271274533 0
1221 10.8056850433 34.871654 82.311763 -1.3462417 33.0088082929 83.2631152366 -1.35084720607 2.09171346187 -0.263876060575 0
1224 10.7634010315 35.319079 80.358924 -1.358939 34.1170125423 80.7656010041 -1.33849331593 1.26899564793 1.1714514064 0
1227 10.7518980503 35.776446 78.250756 -1.3606991 33.9762510548 78.0646389182 -1.35800454141 1.80979043233 0.154386835101 0
1230 10.7688729763 36.167733 76.160289 -1.3496683 34.7605032412 76.8527937509 -1.34250462252 1.56839358069 0.410448485289 0
1233 10.7381720543 36.593873 74.026216 -1.3452321 35.0380252096 74.5410600274 -1.35632512519 1.63881869633 -0.635583525236 0
1236 10.7137219906 37.096668 72.068535 -1.358637 35.0001270107 72.0172739392 -1.36643150501 2.09716756992 -0.446592240469 0
1239 10.7884747982 37.456761 70.030489 -1.3570922 35.0069415361 69.7681536158 -1.38065337483 2.46382533059 -1.34995587831 0
1242 10.7469301224 37.942935 67.912468 -1.3598503 35.9775056627 67.7196663289 -1.37868563765 1.97486327737 -1.0791853533 0
1245 10.7731039524 38.381728 65.750541 -1.3597279 37.2501901853 65.4392356521 -1.35286128593 1.17357950124 0.393428005744 0
1248 10.6854131222 38.78715 63.709446 -1.3638712 37.5839625835 63.1948712591 -1.35382020421 1.30860502947 0.575879638507 0
1251 10.761701107 39.284372 61.704874 -1.358189 37.763521187 61.6615585901 -1.35170098097 1.52146752188 0.371736107625 0
1254 10.6690709591 39.616785 59.610797 -1.3616912 38.1638716931 59.5230236704 -1.34534025103 1.4555621714 0.936840367 0
1257 10.6840119362 40.0981 57.483375 -1.3627524 38.7614662004 57.6298244857 -1.34793966509 1.34463279969 0.848707193657 0
1260 10.7592470646 40.478176 55.366289 -1.371191 39.8155129044 56.0012679694 -1.33857050178 0.917780294976 1.86901687349 0
1263 10.7912950516 40.927924 53.368372 -1.3697355 39.985912454 53.8503775272 -1.33463566326 1.05816590436 2.01107250666 0
1266 10.9267580509 41.311773 51.24524 -1.3687118 40.7415002736 51.7184506906 -1.34067012531 0.741039364792 1.60666961008 0
1269 10.8296830654 41.752813 49.127024 -1.3690442 41.0107371262 50.047989816 -1.33720002243 1.18273185324 1.8245369767 0
1272 11.4154729843 42.124468 46.999249 -1.3746445 41.7035500722 47.7915161589 -1.34925573522 0.897139427817 1.45466906917 0
1275 10.6890530586 42.489069 45.000812 -1.3756167 41.7929664564 45.9569396581 -1.3446834797 1.18268290329 1.77234296991 0
1278 10.7102758884 42.919623 42.847052 -1.3693623 41.8929664588 43.8995737136 -1.36814047109 1.4703148 0.0700056397533 0
1281 11.0826318264 43.26925 40.76156 -1.3849404 42.7023274027 41.7093956843 -1.33125869652 1.1044427173 3.0757350465 0
1284 10.8444950581 43.723057 38.666685 -1.382086 43.3340403248 38.7723007096 -1.34363074924 0.403098811291 2.20332356863 0
1287 11.2134780884 44.069109 36.638541 -1.3748634 44.0554838316 37.0889114241 -1.35079163913 0.45057647972 1.37921030302 0
1290 10.8378369808 44.48264 34.512889 -1.372972 43.7377578595 35.4768743836 -1.35766306285 1.21824349908 0.877137487669 0
1293 10.8359057903 44.660959 33.544964 -1.3339999 44.1895565803 33.739572258 -1.31380335335 0.509992760128 1.15717688363 0
1296 10.735008955 44.654294 33.324157 -1.2074321 44.414057323 33.8245369647 -1.20876976268 0.555061951569 -0.0766424260948 0
1299 10.7714998722 44.699557 33.107025 -1.0711259 44.1353107798 33.5145538312 -1.05859439962 0.696026971653 0.718002082796 0
1302 10.7018818855 44.829945 32.953901 -0.95914547 44.6970419616 33.7756684031 -1.02776781178 0.832445122784 -3.93177056448 0
1305 10.7220270634 44.914184 32.826307 -0.82117543 43.839855209 33.2262926913 -0.905923384764 1.1463729343 -4.85570013033 0
1308 10.7894160748 44.932468 32.690373 -0.70238554 44.4607303049 33.1676679077 -0.83403138838 0.671078893957 -7.54275150259 0
1311 10.7915380001 45.019913 32.619075 -0.56167342 43.9613196815 33.4118502646 -0.708186668198 1.32254014467 -8.39459076448 0
1314 10.7181069851 45.164806 32.47066 -0.44585332 43.7389042266 33.4792148654 -0.598491660191 1.74653336183 -8.74553268481 0
1317 10.7046291828 45.307079 32.373178 -0.30795343 43.4577544924 32.9517444258 -0.589010745019 1.93771521213 -16.1033979518 0
1320 10.6931989193 45.468859 32.25314 -0.19105128 43.0298145655 32.3150269628 -0.501180948203 2.43982945093 -17.7691210898 0
1323 10.7290799618 46.833289 32.057508 -0.10389315 44.7113975907 32.8826195153 -0.276947133917 2.27667129062 -9.91526290635 0
1326 10.7138640881 48.863767 31.868312 -0.084237935 47.417009321 32.1134672658 -0.298987525453 1.46738164294 -12.3042451851 0
1329 10.7867791653 51.033972 31.691587 -0.08198003 48.5520346175 29.5907374882 -0.600237580364 3.25170445184 -29.6939703367 0
1332 10.7130219936 53.111195 31.42619 -0.084122232 50.9730828416 27.9610619977 -0.652997186783 4.0716870796 -32.5941339798 0
1335 10.9207670689 55.206155 31.249451 -0.082409142 53.9737674269 32.7212045176 -0.0272621153313 1.91959306802 3.15969188081 0
1338 10.7768959999 57.287235 31.07162 -0.080297126 56.2437914922 32.9201396328 -0.018143526635 2.12268678494 3.56113892516 0
1341 10.7350950241 59.516372 30.847745 -0.092608556 58.7431155521 33.0252781752 -0.00781576735479 2.31075231549 4.85826892252 0
1344 10.7731919289 61.567611 30.670937 -0.091677002 60.6388307398 33.0579282566 -0.00929207385418 2.56131997826 4.72030867824 0
1347 10.7689831257 63.68279 30.502969 -0.089332225 62.8741620713 32.2349947752 -0.0591593273948 1.91148957967 1.72877968846 0
1350 10.8399369717 65.773678 30.270465 -0.081918863 65.3815144661 32.0747561231 -0.0748233571229 1.84641780057 0.406542540271 0
1353 10.7670390606 67.870787 30.052005 -0.080757136 67.3336286727 32.101240298 -0.0752903754389 2.11846745907 0.313222307757 0
1356 10.6833949089 69.978421 29.855203 -0.080851998 69.6227116089 31.5613309798 -0.072549329833 1.74281434879 0.475707844668 0
1359 10.6476900578 72.04312 29.748383 -0.089661546 70.483181419 31.1342236208 -0.109880229107 2.08661510652 -1.15844520937 0
1362 10.660187006 74.192216 29.503442 -0.097083695 72.9317346 30.4806853594 -0.120297566862 1.59493509065 -1.33005688385 0
1365 10.6940147877 76.337484 29.313327 -0.092202589 75.0957470591 30.8703270161 -0.104157333448 1.99152195085 -0.684956402033 0
1368 10.9606502056 78.469083 29.072242 -0.088851811 77.4282451722 30.6197644379 -0.0782038722151 1.86498500786 0.610081952888 0
1371 11.2704479694 80.508884 28.860474 -0.08148585 79.2303397113 30.0625023515 -0.0830249074585 1.75486399928 -0.0881814968005 0
1374 11.2185850143 82.648681 28.706332 -0.092016755 81.4740765431 30.1941145602 -0.0716187593665 1.89557183369 1.16871906032 0
1377 11.0780870914 84.803463 28.469695 -0.089914919 83.5417254242 30.3715431249 -0.0514936662011 2.28232513034 2.20137562898 0
1380 11.0361828804 86.909059 28.274418 -0.095059786 84.8182449378 30.634912982 -0.0686541662751 3.1533220582 1.51293056566 0
1383 10.9949810505 88.999768 28.069648 -0.093100738 87.2850181287 30.4651394431 -0.0514407554757 2.94597121088 2.38694117323 0
1386 10.7015171051 91.148907 27.8824 -0.087682683 89.7226218083 30.362212401 -0.062336931246 2.86072700413 1.45220460409 0
1389 10.8428208828 93.191686 27.680334 -0.085944106 91.2606399365 30.1127785264 -0.0595847739411 3.10575679561 1.51027847776 0
1392 10.8069908619 94.597595 27.536443 -0.026113958 93.4398459806 30.0361118615 -0.0605019757736 2.75476445621 -1.97028828425 0
1395 10.8531141281 66.734672 23.138609 0.64678418 95.1746452975 30.6707780289 -0.023272114635 29.4204971311 -38.3913977188 0
1398 10.7557728291 41.954155 8.6979942 1.5862633 97.9949929264 31.8303559449 0.0159717112202 60.6274003681 -89.971080642 0
1401 10.8554420471 40.498777 7.6026468 1.6671323 99.9007213139 31.4508064754 0.000780970308845 64.0103562572 -95.4748983773 0
1404 10.8943908215 40.36551 9.5759073 1.6613912 102.454652586 30.7894673396 -0.0265557571793 65.6130837309 -96.7122366883 0
1407 10.8371999264 40.15753 11.693798 1.6450717 102.560266437 30.1716936117 -0.0178532416865 65.0809814082 -95.2785808057 0
1410 11.3456258774 40.017928 13.779826 1.6578436 103.183601985 30.6424395804 -0.0168508507238 65.3777493249 -95.9529240005 0
1413 12.0120120049 39.937066 15.922073 1.6651068 106.196118279 31.6444203287 0.0307924794953 68.0988561907 -93.6393129627 0
1416 11.495732069 39.75755 17.953862 1.6630734 106.587703665 30.1039360536 -0.0102751876078 67.9256486053 -95.8758117241 0
1419 11.1901340485 39.645384 20.177858 1.663423 109.837451725 32.3571911067 0.0518074649351 71.2408767942 -92.3387683569 0
1422 10.9815289974 39.526919 22.292671 1.6684735 111.330565047 32.5413738384 0.0474081919118 72.5313690444 -92.8802004685 0
1425 11.1835501194 39.303781 24.413998 1.6572417 113.991973461 33.3147229359 0.103467178151 75.2166803141 -89.0247224169 0
1428 10.9915008545 39.21094 26.55624 1.6661167 120.083451174 29.2828581273 -0.0524155513132 80.9184621088 -98.4646449574 0
1431 10.801030159 39.049874 28.673026 1.6660737 117.760888606 35.0005482351 0.151820984537 78.9649375227 -86.7602897123 0
1434 11.1624188423 38.816051 30.701859 1.6598041 119.874946518 35.2627528142 0.109548492043 81.1871067046 -88.8231035024 0
1437 11.0188691616 38.695572 32.853799 1.6647394 122.980750681 34.6869472665 0.126885817975 84.3051112202 -88.1125197591 0
1440 11.0298709869 38.58982 35.008607 1.6723781 123.989210509 35.4991925753 0.0836854264075 85.4007996066 -91.0253851402 0
1443 10.7869970798 38.393816 37.160762 1.6689022 126.47331775 35.7794120617 0.111132098313 88.0903329327 -89.2536522783 0
1446 10.7741680145 38.314928 39.264936 1.6781402 128.903972248 36.975689539 0.157589868273 90.6179650349 -87.1211165452 0
1449 10.746888876 38.042909 41.445131 1.6601298 130.216299831 37.2639739475 0.15141424194 92.2681746407 -86.4430339626 0
1452 10.8416090012 37.893052 43.482766 1.6655679 135.688567167 27.6306497246 -0.0652274708678 99.0719555533 -99.1672699515 0
1455 10.8189499378 37.737395 45.529248 1.6663309 138.294104319 27.1002760019 -0.0589838301635 102.231496116 -98.8532523701 0
1458 10.8024291992 37.667375 47.706088 1.6735516 140.849224386 27.1178639809 -0.104325016591 105.215821106 -101.864826626 0
1461 11.0506830215 37.411337 49.793915 1.6717816 142.057187802 25.5220884031 -0.0922650544288 107.423813266 -101.072428163 0
1464 10.855962038 37.208006 51.943854 1.66906 26.4541354177 114.175266745 1.61462946396 63.1537367444 -3.11863999201 0
1467 11.1907160282 37.03196 53.963531 1.6741645 141.219968719 38.1853075697 0.147340662553 105.375962607 -87.4805619457 0
1470 10.6873939037 36.983983 56.143126 1.6856298 34.2190345562 57.1908761153 1.78020019076 2.9568091249 5.41848425733 0
1473 10.8882501125 36.720012 58.206076 1.6746777 34.7795289219 58.0186309245 1.72243030057 1.94951538403 2.73602247355 0
1476 10.7705960274 36.536888 60.398002 1.6787317 33.5274144538 60.4410427634 1.69101550309 3.00978130975 0.703810073235 0
1479 10.7785110474 36.401835 62.417273 1.6766351 33.6553101325 62.9762458981 1.72205422982 2.80282884756 2.60232444811 0
1482 10.800052166 36.239068 64.615141 1.6886647 33.6620934976 63.961618653 1.72568722819 2.65855017711 2.12123461218 0
1485 10.8180470467 35.99676 66.655908 1.678851 33.5856800347 66.5519853388 1.69913021708 2.41331856965 1.16191355025 0
1488 10.7791528702 35.830181 68.859683 1.6854848 33.0534368502 68.7885059651 1.65398353508 2.77765625007 -1.80488952914 0
1491 10.8132510185 35.575227 70.898859 1.683738 32.6158923831 70.7225428913 1.67113873816 2.96458238964 -0.721884528236 0
1494 10.7678761482 35.463169 73.006353 1.6935188 32.7582537246 73.0337168296 1.68576282907 2.70505368267 -0.444384400192 0
1497 11.1068480015 35.205801 75.07321 1.6913976 31.6978695624 74.8767124058 1.7122436351 3.51343055651 1.19438983107 0
1500 10.8076360226 34.978045 77.287591 1.6912075 31.4894800808 76.1351399134 1.71049354881 3.6739935632 1.10500920037 0
1503 10.7464790344 34.814043 79.320098 1.7000185 31.0532659543 78.4152472595 1.71779305137 3.86810016034 1.01840677641 0
1506 10.817168951 34.580736 81.372215 1.6970036 30.9448436519 80.7467460052 1.69635473682 3.68929866377 -0.0371771217702 0
1509 10.7008390427 34.345965 83.441951 1.6955247 30.3257786471 83.0593320932 1.69616122035 4.03835307272 0.0364699293752 0
1512 10.923183918 34.142398 85.698773 1.7034669 30.2662929855 85.1347663758 1.71223849576 3.91692399154 0.502575416414 0
1515 10.7532761097 33.910208 87.748137 1.7016389 30.5023986784 86.9878346335 1.67584869524 3.49159334131 -1.47766988581 0
1518 10.8020210266 33.670818 89.737713 1.6967853 30.2555589524 89.4045057363 1.69340549687 3.43147511177 -0.193648454784 0
1521 10.8188540936 33.472926 91.900649 1.7056804 29.5916338744 91.6657358979 1.69315529274 3.8883946211 -0.7176357837 0
1524 10.8432328701 33.217902 94.036516 1.7078464 29.5882833899 93.7994434489 1.70171386985 3.63735269798 -0.351368095285 0
1527 10.7417478561 33.034075 96.178482 1.7177188 29.0487128757 96.0673651519 1.72127689588 3.98691086124 0.203863877297 0
1530 10.6979250908 32.713254 98.174723 1.7080491 28.5000410013 97.3385780394 1.71016039497 4.29538149264 0.120968290856 0
1533 10.6781079769 32.45653 100.24821 1.7068362 28.0646931588 99.6824470911 1.72666147452 4.42812810438 1.1359045579 0
1536 10.720883131 32.217075 102.39435 1.7082962 28.1175188156 101.918123691 1.70061059646 4.12712398725 -0.440352646058 0
1539 10.7064170837 31.955228 104.48204 1.7110577 27.9488984317 103.409016266 1.68431226194 4.14753620154 -1.53240072217 0
1542 10.7350981236 31.741377 106.6002 1.7198575 27.7286639071 105.853351962 1.68310009457 4.08162325032 -2.10604419724 0
1545 10.7318470478 31.439656 108.68741 1.7105287 27.6189718704 108.01799023 1.68663796129 3.87888515503 -1.3688384975 0
1548 10.6782391071 31.216018 110.75498 1.7177022 27.6131195218 110.250793918 1.6878829246 3.63800509199 -1.70851862846 0
1551 10.7301251888 30.916985 112.90957 1.719675 27.5138539048 112.633859262 1.68188795332 3.4142814269 -2.16503829506 0
1554 10.7442259789 30.668641 114.94646 1.716506 26.9723454019 114.269743241 1.67695819318 3.75773159236 -2.26592241978 0
1557 10.7717750072 30.419865 117.12266 1.716223 26.6752329675 116.225370086 1.69194149645 3.85063608357 -1.39122767362 0
1560 10.9019298553 30.132888 119.21343 1.725557 26.216688132 117.402992946 1.69281577686 4.31442971127 -1.87593390197 0
1563 10.9977018833 29.88258 121.34383 1.72867 25.8305034295 120.033564982 1.70303212302 4.25865224578 -1.4689421464 0
1566 10.8127779961 29.981486 120.5055 1.7055843 25.8340555679 119.995271967 1.72571095916 4.17869738495 1.15317262552 0
1569 10.7712390423 30.170653 118.4575 1.6900862 26.6390788882 117.501626244 1.68794668145 3.65864870483 -0.122585382839 0
1572 10.6569080353 30.502618 115.6086 1.6745202 27.4997638489 114.678942161 1.69585239717 3.14346890406 1.22224486544 0
1575 10.6947209835 30.699806 113.48782 1.6738205 27.4494647582 112.381499389 1.68628974282 3.43346231699 0.714434987294 0
1578 10.9160559177 30.8492 111.36091 1.6697397 27.2742858762 110.959744555 1.66118090127 3.59735245799 -0.49038304478 0
1581 10.779074192 30.973164 109.37107 1.6787837 27.8406294846 108.597625542 1.68318011218 3.22660639364 0.251895862759 0
1584 11.0315711498 31.204408 107.09871 1.665475 28.2736172203 107.321196609 1.72096229982 2.93922351743 3.17918809632 0
1587 11.0184061527 31.322843 104.96751 1.6587885 28.1870493949 105.154736764 1.69655717333 3.14137794528 2.16398557944 0
1590 10.7946491241 31.457099 102.91722 1.6541397 28.3715784682 102.821533391 1.70112128258 3.08700386772 2.69184639662 0
1593 10.860850811 31.546684 101.34427 1.631357 28.5082209437 101.907935691 1.68043864613 3.09030366719 2.81217117484 0
1596 10.8360068798 31.536552 101.09899 1.5279681 28.7817771167 101.793280493 1.58818672187 2.84091955989 3.45027288117 0
1599 10.8577420712 31.522716 100.84711 1.3818466 28.9193969506 102.142891203 1.46368595849 2.90797506834 4.68904983946 0
1602 10.8410389423 31.33472 100.81397 1.2437751 28.1755742039 101.921726493 1.31910346005 3.34773454881 4.31599710836 0
1605 10.7058589458 31.335612 100.76499 1.1262837 27.6917218584 102.045764945 1.17733312935 3.86242408628 2.9249168485 0
1608 10.6509318352 30.238332 99.003137 0.9296569 27.9784908581 100.851303635 1.01639725568 2.91934956763 4.96985629365 0
1611 10.6337571144 28.772289 97.32743 0.78863198 26.9758573612 98.2500257632 0.878355301485 2.0194924053 5.140767645 0
1614 10.6750760078 27.005154 95.945316 0.6582802 24.6771399922 97.1903787996 0.739361709346 2.64004367301 4.64562828209 0
1617 11.0238821507 26.209553 95.323497 0.64585939 24.0261896611 95.4924177898 0.713734719549 2.18988805712 3.88896991621 0
1620 10.7618410587 26.225548 95.299359 0.74214735 23.8526613861 95.2986773716 0.809071940597 2.37288671182 3.83449658682 0
1623 10.7718310356 26.287241 95.304851 0.87876564 23.7620034391 94.9078819124 0.947073044086 2.55624904799 3.91372596362 0
1626 10.7801849842 26.503119 95.525486 1.0159202 24.5318837747 94.4303051375 1.09021385553 2.25503645977 4.25671290653 0
1629 10.8449118137 26.584147 95.637624 1.1414331 23.6907006202 95.2403998075 1.17830748173 2.92058538859 2.11274644553 0
1632 10.7976820469 26.62792 95.717086 1.2595284 24.6045098806 95.8065001995 1.3050640507 2.02538475609 2.60900060261 0
1635 10.6971240044 26.756174 95.797181 1.3910555 23.7831817933 95.9499175517 1.43599923397 2.97691301773 2.57508627183 0
1638 10.8193888664 26.381693 93.77201 1.3952992 23.023224992 93.8609939572 1.46533848787 3.35964663399 4.01295559489 0
1641 11.0514929295 26.011804 91.856332 1.39866 23.2034074431 92.2974369026 1.4863186159 2.8428268952 5.02246872903 0
1644 10.799710989 25.609249 89.727224 1.3968171 22.7675930094 90.1870515662 1.44461928002 2.87861948846 2.73886316667 0
1647 10.7158830166 25.2462 87.568251 1.3940659 23.2648824464 87.8391250188 1.48938787107 1.99974797966 5.46154663704 0
1650 11.0710020065 24.820481 85.505592 1.4017015 22.437740222 85.6971493104 1.46399527353 2.3904283755 3.56917031343 0
1653 10.8200039864 24.493958 83.448062 1.398475 21.1483451937 84.0156594628 1.44841534622 3.39341891452 2.86137106575 0
1656 10.9381599426 24.080092 81.345956 1.3962744 21.2752484421 81.8210062018 1.45331740524 2.8447882309 3.26832345106 0
1659 10.7585520744 23.622432 79.208855 1.3888608 20.4262392737 79.2520932557 1.44730115998 3.19648517758 3.34838597998 0
1662 10.8203718662 23.236261 77.182266 1.3737053 20.2808638129 77.3104932145 1.45058626427 2.95817760661 4.40495477763 0
1665 10.7525970936 22.741503 75.111069 1.3685019 19.7563959185 75.3986167005 1.42719922489 2.9989244686 3.36310898503 0
1668 10.9541628361 22.23837 73.007777 1.3690406 19.1036849667 72.8025790491 1.42421675867 3.14139403086 3.16136102152 0
1671 10.9285311699 21.796618 70.8705 1.3677106 19.0974343027 71.474327361 1.44316540595 2.76589951253 4.32324192474 0
1674 10.76770401 21.306705 68.900927 1.3588762 19.7131274343 69.4220013838 1.4581179668 1.67660608713 5.68613438934 0
1677 10.6230971813 20.800373 66.796896 1.3509317 19.4771278623 67.1521290374 1.47648035147 1.37009788167 7.19340785273 0
1680 11.3925230503 20.180988 64.758154 1.3339286 20.5088279467 65.5722659514 1.49802199312 0.877643036769 9.40185887185 0
1683 10.7816748619 19.716632 62.635567 1.3210663 18.6579901027 63.2370174022 1.44426712682 1.21756529727 7.05888740928 0
1686 10.8418619633 19.127208 60.642471 1.320188 17.2871459959 60.8917444811 1.41175185363 1.85686979812 5.24622236868 0
1689 11.058740139 18.573484 58.538556 1.3117791 17.3683566951 58.4468250983 1.42510064832 1.20861341188 6.49284644647 0
1692 10.8978161812 18.03732 56.562177 1.3046299 17.0185642862 56.8867292132 1.42992470278 1.06920407009 7.17886339445 0
1695 10.8017468452 17.470308 54.449011 1.30616 16.5373250528 54.0596503951 1.41954520212 1.01096926778 6.49649354058 0
1698 10.7595570087 16.865167 52.414515 1.2995721 16.1699727699 51.887950326 1.41158733059 0.872103992308 6.41799995395 0
1701 10.7297320366 16.322269 50.452679 1.2871313 15.0532258572 50.730602113 1.40527079297 1.29911960764 6.76889434074 0
1704 10.7115299702 15.679585 48.421133 1.2791916 14.705731618 48.5708226375 1.39326040331 0.985290514156 6.53566100395 0
1707 10.8219430447 15.049517 46.343459 1.2810584 14.5117158197 46.2940520064 1.41150783149 0.540065885335 7.47420186441 0
1710 10.7279629707 14.370513 44.264129 1.2685694 13.9151465205 44.614407193 1.40525188697 0.574502779072 7.83132963681 0
1713 10.8182849884 13.728985 42.398373 1.2622613 13.2597660603 42.6225457175 1.38537961349 0.520019057974 7.05415974384 0
1716 10.8098390102 13.116178 40.310007 1.2578142 12.9305078735 40.1689281107 1.39086312164 0.233188011888 7.62314167873 0
1719 10.8519120216 12.482531 38.460523 1.239848 12.7862310099 38.7152981029 1.38766426658 0.396413987018 8.46924821855 0
1722 10.761826992 12.331027 38.238303 1.1567887 11.4280733748 38.3093169747 1.25825104368 0.905741814136 5.81336407236 0
1725 10.7439258099 12.263795 38.100898 1.043782 11.6316431093 37.7882548262 1.15013984753 0.705238801479 6.09385578177 0
1728 10.7062981129 12.231882 38.075858 0.90529637 11.569075069 37.5103140483 1.03900810471 0.871293859175 7.66111807051 0
1731 10.7577810287 12.170047 37.918491 0.7605547 10.941043118 38.0900527386 0.872676251136 1.2409206147 6.42409167255 0
1734 10.7281382084 11.9457 37.868652 0.60051086 11.6082676175 37.6201198738 0.763686826565 0.419080935546 9.34929420217 0
1737 10.6878700256 11.861848 37.85602 0.47073445 11.1418467066 38.354804362 0.594252996971 0.875892517541 7.07709143302 0
1740 10.7729730606 11.68598 37.868337 0.32347919 11.7405180962 37.0325149883 0.498345269015 0.837599450357 10.0190883075 0
1743 10.8104178905 11.634663 37.834152 0.18688423 12.051857883 36.8877536797 0.320408382194 1.03427334445 7.65037038377 0
1746 10.7845480442 11.546787 37.799316 0.059161186 11.4890037679 37.3106577523 0.109234194841 0.492062785573 2.86897207414 0
1749 10.7672579288 11.461332 37.784444 -0.088384018 11.2892456845 37.1289819666 0.0351545866603 0.677675569291 7.07824065397 0
1752 11.0620691776 11.353119 37.809133 -0.22428348 12.3969877101 37.7934761345 -0.187031199813 1.04398612126 2.13439843193 0
1755 10.8448359966 11.259101 37.929753 -0.36642208 12.9565979972 37.1097485679 -0.165112079843 1.8851799182 11.5342133828 0
1758 10.8761060238 11.22919 38.083377 -0.50941267 12.8975876729 36.3053459562 -0.244524734184 2.43822582786 15.1769607662 0
1761 10.7777061462 11.185129 38.110347 -0.64618684 11.9901993048 36.9038236123 -0.429083877166 1.4504609201 12.4390834902 0
1764 10.825802803 11.588805 37.741111 -0.76036767 11.8923708022 37.9697537219 -0.677801777858 0.380039064465 4.73067715149 0
1767 10.8476989269 13.063467 36.224873 -0.77289998 12.6091313011 37.0114905213 -0.773803916012 0.90839861957 -0.0517917184388 0
1770 10.9563817978 14.493375 34.807156 -0.77803694 13.9944414078 35.0770920084 -0.702495067151 0.567274341138 4.32823049076 0
1773 10.9435260296 15.892318 33.28564 -0.77023756 15.7272936617 33.714437974 -0.724180867782 0.459456999853 2.6388540824 0
1776 11.0972321033 17.405154 31.857105 -0.77891679 17.6617381101 32.1388834482 -0.766806491025 0.381096443701 0.693869019918 0
1779 10.7230360508 19.008966 30.381332 -0.78385491 18.6654002495 31.1630781648 -0.750636175303 0.85391128995 1.90329329888 0
1782 10.7245850563 20.517371 28.856906 -0.78454873 20.6163553148 29.3221878506 -0.757573371561 0.475694329463 1.54557418942 0
1785 10.7932331562 22.037399 27.308602 -0.78653789 21.6353851372 27.8014197455 -0.774225972903 0.635990940353 0.705420887379 0
1788 10.7597169876 23.470866 25.802264 -0.78746834 23.9242965736 25.8697023542 -0.772226272893 0.458418167976 0.873306116305 0
1791 10.7597150803 25.030138 24.239515 -0.79252133 24.8498116605 24.6057917595 -0.77241190007 0.408260031447 1.15218546339 0
1794 10.8033502102 26.508975 22.80392 -0.79210599 26.3071801435 23.2758984265 -0.76993516501 0.513307704201 1.27029470025 0
1797 10.8564720154 27.961008 21.312251 -0.79564812 28.1076226055 21.7472382213 -0.775918178835 0.45903129002 1.1304423588 0
1800 11.052106142 29.36401 19.750057 -0.78815021 29.0360261577 19.8814533741 -0.789101973328 0.353324791012 -0.0545320218145 0
1803 10.8415169716 31.016391 18.179875 -0.79578372 30.8892897618 18.8256931394 -0.770660373726 0.658206497964 1.43946170875 0
1806 10.8936569691 32.405165 16.663972 -0.79079715 32.1805719299 17.4904582031 -0.777517989639 0.85645869195 0.760839844178 0
1809 11.0745420456 33.875627 15.226881 -0.79213801 33.8378557077 15.1945635431 -0.794921448395 0.049710044733 -0.159479272545 0
1812 10.8187229633 34.400964 14.714584 -0.72873329 33.9056874355 14.7956652258 -0.746581778181 0.501869545359 -1.02264304348 0
1815 10.7333540916 34.541831 14.529671 -0.59347242 33.6677318539 14.7052375835 -0.64715984028 0.891556471851 -3.07606259497 0
1818 10.7036559582 34.648846 14.435796 -0.47955783 34.0301606816 15.1703406104 -0.502422905476 0.960378731487 -1.310072323 0
1821 10.7772009373 34.668797 14.324629 -0.34405458 33.9589352893 14.9748468719 -0.383185674575 0.962645796383 -2.24204656687 0
1824 10.9034199715 34.864126 14.20779 -0.22615765 34.5901324977 15.3847478555 -0.251454448633 1.20842965576 -1.44939979685 0
1827 10.7483081818 35.017605 14.088235 -0.094353638 35.0014221893 15.324527518 -0.132746376091 1.23639842832 -2.19974185655 0
1830 10.7847650051 36.599142 14.0692 -0.022879679 36.8519309409 14.950981578 -0.0535208990304 0.91730093209 -1.75561258687 0
1833 10.8877930641 38.63985 14.009333 -0.014813302 38.7436703967 15.1670128975 -0.0494384771266 1.16232586645 -1.98387639965 0
1836 10.7867898941 40.768535 13.925491 -0.0089087199 40.3200125837 14.6699008617 -0.0400785260176 0.869090559178 -1.78589833878 0
1839 10.8992228508 42.905865 13.952369 -0.011506708 42.2420113021 15.0526605779 -0.0241459026969 1.28504602589 -0.724172512575 0
1842 10.8474910259 45.04117 13.838962 -0.010052037 44.726057988 15.0834594028 -0.0106754320913 1.28377153956 -0.0357179076995 0
1845 10.758395195 47.095509 13.764363 -0.008210261 46.3000112604 15.0145146937 0.00704548921236 1.48178807898 0.874090100474 0
1848 10.733109951 49.256947 13.750747 -0.012245698 48.5085905806 14.9708501771 -0.000865135679307 1.43132424465 0.652058189461 0
1851 10.9453189373 51.347189 13.680192 -0.017629817 50.7730089542 15.0023257722 -0.00221635448697 1.44142999709 0.88312634968 0
1854 10.7119560242 53.510554 13.649042 -0.0075411209 52.3324737269 15.0866922016 0.00634774252609 1.85868535047 0.795773256549 0
1857 10.9228539467 55.608657 13.581194 -0.0077936973 54.7998941933 14.884044043 0.0152292936904 1.53346519751 1.31912021552 0
1860 10.8170521259 57.666716 13.591636 -0.01411162 57.1592041438 15.1046040055 -0.00774450442895 1.59581968588 0.364808849893 0
1863 10.7708470821 59.905766 13.533857 -0.012519778 59.0368838636 14.7470173495 0.00969599837049 1.49221787968 1.27287022464 0
1866 10.7437829971 62.027534 13.447994 -0.021676244 60.8593671685 15.1118947596 -0.00943686999714 2.0330222537 0.701264474246 0
1869 10.8862051964 64.181261 13.371995 -0.025327169 63.2936069918 15.0754578444 0.0058160114517 1.92086316546 1.7843728005 0
1872 10.7850880623 66.241252 13.310079 -0.024907545 65.1004914957 15.0199050231 -0.00386605126276 2.05544145077 1.2055887858 0
1875 10.7641391754 68.444119 13.24669 -0.026304862 66.8930876806 14.9175803894 0.00874044835316 2.27981859962 2.00794837496 0
1878 10.8766970634 70.49734 13.123327 -0.017605166 68.9617516303 14.9801890309 0.0111893769931 2.40955768615 1.64980578651 0
1881 10.7601289749 72.634932 13.039101 -0.019360635 71.8560475323 14.968036772 0.0099782368933 2.08025340445 1.68099353516 0
1884 10.7885818481 74.720419 12.994859 -0.019347658 73.5173077725 14.8047253201 0.0031174309099 2.17326775211 1.28715478092 0
1887 10.8963019848 76.914825 12.90632 -0.036038761 75.7519881911 14.9121041495 0.000281666465899 2.318482154 2.08100720391 0
1890 10.773966074 79.004774 12.78569 -0.032634565 77.9502219851 15.0498545721 0.00480365021997 2.49770317727 2.14505172461 0
1893 11.2015399933 81.177999 12.691712 -0.029848436 80.7764629233 14.6846228539 -0.00844511735673 2.03295963866 1.22631982583 0
1896 11.8644580841 83.222919 12.597068 -0.02122413 82.1041613565 14.7109366541 -0.00305639071839 2.39166455663 1.04093478413 0
1899 11.1589450836 85.390174 12.538762 -0.021700441 84.2981375053 14.4395046054 -0.00257029987707 2.19211454028 1.09607634783 0
1902 11.2218420506 87.449986 12.512039 -0.030894579 86.8135146247 14.9243426232 0.00343258540548 2.49485562351 1.96680164309 0
1905 10.8220329285 89.572355 12.414566 -0.034322832 88.1735016839 14.9841547634 0.00356642502375 2.92567547979 2.17089451635 0
1908 10.7375969887 91.713838 12.339838 -0.030338307 90.3121926998 14.9409500229 0.00509013615831 2.9547238963 2.02990026769 0
1911 10.8960709572 93.866625 12.234111 -0.027880568 92.9047896799 14.9470603734 0.0118132506717 2.87840606686 2.27428828265 0
1914 10.7420990467 96.027017 12.118277 -0.016096141 95.1890474086 14.867373216 -0.00218998926558 2.873973389 0.796763803651 0
1917 10.8726089001 98.003729 12.063433 -0.023465033 97.3348731214 14.8111427319 0.0104785535724 2.82794571329 1.94482425214 0
1920 10.7549788952 100.1865 11.996018 -0.023536261 99.1347546958 14.9408683143 0.00854355743307 3.12702919058 1.83803820376 0
1923 10.7423889637 102.26857 11.921444 -0.023061579 101.674740503 15.0554607179 0.0160803304859 3.18977965693 2.24266621563 0
1926 10.8101890087 104.50291 11.810699 -0.022632517 103.811354917 15.142676845 0.0146749162314 3.40298762736 2.13755846863 0
1929 10.7419199944 106.528 11.779433 -0.025937223 105.694311184 15.0109893937 0.0132259350179 3.33736329566 2.24388366683 0
1932 10.706758976 108.61821 11.737233 -0.017267816 108.222314324 14.9366474791 0.00707823131686 3.22381550271 1.39492575908 0
1935 10.8074889183 110.65428 11.638117 -0.015586443 109.366948568 15.1060133887 0.0100873543734 3.69912524494 1.47100023357 0
1938 10.7188289165 112.94226 11.558687 -0.011710616 111.378295491 15.0539123187 0.0013844867409 3.82917550057 0.750294119344 0
1941 10.6788878441 114.89636 11.528856 -0.01668203 113.947442184 15.1014983786 0.0116400235503 3.69651438339 1.62273413558 0
1944 10.6856861115 117.03777 11.494892 -0.018548407 116.314125216 14.9355415128 -0.00168255814468 3.5159253182 0.966341957316 0
1947 10.7114491463 119.07747 11.406331 -0.016261061 118.035347825 15.2658122937 0.0172740029099 3.99770115003 1.92141762774 0
1950 10.7457079887 121.291 11.334615 -0.012126455 120.553747852 15.013264588 -0.00292592798851 3.75180003742 0.527151367054 0
1953 10.7208747864 123.43737 11.229443 0.0013807468 122.876222778 15.0999226142 0.00641721058933 3.91094600433 0.288568118799 0
1956 10.7228569984 125.58554 11.258252 -0.0049853053 124.419273164 15.3740270795 0.0163646209898 4.2778245449 1.22326066932 0
1959 10.7416977882 127.50849 11.183265 -0.012828209 126.543130856 15.1452612255 0.00162190095156 4.07790784201 0.827930313725 0
1962 10.7554478645 130.28779 11.390648 -0.01314096 128.913511159 14.780304145 -0.00168008845624 3.65765103777 0.656659568999 0
1965 10.7822239399 132.78769 11.256475 0.0084755214 130.939548125 14.9855979628 -0.00012631245658 4.16196906072 -0.492848776055 0
1968 10.7465708256 125.9239 10.596074 0.27888777 132.80070961 14.8769978197 0.0075165633905 8.10042092509 -15.5484248201 0
1971 10.7028639317 93.936275 13.265891 0.84250578 133.142793197 14.8431374744 0.0126846084752 39.2382310456 -47.545250879 0
1974 11.2989988327 59.212281 6.4432491 1.3602712 133.410758845 15.7137591762 -0.0243568357946 74.7753734297 -79.3333426465 0
1977 10.8737950325 41.747696 3.5851691 1.5088422 139.033980331 12.8561907689 -0.0696495828969 97.727032912 -90.4409171561 0
1980 10.8626978397 40.889782 2.6549702 1.6071612 62.5218563339 104.97037046 2.27351660778 104.577185706 38.1793525214 0
1983 10.7831959724 40.408125 3.8011614 1.6070032 64.6524203321 102.522451833 0.84980182624 101.654704961 -43.384442958 0
1986 10.7877020836 40.388712 5.5337894 1.5172855 37.9423760594 89.2116547618 -1.53842870363 83.7136172378 -175.079527266 0
1989 11.1329479218 40.44034 7.6724587 1.5542124 103.773027358 47.6031530853 -1.061725034 74.8698179645 -149.882174438 0
1992 11.048167944 40.554207 9.7439313 1.5604739 116.127106164 59.172351253 -0.930290435483 90.301892489 -142.710284185 0
1995 10.7702970505 40.580821 11.876658 1.5652859 35.5946701896 84.8653180677 -1.48725028139 73.1587738988 -174.897440005 0
1998 11.4317030907 40.665042 14.024391 1.567666 113.637169193 66.6077472544 -1.06852622961 89.9440976497 -151.042688742 0
2001 10.8340420723 40.771617 16.174621 1.5548315 73.7242738774 99.7125313215 -0.383927237416 89.8023388123 -111.082693148 0
2004 10.7475612164 40.847233 18.25792 1.5551713 128.678342898 42.9400614624 0.256746676885 91.233283253 -74.3942509203 0
2007 10.7036108971 40.88758 20.352438 1.5597309 78.3375168578 99.5566358388 0.0223181561936 87.6116586188 -88.0872615897 0
2010 10.7795491219 40.971014 22.508388 1.5678505 134.096167869 42.562088287 0.470846025859 95.2598823135 -62.8537264753 0
2013 10.7219650745 41.044823 24.54743 1.5705547 61.9493193245 76.3493532398 -0.30711918666 55.8608737661 -107.582789008 0
2016 10.7660000324 41.105608 26.696222 1.5717508 42.3434347982 24.6427917318 -0.425915222131 2.3976636646 -114.457831945 0
2019 10.8165261745 41.160404 28.869777 1.5672714 139.408798207 46.9102438794 0.335444314527 99.8909676074 -70.5784930875 0
2022 10.9286029339 41.204205 31.003136 1.5608691 83.5955853814 114.055775475 2.28177795031 93.2457508648 41.3050345364 0
2025 10.9158599377 41.244227 33.116661 1.5660557 39.1450790972 33.2307028265 1.63376824373 2.1022434341 3.87964297589 0
2028 10.9091491699 41.277887 35.228156 1.5643441 38.9777270697 35.3588733484 1.60097729138 2.30387124856 2.09892725629 0
2031 10.9831840992 41.31792 37.33529 1.5797774 39.2898193583 36.8790924989 1.57835998564 2.07877569084 -0.0812118606998 0
2034 10.9582240582 41.419072 39.474789 1.5713492 38.7555887174 39.4610349252 1.60715319421 2.66351879495 2.05141775795 0
2037 10.7375428677 41.429937 41.518923 1.5745722 39.0326681554 41.9862538984 1.5956518247 2.44239556217 1.2077735288 0
2040 10.8420240879 41.494048 43.684079 1.5737379 39.1434944259 43.3532619421 1.6072320126 2.37371902937 1.91907129073 0
2043 10.9514729977 41.508319 45.798644 1.5762653 38.5485837166 45.6006027855 1.57013683294 2.96635353097 -0.351135297451 0
2046 10.7443070412 41.512588 47.943477 1.5772604 39.3111353824 48.0603075817 1.61321134695 2.20455052391 2.05983752948 0
2049 10.851279974 41.583607 50.107906 1.5744728 39.0059418564 50.2103738392 1.58911632654 2.57970100026 0.839012267698 0
2052 10.8614990711 41.632502 52.265699 1.5728612 39.283025393 51.8770758313 1.58423415597 2.3814004901 0.651622377388 0
2055 10.8523728848 41.660201 54.305408 1.5732479 39.3263442741 54.1078637909 1.59552902259 2.34220215433 1.27661428725 0
2058 11.291549921 41.689009 56.508616 1.5685378 38.8962480519 56.660071834 1.58159604633 2.79686477735 0.748182402828 0
2061 10.7935669422 41.794127 58.57462 1.5657057 38.9812093922 58.3307613373 1.5950266983 2.82346817154 1.67996945349 0
2064 10.9093499184 41.856016 60.76704 1.5641567 38.9449008006 60.7122745946 1.58854682729 2.9116302914 1.39745135547 0
2067 10.7425408363 41.858156 62.785084 1.5639758 38.9921876454 62.9708729095 1.59634688197 2.8719840056 1.85472637542 0
2070 10.7066369057 41.958088 65.023529 1.5767642 39.2576745309 64.4774497847 1.60049732943 2.75507448418 1.35980815089 0
2073 10.7642478943 41.99726 67.044355 1.5737097 39.082023305 66.487354869 1.58834322288 2.96797138358 0.838439100191 0
2076 10.8470528126 42.044947 69.102812 1.5759217 38.8863347337 69.0428557884 1.59138157968 3.15918125409 0.88578585748 0
2079 10.9875891209 42.097902 71.261122 1.5727544 39.0063000848 71.325232259 1.59236052597 3.09226656801 1.12334827063 0
2082 10.8510460854 42.114798 73.459441 1.5684742 38.608109004 72.9821001813 1.60468041067 3.53902839373 2.07446306329 0
2085 10.9432370663 42.172982 75.545483 1.5804547 38.9527929671 75.2604045417 1.5873772857 3.23278318711 0.396634944077 0
2088 10.6870889664 42.213453 77.648417 1.5799022 39.0080377907 77.3778174863 1.5885251133 3.2168168678 0.494056539468 0
2091 10.7663781643 42.308345 79.80823 1.5843424 39.1256225526 79.8826357367 1.58698562135 3.18359205786 0.151445427783 0
2094 11.0359871387 42.259747 81.948131 1.5870316 38.7962004955 82.2752459768 1.58968794213 3.4789594129 0.152197192733 0
2097 10.7846870422 42.325886 84.065588 1.5841531 38.8704073685 84.2727485637 1.60645628457 3.46168283814 1.27787834556 0
2100 10.7784600258 42.338042 86.100283 1.5789413 38.637066357 86.3113822535 1.60325522764 3.70699117948 1.39308543698 0
