3 1.42555308342 72.513547 45.80148 1.6808269 20.2077045581 128.413670342 0.745352409187 97.778704975 -53.5987401657 0
6 1.41529798508 72.505015 45.806851 1.6805552 62.7096275321 53.7448840917 -0.86985795822 12.6080127305 -146.127909981 0
9 1.41793012619 72.51553 45.801787 1.6811119 11.9180151208 67.0747073132 -2.96224120337 64.2230172772 93.9554643877 0
12 1.42115092278 72.511327 45.798497 1.6805172 73.2629783974 136.569398556 -0.19694562044 90.774013622 -107.570695804 0
15 1.41728997231 72.518426 45.80176 1.6806948 128.212184614 59.5534757011 1.08151196363 57.3664050933 -34.3306476809 0
18 1.42110180855 72.509508 45.806599 1.6825332 130.983757684 36.4934797646 -2.38456223651 59.2112494888 126.972596611 0
21 1.42098903656 72.510969 45.800989 1.6811293 31.5961108406 96.9724150422 -0.259707029083 65.5174821051 -111.201730382 0
24 1.43065905571 72.522343 45.818169 1.6838228 83.0215215377 86.6951602678 -0.876916469905 42.2038051018 -146.719552599 0
27 1.42603898048 72.508499 45.799812 1.6808804 55.8695477512 111.197189081 -1.06095782788 67.4808982432 -157.095758565 0
30 1.43449878693 72.523901 45.815543 1.6832165 44.595085447 95.8882619897 -2.56500623239 57.3349450616 116.594767002 0
33 1.44063711166 72.511009 45.802779 1.6808191 123.835732129 61.8748065843 3.07313499057 53.7823137743 79.7738242785 0
36 1.42616510391 72.527172 45.853315 1.6851825 43.47654553 93.0474159868 -3.05112433485 55.4186075813 88.6296078839 0
39 1.41967582703 72.188088 49.017093 1.6798669 31.6223057832 93.4113462259 -1.66852732147 60.1367808113 168.151142964 0
42 1.41238808632 71.804616 53.279503 1.6643548 58.7458449312 105.997473406 2.22362649439 54.311287092 32.0439076898 0
45 1.41739201546 71.568933 57.324136 1.642571 79.3549716641 84.6074057522 1.5494378649 28.3725079337 -5.33613557411 0
48 1.41763997078 71.37336 61.652431 1.6431927 102.471500865 70.1269274634 -2.99518221854 32.2321494098 94.2406933684 0
51 1.41980910301 71.165072 65.844712 1.6344026 94.6192229911 40.759885276 2.73275729369 34.3416034932 62.9310883571 0
54 1.41870617867 70.960331 70.343426 1.6128178 64.1658978179 123.03371371 -2.79226121364 53.1265540127 107.607564097 0
57 1.43061208725 70.885213 74.631613 1.6236159 104.843447668 81.542784809 0.468259808395 34.6543791974 -66.1970278837 0
60 1.4208419323 70.832043 79.069602 1.6124517 24.3757146471 109.216731263 2.87540849825 55.3808617379 72.3620942471 0
63 1.43249106407 70.841819 83.283634 1.5826474 49.4106738943 130.625719672 2.67118248987 51.9669804425 62.3684665013 0
66 1.42223596573 70.897044 87.066595 1.5142468 54.3862811882 105.898944964 -2.05083311001 25.0452129914 155.73596753 0
69 1.43169593811 70.898205 87.488163 1.2381173 9.0462093828 83.8201783093 -2.92299003494 61.9606606931 121.586111607 0
72 1.42790603638 70.648486 87.373684 0.94938085 36.1395932757 48.7375206076 2.69252373608 51.8036369258 99.8747304609 0
75 1.42357587814 70.490448 87.162959 0.64684814 107.903508506 103.692699076 0.0205825479688 40.9019486505 -35.8823752776 0
78 1.4343380928 73.090524 88.460194 0.4660111 87.9485530694 41.8505602832 -0.643713138746 48.9205374361 -63.5825153035 0
81 1.43243408203 76.750616 90.291223 0.4640309 68.4033998915 134.988587263 0.19615395054 45.4701043412 -15.3482186329 0
84 1.42285990715 80.704264 92.172539 0.45240664 99.6877174254 54.3240741834 0.508565955038 42.3423876621 3.21769173204 0
87 1.42080402374 84.637734 93.972859 0.42386385 79.7570106446 83.5308307388 -2.08444696539 11.5263790793 -143.715623429 0
90 1.42164087296 88.678811 95.730817 0.41656148 98.1046857495 95.9116117786 -2.70957144113 9.42760847437 -179.114222578 0
93 1.42256712914 92.647535 97.41769 0.40779386 10.0413328757 42.1555117877 2.53997154897 99.3865834516 122.16478275 0
96 1.4243991375 96.759828 99.128022 0.39320766 76.771560249 104.185003597 -0.0231587289589 20.6180481754 -23.8560368184 0
99 1.42834186554 100.07577 100.58602 0.32958371 55.7476743663 69.501749424 1.3765509686 54.1406680764 59.9868052061 0
102 1.43086886406 100.12714 100.52966 0.1390585 83.8393652427 140.145572013 2.05602488766 42.8335393257 109.834083481 0
105 1.43814492226 100.08551 100.52401 -0.14356162 47.1686062347 37.0982268152 -2.66259832523 82.6016263563 -144.330171648 0
108 1.42856812477 99.772178 100.71077 -0.40700642 133.136221015 55.26271397 -0.90480277161 56.3798294002 -28.5216300043 0
111 1.42277002335 99.760338 100.7618 -0.66729138 101.547711067 59.7084400005 -2.61612564794 41.092250726 -111.659978523 0
114 1.42063617706 99.638101 100.95548 -0.8821311 99.6361763833 111.598513278 -1.60476976235 10.6430334519 -41.4041454656 0
117 1.41890692711 99.549051 101.11221 -1.1251977 33.299979119 60.6139007594 -0.800523226319 77.6469740327 18.6024770576 0
120 1.43097996712 100.80276 98.46873 -1.1938854 15.5597328565 11.4181727619 -1.817213123 121.836666041 -35.7140477812 0
123 1.41574788094 102.35582 94.496879 -1.1822805 100.228603651 59.3208985759 -0.566786505368 35.2402418861 35.265208208 0
126 1.41811609268 103.84912 90.431736 -1.1842505 130.660030515 63.4280292999 0.620613837483 38.052924962 103.411109131 0
129 1.41780591011 105.46668 86.336829 -1.1831903 119.075432975 62.5539778026 0.0276579312148 27.40113444 69.3764932795 0
132 1.4224588871 106.96067 82.891423 -1.1821311 128.757351126 78.7030305875 2.69152139592 22.195448612 -138.056060684 0
135 1.42886400223 108.13488 79.987125 -1.1809983 34.4757524985 83.0526033347 -1.77955538555 73.7228880451 -34.2947947999 0
138 1.41690397263 109.11096 77.465416 -1.174964 82.2447753493 88.7091439441 -2.44199895394 29.1241016302 -72.5957553561 0
141 1.41822814941 110.00241 75.115832 -1.1797573 77.5439187652 132.482260458 2.12828058151 65.9125235999 -170.46339092 0
144 1.40782403946 110.9669 72.896666 -1.1819268 84.2125900962 83.0538659626 1.65081485236 28.6175087929 162.304141131 0
147 1.41264510155 111.79529 70.750926 -1.1680053 72.7637157879 137.202292562 2.51753004906 77.0665160978 -148.834379253 0
150 1.41622686386 112.62755 68.634671 -1.166408 108.695040337 72.1075903731 -1.0614462472 5.24650371404 6.0138654457 0
153 1.4228041172 113.50263 66.493746 -1.1746568 108.779730175 68.3723828207 -1.09097574023 5.08281999089 4.79457155006 0
156 1.42316102982 114.39844 64.423702 -1.1690506 80.9941304674 126.225364924 1.54930073373 70.2516436498 155.750058657 0
159 1.41560006142 114.9392 62.935672 -1.1627449 113.877659357 64.5870751418 -1.05439227914 1.96316093941 6.20814787423 0
162 1.42035698891 115.58582 61.52951 -1.1720902 115.19863149 66.3375000734 -1.13914248892 4.82355506742 1.88776478957 0
165 1.42179107666 116.16312 60.165609 -1.1710096 114.323243971 64.8156541159 -1.07408531848 5.0008062731 5.55335226329 0
168 1.4257850647 116.71267 58.758483 -1.1690165 112.465275358 61.5794087287 -1.15330616664 5.09882174749 0.900135796073 0
171 1.43734288216 117.29804 57.404001 -1.1730259 112.728768666 60.9463611847 -1.13654068752 5.78157039213 2.09044868991 0
174 1.41767811775 117.3062 57.346669 -1.1782941 113.849232178 60.1869051818 -1.09320468014 4.47409969604 4.8752646393 0
177 1.43626093864 117.30973 57.394113 -1.1925087 115.862130556 60.3685116049 -1.23025537701 3.30795876789 -2.1627252836 0
180 1.48722887039 117.3509 57.478875 -1.2542253 116.873063674 60.7558710673 -1.3577703153 3.31165076355 -5.93269236619 0
183 1.42109704018 117.31554 57.561663 -1.3141336 114.14401625 62.3949328124 -1.1112654315 5.78092206976 11.6234898528 0
186 1.43026781082 117.31761 57.625945 -1.389572 114.091644396 60.5105418103 -1.25164895921 4.32755737515 7.90240813466 0
189 1.42682600021 117.34247 57.653648 -1.4539696 117.433437051 60.9805062113 -1.45708882982 3.32810164546 -0.17871870374 0
192 1.44080996513 117.36058 57.739095 -1.5147103 116.594590264 63.7860383504 -1.48682127198 6.09526571682 1.59792360014 0
195 1.4322180748 117.34118 57.80351 -1.5718326 65.4483295809 109.547858343 -2.69708204333 73.2826412601 -64.472044002 0
198 1.42685604095 117.32521 57.826191 -1.6475747 68.2644304614 106.685945321 -2.64883800605 69.2404194183 -57.3681616181 0
201 1.42388391495 117.28663 57.948056 -1.7072698 69.7017452761 104.595826424 -3.06264365357 66.6358442559 -77.6572014719 0
204 1.4229619503 117.37131 58.006137 -1.7818651 69.6655664151 106.338223845 -2.70928333074 67.9104453655 -53.137150465 0
207 1.43533492088 117.40314 57.989067 -1.8555926 64.2482073895 106.434598858 -2.46770720894 71.9195134705 -35.0715836707 0
210 1.4187681675 117.02719 57.008887 -1.8977403 64.3605527795 108.745470581 -2.59726857695 73.8271546027 -40.0800179194 0
213 1.42378377914 116.38504 55.250118 -1.9095407 58.962019046 107.785704789 -3.0156371309 77.8292439562 -63.3746572248 0
216 1.41376495361 115.67443 53.450651 -1.9075572 58.2301394057 107.214851454 -2.79268117487 78.6793223938 -50.7138681059 0
219 1.42492389679 115.02136 51.574537 -1.9165104 54.3570261456 103.848995601 -2.75769046931 80.0798378125 -48.1960677821 0
222 1.42280292511 114.35753 49.684701 -1.9233127 118.885010757 59.1867748953 0.65551818908 10.5255636579 147.756126022 0
225 1.42363786697 113.59486 47.870819 -1.9110101 49.6358887046 110.344038636 3.01485685255 89.4072322627 -77.7686131758 0
228 1.42559909821 112.87829 45.986656 -1.9118326 49.4334578754 108.798073778 2.98644096084 89.2777739786 -79.3495980631 0
231 1.43328690529 112.17059 44.128463 -1.9122248 47.4065597838 111.749545724 3.0780233822 93.6322083401 -74.0798404369 0
234 1.42767190933 111.43202 42.277019 -1.9027456 111.672069467 41.9925020511 -1.66605517908 0.372254806149 13.5613621699 0
237 1.42567396164 110.82393 40.37458 -1.9174412 113.016633988 36.3491279407 -1.63859835865 4.58390827382 15.9765179566 0
240 1.42409086227 110.14399 38.567468 -1.912432 84.8041141702 97.0647890599 -0.482862450514 63.7498696332 81.908301706 0
243 1.42036485672 109.42625 36.696167 -1.9074722 43.8212465524 112.457285158 2.83862335585 100.218578627 -88.0687554842 0
246 1.41570496559 108.96452 35.308972 -1.917648 39.5359458538 112.642124975 2.89430217492 103.926625352 -84.29556375 0
249 1.42447304726 108.91335 35.330429 -1.9171391 116.459024181 31.7951955699 -1.67605427759 8.33277110266 13.8131428287 0
252 1.41477584839 108.9585 35.348205 -1.9450374 110.061385304 35.9400447293 -2.14110117035 1.25165101344 -11.2336265564 0
255 1.42447495461 108.97674 35.368834 -2.0165302 108.204069201 36.6238477115 -1.95391623266 1.4737976725 3.5875160671 0
258 1.42851495743 108.99865 35.397074 -2.0803106 108.232703338 36.5730895128 -1.87048038948 1.40345529851 12.0223854771 0
261 1.42256379128 109.05048 35.474836 -2.159245 107.762201768 37.109904845 -2.14435332383 2.08161257931 0.853230194561 0
264 1.42572808266 109.09365 35.518169 -2.2238592 109.695674918 38.536294446 -1.97435386343 3.07758268932 14.2956027517 0
267 1.41752195358 109.14301 35.568827 -2.2920109 81.4346395432 89.6583504792 -1.17604801717 60.7735990672 63.9399632791 0
270 1.41934299469 109.24021 35.586114 -2.3597618 107.8457409 38.4410121509 -2.39393089277 3.17726100939 -1.95774480551 0
273 1.43025112152 109.32691 35.57971 -2.4292889 107.233550285 37.4962831955 -2.34539240197 2.83820501535 4.80691525327 0
276 1.44618606567 109.34422 35.612178 -2.4970016 35.3362683384 98.4358797894 -2.94482370165 97.0772600338 -25.6583163974 0
279 1.41988515854 109.45255 35.562283 -2.5751384 107.22413623 36.9025995097 -2.49011807352 2.60043770901 4.87130588015 0
282 1.4132039547 109.51035 35.610832 -2.6455993 54.1068287047 104.514869852 -0.159165448052 88.4155902784 142.462165755 0
285 1.40982794762 109.52669 35.619453 -2.7060079 105.92971236 38.9791004846 -2.37129713314 4.92193857772 19.1775142984 0
288 1.41802692413 109.56751 35.667144 -2.7779359 108.903739445 35.9320616109 -2.62646608426 0.714683629651 8.67858116551 0
291 1.41408395767 109.58407 35.725569 -2.8421247 79.9849175119 88.9815475524 -1.33328459377 60.9287213028 86.4501700468 0
294 1.43138599396 109.62066 35.728072 -2.9074408 36.2524304813 97.9785946695 2.65425396145 96.2186295648 -41.338363229 0
297 1.42719912529 108.40689 35.538158 -2.9474042 34.5086397806 97.418958348 2.4962159159 96.3856049273 -48.1035420865 0
300 1.4184319973 106.63579 35.154474 -2.9731605 103.726740852 36.2490324161 -2.27002254994 3.1081546085 40.286836954 0
303 1.42520999908 104.74277 34.838538 -2.9724974 103.977871329 33.287647509 -3.06977360951 1.72925743954 -5.57351625189 0
306 1.41014504433 102.71686 34.507066 -2.970186 63.1747024144 107.428456409 -2.12912816185 82.9524647356 48.1890644523 0
309 1.42250394821 100.87602 34.149296 -2.9774562 61.5747340404 107.125971796 -1.77205626035 82.8865869025 69.0643291673 0
312 1.4199450016 98.917573 33.856952 -2.9648121 38.2990013489 91.0053823027 2.55985879673 83.3099892875 -43.4596744188 0
315 1.41914486885 96.872255 33.519705 -2.9713846 36.6977719057 86.4556769328 2.41782149936 80.1447786205 -51.2212355806 0
318 1.42309689522 94.700759 33.157106 -2.9752463 57.7485250246 103.075436441 -2.81261887091 79.0824919146 9.31786532003 0
321 1.43378615379 92.656194 32.878926 -2.9695623 72.8492086163 104.861553141 0.625891201542 74.657988723 -153.995688926 0
324 1.42036890984 90.628889 32.525228 -2.9736018 91.4376310945 30.3119383841 -3.01306872337 2.3564198903 -2.26128813921 0
327 1.40856313705 88.510396 32.191288 -2.9695852 87.1738730567 33.5220335901 -2.84466802731 1.88604809153 7.15722678381 0
330 1.41160392761 87.334812 32.006658 -2.9896435 60.058558412 136.413289098 2.86244942572 107.910790132 -24.6997740376 0
333 1.43848991394 87.328365 31.983283 -3.0015998 86.486033637 33.9634278098 -2.87200906913 2.15185863678 7.42500194271 0
336 1.41994905472 87.328448 32.00285 -3.0442403 77.9719105979 73.5761334339 -2.1111615119 42.6131750476 53.4614765115 0
339 1.43214201927 87.480424 31.977098 -3.121648 43.3056040232 71.5786618478 -1.28748987296 59.3270476189 105.089519639 0
342 1.4047088623 87.509332 32.088761 3.0972389 42.1462465867 73.4997407209 -1.16830115134 61.4221357465 115.602557714 0
345 1.4321539402 87.537767 32.004513 3.0032565 44.5648060172 71.7980750988 -1.39867320352 58.567934573 107.788006275 0
348 1.42525196075 87.588829 31.971963 2.902116 43.7276084176 71.9827045936 -1.28185513814 59.36889854 120.27611218 0
351 1.44204592705 87.696053 31.883789 2.7788249 46.915133387 73.1332800136 -1.93564250499 58.005205916 89.8809150423 0
354 1.43198895454 87.777704 31.698119 2.6376296 46.1480226928 73.2815884813 -1.67915015801 58.8405922799 112.666738779 0
357 1.43129992485 87.896098 31.65995 2.4917922 43.6745429405 71.3648705319 -1.42796409364 59.4308560121 135.414507655 0
360 1.43955802917 87.958395 31.594625 2.366513 44.8101145163 71.8559492732 -2.2415741404 59.0148145887 95.9760552267 0
363 1.43992400169 87.964094 31.460561 2.2184109 30.1419023773 135.838196225 -1.26644000948 119.323495504 160.332750655 0
366 1.41831612587 87.708527 31.831987 2.1125682 63.9249532728 101.508432042 2.70389926883 73.6238098234 33.8807745389 0
369 1.42902088165 86.721318 33.612273 2.0920166 39.5666203705 66.7662178046 -2.21636802782 57.643295921 113.147744307 0
372 1.42902779579 85.724716 35.405361 2.0873093 7.59114849421 45.5888182413 -2.27385830593 78.794398104 110.123502431 0
375 1.43425989151 84.755772 37.248267 2.0862059 37.8194735449 73.411286281 -2.99870440213 59.2518360574 68.6561004855 0
378 1.42738389969 83.690185 39.149374 2.0868314 99.5887704503 97.1205925577 1.46899234838 60.1117891963 -35.3995700762 0
381 1.4259250164 82.666747 40.97523 2.090975 101.551053624 97.7119980911 2.25630808646 59.7969722486 9.4728880681 0
384 1.42207217216 81.635815 42.877142 2.0910396 90.7913486395 110.719373844 1.23306581348 68.4572291123 -49.1582769004 0
387 1.40800905228 80.624097 44.699122 2.0805048 137.065466199 100.85092731 -2.60924208143 79.6156604988 91.2972967093 0
390 1.42281913757 79.602515 46.546403 2.0762437 90.6261185755 34.5420320827 -0.320074899848 16.2979985554 -137.29894214 0
393 1.41918992996 78.599692 48.40129 2.0808805 30.3853506152 82.1479014797 0.148485036948 58.8511384897 -110.718104383 0
396 1.42602109909 77.532669 50.298142 2.0919608 30.1264772257 95.4906702452 -2.69016386434 65.4958901591 86.0044396281 0
399 1.43371295929 76.53881 52.074716 2.0854653 59.0647074357 132.687547075 1.18457596417 82.4849852662 -51.6171567516 0
402 1.42551112175 75.533974 53.92833 2.0838411 60.7543410757 132.808703508 1.22341071946 80.2530427714 -49.2990293696 0
405 1.42378282547 74.451304 55.860797 2.0823704 105.434887491 61.8627881572 1.54129849185 31.5595681813 -31.00113675 0
408 1.43047499657 73.464188 57.689364 2.0801622 56.3065210432 93.0910139029 -2.16941106129 39.3403399991 116.517387397 0
411 1.41933393478 72.461178 59.521835 2.0808323 87.1307501148 15.7572412982 -1.80549271853 46.1577296659 137.329978622 0
414 1.42659592628 71.469371 61.42577 2.0898858 100.70400429 115.549754465 -1.07794884809 61.5147907255 178.496444469 0
417 1.41244721413 70.386885 63.322712 2.0827703 64.5158572881 141.506613591 1.53446119252 78.404026902 -31.415797727 0
420 1.42158889771 69.38246 65.186025 2.0922796 56.5020808358 102.05191311 -0.645348898172 39.0512211528 -156.85455882 0
423 1.42011189461 68.400253 67.014087 2.0893798 62.3879659726 103.162612185 -1.48005622693 36.6451015602 155.486380415 0
426 1.42890000343 67.30799 68.901204 2.089526 103.168817806 142.553250316 2.2000779252 81.9183916928 6.33415873091 0
429 1.42568302155 66.315197 70.741557 2.0869248 90.9025269635 109.476591513 0.421715669004 45.8796217669 -95.4094552127 0
432 1.42196798325 65.281228 72.464006 2.0745737 106.450458034 136.091067727 -0.25203198334 75.784619057 -133.304686247 0
435 1.41596102715 64.283593 74.421326 2.0918621 21.93709208 77.6653791001 0.66101739491 42.4705782946 -81.9813627403 0
438 1.42281889915 63.28447 76.191493 2.091939 107.602800967 137.829097575 0.458211673315 75.9164590684 -93.6056806943 0
441 1.41500401497 62.204887 78.125252 2.0893553 133.689808185 58.9291221648 1.71002463351 74.0174665706 -21.7340462296 0
444 1.41756701469 61.273659 79.948227 2.0960183 58.015588378 82.27002786 2.57116809221 4.00072286108 27.2240777301 0
447 1.41604495049 60.19879 81.787566 2.089809 56.6444022613 80.3630881324 2.06803884714 3.82920479894 -1.24733787843 0
450 1.41563177109 59.161438 83.629466 2.0974137 54.80776037 84.391101648 2.08862255254 4.41979612274 -0.503695646585 0
453 1.41687583923 58.11891 85.485673 2.0964985 55.4833961606 87.1813984069 2.03591678675 3.1339141426 -3.47107648498 0
456 1.42662620544 57.036783 87.336936 2.0992423 56.5696002061 87.379790505 2.02183299612 0.469144190535 -4.43522640735 0
459 1.41749382019 56.357629 88.602308 2.124456 56.3387952433 93.197470572 2.85112509875 4.59520116789 41.6350724611 0
462 1.42844605446 56.200217 88.720884 2.2094598 55.3004720999 90.8164655245 2.3539428815 2.28057072051 8.27827078098 0
465 1.46113395691 56.199637 89.07416 2.3631742 54.8114205646 89.0144168699 2.24209121777 1.38950139006 -6.93754385238 0
468 1.45629405975 56.109511 89.161307 2.4869631 53.5122764393 92.0652779616 2.23126932864 3.89598186716 -14.6501739466 0
471 1.47293114662 56.023191 89.233423 2.608836 52.78720831 86.794563348 2.55868069698 4.05211307494 -2.87368718306 0
474 1.47351503372 54.873312 89.789936 2.6823278 51.6301084466 87.8801388153 2.66806732012 3.76373412657 -0.81706531117 0
477 1.47300100327 52.997249 90.667048 2.6986067 50.2724460487 88.9931630016 2.76028202988 3.19788087821 3.53373610236 0
480 1.47385382652 51.122563 91.609157 2.7018871 50.4177165861 84.581054626 2.69035799769 7.0633583688 -0.6605689041 0
483 1.42136096954 49.137432 92.566213 2.7007601 63.3707589984 86.071752952 -0.946731074545 15.6449866973 151.014149887 0
486 1.43775296211 47.308569 93.452781 2.7003868 44.3179422309 90.7169146414 2.68810166784 4.05324724193 -0.703886223721 0
489 1.42737698555 45.360782 94.336008 2.7008969 41.4413107366 94.1581135017 2.7436064985 3.92350626831 2.447079739 0
492 1.42684698105 43.468079 95.251019 2.7064338 41.1979248636 94.4196073233 2.6137125222 2.41761146156 -5.31253788917 0
495 1.42942690849 41.590918 96.131677 2.7064065 40.5997779904 93.0161198352 2.67039049988 3.26941202138 -2.06356480187 0
498 1.43686485291 39.606214 97.06058 2.704478 33.4151841968 94.4080643445 2.78072859057 6.73533141928 4.36883702526 0
501 1.43915104866 37.718719 97.944153 2.696243 35.0539479171 97.1012707936 2.72063121746 2.79489809087 1.39734193006 0
504 1.47150015831 35.769603 98.891663 2.7044976 30.3015906667 95.1688144519 3.12424837445 6.61504045254 24.0499478231 0
507 1.45137500763 33.862509 99.822852 2.7013631 31.7258466445 98.829850555 2.70870139755 2.35613622085 0.420453478363 0
510 1.44969701767 31.979521 100.73965 2.7066945 29.5359472906 98.5568181828 2.79419540536 3.27655416793 5.01343258044 0
513 1.42676782608 30.015598 101.64307 2.7044148 26.1215068857 101.898097384 2.765140636 3.90243316057 3.47933411038 0
516 1.42068600655 28.083667 102.5122 2.7038251 25.3355950988 101.854667362 2.77253355904 2.82564122708 3.93670472011 0
519 1.42335486412 26.231599 103.44351 2.6987262 23.5016807704 105.236987474 2.6623801351 3.26634581589 -2.08247612063 0
522 1.40523481369 24.326425 104.3449 2.7056645 21.2746974133 104.557439573 2.71798068499 3.0591198625 0.705665419636 0
525 1.42789793015 23.072168 104.95788 2.6888385 18.7111748028 105.578676326 2.68443383111 4.40495740555 -0.252368937272 0
528 1.42445993423 23.059574 104.94595 2.6093304 19.5031428467 103.854755922 2.70635265832 3.72006815306 5.55896592039 0
531 1.41936206818 23.148655 105.02795 2.4881616 17.8499075344 106.177493975 2.50739763288 5.42200848903 1.10214349843 0
534 1.41867208481 23.15609 104.97342 2.3614352 16.409883672 103.571254224 2.30853151289 6.89038233208 -3.03115799197 0
537 1.42471218109 23.189116 104.80794 2.2179164 17.6560191821 103.947869056 2.1583699816 5.59954305495 -3.41175845923 0
540 1.42257595062 23.170444 104.45908 2.0515088 18.221141952 102.694459656 1.99591972533 5.2544719734 -3.18501936539 0
543 1.40766096115 23.203193 104.36781 1.9241471 18.0806132066 103.702927302 1.91885173125 5.16554863905 -0.303402280498 0
546 1.40717291832 23.268475 104.40083 1.8086424 19.5656972373 106.118559849 1.83288507152 4.08180829933 1.38900276199 0
549 1.41802000999 23.269141 104.3114 1.6661585 17.6542649011 104.894017627 1.64635165897 5.64502231226 -1.13484839661 0
552 1.41751003265 23.273746 104.22596 1.531085 20.0461080327 105.101178115 1.59729228082 3.34419700313 3.79339776406 0
555 1.42960906029 23.201513 103.9692 1.3630267 19.0246162404 106.127439785 1.34690647702 4.70153863231 -0.923620741348 0
558 1.41191411018 23.573375 105.47089 1.3112874 20.8610381013 105.586463281 1.33269592542 2.71479808366 1.22661815211 0
561 1.42017197609 24.091257 107.45193 1.3021436 17.3800771518 106.472765123 1.17101237524 6.78223405762 -7.51326574085 0
564 1.42368197441 24.69734 109.54228 1.2971878 19.9954615528 115.006898464 1.41124869083 7.20900241988 6.53520765226 0
567 1.42049407959 25.24514 111.62222 1.291934 22.3122269223 115.223133177 1.23892200683 4.64419582153 -3.03736347223 0
570 1.42399001122 25.838263 113.71051 1.2925571 20.4481428122 114.466550848 1.29404471472 5.44288465831 0.0852340451574 0
573 1.42969298363 26.485855 115.66064 1.2984976 20.4715211169 114.964995264 1.31754512353 6.05443091098 1.09134270843 0
576 1.44170212746 26.666562 116.70228 1.2516028 21.9845321101 115.812544541 1.21852303181 4.76581924498 -1.89533110443 0
579 1.42028594017 26.671044 116.66524 1.1445574 23.0789644158 115.320774862 1.20602530721 3.83544290084 3.5218516588 0
582 1.42008495331 26.68282 116.71548 1.0360889 21.9376006267 115.235299921 0.910463431517 4.97071825472 -7.19780914345 0
585 1.42259502411 26.598988 116.54426 0.86252405 22.6660138381 116.780014809 0.810048078291 3.94003376737 -3.00665170479 0
588 1.42590904236 26.490987 116.49462 0.72378221 23.8840691384 113.23749964 0.84935201641 4.17191248462 7.19461994154 0
591 1.41727113724 26.414554 116.44154 0.58967497 21.3119571064 117.894845241 0.563680850271 5.30552459058 -1.48935335263 0
594 1.41371107101 26.30131 116.37003 0.43724496 22.3995185487 115.529872369 0.629837133821 3.99122053697 11.0347187272 0
597 1.41484904289 26.176025 116.35464 0.31453037 23.4316974448 117.060761919 0.306358173809 2.83371521054 -0.468232351103 0
600 1.42646408081 26.088883 116.46581 0.14702743 18.9828809741 116.624789182 0.0855464224797 7.10778018603 -3.52260225113 0
603 1.4132809639 25.977812 116.45377 0.019989929 22.8840593806 115.094727764 0.16857831877 3.37909767075 8.51348761847 0
606 1.42685198784 25.890585 116.45549 -0.11586106 19.4430256701 116.472392763 -0.133066192556 6.44758148577 -0.985781481394 0
609 1.40736603737 27.617035 116.21759 -0.13548047 24.9017339956 117.504368795 -0.137262328228 3.00477273862 -0.10209295616 0
612 1.41866993904 29.732468 115.90829 -0.14344069 27.1965830879 114.407832678 -0.0810673526626 2.94653770748 3.57372898358 0
615 1.43109083176 31.744289 115.6014 -0.14068963 27.2198811465 113.814252003 0.0637299156845 4.86458265299 11.7123772177 0
618 1.43498682976 33.87565 115.27561 -0.13567301 29.4363027765 115.33859507 -0.0985230501304 4.43979401438 2.12853590961 0
621 1.42646217346 35.936054 114.9269 -0.14240112 33.6669101502 113.419342324 -0.0186390982916 2.72428778916 7.0910415079 0
624 1.41605520248 38.113735 114.67885 -0.14674677 35.3293747785 114.416086835 -0.0656050811337 2.79673136432 4.6490763146 0
627 1.4266269207 40.163768 114.30534 -0.14012204 35.1721814272 114.636124337 -0.130902297715 5.00253483661 0.528252321133 0
630 1.42231702805 42.346763 113.98058 -0.16006212 39.508111631 114.629326396 -0.120175462106 2.91184022243 2.28533715623 0
633 1.41611289978 44.341947 113.67079 -0.15507802 40.83706336 115.012198796 0.0045313768111 3.75281053189 9.1449448079 0
636 1.42720603943 46.544067 113.30502 -0.15009707 42.3220299905 114.29036138 -0.0542663069234 4.33549237631 5.49069827181 0
639 1.39755392075 48.557097 112.97025 -0.14631805 45.5620533347 115.365339836 0.193221533398 3.83493701093 19.4541851063 0
642 1.39871788025 50.586062 112.64729 -0.14866611 47.2189768349 113.964504669 -0.141903559922 3.61556592978 0.387465578228 0
645 1.41246795654 52.747394 112.3225 -0.14488479 48.1581792164 113.072980742 0.0247251196605 4.65017351022 9.71793198714 0
648 1.4147810936 54.919709 111.95097 -0.14565598 51.5903547783 114.13634976 -0.103232506436 3.98252234503 2.4306859875 0
651 1.40644693375 56.9199 111.70562 -0.14317608 53.9600937065 114.397143081 -0.0598429935082 4.00059367998 4.77463414978 0
654 1.42190504074 58.963864 111.32719 -0.14485493 57.5320312144 112.54066453 -0.0184021463384 1.87687654376 7.24521081149 0
657 1.43063902855 61.070196 111.0267 -0.15209978 55.8823114521 111.24053925 -0.0884778134121 5.19228979419 3.64527016981 0
660 1.41131496429 63.25691 110.67843 -0.1447313 60.7167234804 111.955197936 -0.143590797084 2.84300614101 0.0653460036119 0
663 1.42884993553 65.338645 110.4192 -0.14848438 61.2076460409 110.682858309 -0.152696551272 4.13940431753 -0.241339636481 0
666 1.42493104935 67.412523 110.08404 -0.1445869 64.2431914306 111.941291735 -0.126044816681 3.67342437052 1.06238311755 0
669 1.42211198807 69.507235 109.73429 -0.15139682 66.2062189921 111.690290121 -0.100112984723 3.8370096635 2.93834731861 0
672 1.41642093658 71.647859 109.39116 -0.14906575 68.0321307219 111.348965794 -0.0889571496186 4.11175078384 3.44396911429 0
675 1.43154788017 73.702975 109.06139 -0.1559357 69.8511584123 112.041443026 -0.121909078001 4.87003152601 1.94958183164 0
678 1.40848708153 75.754203 108.72815 -0.15045699 72.2292624891 110.249794751 -0.128059345974 3.83934999114 1.28329047375 0
681 1.41048598289 77.860742 108.43703 -0.15243836 74.5584919411 109.010422331 -0.170480384162 3.35166141141 -1.03373183835 0
684 1.42031002045 79.97813 108.08555 -0.15170568 75.7521473021 107.913186951 -0.133296193647 4.22949628017 1.05478587102 0
687 1.41740202904 82.120618 107.73965 -0.14888428 77.9998513154 107.868323498 -0.180080199338 4.12277515002 -1.78739451608 0
690 1.41015005112 84.192494 107.42985 -0.14593359 81.3896872964 108.341931327 -0.161168821278 2.94747650805 -0.872914452107 0
693 1.41330313683 86.28045 107.15458 -0.15823172 82.4844625463 108.564844374 -0.150412994448 4.04948964096 0.447979975288 0
696 1.41859316826 88.385341 106.75858 -0.15035877 84.936925324 108.54329561 -0.0697079268846 3.88288301198 4.62095292468 0
699 1.4187939167 90.512184 106.42958 -0.15443508 87.8309723898 108.665994666 -0.160007595135 3.49148195687 -0.319281598524 0
702 1.41665792465 92.541412 106.11165 -0.15857271 90.5332832223 109.03525973 -0.105613069902 3.54684014895 3.03436386217 0
705 1.4220328331 94.624435 105.7799 -0.14991569 90.9625811941 108.455498785 -0.121190995337 4.53519593337 1.64580377198 0
708 1.42529702187 96.812614 105.41142 -0.16008539 94.3750121282 107.486320423 -0.132535863507 3.20111147104 1.57847159566 0
711 1.41024589539 98.833392 105.05687 -0.15857643 93.3828794943 106.533200285 -0.168670527558 5.64691399666 -0.57834918809 0
714 1.41242814064 100.9283 104.72764 -0.15390186 94.3454053606 105.662876973 -0.152269462888 6.64899767102 0.093529464999 0
717 1.40788578987 103.02648 104.38009 -0.15580909 98.8219268143 105.558936827 -0.110767301375 4.36668608137 2.58070438994 0
720 1.41499686241 103.56436 104.3046 -0.21764658 98.5342688172 106.464702443 -0.249489458829 5.47429080997 -1.82446256446 0
723 1.4220688343 103.46604 104.39779 -0.32798619 98.945160873 107.595219041 -0.38106569811 5.53731889563 -3.04123179334 0
726 1.41266512871 103.43166 104.43448 -0.46455789 98.5794918605 106.652167988 -0.484389535419 5.3349485156 -1.1362695833 0
729 1.43511605263 103.35806 104.51276 -0.60050128 97.7321322739 106.623631779 -0.551872331934 6.00889694098 2.78623348634 0
732 1.4155600071 103.30537 104.5712 -0.75278089 99.6710898781 108.381054945 -0.628985377504 5.26526226367 7.09296038866 0
735 1.41067695618 103.24477 104.73622 -0.88717849 98.6292851733 105.847023892 -0.948346832474 4.74727137131 -3.50468786357 0
738 1.41839909554 103.11543 104.83266 -1.0218313 98.1159533152 105.780296064 -0.909407925167 5.08849498686 6.44138489657 0
741 1.42892193794 103.3336 104.43355 -1.1359167 98.9413836444 107.533053643 -1.08850552354 5.3757313316 2.71646031289 0
744 1.42849993706 104.18264 102.5184 -1.1499809 101.095658957 103.288801056 -1.00597557217 3.18166147604 8.2508975119 0
747 1.41615915298 105.02068 100.61649 -1.1544373 104.734433122 102.871462769 -1.20951395181 2.2730682925 -3.15565969845 0
750 1.42204809189 105.97315 98.645528 -1.1675657 106.191761889 101.274511567 -1.08386472608 2.6380571934 4.79571254649 0
753 1.42752385139 106.66644 96.709247 -1.154133 105.212974254 100.499774948 -1.12345077897 4.05963850623 1.75796177101 0
756 1.42074799538 107.65453 94.805864 -1.1707179 105.193547837 96.8205308244 -1.12289338456 3.18045839763 2.74014289221 0
759 1.41791510582 108.36584 92.821603 -1.1639211 107.63038202 95.7615719514 -1.04765029556 3.03056362348 6.66182637495 0
762 1.41692399979 109.18739 90.932737 -1.1605274 106.67714468 94.2505020427 -0.983284655192 4.16039618851 10.1552612268 0
765 1.43087100983 110.00551 88.971931 -1.1631703 108.567075557 90.8842840223 -1.04458357859 2.3929454087 6.79451864334 0
768 1.43532705307 110.83946 87.051439 -1.1600004 111.712075897 87.8190697326 -1.10065693981 1.16220284198 3.40012981083 0
771 1.41710591316 111.68317 85.129972 -1.1502451 110.902656432 87.020308774 -1.01451817188 2.04513435979 7.77658014754 0
774 1.41863489151 112.49307 83.177328 -1.1488654 111.506953686 85.2734237408 -0.997205218229 2.31647204577 8.68948833564 0
777 1.41247296333 113.40329 81.226755 -1.149046 111.729544141 83.3344074276 -1.08514753852 2.69139814155 3.66111216014 0
780 1.4110429287 114.20236 79.347389 -1.1522317 114.163613947 80.9248591172 -1.10477710327 1.57794588859 2.71894811088 0
783 1.43094706535 115.10134 77.33273 -1.146946 116.776259801 78.3050403939 -1.00650809536 1.93668372239 8.04649921959 0
786 1.44265198708 115.87569 75.433999 -1.1405871 114.188010889 77.5007440281 -1.25369048262 2.66827580872 -6.48034647282 0
789 1.51465892792 116.74641 73.521868 -1.1514597 113.741034234 75.0970024053 -1.07615242632 3.39313010166 4.31478894852 0
792 1.53418397903 117.66191 71.592443 -1.1472421 117.387066498 74.2813329748 -1.20172247843 2.70289996983 -3.12149575054 0
795 2.42400288582 118.47567 69.543126 -1.1411103 116.653902298 72.0125161804 -1.20980498774 3.06866834711 -3.93591568252 0
798 1.43238210678 119.32773 67.660396 -1.1493947 118.188072153 71.9643933216 -1.15630423189 4.45232668975 -0.395887015867 0
801 1.42457985878 120.23613 65.736718 -1.1477983 132.500541704 66.9619930354 -0.915204388599 12.3254652395 13.3266494637 0
804 1.42538905144 121.05504 63.851108 -1.1435448 119.006779621 64.4558678458 -1.05526188674 2.13567437851 5.05823833317 0
807 1.42869114876 121.9387 61.889647 -1.1416966 119.869426909 64.3323263557 -1.10997299366 3.2013393386 1.81762875425 0
810 1.42329597473 122.75206 59.947854 -1.134592 121.331005424 63.4645430322 -1.00995737367 3.79295371135 7.14103807016 0
813 1.42596912384 123.61313 58.017737 -1.1345099 121.962607044 62.868321446 -1.08256333549 5.12370915414 2.97631890643 0
816 1.42976403236 124.50226 56.14403 -1.1250591 123.61644517 60.1458845891 -1.16057846609 4.09872029604 -2.03510976798 0
819 1.39849305153 125.37031 54.195354 -1.1346431 126.268805265 55.5714946336 -1.1048342347 1.64348921055 1.707922174 0
822 1.41152501106 126.19009 52.293812 -1.120627 123.461904796 56.3080021033 -1.15003389018 4.85352621204 -1.6848906961 0
825 1.42009592056 127.09539 50.434417 -1.1252352 126.340281297 54.620684087 -1.14244816605 4.25382431202 -0.98623030764 0
828 1.43892002106 127.94916 48.435924 -1.125081 126.302887233 50.6210904847 -1.13388300904 2.73590324932 -0.504317969444 0
831 1.47206997871 128.83417 46.49897 -1.1135569 125.050723775 49.886203439 -1.13472757472 5.07817050773 -1.21299031108 0
834 1.43164515495 129.69028 44.561049 -1.1141866 128.190423414 48.2855664581 -1.20257644153 4.0151712385 -5.06436487152 0
837 1.42468190193 130.6504 42.689185 -1.1179531 127.878037818 45.6503016697 -1.06837863369 4.05637818734 2.84040769128 0
840 1.43816304207 131.56218 40.752166 -1.1133477 129.499176626 45.4120330309 -1.1041065348 5.09611064117 0.529479763983 0
843 1.42073988914 131.80181 39.159633 -1.0655485 131.320929697 43.9790973108 -1.08303809935 4.84339572089 -1.00208022827 0
846 1.42665600777 89.526265 39.287264 -0.26055386 133.254310899 42.1238107482 -1.07276692455 43.8199497446 -46.5363806641 0
849 1.42584991455 49.129117 22.860079 0.57174269 133.441659631 41.1610177597 -0.855256501802 86.2758900526 -81.7610310588 0
852 1.43590378761 45.693587 19.436118 1.0035584 23.7185765625 38.8640508086 -2.55040546278 29.3316494071 156.372870121 0
855 1.43296384811 46.841947 21.209275 1.0214136 32.1290132969 91.981467245 1.01457731666 72.2853623724 -0.391690183078 0
858 1.4364631176 48.00008 22.972907 1.0079248 28.7900540751 93.9149287325 2.25119668729 73.4969083944 71.2342319287 0
861 1.41378688812 49.170996 24.731115 1.014741 32.8835258215 93.6411945743 -2.96982875468 70.8087618289 131.700969882 0
864 1.4088909626 50.349541 26.532036 1.0144485 37.9566361674 95.5085759273 1.97632251097 70.0810042061 55.1113212518 0
867 1.40375900269 51.518278 28.351001 1.0069992 26.6244928129 91.0380272093 2.76560899934 67.4489717928 100.760919313 0
870 1.41877317429 52.642563 30.101924 1.0170679 57.2178364456 103.625570471 -2.90348666901 73.6658653486 135.368769845 0
873 1.42015600204 53.80357 31.912095 1.0183648 57.7310145231 100.755806752 -2.9317917561 68.9556485592 133.672700919 0
876 1.41654706001 54.946688 33.671099 1.0064723 21.9464299952 44.2569545852 1.76569362823 34.6565631137 43.5001778241 0
879 1.4285068512 56.161659 35.476636 1.0152563 55.1128279802 99.6509395908 0.407962645479 64.1828737894 -34.7953633291 0
882 1.42740011215 57.333476 37.252395 1.017552 56.4869641041 107.172145814 -2.49999602058 69.9248749463 158.459344186 0
885 1.41439795494 58.434052 39.044555 1.0099164 95.3951550099 36.1480360655 -0.745905033732 37.074424576 -100.601157731 0
888 1.42008399963 59.558673 40.733157 1.0155176 36.6971146234 117.483083595 1.66929581471 80.0824705146 37.4587324403 0
891 1.42192792892 60.829575 42.673596 1.0256616 104.428539029 84.7186645771 0.754455666037 60.5694432533 -15.538955395 0
894 1.41324186325 61.938983 44.298725 1.0235902 55.4121276544 126.630300498 1.63323791087 82.589879311 34.9302408226 0
897 1.42441511154 63.08776 46.123861 1.0214801 49.9353239193 111.348659482 -2.25356273375 66.5376653628 172.353867902 0
900 1.41091489792 64.233274 47.872937 1.026201 8.37575867161 108.946821242 -2.3897901312 82.7652182685 164.278125328 0
903 1.43762898445 65.367062 49.701179 1.0288308 59.6963254329 77.1820979158 -2.30656231185 28.0599030232 168.896051674 0
906 1.40540504456 66.47055 51.411163 1.0247772 93.2503538258 51.2034785083 0.330818858236 26.7806091379 -39.7608841409 0
909 1.4355969429 67.601685 53.206336 1.0345375 136.910690348 120.350985732 0.117550542691 96.4994415008 -52.5394825223 0
912 1.43686699867 68.713633 54.989386 1.0321621 59.1014171571 124.911467366 2.79264544217 70.5796865674 100.868265409 0
915 1.4432079792 69.889939 56.860516 1.0335194 45.2689674995 32.3898454084 -2.12848280497 34.7131957162 178.830618844 0
918 1.40656995773 70.97178 58.665246 1.0279054 140.640237646 31.3299005595 -0.99544227633 74.8392617626 -115.929282341 0
921 1.41870093346 72.083269 60.388926 1.0348295 109.348819101 56.0147649926 -2.61660549542 37.5213873524 150.788185596 0
924 1.42826986313 73.21006 62.180545 1.0389104 139.942120511 54.8193543477 -1.14369887998 67.1368380838 -125.054300069 0
927 1.41743302345 74.211219 63.966291 1.0279221 94.3487980745 88.7639396604 2.35110870488 31.9444121885 75.813007968 0
930 1.42757606506 75.394113 65.876292 1.0355825 92.3862116947 97.9903390106 0.535269458792 36.3324019774 -28.6658256966 0
933 1.41599798203 76.475569 67.55587 1.0353462 57.4461340467 71.135570476 -0.37656031962 19.3632035092 -80.8962846412 0
936 1.43903207779 77.652303 69.425792 1.0395167 123.402862782 51.0287103071 -0.0205046492772 49.31091497 -60.7347495073 0
939 1.43139004707 78.72098 71.209083 1.0347632 22.2884331424 119.437378717 -3.05848029499 74.2334213993 125.474423218 0
942 1.41438317299 79.923618 73.070281 1.0406815 71.8246113849 80.0651013459 1.51873002072 10.7014681153 27.39016264 0
945 1.439702034 80.886825 74.813727 1.0240856 73.5360667573 38.8408110615 -1.46525114843 36.7162678912 -142.628489472 0
948 1.43570399284 82.003807 76.66259 1.0354781 81.8280552 79.1759643928 1.07125879893 2.51951176491 2.05008303691 0
951 1.42947983742 83.149971 78.458347 1.0359732 83.0618329695 77.7494920014 0.90371313001 0.714313461666 -7.57794380853 0
954 1.4218890667 84.209192 80.07724 1.046865 83.1455076369 24.1113556419 -2.83468656969 55.9759916072 137.603477095 0
957 1.40913105011 84.421821 80.346791 1.1291589 81.4693285574 79.5716353589 1.28440564365 3.05255268444 8.89498319439 0
960 1.42245697975 84.549549 80.462185 1.2384433 85.258927972 79.0808713737 1.09594442142 1.55281868229 -8.16458432792 0
963 1.41939020157 84.477315 80.645515 1.377415 83.989981874 78.0816880125 1.29988326194 2.60973224629 -4.44224136889 0
966 1.39663696289 84.491575 80.745704 1.5042297 39.6290314421 90.4105525722 -2.41299519695 45.8917978772 135.559546001 0
969 1.42281389236 84.58151 81.604236 1.6242617 82.0324432453 79.3219859614 2.36683923801 3.42146263433 42.5465588893 0
972 1.43495988846 84.52138 83.606555 1.6450761 80.2929904765 81.1044523818 1.62158153339 4.9132265849 -1.34613950817 0
975 1.42409491539 84.450105 85.633891 1.6510189 81.2105172033 86.8620907668 1.62700489718 3.46459287068 -1.37590101095 0
978 1.41611099243 84.288283 87.799076 1.6553182 82.7885076543 87.6912573431 1.61177190043 1.50364588597 -2.49501917895 0
981 1.42333817482 84.219899 89.940013 1.6574582 81.3683536398 90.204742765 1.6098319397 2.86380739397 -2.72878370905 0
984 1.41078805923 84.085061 91.960688 1.6559816 81.31228637 92.2043700152 1.56158179667 2.78346188643 -5.40871031746 0
987 1.41085600853 83.972707 94.061302 1.6546883 117.914114966 69.895267648 -1.37098909775 41.6655300097 -173.358545059 0
990 1.42621397972 83.850194 96.236204 1.650278 30.1393533297 91.3610695635 1.64002610132 53.9316358114 -0.587390526104 0
993 1.42714190483 83.742141 98.372522 1.653672 70.7110950537 128.52087808 2.28300314966 32.8440486657 36.0580187919 0
996 1.42790579796 83.558608 100.37046 1.6603574 78.0778883255 99.0438534681 1.63520599674 5.63898688073 -1.44106925575 0
999 1.42552900314 83.448658 102.54165 1.6520527 80.2453302474 102.27514213 1.58422573971 3.21439498743 -3.88619856155 0
1002 1.41818809509 83.308795 104.69204 1.6576029 78.9473509787 105.770637542 -3.10761804648 4.49283503028 86.9729513195 0
1005 1.42298102379 83.194681 106.76107 1.661421 77.9481582514 107.767474849 1.68185584426 5.34217667913 1.1708303311 0
1008 1.40585684776 83.066158 108.84686 1.6653468 134.37579891 70.7490864331 0.463608649068 63.9071169831 -68.8545241283 0
1011 1.42419290543 82.920912 111.09751 1.6564676 81.1333579069 113.694760789 1.89610652753 3.15294486067 13.7302991544 0
1014 1.40503907204 82.798446 113.12029 1.6519674 78.5312049453 112.170032022 1.71052575148 4.37176582679 3.35514639531 0
1017 1.4231698513 82.725101 115.25424 1.6521864 77.6653389927 116.969143653 1.58091932548 5.34247939716 -4.08330258808 0
1020 1.42038297653 82.605874 115.888 1.7134215 76.9325116296 117.369757543 1.67928330865 5.86367171677 -1.95597428436 0
1023 1.41963911057 82.650086 115.98425 1.8265292 78.3355832116 114.122449446 2.10101196307 4.69906752608 15.7267038733 0
1026 1.42474198341 82.697137 116.16336 1.9516157 78.8442767355 114.430861856 2.05972037338 4.22446233695 6.19394153004 0
1029 1.41918802261 82.611261 116.28116 2.0730733 79.3910182099 117.486245757 2.11976059586 3.43834194197 2.67498500938 0
1032 1.41585493088 82.517518 116.45008 2.1971216 78.0978220676 117.728249414 2.17163747351 4.60080744939 -1.46013289252 0
1035 1.4301378727 82.418538 116.4581 2.3123831 74.5970304635 111.63665259 2.13026094544 9.18816277992 -10.434830812 0
1038 1.42096805573 82.414024 116.83182 2.4679277 76.5758975798 116.117899949 2.68501314358 5.8816155891 12.4380797108 0
1041 1.42362594604 82.282962 116.94587 2.5874118 102.12407365 86.9264486165 3.03681071985 35.9838209715 25.748661425 0
1044 1.42694592476 82.208722 116.96752 2.707272 78.1157359847 115.405247524 2.56226884057 4.38100785333 -8.30806905131 0
1047 1.41894817352 82.043289 117.20312 2.8493508 74.5482866648 114.587129943 -3.08507289532 7.93841696962 19.9825684159 0
1050 1.39911699295 81.832352 117.28824 2.9891727 76.345535061 113.180831804 2.95555189303 6.8539012404 -1.92633034307 0
1053 1.4183049202 81.142386 117.29523 3.0875315 76.3559353279 118.584491178 -2.9435006967 4.957045937 14.4473090215 0
1056 1.41416501999 79.131234 117.37152 3.1037602 97.7217752021 48.8862079535 -2.46131353801 70.96369627 41.1447621327 0
1059 1.41176009178 77.094643 117.50841 3.1079346 74.864881453 115.229429905 -3.00393121637 3.18835174192 9.81588377184 0
1062 1.41826915741 74.899205 117.59033 3.115912 71.3152202918 117.639636964 -3.09746912966 3.58432386451 3.9994847644 0
1065 1.42283916473 72.824078 117.69503 3.116944 69.6563932089 113.481806625 -3.13087630733 5.27119323682 2.02626523403 0
1068 1.42524218559 70.711208 117.83017 3.1174699 68.0945639227 115.884470243 -3.03551929763 3.26076275923 7.45968758614 0
1071 1.40023088455 68.550781 117.88294 3.1169773 65.3056023289 116.661169997 3.13837241279 3.46755051124 1.22584966504 0
1074 1.42765688896 66.454241 117.99143 3.11617 18.5945681869 35.7619256722 0.104866659633 95.1432586354 -172.534972237 0
1077 1.40824604034 64.352032 118.06903 3.1139299 59.7651258992 116.411346309 2.98681128749 4.87725566228 -7.2833599944 0
1080 1.41426610947 62.204954 118.16997 3.1178991 58.3820826068 118.635374699 2.97209938381 3.85109688567 -8.35370839193 0
1083 1.41096591949 60.134729 118.2293 3.1166836 57.162211696 118.884210787 2.98453810802 3.04380801976 -7.57137897231 0
1086 1.42192792892 58.034017 118.36643 3.1239361 56.4932773586 118.142398053 3.04169767848 1.55694218132 -4.71191446708 0
1089 1.41175794601 55.858025 118.47896 3.1251128 53.5633464988 116.636174458 -3.13480035803 2.94302700914 1.33339592649 0
1092 1.4244351387 53.766425 118.55 3.1243401 50.2107875939 115.787230371 -3.13908993006 4.50282726577 1.1318940022 0
1095 1.41286087036 51.628528 118.603 3.1187628 47.352958484 117.960352428 3.09922740563 4.32359695017 -1.11929564843 0
1098 1.4217031002 49.494235 118.64783 3.1200968 47.9655547844 116.745340002 3.11235921209 2.4405596478 -0.443331130864 0
1101 1.42107915878 47.379245 118.80828 3.1260538 46.9389470329 117.934022364 -3.08110662961 0.978871142893 4.35590462256 0
1104 1.41889381409 45.313934 118.87713 3.1250737 43.4309237566 116.013279793 3.0184692325 3.42744300981 -6.10798606501 0
1107 1.40985012054 43.229975 118.9845 3.131291 42.4427907537 117.604899786 3.11525351966 1.58838149927 -0.918879937336 0
1110 1.41359591484 41.038059 119.03542 3.1300111 38.8237225472 116.453279669 -3.11481473918 3.4015782536 2.19783562053 0
1113 1.3982000351 38.877743 119.09254 3.1262084 37.4232981549 117.393559988 3.1344058658 2.23650237805 0.469680192924 0
1116 1.41419410706 36.866989 119.17866 3.1252668 35.1807340167 117.884558653 3.03825297673 2.12559501449 -4.98552483249 0
1119 1.40242505074 34.67231 119.25843 3.1314701 31.5490524469 118.773902929 3.05937439414 3.16061769681 -4.1307796666 0
1122 1.42119312286 32.567479 119.34722 3.1353596 32.9792715793 119.227729659 3.03578091911 0.428778579231 -5.70543814444 0
1125 1.43663406372 30.502201 119.36971 3.1349527 29.9187070672 118.196907776 2.91430107285 1.30993519941 -12.6424069781 0
1128 1.44623184204 29.15421 119.31018 -3.13185 33.9233700935 120.031221569 3.00575377691 4.82335867859 -8.34120725972 0
1131 1.44056916237 28.938717 119.39146 -3.028318 26.5076168324 114.638346118 -3.10600627528 5.33875824527 -4.4512102913 0
1134 1.41878008842 28.80706 119.32785 -2.9089456 31.8976036438 119.94990501 -2.96272003766 3.1525247739 -3.08104832348 0
1137 1.42109417915 28.607415 119.34948 -2.7753086 92.181600796 95.9413042427 -1.06713648043 67.7467327029 97.8710531335 0
1140 1.42646503448 28.309413 119.3977 -2.6319404 26.4494953036 118.143672985 -2.7050462692 2.24318469841 -4.18865776257 0
1143 1.41996598244 28.176965 119.31562 -2.5155106 27.3958345488 116.760794847 -2.48725783955 2.67157188686 1.61876393348 0
1146 1.42833995819 28.13257 119.1422 -2.3876282 92.4235278829 97.6480500341 -0.749891938713 67.788832032 93.8353757273 0
1149 1.4261059761 28.071656 119.10664 -2.2643471 87.2509296694 94.2768628034 -0.0522219329 64.1771319682 126.74543583 0
1152 1.43193387985 27.847582 119.05477 -2.1225081 91.9339375022 98.5443935387 -0.771029577919 67.2884574361 77.4340154178 0
1155 1.43215298653 27.651134 118.95518 -2.0012288 89.4355209952 99.0853022677 -0.595974662563 64.9008668468 80.5151312184 0
1158 1.42311286926 27.585975 118.8068 -1.8653126 36.2903273627 137.104219869 2.70119655678 20.2623128969 -98.3582982087 0
1161 1.44991779327 27.545652 118.66047 -1.7395281 90.9300865292 96.708972996 -0.513396005538 67.0779752326 70.2521941382 0
1164 1.40875697136 27.426878 118.54472 -1.6078392 87.7374195419 94.1927895836 -0.142511929392 65.0413555831 83.9570682112 0
1167 1.41983795166 27.408113 118.27266 -1.4907581 91.3436821201 90.3388347027 1.11996740786 69.7714525751 149.583553067 0
1170 1.4129691124 27.619078 117.43976 -1.368489 35.4693850063 133.004718705 1.89916424032 17.4325918782 -172.777260417 0
1173 1.42802000046 28.00462 115.50954 -1.3464267 35.0560013483 135.247128762 1.51903098603 20.9593508735 164.178631783 0
1176 1.41702413559 28.352772 113.43776 -1.3439724 93.1023053578 91.9197595281 -0.103986570873 68.2314180885 71.045954665 0
1179 1.41716098785 28.777386 111.37552 -1.3470791 39.5363482523 134.180849619 -1.70123739679 25.2158348618 -20.2917756857 0
1182 1.44076490402 29.292879 109.18718 -1.3487141 33.4175777202 63.6162265685 -1.08260122731 45.757239167 15.2471444792 0
1185 1.42672300339 29.664866 107.14961 -1.3582731 57.0097393091 64.1724312849 -0.559260689411 50.9389829757 45.7800389053 0
1188 1.42539095879 30.155372 105.1583 -1.3627181 33.7188203526 130.483416271 -2.32841205192 25.5745904817 -55.3301877463 0
1191 1.42840600014 30.584999 103.08809 -1.3538609 46.5034340658 98.4764328146 2.87615993982 16.5729887751 -117.637658626 0
1194 1.42990493774 30.932942 101.04272 -1.3388863 46.9941417786 85.2823066118 -2.53626690093 22.5022836284 -68.6048549038 0
1197 1.41639304161 31.46397 98.886394 -1.3633561 79.3768818846 49.7753330956 0.125743685944 68.6115400528 85.3191330084 0
1200 1.42182588577 31.761459 96.890841 -1.3338862 37.3811523403 81.2847980042 2.60143048173 16.5870290054 -134.522963089 0
1203 1.42966794968 32.148779 94.808879 -1.340085 106.526429018 73.4330415085 3.08212183693 77.3883792998 -106.62621211 0
1206 1.41840910912 32.63242 92.742465 -1.3409888 20.9769785196 123.791700781 -2.51039304222 33.1648060248 -67.0019276241 0
1209 1.41698813438 33.223163 90.635151 -1.3443959 126.363995117 50.5742294991 0.422976453585 101.390788729 101.262976689 0
1212 1.42914700508 33.480467 88.544154 -1.3400822 19.7865176693 119.411947761 -2.46668885829 33.7689937659 -64.5498066912 0
1215 1.41985011101 33.996344 86.523674 -1.3537744 32.0251847178 86.1444937888 -1.22911512005 2.00729832075 7.14245061838 0
1218 1.42428803444 34.391099 84.502242 -1.3500462 32.2802608356 89.3996246378 2.29671057609 5.33291613069 -151.056227819 0
1221 1.42771577835 34.871654 82.311763 -1.3462417 11.251509068 115.038731511 -2.50788276855 40.3604474027 -66.5571305372 0
1224 1.41381001472 35.319079 80.358924 -1.358939 35.0704227535 81.4974951409 -1.32950443013 1.16540729867 1.68647662538 0
1227 1.4215490818 35.776446 78.250756 -1.3606991 36.2133010007 78.5365834329 -1.25641025511 0.522053266509 5.97531066261 0
1230 1.41468286514 36.167733 76.160289 -1.3496683 120.038405753 59.5669621549 0.0822346075543 85.4963639221 82.0419932754 0
1233 1.41744995117 36.593873 74.026216 -1.3452321 35.0960234796 75.4965015679 -1.3979320328 2.09887894769 -3.01948373021 0
1236 1.42798805237 37.096668 72.068535 -1.358637 37.1306753299 71.9564808799 -1.36619763695 0.117100915128 -0.433192587468 0
1239 1.4304330349 37.456761 70.030489 -1.3570922 38.5620150622 70.7632445641 -0.606145701534 1.32609096924 43.0260650022 0
1242 1.42490386963 37.942935 67.912468 -1.3598503 37.1159388015 67.6327588803 -1.4053007277 0.873017699654 -2.60411768422 0
1245 1.42126297951 38.381728 65.750541 -1.3597279 39.0739792145 63.8956808294 -1.40439188367 1.97982776942 -2.55905776041 0
1248 1.41110897064 38.78715 63.709446 -1.3638712 37.6695385983 62.6327315375 -1.31643338626 1.55189216089 2.71798651685 0
1251 1.42337608337 39.284372 61.704874 -1.358189 37.7667466672 61.4665242693 -1.36943369681 1.53622825286 -0.644273669006 0
1254 1.42238402367 39.616785 59.610797 -1.3616912 38.2986161076 59.2676329049 -1.31091269223 1.36210529144 2.90939418524 0
1257 1.41740202904 40.0981 57.483375 -1.3627524 39.317243266 57.7998102422 -1.37544843322 0.842536943763 -0.727429119962 0
1260 1.41987705231 40.478176 55.366289 -1.371191 39.4513354997 56.3135464595 -1.33725960252 1.39703189213 1.94412586887 0
1263 1.41920399666 40.927924 53.368372 -1.3697355 39.6861776213 54.3213592447 -1.32662945053 1.56528551951 2.46979470624 0
1266 1.42193198204 41.311773 51.24524 -1.3687118 40.4485456872 51.061390396 -1.32469083921 0.88258827909 2.52221526323 0
1269 1.42665410042 41.752813 49.127024 -1.3690442 40.0208075971 51.1739705469 -1.28462912053 2.68138637302 4.83662778092 0
1272 1.42878198624 42.124468 46.999249 -1.3746445 42.3552820337 47.4181631645 -1.3878787328 0.478293001618 -0.758265684579 0
1275 1.43059396744 42.489069 45.000812 -1.3756167 39.4454916809 44.20354493 -1.33119398776 3.14626726113 2.54523392569 0
1278 1.42308306694 42.919623 42.847052 -1.3693623 40.6946872949 44.2857720369 -1.43556500213 2.64957623714 -3.79313542465 0
1281 1.43165206909 43.26925 40.76156 -1.3849404 42.1174729511 41.1181337097 -1.41218006802 1.20570940981 -1.56071801304 0
1284 1.42417216301 43.723057 38.666685 -1.382086 44.3906177359 38.6759403857 -1.36420123247 0.667624893379 1.0247216972 0
1287 1.4204249382 44.069109 36.638541 -1.3748634 43.7348176713 36.3197421548 -1.30554330027 0.461934406775 3.97174914972 0
1290 1.42637205124 44.48264 34.512889 -1.372972 43.8675080649 34.8895167369 -1.31852817059 0.721273699637 3.11940164546 0
1293 1.42708802223 44.660959 33.544964 -1.3339999 44.2111821787 34.6245277396 -1.28397242488 1.1695114607 2.8663631842 0
1296 1.41950488091 44.654294 33.324157 -1.2074321 45.0344198788 33.5667759536 -1.18283343924 0.450954144456 1.40939944299 0
1299 1.41939496994 44.699557 33.107025 -1.0711259 44.9069695779 32.5532840251 -0.899406851292 0.591311292628 9.83877675298 0
1302 1.41458392143 44.829945 32.953901 -0.95914547 44.1245384407 34.0786991901 -0.882914125843 1.32769325615 4.3677342868 0
1305 1.43622899055 44.914184 32.826307 -0.82117543 45.1939069811 34.2140286012 -0.985365677369 1.41563278735 -9.40740821144 0
1308 1.43334817886 44.932468 32.690373 -0.70238554 42.953883136 33.1920452529 -0.602813355205 2.04119404104 5.70506594567 0
1311 1.42811608315 45.019913 32.619075 -0.56167342 42.5092785131 32.6950521895 -0.377290457708 2.51178384024 10.5643655535 0
1314 1.41746306419 45.164806 32.47066 -0.44585332 43.1758100886 34.8901827713 -0.608573581703 3.13212311004 -9.32318423683 0
1317 1.40609002113 45.307079 32.373178 -0.30795343 43.1093501008 32.6083099518 -0.665846757448 2.21027132931 -20.5057771787 0
1320 1.41350197792 45.468859 32.25314 -0.19105128 41.2374575171 31.9668991983 -0.308599499579 4.2410720704 -6.73501687115 0
1323 1.42333197594 46.833289 32.057508 -0.10389315 44.0887737438 30.1588988477 -0.0860072316608 3.33722649891 1.02478763355 0
1326 1.40838479996 48.863767 31.868312 -0.084237935 45.7442441871 29.9543287572 -0.222567130769 3.65988448368 -7.92567910098 0
1329 1.41698408127 51.033972 31.691587 -0.08198003 49.1084929188 28.2678165272 -0.274063997639 3.92806236487 -11.0056006579 0
1332 1.42426300049 53.111195 31.42619 -0.084122232 51.5799683478 33.6240653137 0.0230482575539 2.67867709041 6.14041673979 0
1335 1.41558384895 55.206155 31.249451 -0.082409142 54.4031784257 34.2124865434 0.0111407799032 3.06991058667 5.36001569883 0
1338 1.43277692795 57.287235 31.07162 -0.080297126 57.1866406208 32.6100662914 -0.0321150448669 1.54173156568 2.76062989708 0
1341 1.4299249649 59.516372 30.847745 -0.092608556 59.7967991738 33.0140779192 -0.0095542030156 2.18440786407 4.7586638962 0
1344 1.4145720005 61.567611 30.670937 -0.091677002 59.9105190373 32.1258985109 0.0152788755198 2.20519086955 6.128120376 0
1347 1.42109704018 63.68279 30.502969 -0.089332225 65.3264619231 32.4722381427 -0.0698276520814 2.56508837025 1.11752970944 0
1350 1.41259694099 65.773678 30.270465 -0.081918863 65.3073196338 31.5814555822 -0.0447013688388 1.3914691633 2.13240533949 0
1353 1.41420602798 67.870787 30.052005 -0.080757136 67.7943355656 32.0301420974 -0.0231276815286 1.97961390125 3.30192451685 0
1356 1.41847491264 69.978421 29.855203 -0.080851998 68.5893459506 30.9159193325 -0.0832661723796 1.74775531203 -0.138322002958 0
1359 1.41588497162 72.04312 29.748383 -0.089661546 70.151895675 30.5651011691 -0.0538663804182 2.0600383529 2.05091191481 0
1362 1.41523790359 74.192216 29.503442 -0.097083695 73.0871856518 31.3304980171 -0.0609371394045 2.13523435714 2.07104507956 0
1365 1.41364598274 76.337484 29.313327 -0.092202589 76.4125313212 30.1118515957 -0.0891931666643 0.802043409279 0.172427198608 0
1368 1.42181897163 78.469083 29.072242 -0.088851811 77.7351905507 30.1877002354 -0.136016074857 1.33523226522 -2.70231326285 0
1371 1.41267704964 80.508884 28.860474 -0.08148585 78.9124265043 30.763880462 -0.101218551141 2.48427709708 -1.13060049375 0
1374 1.4207379818 82.648681 28.706332 -0.092016755 81.9055823868 30.3326066292 -0.0415820060284 1.78800579383 2.88969825688 0
1377 1.41677713394 84.803463 28.469695 -0.089914919 82.8288403223 30.9195573316 -0.104562909211 3.14657912075 -0.839268017464 0
1380 1.41672301292 86.909059 28.274418 -0.095059786 84.6450057096 30.2013886678 -0.0958552538715 2.97307135072 -0.0455769517759 0
1383 1.42371106148 88.999768 28.069648 -0.093100738 86.3937919407 30.5840605485 -0.0631384331953 3.62124035185 1.7167136098 0
1386 1.42166876793 91.148907 27.8824 -0.087682683 89.78732963 30.5789661493 -0.0707291904347 3.02082140023 0.971363571997 0
1389 1.4231159687 93.191686 27.680334 -0.085944106 90.8908228364 29.6791397475 -0.0747400384682 3.04781818907 0.641945782951 0
1392 1.41979002953 94.597595 27.536443 -0.026113958 94.1396108509 31.1409957711 -0.0446922339594 3.63353136227 -1.0644568031 0
1395 1.41970705986 66.734672 23.138609 0.64678418 94.6042100272 31.507320539 0.0502101446419 29.0989086165 -34.1811743931 0
1398 1.41248893738 41.954155 8.6979942 1.5862633 95.831602411 31.0032762046 0.0712975281763 58.3121337702 -86.8011448323 0
1401 1.4250369072 40.498777 7.6026468 1.6671323 99.049451745 31.922955737 0.0463204526198 63.4007802782 -92.8656782397 0
1404 1.42046403885 40.36551 9.5759073 1.6613912 101.20088355 32.06807544 -0.0386296076662 64.8601595944 -97.4040173637 0
1407 1.42052102089 40.15753 11.693798 1.6450717 99.9294940932 31.270313804 0.0361850956413 62.8961657224 -92.1824121449 0
1410 1.41661787033 40.017928 13.779826 1.6578436 102.645343693 31.3434382218 -0.0524550557155 65.0436289779 -97.9928946794 0
1413 1.43009805679 39.937066 15.922073 1.6651068 103.8108709 31.7486606005 -0.0249867177546 65.8053480155 -96.8352255498 0
1416 1.41661715508 39.75755 17.953862 1.6630734 104.916644065 29.4766683694 0.0786799081068 66.1701035665 -90.7790601735 0
1419 1.43012905121 39.645384 20.177858 1.663423 108.45813457 31.4399993377 -0.0190274310497 69.72826162 -96.3973089391 0
1422 1.43125009537 39.526919 22.292671 1.6684735 111.735327778 35.548220406 0.134979891929 73.415011328 -87.8627116528 0
1425 1.4170050621 39.303781 24.413998 1.6572417 112.683070364 33.0104896901 0.137353053363 73.8811192181 -87.0832047821 0
1428 1.40368700027 39.21094 26.55624 1.6661167 112.345470418 33.5936037439 0.111109892196 73.4723351192 -89.0953272013 0
1431 1.4146490097 39.049874 28.673026 1.6660737 114.425830934 33.7149579112 0.317264956028 75.5443972849 -77.2810484 0
1434 1.40794897079 38.816051 30.701859 1.6598041 120.772663366 33.8941424375 0.200925182385 82.0187599516 -83.5876047999 0
1437 1.41018295288 38.695572 32.853799 1.6647394 122.449696445 35.5064537162 0.0709873916953 83.7961212621 -91.3152636664 0
1440 1.41854500771 38.58982 35.008607 1.6723781 122.913107488 36.7513388987 0.104192148226 84.3412943185 -89.8504365284 0
1443 1.42277002335 38.393816 37.160762 1.6689022 126.473312467 35.8281689095 0.109413374449 88.0895765813 -89.3521279019 0
1446 1.42642092705 38.314928 39.264936 1.6781402 130.181568301 37.2288819134 0.131022407169 91.8892002165 -88.6433199388 0
1449 1.42657279968 38.042909 41.445131 1.6601298 129.907514329 37.7252292904 0.194445386052 91.9398900425 -83.9775310173 0
1452 1.42316389084 37.893052 43.482766 1.6655679 137.941042102 26.6192090417 -0.0864756527061 101.459252298 -100.384701093 0
1455 1.41833400726 37.737395 45.529248 1.6663309 137.918733748 26.5536759338 -0.0514998576068 101.962605736 -98.4244523286 0
1458 1.41296100616 37.667375 47.706088 1.6735516 140.038309646 26.3657880573 -0.138921387632 104.571586303 -103.847052673 0
1461 1.42544388771 37.411337 49.793915 1.6717816 141.409072209 23.9953649099 -0.164627748293 107.149867547 -105.218505116 0
1464 1.42208790779 37.208006 51.943854 1.66906 97.3349492659 48.9463827263 -0.834391306827 60.2016124413 -143.437194098 0
1467 1.41649198532 37.03196 53.963531 1.6741645 24.3177516876 70.9579746229 0.213179769565 21.2240949645 -83.708258987 0
1470 1.41539382935 36.983983 56.143126 1.6856298 27.3108465576 121.812698572 -2.26496177113 66.3781766126 133.647776394 0
1473 1.42836284637 36.720012 58.206076 1.6746777 36.6596216174 25.8282215718 -2.15038494108 32.3779107475 140.840054293 0
1476 1.42067289352 36.536888 60.398002 1.6787317 4.07303116399 143.313144591 0.0456405493399 89.0439378708 -93.569230493 0
1479 1.41143202782 36.401835 62.417273 1.6766351 67.4368391697 59.4808305828 0.22827369103 31.1736134877 -82.9849959436 0
1482 1.43135213852 36.239068 64.615141 1.6886647 82.062750854 51.9341428755 -0.863134769177 47.5459527587 -146.207339748 0
1485 1.41492486 35.99676 66.655908 1.678851 20.9441251828 9.436257408 -0.548380263023 59.1664620272 -127.610951371 0
1488 1.40512418747 35.830181 68.859683 1.6854848 105.152066799 4.49824657946 -1.22078665271 94.5934371344 -166.51708836 0
1491 1.40536999702 35.575227 70.898859 1.683738 36.7521328913 43.0642036364 -1.47728234863 27.8595252416 178.886875068 0
1494 1.42292904854 35.463169 73.006353 1.6935188 131.182443369 99.7711039303 -0.545703192814 99.3908012754 -128.297969581 0
1497 1.42419600487 35.205801 75.07321 1.6913976 58.3754581404 111.981488921 -1.44291359414 43.5781374646 -179.582803105 0
1500 1.41610383987 34.978045 77.287591 1.6912075 100.570821475 50.373561009 -0.46531165537 70.8997696475 -123.559446042 0
1503 1.41770720482 34.814043 79.320098 1.7000185 85.3906865925 84.9251045288 -0.197929813852 50.8862749204 -108.744428118 0
1506 1.42627692223 34.580736 81.372215 1.6970036 78.018986672 134.848803178 2.42162125261 68.8957698601 41.5175332554 0
1509 1.43419694901 34.345965 83.441951 1.6955247 81.369607952 124.351318177 1.77856592488 62.3281583181 4.7579117115 0
1512 1.41655993462 34.142398 85.698773 1.7034669 125.000131651 103.794612018 -3.00358541154 92.6422536104 90.3057686015 0
1515 1.40630412102 33.910208 87.748137 1.7016389 24.3163360258 86.0834317935 -1.87554933097 9.73722870649 155.042211841 0
1518 1.40748691559 33.670818 89.737713 1.6967853 112.563164 64.4198382949 0.127542388087 82.8552776649 -89.9109958834 0
1521 1.41690707207 33.472926 91.900649 1.7056804 28.4980153712 95.749230273 3.05730316776 6.28977850008 77.4422800866 0
1524 1.42408204079 33.217902 94.036516 1.7078464 31.1502003477 94.5405116743 2.00743947607 2.12823912253 17.1654188299 0
1527 1.42860293388 33.034075 96.178482 1.7177188 115.215117705 58.3768092822 -0.564997545808 90.4582237297 -130.79001244 0
1530 1.42037796974 32.713254 98.174723 1.7080491 124.382785999 34.7889172094 -0.617335800165 111.449824911 -133.234740523 0
1533 1.40776705742 32.45653 100.24821 1.7068362 28.7169616906 99.7048658507 1.85026485828 3.77883500638 8.21785678087 0
1536 1.41534304619 32.217075 102.39435 1.7082962 29.7890194663 100.684925373 1.68787982589 2.96944207368 -1.16977206971 0
1539 1.42661881447 31.955228 104.48204 1.7110577 27.956798194 103.49515795 1.7926141017 4.11841924696 4.67283760988 0
1542 1.41739606857 31.741377 106.6002 1.7198575 59.0419312542 93.3969949954 -1.11660156081 30.3256473135 -162.517132946 0
1545 1.41937398911 31.439656 108.68741 1.7105287 71.0064838524 60.9656809495 -2.60803691829 61.9911065386 112.564416521 0
1548 1.424503088 31.216018 110.75498 1.7177022 52.7433271879 78.9850058516 -0.523154929896 38.3765071139 -128.391656035 0
1551 1.42541503906 30.916985 112.90957 1.719675 27.3913536771 112.371069602 1.76604965757 3.56651915799 2.65707215489 0
1554 1.41726112366 30.668641 114.94646 1.716506 27.3615285184 116.238571814 1.68063241044 3.55056980019 -2.05540527773 0
1557 1.43365001678 30.419865 117.12266 1.716223 141.2775941 60.1428466214 0.658244288882 124.644034088 -60.6177149617 0
1560 1.41724014282 30.132888 119.21343 1.725557 105.399277074 131.976641942 1.25837426615 76.3408730848 -26.7675989108 0
1563 1.40642905235 29.88258 121.34383 1.72867 54.4793842225 94.5159214385 0.812391577478 36.3969704199 -52.4988864694 0
1566 1.41876196861 29.981486 120.5055 1.7055843 27.590432979 120.573869003 1.77261596189 2.39203028193 3.84063131984 0
1569 1.4344689846 30.170653 118.4575 1.6900862 24.2253981998 70.6089271279 0.542215927245 48.2165114928 -65.7681220574 0
1572 1.43412804604 30.502618 115.6086 1.6745202 50.1220799763 92.1760350988 0.641713783485 30.5615507801 -59.1754487203 0
1575 1.40735793114 30.699806 113.48782 1.6738205 32.1104637583 79.6819292421 -2.73054182254 33.8353100362 107.648627472 0
1578 1.42062711716 30.8492 111.36091 1.6697397 63.2998253053 93.6882905512 2.9601611168 36.9508397859 73.9357009762 0
1581 1.41857910156 30.973164 109.37107 1.6787837 49.7820184791 128.818731469 0.844304338347 27.0552128701 -47.8121455135 0
1584 1.43924093246 31.204408 107.09871 1.665475 64.1810697975 105.586129343 -1.67579585937 33.0113332592 168.559281548 0
1587 1.42287683487 31.322843 104.96751 1.6587885 29.1560583934 107.154696139 1.92772954323 3.0787560377 15.409186715 0
1590 1.42762207985 31.457099 102.91722 1.6541397 113.809414946 94.0143026492 -2.96817474994 82.8321548621 95.160890436 0
1593 1.4199719429 31.546684 101.34427 1.631357 24.1797050022 57.6752875775 0.311630486171 44.2860294604 -75.6147593539 0
1596 1.40886306763 31.536552 101.09899 1.5279681 115.103598205 107.792555175 0.27715333441 83.8346886803 -71.6664070209 0
1599 1.4160618782 31.522716 100.84711 1.3818466 117.963341218 102.588814368 2.38741886098 86.4581703606 57.6150465497 0
1602 1.4124121666 31.33472 100.81397 1.2437751 119.426503369 108.154952018 -2.92196247244 88.3971284271 121.32081854 0
1605 1.4225590229 31.335612 100.76499 1.1262837 113.074696863 97.8914367544 -2.7160931145 81.7895794249 139.84802523 0
1608 1.42993497849 30.238332 99.003137 0.9296569 30.2218184468 64.6553788735 -1.57957884671 34.3477620962 -143.76861809 0
1611 1.41642308235 28.772289 97.32743 0.78863198 49.2763209073 125.677686432 -1.85265584073 34.9878888218 -151.334644607 0
1614 1.43040513992 27.005154 95.945316 0.6582802 85.6876068107 93.3291518574 2.63502644588 58.7407403997 113.259217057 0
1617 1.42935800552 26.209553 95.323497 0.64585939 59.9205916515 126.630240655 -1.20471628945 46.0059379348 -106.030176102 0
1620 1.43776893616 26.225548 95.299359 0.74214735 25.6846382753 42.4293438933 -1.04671028848 52.8727820406 -102.493992835 0
1623 1.42240905762 26.287241 95.304851 0.87876564 61.6958910997 112.22115604 -1.79486429109 39.2419912605 -153.187711031 0
1626 1.44109296799 26.503119 95.525486 1.0159202 24.5092221892 93.84369218 0.928904941934 2.6084583464 -4.9856070404 0
1629 1.41991519928 26.584147 95.637624 1.1414331 122.954168876 94.3753302174 2.85548199195 96.3782885408 98.2077673877 0
1632 1.43592810631 26.62792 95.717086 1.2595284 121.917527878 94.5652235138 2.64042550147 95.2965694913 79.1195758559 0
1635 1.41043782234 26.756174 95.797181 1.3910555 86.1069629954 108.967373592 0.370178139624 60.7944909287 -58.49196415 0
1638 1.42736816406 26.381693 93.77201 1.3952992 70.9664929002 128.504292687 0.979226169698 56.51668641 -23.8392286055 0
1641 1.41059803963 26.011804 91.856332 1.39866 30.7166332571 65.3272772479 0.131050792328 26.9430169873 -72.6286576716 0
1644 1.42006087303 25.609249 89.727224 1.3968171 22.5838334168 91.1940049696 1.45006247105 3.36222929967 3.05073503976 0
1647 1.41267108917 25.2462 87.568251 1.3940659 129.382392207 90.951146429 2.94686956908 104.191124904 88.9690966508 0
1650 1.42358589172 24.820481 85.505592 1.4017015 17.9848770546 88.6186575256 1.62299759241 7.51110233357 12.6793321181 0
1653 1.42859888077 24.493958 83.448062 1.398475 47.2938642069 67.2181040697 2.99537190733 27.986554941 91.4954531075 0
1656 1.42468190193 24.080092 81.345956 1.3962744 118.576033336 101.862802908 -2.34955364782 96.6975901255 145.379862078 0
1659 1.41727399826 23.622432 79.208855 1.3888608 64.3022673314 27.9334692429 1.59854759005 65.4523810654 12.0141680896 0
1662 1.42827916145 23.236261 77.182266 1.3737053 15.8951778009 115.388006562 1.63421789845 38.9046284445 14.9262724013 0
1665 1.42429423332 22.741503 75.111069 1.3685019 19.9102976766 76.1271888823 1.37139692158 3.00802646237 0.165872517887 0
1668 1.41961693764 22.23837 73.007777 1.3690406 17.6621981748 72.9132001449 1.40280028374 4.57714904225 1.93428739575 0
1671 1.41815304756 21.796618 70.8705 1.3677106 16.5145779356 72.5121495062 1.27635497625 5.53127113266 -5.23429167546 0
1674 1.42783093452 21.306705 68.900927 1.3588762 24.6487716886 68.3136263623 2.09222899038 3.39327744073 42.0180197831 0
1677 1.42185497284 20.800373 66.796896 1.3509317 21.3366402597 68.5258178581 1.52118984668 1.81018047864 9.75507323268 0
1680 1.4260160923 20.180988 64.758154 1.3339286 23.4210870711 64.4690064054 1.57327223584 3.25297530302 13.7133801867 0
1683 1.44051408768 19.716632 62.635567 1.3210663 143.428997512 24.0796109547 0.308142651518 129.581291578 -58.036250027 0
1686 1.40404200554 19.127208 60.642471 1.320188 78.9999973328 43.9328279051 1.19850067701 62.1607840591 -6.97217002738 0
1689 1.41496896744 18.573484 58.538556 1.3117791 75.3478912185 41.8092469847 0.78856989939 59.187862735 -29.9776789974 0
1692 1.41457796097 18.03732 56.562177 1.3046299 15.290375145 56.5371910906 1.40565505382 2.74705848723 5.78831493834 0
1695 1.42474007607 17.470308 54.449011 1.30616 18.6186927728 55.4711068555 1.92424473011 1.53735731833 35.4136464167 0
1698 1.4109120369 16.865167 52.414515 1.2995721 15.313724662 52.16812286 1.52912821476 1.57088586948 13.152596537 0
1701 1.41053509712 16.322269 50.452679 1.2871313 77.7349150205 115.388620871 -1.09464165809 89.3766727839 -136.465538257 0
1704 1.4168009758 15.679585 48.421133 1.2791916 10.8480931078 50.179368137 1.29263846107 5.141469119 0.770448386913 0
1707 1.41195106506 15.049517 46.343459 1.2810584 54.5713600227 146.517924129 -1.43296956613 107.688901656 -155.50234794 0
1710 1.42356014252 14.370513 44.264129 1.2685694 123.308926573 32.072079971 1.30715792812 109.61853863 2.21095979877 0
1713 1.41845798492 13.728985 42.398373 1.2622613 14.4813534542 40.3992114547 2.18852526667 2.13604896368 53.0710160054 0
1716 1.4133708477 13.116178 40.310007 1.2578142 14.73693193 40.1964890144 1.58240367556 1.62472447965 18.5976070239 0
1719 1.42932796478 12.482531 38.460523 1.239848 90.3997588066 53.7234715103 1.35261181256 79.3980603434 6.46089054151 0
1722 1.41291809082 12.331027 38.238303 1.1567887 16.1346796135 37.4682957456 1.39599386448 3.88080975779 13.7054463622 0
1725 1.41250681877 12.263795 38.100898 1.043782 20.3728980162 35.9179669717 1.40944361751 8.39778182624 20.9508674132 0
1728 1.41464209557 12.231882 38.075858 0.90529637 65.2951925746 50.6987750667 -0.622935208482 54.5440460949 -87.5612195656 0
1731 1.40069317818 12.170047 37.918491 0.7605547 138.102431434 35.7557001902 -1.97839508512 125.95095519 -156.930262986 0
1734 1.40931606293 11.9457 37.868652 0.60051086 92.0884031673 142.961650883 -1.974331343 132.164258728 -147.527591144 0
1737 1.41835403442 11.861848 37.85602 0.47073445 106.002025572 135.667932613 0.950607414489 135.755453969 27.4946955677 0
1740 1.4089858532 11.68598 37.868337 0.32347919 113.103472955 80.142229102 1.99711663388 109.875337682 95.8923619697 0
1743 1.42009615898 11.634663 37.834152 0.18688423 12.5314315747 74.2122659675 -0.751751228576 36.3891655539 -53.7798502777 0
1746 1.43227005005 11.546787 37.799316 0.059161186 102.571244536 72.1238539042 1.8705913276 97.2811686402 103.787301996 0
1749 1.42539191246 11.461332 37.784444 -0.088384018 97.0108511563 60.1144123271 -2.40438994825 88.4157662036 -132.697365131 0
1752 1.40793609619 11.353119 37.809133 -0.22428348 80.1449318703 81.2747312149 0.603820753706 81.3730406594 47.4468775883 0
1755 1.4186270237 11.259101 37.929753 -0.36642208 13.9988290367 39.0313406892 -0.281696748159 2.95289775513 4.85440393236 0
1758 1.41488218307 11.22919 38.083377 -0.50941267 14.1557893404 37.8060162537 0.051205060395 2.93971302733 32.1210298718 0
1761 1.43013310432 11.185129 38.110347 -0.64618684 11.9233198795 34.0232378585 -0.261561927308 4.15323812332 22.0373841928 0
1764 1.41696000099 11.588805 37.741111 -0.76036767 100.744647387 27.4003527519 -0.0708935555057 89.7535264651 39.503956844 0
1767 1.43251395226 13.063467 36.224873 -0.77289998 103.510276489 47.7432673967 0.612329380174 91.1772929858 79.3677959956 0
1770 1.42523598671 14.493375 34.807156 -0.77803694 32.0583259958 100.860386917 2.78294375021 68.3487879784 -155.970835524 0
1773 1.43251013756 15.892318 33.28564 -0.77023756 16.6541062604 35.8378257736 -1.0876843372 2.66345144065 -18.1883605534 0
1776 1.42868900299 17.405154 31.857105 -0.77891679 99.3277381278 30.5276128149 -0.341263411854 81.9333713431 25.0756914574 0
1779 1.40932679176 19.008966 30.381332 -0.78385491 79.7689480342 35.2475204313 -2.88331482598 60.9545339302 -120.290192442 0
1782 1.40707683563 20.517371 28.856906 -0.78454873 23.3093525917 29.4147418567 -0.831655601771 2.84716386097 -2.69902493856 0
1785 1.41555905342 22.037399 27.308602 -0.78653789 21.0144928905 27.3546426578 -0.755444695083 1.02394172249 1.78150884033 0
1788 1.41480302811 23.470866 25.802264 -0.78746834 95.7772684224 46.7455527309 2.92868577993 75.278397792 -147.080052908 0
1791 1.4154047966 25.030138 24.239515 -0.79252133 23.6870633933 24.999007814 -0.621961068324 1.54294482518 9.77238314671 0
1794 1.40837001801 26.508975 22.80392 -0.79210599 26.2703330523 26.4057692222 -0.640433163063 3.60974622355 8.6902128503 0
1797 1.42358493805 27.961008 21.312251 -0.79564812 27.6239356697 22.893799369 -0.82259398657 1.61706926237 -1.54388442978 0
1800 1.42070007324 29.36401 19.750057 -0.78815021 29.9962508856 21.7526065947 -0.830775950509 2.09998414679 -2.44227502978 0
1803 1.42115998268 31.016391 18.179875 -0.79578372 31.3945919106 18.8304992085 -0.904083713128 0.752560821169 -6.20513252753 0
1806 1.41422200203 32.405165 16.663972 -0.79079715 31.9551120201 17.1436959759 -0.950945364991 0.657786270621 -9.17581681556 0
1809 1.4251639843 33.875627 15.226881 -0.79213801 32.1403522872 13.7845208879 -0.826901319965 2.2564531952 -1.99179094288 0
1812 1.4218070507 34.400964 14.714584 -0.72873329 30.3173346403 12.8969695209 -0.823924214221 4.46987149054 -5.45403820582 0
1815 1.42306399345 34.541831 14.529671 -0.59347242 33.0695379526 14.0929382551 -0.679367011977 1.53570254542 -4.9213976033 0
1818 1.41698002815 34.648846 14.435796 -0.47955783 32.9137395842 15.5096486607 -0.618469851678 2.04052782661 -7.95907256575 0
1821 1.41374611855 34.668797 14.324629 -0.34405458 33.9192759614 15.1830404182 -0.533022611013 1.13958411287 -10.82707064 0
1824 1.42714500427 34.864126 14.20779 -0.22615765 34.2820749337 14.9280541065 -0.381843592043 0.926047421572 -8.92014740856 0
1827 1.42810702324 35.017605 14.088235 -0.094353638 35.6837560366 15.8174345585 -0.235749283057 1.85307536728 -8.10137370328 0
1830 1.41715502739 36.599142 14.0692 -0.022879679 36.6134020789 12.5276827845 0.00213007394849 1.54158317177 1.43295329061 0
1833 1.42987108231 38.63985 14.009333 -0.014813302 40.2382031544 15.270150215 -0.0823882777282 2.03577819414 -3.87176090992 0
1836 1.42707490921 40.768535 13.925491 -0.0089087199 41.4443166713 12.3430916057 0.00156935319732 1.72065938246 0.600349365906 0
1839 1.43203902245 42.905865 13.952369 -0.011506708 45.2803688387 14.8970094703 -0.153383437536 2.55550662261 -8.12893781355 0
1842 1.41431307793 45.04117 13.838962 -0.010052037 44.9689138192 14.7198172403 -0.160727711354 0.883813843534 -8.63308021577 0
1845 1.44172596931 47.095509 13.764363 -0.008210261 47.4077248521 16.1954371904 0.270279938984 2.45104068864 15.9563130948 0
1848 1.40968894958 49.256947 13.750747 -0.012245698 49.4749227976 15.6340980708 -0.0855696251197 1.89592317989 -4.20115156128 0
1851 1.41148710251 51.347189 13.680192 -0.017629817 51.0095395898 15.8814562541 0.0541029228309 2.22700952863 4.10998324522 0
1854 1.4200668335 53.510554 13.649042 -0.0075411209 52.1807407378 17.0164726689 0.0802010545026 3.62049618454 5.02725633586 0
1857 1.42384195328 55.608657 13.581194 -0.0077936973 55.8233856115 14.6087479181 -0.0407872863709 1.04975017558 -1.89039340475 0
1860 1.42252206802 57.666716 13.591636 -0.01411162 59.4928369489 15.3692111583 -0.00589240749435 2.54842915608 0.470926187495 0
1863 1.42076206207 59.905766 13.533857 -0.012519778 58.2272517988 15.550641096 -0.0352447168906 2.62389557974 -1.30204308812 0
1866 1.41314816475 62.027534 13.447994 -0.021676244 59.4391503279 14.9566474456 0.0236454996307 2.99595815272 2.59674463021 0
1869 1.41678094864 64.181261 13.371995 -0.025327169 63.4633456791 14.2225625642 0.0567183831907 1.113044289 4.70086386835 0
1872 1.42842507362 66.241252 13.310079 -0.024907545 66.5021222222 15.4569317348 -0.0233576547484 2.16264420046 0.0888021701263 0
1875 1.41648006439 68.444119 13.24669 -0.026304862 65.8513146294 14.9214674169 -0.0420037137619 3.08666711853 -0.899477949157 0
1878 1.41920018196 70.49734 13.123327 -0.017605166 68.674552545 14.8754837242 0.0253224358531 2.5283605938 2.4595704108 0
1881 1.41697192192 72.634932 13.039101 -0.019360635 72.4329278952 14.956320814 0.0480798315932 1.92783232505 3.86405410419 0
1884 1.42096614838 74.720419 12.994859 -0.019347658 73.7904852334 15.5517756788 0.0290382930001 2.72077189648 2.77231078003 0
1887 1.4179558754 76.914825 12.90632 -0.036038761 76.3760783447 14.523219288 0.0401375246229 1.70429201315 4.36457966517 0
1890 1.43613290787 79.004774 12.78569 -0.032634565 78.9609390445 15.4540248127 0.0206372526838 2.66869484504 3.05225032027 0
1893 1.44659781456 81.177999 12.691712 -0.029848436 81.6644943125 14.5467225603 0.00272955179104 1.91774395266 1.86658120546 0
1896 1.41334319115 83.222919 12.597068 -0.02122413 81.7997533409 14.0566217376 0.01498370446 2.03855282151 2.07455609987 0
1899 1.41571998596 85.390174 12.538762 -0.021700441 84.0588017906 14.2288527015 0.00865584055854 2.15150146157 1.73928681502 0
1902 1.41537880898 87.449986 12.512039 -0.030894579 86.2488078583 14.1634159671 0.0286431582881 2.04202713389 3.41126106837 0
1905 1.41572594643 89.572355 12.414566 -0.034322832 88.5819827435 14.7454932844 0.0391537251302 2.53259929944 4.20989661672 0
1908 1.42606306076 91.713838 12.339838 -0.030338307 89.8255378878 14.399656049 0.0152062708685 2.79437429644 2.60951209157 0
1911 1.42541718483 93.866625 12.234111 -0.027880568 93.1526138332 15.8555821325 -0.0336071894508 3.6911874932 -0.328111240002 0
1914 1.40050005913 96.027017 12.118277 -0.016096141 94.0759583395 13.9154034772 0.084675512306 2.65260126519 5.77379042899 0
1917 1.42196297646 98.003729 12.063433 -0.023465033 98.0254481941 15.4267657905 0.013194352318 3.36340291715 2.10042805826 0
1920 1.4200489521 100.1865 11.996018 -0.023536261 98.1187608563 14.353918046 0.0181221331044 3.13611826835 2.38685016347 0
1923 1.40997219086 102.26857 11.921444 -0.023061579 102.155574854 15.0926326996 0.0145835550998 3.17320117095 2.15690730312 0
1926 1.41541695595 104.50291 11.810699 -0.022632517 104.133123584 15.0723064326 0.0547221774777 3.28250286179 4.4320975191 0
1929 1.43404603004 106.528 11.779433 -0.025937223 104.460080331 16.409870424 0.0165354913883 5.07121706236 2.43350727891 0
1932 1.41502285004 108.61821 11.737233 -0.017267816 108.338423856 16.3874912153 -0.0588948929615 4.65866737975 -2.38505582336 0
1935 1.420347929 110.65428 11.638117 -0.015586443 108.891345684 14.1360784258 0.036609950997 3.05740881919 2.99063308183 0
1938 1.41922092438 112.94226 11.558687 -0.011710616 112.02340515 14.6123359497 0.00584155623083 3.18889732396 1.00566539011 0
1941 1.42332792282 114.89636 11.528856 -0.01668203 114.617854584 15.0272747248 0.00489731257043 3.50948697692 1.23640525395 0
1944 1.42049789429 117.03777 11.494892 -0.018548407 116.926557167 15.3623523259 0.0210612108557 3.86905901565 2.26946393126 0
1947 1.42300009727 119.07747 11.406331 -0.016261061 119.026459778 15.4309433016 0.00616062575556 4.02493555489 1.28466802066 0
1950 1.42583298683 121.291 11.334615 -0.012126455 120.877905131 14.7848773865 0.0153976210426 3.47490401399 1.57701339224 0
1953 1.43009090424 123.43737 11.229443 0.0013807468 123.102272944 15.5100731462 -0.013514546648 4.29372617724 -0.853437449182 0
1956 1.41708922386 125.58554 11.258252 -0.0049853053 124.774604122 15.0404852082 0.00760129390097 3.86819144296 0.721159012638 0
1959 1.42102694511 127.50849 11.183265 -0.012828209 126.288651997 15.4834384788 0.0111025408761 4.46984302882 1.37113096848 0
1962 1.40722489357 130.28779 11.390648 -0.01314096 130.059156535 13.8608056829 0.0144497539191 2.48071607402 1.58083146132 0
1965 1.41002392769 132.78769 11.256475 0.0084755214 131.820971607 13.6316393699 -0.0269673073578 2.56436156474 -2.03072450183 0
1968 1.41552090645 125.9239 10.596074 0.27888777 132.409775379 13.4878457371 -0.0223897682131 7.10133249546 -17.2619314017 0
1971 1.40953803062 93.936275 13.265891 0.84250578 132.81685632 14.2151799831 -0.00303212566615 38.8921682779 -48.445753413 0
1974 1.41639280319 59.212281 6.4432491 1.3602712 132.805358791 14.257255557 -0.0449774844438 74.006755068 -80.5148187849 0
1977 1.41615509987 41.747696 3.5851691 1.5088422 136.86591354 9.58138165814 -0.200955426703 95.3070295046 -97.9641878316 0
1980 1.42310500145 40.889782 2.6549702 1.6071612 135.60564514 10.2450331376 -0.179327156567 95.0194916094 -102.358242981 0
1983 1.42621183395 40.408125 3.8011614 1.6070032 137.557366395 12.9278167353 -0.0446920904921 97.577000063 -94.6351691868 0
1986 1.41936016083 40.388712 5.5337894 1.5172855 138.393143968 8.94364317609 0.0842271247464 98.063733297 -82.1081966979 0
1989 1.43148708344 40.44034 7.6724587 1.5542124 89.4853377772 122.09218465 -2.70594798845 124.488093782 115.910789693 0
1992 1.44708108902 40.554207 9.7439313 1.5604739 36.6177776394 89.3322715825 -1.77798737665 79.6856284724 168.72025878 0
1995 1.43314886093 40.580821 11.876658 1.5652859 33.3276756444 86.7058760859 -1.89671313583 75.1799175106 161.642066569 0
1998 1.42504096031 40.665042 14.024391 1.567666 35.562627155 81.7970745698 -0.982502304393 67.9644853986 -146.11388089 0
2001 1.41396307945 40.771617 16.174621 1.5548315 69.5986968404 103.207530092 0.0264874625522 91.6827562693 -87.5676629897 0
2004 1.42499899864 40.847233 18.25792 1.5551713 92.2694769743 120.031923006 -1.36115073737 114.027167215 -167.092944442 0
2007 1.42440605164 40.88758 20.352438 1.5597309 73.8837122198 128.641878546 -0.883621027426 113.204892452 -139.993753307 0
2010 1.42451810837 40.971014 22.508388 1.5678505 44.7056662255 102.71877888 0.763540767958 80.2972878271 -46.0835530673 0
2013 1.41886305809 41.044823 24.54743 1.5705547 18.2530574927 84.1393723743 -2.15529679028 63.8017568009 146.524434514 0
2016 1.43290996552 41.105608 26.696222 1.5717508 100.100299228 132.210356807 2.04506388052 120.886749634 27.1188419022 0
2019 1.4238140583 41.160404 28.869777 1.5672714 12.2974005693 89.0832321315 -2.83400877867 66.7737459329 107.825221307 0
2022 1.42550182343 41.204205 31.003136 1.5608691 60.0806978639 86.1270331976 0.0451540364117 58.2663369802 -86.844076088 0
2025 1.42769503593 41.244227 33.116661 1.5660557 46.1471185743 21.6929953713 0.0628418730439 12.4313507788 -86.1278079903 0
2028 1.4321911335 41.277887 35.228156 1.5643441 114.351837821 19.5256252356 -0.214860632804 74.7420347663 -101.940922079 0
2031 1.43166589737 41.31792 37.33529 1.5797774 130.681280971 49.7695014371 -0.00681110705621 90.2242755475 -90.9048252783 0
2034 1.42749404907 41.419072 39.474789 1.5713492 145.322021126 45.3594288802 -1.39129147749 104.069456727 -169.746807034 0
2037 1.41552591324 41.429937 41.518923 1.5745722 42.9782849404 126.353422191 -1.02781391393 84.8486277689 -149.105740992 0
2040 1.42612504959 41.494048 43.684079 1.5737379 57.3765901437 67.2317989663 0.285455981036 28.4033494602 -73.8131167796 0
2043 1.42048597336 41.508319 45.798644 1.5762653 93.9586066139 50.7646536019 -2.28932811121 52.6848547701 138.517812224 0
2046 1.40789484978 41.512588 47.943477 1.5772604 30.9686893343 28.8111217285 2.2815027937 21.8453843479 40.3501169131 0
2049 1.42313790321 41.583607 50.107906 1.5744728 18.8031849918 29.309233029 0.641396541497 30.8469192016 -53.4613315761 0
2052 1.4434261322 41.632502 52.265699 1.5728612 134.815486103 74.0480278282 0.171002581667 95.6950279558 -80.3205823045 0
2055 1.42459607124 41.660201 54.305408 1.5732479 127.984479433 121.938327596 -2.96391742103 109.663543898 100.039576152 0
2058 1.43047094345 41.689009 56.508616 1.5685378 50.2439522929 58.190503036 1.99818530939 8.71870396028 24.6169889662 0
2061 1.4297990799 41.794127 58.57462 1.5657057 81.8894019715 136.841832858 2.17194693041 87.9396820759 34.7350638694 0
2064 1.43303203583 41.856016 60.76704 1.5641567 38.9514927225 59.9207909099 1.57566788854 3.02529221594 0.659542520403 0
2067 1.4340338707 41.858156 62.785084 1.5639758 71.983044139 58.2679935891 2.06821356624 30.4616642875 28.8906958764 0
2070 1.42824292183 41.958088 65.023529 1.5767642 75.8468383222 49.8808626144 -1.83986246205 37.1180245119 164.241712093 0
2073 1.41757082939 41.99726 67.044355 1.5737097 65.5692670811 32.2198298736 -2.54310216543 42.0521945695 124.124055062 0
2076 1.42281699181 42.044947 69.102812 1.5759217 39.5365456822 71.0254270765 1.71442012535 3.16046292554 7.93537524157 0
2079 1.42990899086 42.097902 71.261122 1.5727544 36.1876089773 70.530696508 1.88775065476 5.95525692259 18.0479559602 0
2082 1.40994477272 42.114798 73.459441 1.5684742 38.8856159312 73.1617062125 1.64278569198 3.24287878853 4.25773485998 0
2085 1.42463302612 42.172982 75.545483 1.5804547 38.8549461784 74.9432484962 1.66675908079 3.37224674528 4.9448767728 0
2088 1.42612600327 42.213453 77.648417 1.5799022 38.8963086994 78.0436277332 1.60768762722 3.34060441161 1.59198771174 0
2091 1.41691207886 42.308345 79.80823 1.5843424 37.3970794325 80.5825100076 1.72262015202 4.97192508037 7.92273159117 0
2094 1.42277002335 42.259747 81.948131 1.5870316 37.8350774527 82.4311122304 1.69226675798 4.45095174896 6.02953040878 0
2097 1.43493199348 42.325886 84.065588 1.5841531 38.7324158651 85.2515675568 1.77470193921 3.78412144623 10.9176442776 0
2100 1.42405509949 42.338042 86.100283 1.5789413 38.2680650315 86.2988072548 1.63457335662 4.07481587363 3.18748205017 0
