3 2.67212295532 72.513547 45.80148 1.6808269 33.3385735752 76.5805450111 1.83045186919 49.819969749 8.57287924464 0
6 2.69033408165 72.505015 45.806851 1.6805552 65.9239702812 21.6463245385 1.90632665196 25.0407904925 12.935751332 0
9 2.67461514473 72.51553 45.801787 1.6811119 83.0339915995 123.692013279 -1.55680215761 78.5972352198 174.481190073 0
12 2.68244600296 72.511327 45.798497 1.6805172 116.40050108 45.8225822604 1.67462457214 43.8891806888 -0.337622706401 0
15 2.67599606514 72.518426 45.80176 1.6806948 4.83892100676 22.6549776263 -0.125415804294 71.528238692 -103.48251496 0
18 2.69538998604 72.509508 45.806599 1.6825332 73.927839058 128.780560484 0.107812592769 82.9860828533 -90.2248447066 0
21 2.6930809021 72.510969 45.800989 1.6811293 125.688160411 148.505252451 -2.14489462942 115.654569375 140.784976528 0
24 2.71351003647 72.522343 45.818169 1.6838228 68.3884031236 111.133205948 -1.62584976871 65.4457295052 170.369730243 0
27 2.71553301811 72.508499 45.799812 1.6808804 42.913968641 91.054139053 2.4634305361 54.0720847036 44.8368200558 0
30 2.71302986145 72.523901 45.815543 1.6832165 66.1381335196 107.65491932 -1.88435207989 62.1682112498 155.593377249 0
33 2.69539189339 72.511009 45.802779 1.6808191 33.4253067061 95.9908078881 0.872289882211 63.6123444583 -46.3253117923 0
36 2.67177009583 72.527172 45.853315 1.6851825 53.6319939268 98.173678243 1.31911653121 55.6277643295 -20.9740350352 0
39 2.67765498161 72.188088 49.017093 1.6798669 61.9762390017 107.394001271 -1.92014882054 59.2633552818 153.734293032 0
42 2.68132400513 71.804616 53.279503 1.6643548 38.5136034816 89.1023971662 -1.69973009143 48.9036937352 167.252133797 0
45 2.68499708176 71.568933 57.324136 1.642571 80.7100481332 136.739251203 0.739231974149 79.9394802871 -51.7575136507 0
48 2.72762608528 71.37336 61.652431 1.6431927 30.2390098307 83.6605905873 -2.47477411415 46.651836537 124.057881374 0
51 2.68590593338 71.165072 65.844712 1.6344026 48.6053623721 94.8457973645 -2.19731929049 36.7423931013 140.458507407 0
54 2.6685359478 70.960331 70.343426 1.6128178 140.015819525 38.6041002318 1.81061252205 76.0002979972 11.3328027835 0
57 2.69909000397 70.885213 74.631613 1.6236159 82.7056684674 42.52880713 -2.15288952518 34.2098423291 143.622177829 0
60 2.69187402725 70.832043 79.069602 1.6124517 90.5658916417 46.1642527126 0.783105681641 38.369086436 -47.5180266079 0
63 2.65684103966 70.841819 83.283634 1.5826474 59.1492019029 110.375210664 -2.45413048225 29.5071316925 128.709664515 0
66 2.67410516739 70.897044 87.066595 1.5142468 66.5071016403 87.5372270027 1.01748780647 4.41509777965 -28.4621937647 0
69 2.66680383682 70.898205 87.488163 1.2381173 83.5755585575 67.1909401979 -1.60673844108 23.9309955225 -162.998227287 0
72 3.0911989212 70.648486 87.373684 0.94938085 81.0660244298 69.40290888 -0.66661121224 20.7719490022 -92.589524893 0
75 2.76617407799 70.490448 87.162959 0.64684814 40.000437659 14.2572794784 -1.41295658232 79.0245457886 -118.01811721 0
78 2.66048407555 73.090524 88.460194 0.4660111 92.3905995682 97.2750758922 -1.96223587995 21.217800539 -139.128303566 0
81 2.67955493927 76.750616 90.291223 0.4640309 48.927031997 105.694587268 -2.86952808325 31.8027586465 169.001139502 0
84 2.68659996986 80.704264 92.172539 0.45240664 42.8443741256 108.259445267 2.94111575958 41.1358701687 142.592528987 0
87 2.68281984329 84.637734 93.972859 0.42386385 31.9634438647 77.0933487086 2.96967669524 55.312735504 145.864331463 0
90 2.66598701477 88.678811 95.730817 0.41656148 105.23881734 119.338160015 -1.33250907094 28.8364431614 -100.214360639 0
93 2.66966915131 92.647535 97.41769 0.40779386 30.9230354525 108.361010043 3.07302840155 62.6870807898 152.706690643 0
96 2.67623496056 96.759828 99.128022 0.39320766 27.0120940268 109.007812722 2.95539270351 70.443996615 146.802389325 0
99 2.68983793259 100.07577 100.58602 0.32958371 86.3864810332 140.422388617 2.29135487446 42.1228310658 112.401208094 0
102 2.69852089882 100.12714 100.52966 0.1390585 108.046440111 111.011457807 -0.466717317444 13.1371001182 -34.7083976706 0
105 2.72600603104 100.08551 100.52401 -0.14356162 13.9320024043 68.8070216448 2.74813962075 91.8062863935 165.682276707 0
108 2.70757508278 99.772178 100.71077 -0.40700642 109.657457375 110.342592513 -1.11896413382 13.8018387632 -40.7921721935 0
111 2.85228800774 99.760338 100.7618 -0.66729138 83.7637702327 14.4096160318 -2.21957737923 87.8213519391 -88.9394363533 0
114 2.66266703606 99.638101 100.95548 -0.8821311 14.6299809254 68.3375997587 1.98261532201 91.0511207512 164.137879356 0
117 2.64892506599 99.549051 101.11221 -1.1251977 12.9995809083 69.7113708062 1.69802200468 92.0696664229 161.758573716 0
120 2.65534591675 100.80276 98.46873 -1.1938854 105.165846154 105.012442983 -2.17887541811 7.86490307519 -56.4357709004 0
123 2.68562602997 102.35582 94.496879 -1.1822805 93.1506374249 124.295709256 -2.07177222772 31.1882296844 -50.9641219104 0
126 2.82089710236 103.84912 90.431736 -1.1842505 102.328983393 86.2522310511 -0.875408891299 4.44736741483 17.6953207166 0
129 2.68978381157 105.46668 86.336829 -1.1831903 103.716483361 87.1056428927 -1.27721809644 1.91161269015 -5.38739589268 0
132 2.69833016396 106.96067 82.891423 -1.1821311 105.898045124 84.3529915281 -1.30180939441 1.80702910601 -6.8570611689 0
135 2.6775598526 108.13488 79.987125 -1.1809983 105.207009752 81.9847757744 -1.18654599835 3.54443688143 -0.317859701607 0
138 2.67284202576 109.11096 77.465416 -1.174964 108.974233 79.1617317007 -1.23334509882 1.7018170374 -3.34499056556 0
141 2.6645898819 110.00241 75.115832 -1.1797573 108.426052459 76.493911579 -1.17725719552 2.09380190653 0.143245435153 0
144 2.67566990852 110.9669 72.896666 -1.1819268 108.444076673 75.7745942683 -1.16192339158 3.82715411967 1.14611087817 0
147 2.65228509903 111.79529 70.750926 -1.1680053 109.204432546 73.603972442 -1.21184462621 3.85388328146 -2.51180836836 0
150 2.66723299026 112.62755 68.634671 -1.166408 110.557212444 71.5830671677 -1.17912422067 3.60268477058 -0.728585775531 0
153 2.6840569973 113.50263 66.493746 -1.1746568 109.623825841 69.7205765979 -1.21919257812 5.04554827667 -2.55171212349 0
156 2.66708111763 114.39844 64.423702 -1.1690506 112.115250348 67.6126999149 -1.20004040295 3.92207377417 -1.77558491688 0
159 2.87073898315 114.9392 62.935672 -1.1627449 113.680007611 66.9894371063 -1.12599270312 4.24482944409 2.10574576915 0
162 2.68525409698 115.58582 61.52951 -1.1720902 114.335207134 64.5245589616 -1.15157463399 3.24566646815 1.17545534658 0
165 2.68804311752 116.16312 60.165609 -1.1710096 114.485464561 64.0095410876 -1.17994273513 4.19408412733 -0.511830941052 0
168 2.69564509392 116.71267 58.758483 -1.1690165 114.718290104 61.6136810979 -1.16219706334 3.48277293932 0.390724939204 0
171 2.64972615242 117.29804 57.404001 -1.1730259 115.48641541 60.631170953 -1.20801163562 3.70089307618 -2.00453499391 0
174 2.67179083824 117.3062 57.346669 -1.1782941 114.344509893 60.7048015263 -1.24122406997 4.47757326611 -3.60562168399 0
177 2.65399885178 117.30973 57.394113 -1.1925087 114.201699119 60.6073624746 -1.23205292931 4.4704393677 -2.26571744381 0
180 2.6573741436 117.3509 57.478875 -1.2542253 114.492350811 61.4081568078 -1.31370465442 4.85906976594 -3.40791597621 0
183 2.67750000954 117.31554 57.561663 -1.3141336 113.790982232 60.4297204722 -1.36528324097 4.54403577503 -2.93065855124 0
186 2.67246103287 117.31761 57.625945 -1.389572 115.746725752 60.2545704001 -1.43648158037 3.06224571407 -2.68772097373 0
189 2.66356086731 117.34247 57.653648 -1.4539696 114.281643421 59.8391549412 -1.50000846745 3.76099720007 -2.63783279861 0
192 2.66063308716 117.36058 57.739095 -1.5147103 115.385678479 60.5105720969 -1.51426709055 3.40313404318 0.0253940308223 0
195 2.68080401421 117.34118 57.80351 -1.5718326 114.815868734 59.7698934543 -1.54920585529 3.20060320569 1.29641697615 0
198 2.6724319458 117.32521 57.826191 -1.6475747 115.312740167 59.9177188751 -1.6101616304 2.90250300273 2.14361098659 0
201 2.65843677521 117.28663 57.948056 -1.7072698 117.490003378 62.7429502972 -1.71868902614 4.79920535636 -0.654273462855 0
204 2.68266391754 117.37131 58.006137 -1.7818651 116.029139926 60.9039123417 -1.69610325652 3.19351255496 4.91379167491 0
207 2.71389913559 117.40314 57.989067 -1.8555926 118.165612082 62.1103487133 -1.80480601999 4.19122018456 2.90985669046 0
210 2.69952321053 117.02719 57.008887 -1.8977403 118.058129456 60.7805694345 -1.81726518844 3.91004150212 4.610884248 0
213 2.63815402985 116.38504 55.250118 -1.9095407 116.081219728 56.7304087952 -1.83581683519 1.5111477743 4.22406630288 0
216 2.66967797279 115.67443 53.450651 -1.9075572 115.554471763 55.5117215087 -1.70773134668 2.06455845658 11.4491780326 0
219 2.66154694557 115.02136 51.574537 -1.9165104 114.429367169 54.3577905802 -1.86086617149 2.84551506815 3.18817944764 0
222 2.70200800896 114.35753 49.684701 -1.9233127 115.015534255 51.0270588088 -1.83505020279 1.49495621541 5.05706857949 0
225 2.68771600723 113.59486 47.870819 -1.9110101 113.624872226 50.1815804445 -1.90143030113 2.310956336 0.548882043691 0
228 2.68191790581 112.87829 45.986656 -1.9118326 114.888042219 45.3179074854 -1.71724906206 2.11809550229 11.1488154869 0
231 2.68432617188 112.17059 44.128463 -1.9122248 112.530997235 45.1421650804 -1.77841269013 1.07586489991 7.66686914341 0
234 2.65616393089 111.43202 42.277019 -1.9027456 112.804218026 41.3899898778 -1.79039217362 1.63393637747 6.43737714554 0
237 2.68195605278 110.82393 40.37458 -1.9174412 111.88280364 41.0388671797 -1.9009868777 1.24999633686 0.942763222399 0
240 2.69354581833 110.14399 38.567468 -1.912432 113.102453861 37.0075582253 -1.79516275 3.34452192764 6.71903309183 0
243 2.70767998695 109.42625 36.696167 -1.9074722 109.484937589 38.5298282697 -1.89132969884 1.83460019761 0.924897187229 0
246 2.67549920082 108.96452 35.308972 -1.917648 110.136958008 36.3521270804 -1.90956201781 1.5693257804 0.4632926529 0
249 2.67290496826 108.91335 35.330429 -1.9171391 109.827345634 36.607466102 -1.92716201988 1.57041770825 -0.57427100745 0
252 2.69490385056 108.9585 35.348205 -1.9450374 109.135455984 38.5962076118 -1.99212049077 3.25281945185 -2.69766238728 0
255 2.67290997505 108.97674 35.368834 -2.0165302 107.4508873 38.5194617312 -2.10603777264 3.50066873096 -5.12840614694 0
258 2.67366194725 108.99865 35.397074 -2.0803106 109.063599844 38.5176133937 -2.08408478986 3.12121524247 -0.21624515007 0
261 2.69084405899 109.05048 35.474836 -2.159245 108.904670882 38.3869847187 -2.15636763678 2.91579671081 0.164860768745 0
264 2.68322300911 109.09365 35.518169 -2.2238592 108.737106779 37.5214087004 -2.21815574428 2.03472169244 0.326783941203 0
267 2.68048906326 109.14301 35.568827 -2.2920109 109.694432482 36.8462585355 -2.26892398648 1.39136554581 1.32278270644 0
270 2.66568493843 109.24021 35.586114 -2.3597618 109.809653545 37.1316978231 -2.37086630085 1.647147627 -0.636241032195 0
273 2.68480706215 109.32691 35.57971 -2.4292889 107.73456545 38.23822065 -2.37557859093 3.09890949224 3.07737402577 0
276 2.78234100342 109.34422 35.612178 -2.4970016 110.517835469 37.6237325275 -2.43460573485 2.32888919561 3.57501973201 0
279 2.67769598961 109.45255 35.562283 -2.5751384 109.486403705 37.4137344737 -2.50424302694 1.85176095451 4.06200566331 0
282 2.66669201851 109.51035 35.610832 -2.6455993 110.940206533 36.3823956892 -2.55126441784 1.62474620566 5.40499060845 0
285 2.66864991188 109.52669 35.619453 -2.7060079 111.786988766 34.824397595 -2.66139293661 2.39605167067 2.55624910566 0
288 2.66551709175 109.56751 35.667144 -2.7779359 110.477193898 36.4769429832 -2.62756657009 1.21790770922 8.61552797231 0
291 2.67571210861 109.58407 35.725569 -2.8421247 110.440555313 34.6941531415 -2.78481124549 1.34066616436 3.28381905293 0
294 2.66317105293 109.62066 35.728072 -2.9074408 111.159402977 35.172819648 -2.90796725291 1.6358591397 -0.0301635301161 0
297 2.64670801163 108.40689 35.538158 -2.9474042 109.19663648 38.0303662831 -2.84886885471 2.61434535391 5.64565941805 0
300 2.66564297676 106.63579 35.154474 -2.9731605 105.535839034 37.2838768436 -2.85929039851 2.39671621138 6.52427622797 0
303 2.64656305313 104.74277 34.838538 -2.9724974 106.209033212 35.8017721265 -2.80395028102 1.75435110247 9.65703856648 0
306 2.65672683716 102.71686 34.507066 -2.970186 105.574894891 34.9873848996 -2.83945931381 2.89811485042 7.49008738866 0
309 2.66681599617 100.87602 34.149296 -2.9774562 99.941632752 35.6186567541 -2.82378286805 1.74129278263 8.80483334435 0
312 2.655397892 98.917573 33.856952 -2.9648121 99.1055831527 34.4944433236 -2.86979222316 0.664637499078 5.44423791269 0
315 2.66229987144 96.872255 33.519705 -2.9713846 95.2558999187 35.3708877613 -2.8801190511 2.45753562834 5.22913076713 0
318 2.68178009987 94.700759 33.157106 -2.9752463 94.6363466068 34.0003334004 -2.85636121287 0.845683986632 6.81161373964 0
321 2.64372205734 92.656194 32.878926 -2.9695623 92.5293228121 34.3201259403 -2.93877737704 1.44677350203 1.76384615806 0
324 2.67343020439 90.628889 32.525228 -2.9736018 90.8049877849 34.2132949183 -2.92745805024 1.6972273574 2.64384211196 0
327 2.66023302078 88.510396 32.191288 -2.9695852 87.1671589268 33.1240705011 -2.95659444578 1.6353498186 0.744315389765 0
330 2.66468906403 87.334812 32.006658 -2.9896435 86.0334160422 34.4517023475 -2.96173223547 2.7698146689 1.59919765853 0
333 2.67268610001 87.328365 31.983283 -3.0015998 86.8568231022 33.5650471669 -3.02025872426 1.65055434353 -1.06907761017 0
336 2.68516683578 87.328448 32.00285 -3.0442403 86.7305218833 34.2460007246 -3.10988128337 2.32147384527 -3.76095131019 0
339 2.66238093376 87.480424 31.977098 -3.121648 85.9832719178 33.2072911817 -3.1321373862 1.93774085508 -0.600997559069 0
342 2.65647220612 87.509332 32.088761 3.0972389 86.3746897276 35.0696735081 -3.08322185951 3.18955364707 5.88568303401 0
345 2.65790987015 87.537767 32.004513 3.0032565 86.4324642004 34.2845821137 3.00189755767 2.53385268752 -0.0778616601752 0
348 2.6527299881 87.588829 31.971963 2.902116 86.3865444814 34.4359108415 3.05539997548 2.74162853601 8.78252486177 0
351 2.66156983376 87.696053 31.883789 2.7788249 85.5778144215 34.8694070358 3.10665010504 3.66071710613 18.7830006667 0
354 2.66520500183 87.777704 31.698119 2.6376296 84.9824205607 36.6837216758 -2.8812310207 5.71575397883 43.7925787128 0
357 2.85357999802 87.896098 31.65995 2.4917922 46.7939394366 72.4577539804 -1.57112072072 57.9124187734 127.212237113 0
360 2.87002897263 87.958395 31.594625 2.366513 98.3822889916 93.2371011931 2.36342305696 62.5176170144 -0.177040694843 0
363 2.67261004448 87.964094 31.460561 2.2184109 87.0341646389 34.925554372 2.56639227997 3.58761030278 19.9378644212 0
366 2.68126010895 87.708527 31.831987 2.1125682 85.9394598712 33.4092765186 2.17993580791 2.37011407567 3.85987960911 0
369 2.66394114494 86.721318 33.612273 2.0920166 85.0516353237 35.2908741975 2.27253165425 2.36760263126 10.3427507474 0
372 2.64734697342 85.724716 35.405361 2.0873093 85.8497168957 37.1941844659 2.09733109403 1.79318560558 0.574206501001 0
375 2.65064477921 84.755772 37.248267 2.0862059 83.0325836718 38.5806179649 2.0236941463 2.17819583787 -3.58165965717 0
378 2.74528193474 83.690185 39.149374 2.0868314 81.2665818373 39.9032847011 2.04031361161 2.53815555778 -2.66527294727 0
381 3.09264492989 82.666747 40.97523 2.090975 80.688058966 42.2518346539 2.17823852377 2.35476660804 4.9998316173 0
384 2.69130516052 81.635815 42.877142 2.0910396 80.4823644436 44.3081021104 2.13247141318 1.83795947274 2.37386803255 0
387 2.87935805321 80.624097 44.699122 2.0805048 79.6191986667 45.0542113613 2.17051484181 1.06579037097 5.15719550942 0
390 2.684705019 79.602515 46.546403 2.0762437 78.1326592779 46.8703950275 2.10981670896 1.50514008575 1.92359171889 0
393 2.6711139679 78.599692 48.40129 2.0808805 75.8967728875 49.2421284793 2.08788797977 2.83068561956 0.401499015614 0
396 2.65278601646 77.532669 50.298142 2.0919608 75.404557651 51.4913941453 2.17016329122 2.43981732838 4.48067269458 0
399 2.86386609077 76.53881 52.074716 2.0854653 75.0982269141 52.9409042233 2.14308548191 1.68094070855 3.30139323849 0
402 3.1740591526 75.533974 53.92833 2.0838411 74.1144055089 54.8941163048 2.11539007671 1.71695017031 1.80762321362 0
405 2.90182089806 74.451304 55.860797 2.0823704 74.476094552 56.1211476079 2.08578041797 0.261528221203 0.195379637975 0
408 2.84434199333 73.464188 57.689364 2.0801622 70.6719421915 58.2843910803 2.13953098458 2.85494201015 3.4015807915 0
411 2.86797380447 72.461178 59.521835 2.0808323 70.0723454362 60.692147409 2.13147947564 2.66010378603 2.90186940861 0
414 3.08927202225 71.469371 61.42577 2.0898858 74.2205261624 61.496918224 2.01476526093 2.75207499852 -4.30408984371 0
417 3.05021309853 70.386885 63.322712 2.0827703 69.1877005317 63.2567021879 2.19723626671 1.20099986856 6.55841679014 0
420 2.86406302452 69.38246 65.186025 2.0922796 67.2819938016 64.3710174846 2.14260940059 2.25304138901 2.88368515736 0
423 2.86701178551 68.400253 67.014087 2.0893798 65.6282298907 67.4529948183 2.10698384014 2.80655521797 1.00863720215 0
426 2.71752309799 67.30799 68.901204 2.089526 64.9501705771 68.4603964544 2.16213734498 2.39867124115 4.16032361218 0
429 3.07885098457 66.315197 70.741557 2.0869248 63.6101075016 70.2607203317 2.10354182223 2.74749214668 0.952085241951 0
432 2.81335783005 65.281228 72.464006 2.0745737 62.6903459892 72.6756861218 2.07289756618 2.5995149678 -0.0960353939045 0
435 3.29323601723 64.283593 74.421326 2.0918621 61.2029585985 74.5446597871 2.10370095913 3.08310225889 0.678316662505 0
438 3.07630896568 63.28447 76.191493 2.091939 60.7692698268 75.7851161504 2.10524270639 2.54781750824 0.762246228025 0
441 3.07045698166 62.204887 78.125252 2.0893553 58.6251750093 77.8612055136 2.11658086228 3.5894370705 1.55990981354 0
444 2.6721470356 61.273659 79.948227 2.0960183 58.0777088514 79.4839369996 2.10632518647 3.2294988089 0.590541094791 0
447 2.71749997139 60.19879 81.787566 2.089809 57.6854244886 82.0530300377 2.13031952177 2.52734591011 2.32108192322 0
450 2.7451851368 59.161438 83.629466 2.0974137 57.4986119727 83.4162151881 2.0796030111 1.67644454299 -1.02047730414 0
453 2.77952313423 58.11891 85.485673 2.0964985 55.1683516524 86.1443525542 2.07678429161 3.02318595491 -1.12954093735 0
456 2.71211886406 57.036783 87.336936 2.0992423 55.5039055129 87.2435963998 2.07994345417 1.53571666382 -1.10574241535 0
459 2.66142392159 56.357629 88.602308 2.124456 55.6694899622 88.6139621583 2.08511276118 0.68823771678 -2.25420153672 0
462 2.67713093758 56.200217 88.720884 2.2094598 54.0675249842 90.3908627498 2.12863200579 2.70872742428 -4.63109147539 0
465 2.70370912552 56.199637 89.07416 2.3631742 53.853791073 88.1124377913 2.3478301738 2.53533088964 -0.87914794199 0
468 2.66894412041 56.109511 89.161307 2.4869631 52.4881292414 88.2130858868 2.44370174543 3.74346485507 -2.47869303268 0
471 2.67596197128 56.023191 89.233423 2.608836 52.365605677 88.7062580399 2.57102761245 3.6953799927 -2.16626103665 0
474 2.67271208763 54.873312 89.789936 2.6823278 52.3261052584 89.4575770253 2.67844200898 2.56879829346 -0.222639425549 0
477 2.66754078865 52.997249 90.667048 2.6986067 49.284608636 90.0372347505 2.69132343806 3.76568230227 -0.417300170053 0
480 2.66173815727 51.122563 91.609157 2.7018871 47.8852686932 90.5119748885 2.69776080527 3.41816954157 -0.236419273029 0
483 2.66289591789 49.137432 92.566213 2.7007601 46.8763151569 91.3927936222 2.69730593226 2.54746195538 -0.197909233316 0
486 2.66478180885 47.308569 93.452781 2.7003868 43.8864624779 92.9312138259 2.69911095918 3.46162467146 -0.0731002945818 0
489 2.69660496712 45.360782 94.336008 2.7008969 42.7757782545 93.1153000063 2.72192029743 2.85873614911 1.20455194387 0
492 2.70253896713 43.468079 95.251019 2.7064338 40.8735862914 94.3415830269 2.7434903946 2.74926648474 2.12318647395 0
495 2.70238184929 41.590918 96.131677 2.7064065 39.2560399909 95.4349450955 2.72970583077 2.43661459083 1.33495331837 0
498 2.66142487526 39.606214 97.06058 2.704478 36.9496765211 96.050665687 2.69885378623 2.84202714558 -0.322243711904 0
501 2.66940712929 37.718719 97.944153 2.696243 33.6499122787 97.2985622605 2.75659380482 4.11970575873 3.45784640662 0
504 2.66164803505 35.769603 98.891663 2.7044976 32.5123891932 96.7533118418 2.77509395457 3.89640699347 4.04487316611 0
507 2.65379691124 33.862509 99.822852 2.7013631 30.7696242901 98.7776563983 2.74681064453 3.26471586429 2.60395249093 0
510 2.67025399208 31.979521 100.73965 2.7066945 28.5534518697 99.4626232482 2.73639287487 3.65632971853 1.70159153829 0
513 2.66075706482 30.015598 101.64307 2.7044148 27.1284023814 99.4101397492 2.76227762513 3.64991452571 3.31529567058 0
516 2.6724190712 28.083667 102.5122 2.7038251 25.716615909 101.820160828 2.70045971699 2.46614052393 -0.192822243127 0
519 2.67941904068 26.231599 103.44351 2.6987262 23.4587975448 102.72804956 2.71794180063 2.86361861139 1.10097281683 0
522 2.68443799019 24.326425 104.3449 2.7056645 20.850620399 103.152080702 2.6708019743 3.6747837354 -1.99747558566 0
525 2.68366599083 23.072168 104.95788 2.6888385 19.6684100455 103.395782075 2.68708879508 3.74509254079 -0.100250707261 0
528 2.6880209446 23.059574 104.94595 2.6093304 18.8745033451 104.505876555 2.58242917258 4.20814460573 -1.54132679487 0
531 2.72572994232 23.148655 105.02795 2.4881616 19.0334178437 104.097671874 2.50282372294 4.21907504616 0.840077763379 0
534 2.70031118393 23.15609 104.97342 2.3614352 18.6161504983 103.75985687 2.33208565855 4.69933890562 -1.68160485575 0
537 2.82281208038 23.189116 104.80794 2.2179164 19.2503330931 104.960773801 2.21875173043 3.94174694253 0.047860908253 0
540 2.71208405495 23.170444 104.45908 2.0515088 19.2923436189 104.391630953 2.08741509057 3.87868688347 2.0572789079 0
543 2.73701310158 23.203193 104.36781 1.9241471 18.3102746221 102.712997262 1.88595567958 5.16517719453 -2.18820720344 0
546 2.69438505173 23.268475 104.40083 1.8086424 20.2345195444 104.162621149 1.8588879034 3.04329248732 2.87885528445 0
549 2.68382191658 23.269141 104.3114 1.6661585 19.5581574311 102.977080715 1.69084124047 3.94357794417 1.41421685561 0
552 2.68550610542 23.273746 104.22596 1.531085 19.9888876179 104.966944388 1.55176302349 3.36739549996 1.18476347492 0
555 2.87969994545 23.201513 103.9692 1.3630267 19.9535590065 105.115658595 1.38529152787 3.44435370632 1.27568066828 0
558 2.74324202538 23.573375 105.47089 1.3112874 19.204511385 105.184855181 1.31245021705 4.37821712618 0.0666245095618 0
561 2.69983100891 24.091257 107.45193 1.3021436 18.3986783465 107.430849834 1.28153800771 5.69261768431 -1.18061347241 0
564 2.67003703117 24.69734 109.54228 1.2971878 21.1891435603 108.338647113 1.29904132117 3.70893170406 0.106198940096 0
567 2.69833993912 25.24514 111.62222 1.291934 22.1968955259 111.423763724 1.33121600018 3.05469790117 2.25069282124 0
570 2.6640651226 25.838263 113.71051 1.2925571 21.7323839301 113.529908251 1.31566248226 4.10984913698 1.32384088772 0
573 2.65836381912 26.485855 115.66064 1.2984976 22.4916607476 115.610678158 1.30331784323 3.99450671691 0.276179593042 0
576 2.70717406273 26.666562 116.70228 1.2516028 21.5192366119 116.41187202 1.24035638581 5.15551117214 -0.644372067645 0
579 2.70385909081 26.671044 116.66524 1.1445574 22.765574418 116.379122894 1.130320817 3.91593611472 -0.815696120689 0
582 2.72125101089 26.68282 116.71548 1.0360889 22.4027243415 116.632985081 0.965305160557 4.28089059164 -4.05560952821 0
585 2.70993185043 26.598988 116.54426 0.86252405 22.485867824 115.92256229 0.832580969026 4.15983961527 -1.71561216544 0
588 2.68073701859 26.490987 116.49462 0.72378221 22.2950681164 115.47810184 0.703299666651 4.31729596477 -1.1735632876 0
591 2.69498610497 26.414554 116.44154 0.58967497 22.3199849242 116.106447291 0.579313028238 4.10825790822 -0.593695530519 0
594 2.69312095642 26.30131 116.37003 0.43724496 21.9081645553 117.423387357 0.468842634655 4.51766406676 1.81041340015 0
597 2.68203902245 26.176025 116.35464 0.31453037 22.2157752984 116.130140327 0.369973700405 3.96660784571 3.17666883434 0
600 2.67293190956 26.088883 116.46581 0.14702743 21.8976021397 115.328759029 0.276721410054 4.34277793145 7.43091768535 0
603 2.65425896645 25.977812 116.45377 0.019989929 21.2548551427 116.208797093 0.0661224710563 4.72930578421 2.64319995803 0
606 2.65964484215 25.890585 116.45549 -0.11586106 21.9232815499 116.086129485 0.00349195566715 3.98446029666 6.83842406989 0
609 2.64936304092 27.617035 116.21759 -0.13548047 24.6271525723 115.891039537 -0.0391005966509 3.00766223776 5.52215997291 0
612 2.79426980019 29.732468 115.90829 -0.14344069 25.9021655393 116.282799477 -0.106558098421 3.84856782307 2.11321683497 0
615 2.74487090111 31.744289 115.6014 -0.14068963 27.4003305735 113.168930796 -0.0611758993083 4.97864250991 4.55580118198 0
618 2.69547104836 33.87565 115.27561 -0.13567301 30.0984225239 115.06114588 -0.161357290247 3.78331101878 -1.471600858 0
621 2.67542219162 35.936054 114.9269 -0.14240112 33.2482729811 114.443384789 -0.097944905563 2.73092544112 2.54715346037 0
624 2.74590682983 38.113735 114.67885 -0.14674677 34.9331131826 114.501816884 -0.0940507521005 3.18554483089 3.01925942279 0
627 2.81440091133 40.163768 114.30534 -0.14012204 36.1949651579 114.591888698 -0.0422537677534 3.97913384488 5.60743894797 0
630 2.73690295219 42.346763 113.98058 -0.16006212 38.4745273637 114.422793043 -0.0618306596015 3.89740441812 5.62824809624 0
633 2.72947096825 44.341947 113.67079 -0.15507802 41.0781602833 115.021709465 -0.0887364055016 3.53232036103 3.80109451684 0
636 2.69831514359 46.544067 113.30502 -0.15009707 42.7660702363 115.041071497 -0.0720424798258 4.15777997806 4.47219858861 0
639 2.69971394539 48.557097 112.97025 -0.14631805 45.1855755273 114.288532272 -0.0613338288293 3.62008635104 4.86923719829 0
642 2.67489695549 50.586062 112.64729 -0.14866611 46.9821467901 113.723649718 -0.111497791188 3.76121723411 2.1295877995 0
645 2.6986181736 52.747394 112.3225 -0.14488479 49.5175677857 113.448880092 -0.0289393788721 3.42060074926 6.64318271153 0
648 3.12989497185 54.919709 111.95097 -0.14565598 51.7372718289 114.438811907 -0.0521685799224 4.03946329399 5.3564334621 0
651 3.18670201302 56.9199 111.70562 -0.14317608 53.1582494433 114.559309371 -0.0754769604096 4.72160544082 3.87887382928 0
654 2.67568397522 58.963864 111.32719 -0.14485493 56.0826270965 113.127941106 -0.0522888566113 3.39768018503 5.30364533127 0
657 2.64882397652 61.070196 111.0267 -0.15209978 57.7118893756 111.825705743 -0.137629877216 3.45204773452 0.82906435946 0
660 2.6797478199 63.25691 110.67843 -0.1447313 59.894684653 111.437547949 -0.0976114296291 3.4468564439 2.69976970345 0
663 2.66889405251 65.338645 110.4192 -0.14848438 60.9413553121 111.95349494 -0.137971534954 4.65727576637 0.602341651806 0
666 2.66131305695 67.412523 110.08404 -0.1445869 63.4012395134 111.393309009 -0.0867941962362 4.21954743402 3.31127801232 0
669 2.66329407692 69.507235 109.73429 -0.15139682 66.3340681432 111.330223104 -0.122978638792 3.55189954426 1.62824184464 0
672 2.70214486122 71.647859 109.39116 -0.14906575 68.2271825176 112.099385268 -0.0955208015936 4.36297051326 3.06789955793 0
675 2.64221978188 73.702975 109.06139 -0.1559357 69.4369073085 111.297481972 -0.085983133461 4.81657978835 4.00798682879 0
678 2.68924212456 75.754203 108.72815 -0.15045699 72.5133423731 110.028686717 -0.104530925735 3.49207293114 2.63136965205 0
681 2.68743681908 77.860742 108.43703 -0.15243836 73.6796970562 109.094438557 -0.16151216232 4.23241335795 -0.519890577087 0
684 2.72305011749 79.97813 108.08555 -0.15170568 75.8521288527 109.108265145 -0.143332959098 4.25086246952 0.479721570734 0
687 2.70028185844 82.120618 107.73965 -0.14888428 78.619055309 108.23471003 -0.14793535988 3.53638596765 0.0543691179557 0
690 2.72048401833 84.192494 107.42985 -0.14593359 80.6976870582 108.626482096 -0.121936251279 3.69399565954 1.37494622824 0
693 2.69849205017 86.28045 107.15458 -0.15823172 82.8114883281 108.621287283 -0.179019253119 3.76628800498 -1.19103791418 0
696 2.70984196663 88.385341 106.75858 -0.15035877 85.0691707963 108.740534782 -0.131171582803 3.86330552468 1.09934484711 0
699 2.65463900566 90.512184 106.42958 -0.15443508 86.9035478528 108.850085383 -0.101807968291 4.34523890639 3.01531138887 0
702 2.64400601387 92.541412 106.11165 -0.15857271 89.9651329145 108.028909774 -0.0826019900223 3.2114014026 4.35280162129 0
705 2.66638302803 94.624435 105.7799 -0.14991569 90.9466525232 108.448584205 -0.0910681433731 4.54400256764 3.37171605642 0
708 2.64950609207 96.812614 105.41142 -0.16008539 93.8133415552 106.912047065 -0.154041754921 3.35373177022 0.346274782917 0
711 2.64873099327 98.833392 105.05687 -0.15857643 94.6738508251 106.899537991 -0.154122465654 4.54941843641 0.255193359133 0
714 2.71802186966 100.9283 104.72764 -0.15390186 95.0659293685 106.567533402 -0.119102868955 6.14431421326 1.99383531821 0
717 2.66441512108 103.02648 104.38009 -0.15580909 98.8637648129 106.60748761 -0.116440572068 4.72117547242 2.25564992321 0
720 2.66734004021 103.56436 104.3046 -0.21764658 99.8181963806 106.661803173 -0.207340385785 4.42607598932 0.59050143137 0
723 2.68298792839 103.46604 104.39779 -0.32798619 98.8970026755 105.984071065 -0.326552321478 4.83656796596 0.0821546147048 0
726 2.66288208961 103.43166 104.43448 -0.46455789 97.8641636816 105.549579791 -0.487956687125 5.67806857996 -1.34065232093 0
729 2.66070508957 103.35806 104.51276 -0.60050128 98.9839755482 105.777959492 -0.606825535287 4.55338824902 -0.362353136489 0
732 2.71047496796 103.30537 104.5712 -0.75278089 99.8533430723 106.18433183 -0.621730173838 3.81033912011 7.50865293827 0
735 2.71953296661 103.24477 104.73622 -0.88717849 99.2377016309 106.252713401 -0.814520386886 4.28443101842 4.16300265585 0
738 2.68541693687 103.11543 104.83266 -1.0218313 100.197898504 106.398674389 -0.948109306898 3.31125219434 4.22395906204 0
741 2.70814609528 103.3336 104.43355 -1.1359167 98.2379774001 107.423504997 -1.05712193001 5.90806233565 4.51460776813 0
744 2.738478899 104.18264 102.5184 -1.1499809 101.374579671 104.616673248 -1.07209179215 3.505417726 4.46271715001 0
747 2.72638607025 105.02068 100.61649 -1.1544373 103.354490022 103.285686553 -1.08598521024 3.14655355587 3.92201584231 0
750 2.69858694077 105.97315 98.645528 -1.1675657 103.916088307 101.666046862 -1.05707397709 3.65445440609 6.33070939409 0
753 2.69307780266 106.66644 96.709247 -1.154133 105.053505357 98.9939233831 -1.11214714597 2.7966594964 2.40561223516 0
756 3.03948307037 107.65453 94.805864 -1.1707179 105.727457838 97.0060317024 -1.14485574385 2.92478119459 1.48179239668 0
759 2.81685900688 108.36584 92.821603 -1.1639211 105.313743576 95.420715618 -1.07150794751 4.00882513769 5.29488360908 0
762 2.72162818909 109.18739 90.932737 -1.1605274 107.280153037 92.9730593537 -1.13001129371 2.7929318181 1.74844409776 0
765 2.7028529644 110.00551 88.971931 -1.1631703 108.29803229 91.147334474 -1.14952778151 2.76547652413 0.781658731595 0
768 2.68194484711 110.83946 87.051439 -1.1600004 108.792434691 89.4481308623 -1.11914423863 3.15189538193 2.34088561341 0
771 2.69888019562 111.68317 85.129972 -1.1502451 110.10814949 87.3243870176 -1.11425844467 2.70113807073 2.06188346935 0
774 2.68978786469 112.49307 83.177328 -1.1488654 111.602324411 85.9633078637 -1.07999345673 2.92491222171 3.94607167651 0
777 2.69523096085 113.40329 81.226755 -1.149046 112.309730852 83.8811167123 -1.1409378998 2.87080262467 0.464559921273 0
780 2.66732501984 114.20236 79.347389 -1.1522317 111.61985607 81.9715413362 -1.11317957997 3.68177973725 2.23752165865 0
783 2.68437790871 115.10134 77.33273 -1.146946 113.675854256 79.8353743171 -1.09228874282 2.88014551432 3.13163015602 0
786 2.68445611 115.87569 75.433999 -1.1405871 113.455857987 77.8044751139 -1.109817844 3.38743914743 1.76294850775 0
789 2.68602991104 116.74641 73.521868 -1.1514597 114.243681139 75.502168977 -1.17465320635 3.19143286145 -1.32889002598 0
792 2.68533587456 117.66191 71.592443 -1.1472421 115.436911054 73.8950918043 -1.11331803819 3.2020012219 1.94370556589 0
795 2.69606995583 118.47567 69.543126 -1.1411103 117.301214302 71.7426956249 -1.13066694658 2.4934820475 0.59836007519 0
798 2.67410802841 119.32773 67.660396 -1.1493947 117.080146161 70.504450608 -1.11253603194 3.6249523758 2.11184611845 0
801 2.68175601959 120.23613 65.736718 -1.1477983 119.018780565 68.0375162517 -1.09982027342 2.60300062262 2.74893843223 0
804 2.71743988991 121.05504 63.851108 -1.1435448 119.261046283 65.8829904879 -1.06547987748 2.71052760579 4.47279058814 0
807 2.71547412872 121.9387 61.889647 -1.1416966 120.181512928 63.337833768 -1.13124991532 2.27704881825 0.598550942182 0
810 2.68000888824 122.75206 59.947854 -1.134592 121.236860857 62.7906418783 -1.10385955391 3.22137724644 1.76083945532 0
813 2.66217684746 123.61313 58.017737 -1.1345099 122.671743708 61.3671015828 -1.08744830951 3.47914519092 2.69643051201 0
816 2.65313196182 124.50226 56.14403 -1.1250591 123.232448525 58.752741959 -1.11245924262 2.9013443894 0.721918650213 0
819 2.63942694664 125.37031 54.195354 -1.1346431 123.207652276 58.4167437374 -1.13189173962 4.7431234169 0.157641337676 0
822 2.6461019516 126.19009 52.293812 -1.120627 124.535745445 56.3177164374 -1.05609514849 4.35070831346 3.69740273578 0
825 2.67060899734 127.09539 50.434417 -1.1252352 125.117822557 52.9908598421 -1.07725330494 3.23205399016 2.74916008012 0
828 2.68640398979 127.94916 48.435924 -1.125081 127.221442286 51.8531596006 -1.11978807619 3.49386207827 0.303262195506 0
831 2.69459986687 128.83417 46.49897 -1.1135569 127.020766394 50.4506180501 -1.08975974736 4.34786786246 1.36347641095 0
834 2.68221402168 129.69028 44.561049 -1.1141866 127.829725816 47.4640533986 -1.08976144468 3.44805690333 1.39945831384 0
837 2.72195196152 130.6504 42.689185 -1.1179531 129.3727892 45.8168557524 -1.14750318221 3.378552011 -1.69309499469 0
840 2.66266107559 131.56218 40.752166 -1.1133477 129.569032432 43.7077845871 -1.085716813 3.56487285339 1.58313320915 0
843 2.66818499565 131.80181 39.159633 -1.0655485 131.893399785 43.670725897 -1.09882914387 4.51202258573 -1.90684043349 0
846 2.67908883095 89.526265 39.287264 -0.26055386 132.944449695 40.9035758555 -1.08916778455 43.4482591853 -47.4760807224 0
849 2.70822310448 49.129117 22.860079 0.57174269 133.64425591 40.9214333142 -1.05251827832 86.4234992612 -93.0632983127 0
852 2.7060341835 45.693587 19.436118 1.0035584 133.198056991 40.4970011445 -1.02848406372 90.0032947576 -116.427456962 0
855 2.68563508987 46.841947 21.209275 1.0214136 133.812505267 39.9027059623 -1.03864767545 88.9568567699 -118.032816621 0
858 2.65593504906 48.00008 22.972907 1.0079248 36.2106883068 91.0229860055 -0.192060912797 69.0637604619 -68.7541168192 0
861 2.73060297966 49.170996 24.731115 1.014741 37.1932067677 83.9433734417 -0.531962122166 60.4115798888 -88.6195610598 0
864 2.66860103607 50.349541 26.532036 1.0144485 37.3626658809 97.96043196 1.48649966361 72.5994123583 27.046539389 0
867 2.72734093666 51.518278 28.351001 1.0069992 80.734415936 131.851927337 -0.255171538551 107.545453035 -72.3170563439 0
870 2.66872596741 52.642563 30.101924 1.0170679 25.7850870939 89.9033835513 -2.99746150273 65.5556143782 129.984408492 0
873 2.72244882584 53.80357 31.912095 1.0183648 100.892765684 100.091820691 2.06269112424 82.8605294786 59.8354908134 0
876 2.69438099861 54.946688 33.671099 1.0064723 80.6349473484 107.647267287 0.142639182981 78.3093873221 -49.4939918088 0
879 2.67040395737 56.161659 35.476636 1.0152563 33.7290094736 104.612616071 1.66758932298 72.684300266 37.3759290536 0
882 2.68726706505 57.333476 37.252395 1.017552 68.0874138431 90.9845503237 -1.56319534373 54.7977343953 -147.865930785 0
885 2.66625094414 58.434052 39.044555 1.0099164 134.850701236 76.7854922294 0.961134076358 85.2284144131 -2.79502125955 0
888 2.65536403656 59.558673 40.733157 1.0155176 55.6211933779 136.116080266 2.95051792528 95.4641597483 110.867351995 0
891 2.66579198837 60.829575 42.673596 1.0256616 88.6946152169 71.831635264 2.39136171991 40.3317706034 78.2488529515 0
894 2.67182207108 61.938983 44.298725 1.0235902 83.9390322617 88.7514586616 0.150966763666 49.5988679055 -49.9976400062 0
897 2.72078585625 63.08776 46.123861 1.0214801 60.8458307643 65.2967479351 -0.67644199823 19.3035188534 -97.2837701706 0
900 2.6749060154 64.233274 47.872937 1.026201 60.4823034407 44.6999135691 1.6661569422 4.91302939436 36.6667745622 0
903 2.68555617332 65.367062 49.701179 1.0288308 37.0092038015 33.0238660299 1.32260045808 32.898341744 16.8317615573 0
906 2.65704011917 66.47055 51.411163 1.0247772 62.4370990622 50.1087049971 0.998377220656 4.23852843766 -1.51260739564 0
909 2.63466405869 67.601685 53.206336 1.0345375 64.6400738668 54.6946984535 1.03361700178 3.31456834257 -0.0527406631558 0
912 2.65820908546 68.713633 54.989386 1.0321621 143.341258007 65.55288051 -1.3659338408 75.3715452303 -137.400776275 0
915 2.66660499573 69.889939 56.860516 1.0335194 68.1809889814 59.4573956354 1.11883578682 3.10874476385 4.88826888809 0
918 2.67302107811 70.97178 58.665246 1.0279054 68.3289931543 60.7370452651 1.33535521579 3.35807601267 17.6155768571 0
921 2.71827888489 72.083269 60.388926 1.0348295 69.0362732022 62.7420666493 1.28907202633 3.84986419333 14.5670237317 0
924 2.69246411324 73.21006 62.180545 1.0389104 70.0164778923 64.4009618207 1.13806240635 3.88962948574 5.68099149435 0
927 2.64694881439 74.211219 63.966291 1.0279221 71.1648518636 64.1497464906 1.02182138852 3.0518860802 -0.349545019617 0
930 2.65344309807 75.394113 65.876292 1.0355825 73.894739409 67.4519341893 1.0856038364 2.17503321218 2.86601146127 0
933 2.67348480225 76.475569 67.55587 1.0353462 74.1493617075 68.0862356745 1.08939505701 2.3859019503 3.09677139421 0
936 2.65593290329 77.652303 69.425792 1.0395167 73.5214958528 70.5217939729 1.07943890417 4.27373232802 2.28737380791 0
939 2.68460202217 78.72098 71.209083 1.0347632 77.3245785877 72.2710746366 1.04926766443 1.75435547719 0.831044595998 0
942 2.69216108322 79.923618 73.070281 1.0406815 76.8179747689 75.0414983445 1.01898279886 3.67841238831 -1.24324399636 0
945 3.26520991325 80.886825 74.813727 1.0240856 79.3992564636 75.2686861427 1.05635467379 1.55558605418 1.84888173691 0
948 2.68669700623 82.003807 76.66259 1.0354781 80.0128313337 76.5363402725 1.06342008238 1.99497446034 1.60095766144 0
951 2.73169898987 83.149971 78.458347 1.0359732 81.5581419311 80.0461338238 1.0029206751 2.24832977619 -1.89377017897 0
954 2.70369696617 84.209192 80.07724 1.046865 81.8688909373 81.391491321 1.0500509332 2.68407630273 0.182540526211 0
957 2.71423196793 84.421821 80.346791 1.1291589 81.3797013505 80.8432899869 1.09120868948 3.08236973867 -2.17438689424 0
960 2.70063090324 84.549549 80.462185 1.2384433 82.8098960382 80.5036835003 1.22606875104 1.74014785382 -0.7090094286 0
963 2.68078994751 84.477315 80.645515 1.377415 81.6529709028 79.6194922251 1.3206548631 3.00493632443 -3.2521162892 0
966 2.70602917671 84.491575 80.745704 1.5042297 81.7674858482 80.4772892781 1.46223335874 2.73728116382 -2.40621310935 0
969 2.99942183495 84.58151 81.604236 1.6242617 81.4558587108 81.2134350372 1.61736658906 3.14998751965 -0.395060756274 0
972 2.91690301895 84.52138 83.606555 1.6450761 81.8397130198 82.3152774634 1.66173391932 2.97636279193 0.954422742892 0
975 3.35603404045 84.450105 85.633891 1.6510189 81.0943417593 86.7594220041 1.61377218531 3.53948682279 -2.1340795523 0
978 2.9064180851 84.288283 87.799076 1.6553182 80.7926960123 87.8825401687 1.63581231663 3.49658328313 -1.11760479299 0
981 2.76284098625 84.219899 89.940013 1.6574582 81.3683619839 90.3561053237 1.64555523977 2.88173492464 -0.681989385056 0
984 2.73250699043 84.085061 91.960688 1.6559816 81.4023062189 92.2755220358 1.62362210476 2.70116524585 -1.85406250421 0
987 2.74344301224 83.972707 94.061302 1.6546883 80.6480171557 95.6692703286 1.68405373904 3.6931185611 1.68251572062 0
990 2.69005203247 83.850194 96.236204 1.650278 80.0883625669 95.8083124852 1.71280801011 3.786088599 3.58270567196 0
993 2.67990398407 83.742141 98.372522 1.653672 79.2463558438 98.7863804082 1.67616006774 4.51479378852 1.28847137087 0
996 2.8190600872 83.558608 100.37046 1.6603574 80.3012350856 100.778482789 1.65519117505 3.28282818611 -0.296002885578 0
999 2.71532917023 83.448658 102.54165 1.6520527 80.1199670276 102.429716304 1.64565664859 3.33057243459 -0.366466751458 0
1002 2.7008728981 83.308795 104.69204 1.6576029 79.5713355311 105.099764172 1.68328594899 3.75963326426 1.47153031236 0
1005 2.6700720787 83.194681 106.76107 1.661421 78.7705622048 107.659040261 1.65251969371 4.51433026087 -0.510007282349 0
1008 2.70349407196 83.066158 108.84686 1.6653468 78.8781682963 109.738405262 1.71506188063 4.28183497016 2.84846429839 0
1011 2.67997598648 82.920912 111.09751 1.6564676 78.0172237513 112.024112859 1.64654204728 4.99046604015 -0.568692280415 0
1014 2.68715190887 82.798446 113.12029 1.6519674 79.2059090775 113.422858677 1.69811866558 3.6052557945 2.64427273668 0
1017 2.66762590408 82.725101 115.25424 1.6521864 77.5586879305 117.102626328 1.63446821659 5.48710816581 -1.01517712984 0
1020 2.68380284309 82.605874 115.888 1.7134215 78.9301923912 117.250810965 1.71772804045 3.92018992105 0.246746592109 0
1023 2.68560314178 82.650086 115.98425 1.8265292 78.7598758089 115.942076953 1.8512867683 3.89043877948 1.4185041745 0
1026 2.67479991913 82.697137 116.16336 1.9516157 78.9938697739 116.291750625 1.98570714067 3.70549218056 1.95329566785 0
1029 2.66315698624 82.611261 116.28116 2.0730733 78.727288904 116.140181658 2.08590910961 3.88652983208 0.735437717379 0
1032 2.80635595322 82.517518 116.45008 2.1971216 78.7734627544 116.952958705 2.23051099749 3.77767609433 1.91307155672 0
1035 2.6982319355 82.418538 116.4581 2.3123831 78.2646934564 115.963953284 2.38568460105 4.18313345103 4.19986664237 0
1038 2.67395997047 82.414024 116.83182 2.4679277 78.159542254 116.418805913 2.48113128943 4.27448190584 0.756509948989 0
1041 2.66558504105 82.282962 116.94587 2.5874118 78.793814987 117.372193783 2.6426387832 3.5150958516 3.16427305252 0
1044 2.69715189934 82.208722 116.96752 2.707272 77.6958518427 114.709741625 2.74085621711 5.04614310593 1.92423389891 0
1047 2.6739320755 82.043289 117.20312 2.8493508 77.225416339 115.817503227 2.864496341 5.01316574817 0.867775577502 0
1050 2.71021294594 81.832352 117.28824 2.9891727 77.2889428812 116.576043221 3.02478847392 4.59889015659 2.04063352993 0
1053 2.71093201637 81.142386 117.29523 3.0875315 76.5680607146 116.748100335 -3.08868874846 4.60692985478 6.12864641985 0
1056 2.70776796341 79.131234 117.37152 3.1037602 74.4059225656 115.582168787 -3.12251880835 5.0527562692 3.26049075067 0
1059 2.75113391876 77.094643 117.50841 3.1079346 74.4961932805 114.677052199 -3.11935362778 3.84298424968 3.2026667367 0
1062 2.7389819622 74.899205 117.59033 3.115912 71.8181262338 116.657490446 3.13344337527 3.21919803639 1.00447381208 0
1065 2.70300912857 72.824078 117.69503 3.116944 69.6560532568 115.500267458 3.0956436001 3.85400614821 -1.22042301621 0
1068 2.75464582443 70.711208 117.83017 3.1174699 67.926495738 116.510035131 3.12394398508 3.08178170146 0.370937751225 0
1071 2.8140039444 68.550781 117.88294 3.1169773 65.7747513026 116.391735677 3.09387564628 3.15119520394 -1.32362725812 0
1074 2.93127799034 66.454241 117.99143 3.11617 63.7070505551 116.894810451 3.13458404657 2.95797731153 1.05504715237 0
1077 2.70523691177 64.352032 118.06903 3.1139299 61.2461989658 117.55047893 3.06645068394 3.14882423274 -2.72035869495 0
1080 2.6681740284 62.204954 118.16997 3.1178991 59.6633084638 118.035853033 3.11403138265 2.54518160302 -0.221603880358 0
1083 2.70887804031 60.134729 118.2293 3.1166836 56.4069565726 117.983772537 3.1272383067 3.73584943559 0.604740147805 0
1086 2.78408312798 58.034017 118.36643 3.1239361 54.9233676005 116.687007257 3.11148484039 3.53505310245 -0.7134046254 0
1089 2.69590115547 55.858025 118.47896 3.1251128 52.7882592245 117.157272089 3.13793857421 3.3422029936 0.734862731281 0
1092 2.74098587036 53.766425 118.55 3.1243401 50.0394535552 117.107549111 -3.1320183055 3.99637094352 1.53706824389 0
1095 2.83157491684 51.628528 118.603 3.1187628 48.4142635759 116.817959032 -3.1271729796 3.67666520722 2.13424071905 0
1098 2.6923160553 49.494235 118.64783 3.1200968 48.0979383475 116.547893711 3.13985899454 2.52178047446 1.13229034108 0
1101 2.73193407059 47.379245 118.80828 3.1260538 46.4305537997 117.293642833 3.12335032628 1.78721591936 -0.154897634366 0
1104 2.6849219799 45.313934 118.87713 3.1250737 43.8624377768 117.308142898 3.10238061696 2.13741942811 -1.30021788248 0
1107 2.73601317406 43.229975 118.9845 3.131291 41.6543731173 117.178132649 3.10100654714 2.39697398772 -1.73517133398 0
1110 2.73117303848 41.038059 119.03542 3.1300111 39.3148234457 117.124392007 -3.11751172375 2.57324090725 2.04330978729 0
1113 2.72446489334 38.877743 119.09254 3.1262084 36.4489594514 117.781536324 3.08121716618 2.76002176894 -2.57780781304 0
1116 2.7429599762 36.866989 119.17866 3.1252668 33.8857158769 118.049134366 3.05249328414 3.18807427653 -4.16961531891 0
1119 2.68965506554 34.67231 119.25843 3.1314701 32.4684494562 119.290970613 3.05843880178 2.20410076626 -4.18438516044 0
1122 2.67638301849 32.567479 119.34722 3.1353596 31.5247678097 118.850266073 3.04193490394 1.15508001103 -5.35284078678 0
1125 2.66191005707 30.502201 119.36971 3.1349527 26.880517694 117.536480039 3.0880457642 4.05922678081 -2.68756945135 0
1128 2.70107603073 29.15421 119.31018 -3.13185 26.9191982185 117.876554127 -3.09616698086 2.65528921357 2.04448639727 0
1131 2.69057488441 28.938717 119.39146 -3.028318 26.8460198407 118.055919155 -3.01628241899 2.48254924404 0.689587995884 0
1134 2.69278407097 28.80706 119.32785 -2.9089456 26.8392934671 116.512398051 -2.94663291454 3.43494902491 -2.15932406428 0
1137 2.68824982643 28.607415 119.34948 -2.7753086 26.5078582535 117.186410322 -2.77948897075 3.01446661317 -0.239517600918 0
1140 2.68077397346 28.309413 119.3977 -2.6319404 27.0377175639 116.955541866 -2.6545234125 2.75342434655 -1.29391130482 0
1143 2.6802611351 28.176965 119.31562 -2.5155106 25.9959067819 116.93659126 -2.52924757171 3.22750564609 -0.787070502171 0
1146 2.69410991669 28.13257 119.1422 -2.3876282 25.8255325517 116.839728005 -2.42295825587 3.25941698386 -2.0242630911 0
1149 2.68236708641 28.071656 119.10664 -2.2643471 25.2282776837 119.146057767 -2.21894273099 2.84365152754 2.60147871552 0
1152 2.67593097687 27.847582 119.05477 -2.1225081 25.4992304739 118.748054393 -2.14510850951 2.36829671995 -1.29490807999 0
1155 2.68250799179 27.651134 118.95518 -2.0012288 25.6835213123 118.378372874 -1.99446877304 2.05041609171 0.387321014404 0
1158 2.66371798515 27.585975 118.8068 -1.8653126 26.988437644 118.395270991 -1.75398751424 0.725539121883 6.37845756795 0
1161 2.71240496635 27.545652 118.66047 -1.7395281 57.8520070475 96.9253956161 -1.70379529628 37.2946191124 2.04733884337 0
1164 2.73087310791 27.426878 118.54472 -1.6078392 26.9453599398 118.553980627 -1.48431393032 0.48160710283 7.07747661614 0
1167 2.68900895119 27.408113 118.27266 -1.4907581 42.4906834173 112.866752365 1.97548700857 16.0221024758 -161.398784521 0
1170 2.68096804619 27.619078 117.43976 -1.368489 25.6711796042 116.262351624 -1.30857785401 2.27609284628 3.43265581121 0
1173 2.69270515442 28.00462 115.50954 -1.3464267 60.4506157553 90.0063858186 -2.34521508541 41.2692805093 -57.2263591107 0
1176 2.69195389748 28.352772 113.43776 -1.3439724 49.2427516946 102.46911981 1.67068458783 23.5945400304 172.727122082 0
1179 2.6850399971 28.777386 111.37552 -1.3470791 21.5147045485 74.4071419617 1.78174877363 37.6750251049 179.268631982 0
1182 2.71425318718 29.292879 109.18718 -1.3487141 26.7757274847 111.338863865 -1.39307924003 3.31146420857 -2.54193528102 0
1185 2.75956916809 29.664866 107.14961 -1.3582731 27.834834208 108.516352149 -1.37169515802 2.28407540634 -0.769027276819 0
1188 2.88289785385 30.155372 105.1583 -1.3627181 27.2908079233 105.531328006 -1.49440860258 2.88875011773 -7.54530999969 0
1191 2.67449593544 30.584999 103.08809 -1.3538609 28.1213829994 104.655560608 -1.41294946672 2.9199945045 -3.38552549045 0
1194 2.6798889637 30.932942 101.04272 -1.3388863 27.0429457739 100.986280054 -1.3591313156 3.89040564811 -1.15995395019 0
1197 2.6974439621 31.46397 98.886394 -1.3633561 28.7606865367 98.3464460739 -1.29048437424 2.75668011305 4.17524233185 0
1200 2.68282294273 31.761459 96.890841 -1.3338862 30.7346792313 96.0260558535 -1.31941102858 1.34243437199 0.829366229886 0
1203 2.68867111206 32.148779 94.808879 -1.340085 27.889143173 93.2311692795 -1.49395865096 4.54242945361 -8.81631077839 0
1206 2.67376112938 32.63242 92.742465 -1.3409888 31.2834542622 92.6228261894 -1.3473454001 1.35426068643 -0.364206357519 0
1209 2.68831706047 33.223163 90.635151 -1.3443959 32.6504227122 90.7305993808 -1.39476411279 0.580639157072 -2.88588601467 0
1212 2.70042490959 33.480467 88.544154 -1.3400822 31.7570806438 89.9069976431 -1.33334457947 2.19713525488 0.386037220239 0
1215 2.78434896469 33.996344 86.523674 -1.3537744 31.7739491997 86.4454491947 -1.33719937931 2.22377106928 0.949678730861 0
1218 2.72037792206 34.391099 84.502242 -1.3500462 32.9608260678 84.350920037 -1.27848171826 1.43825553956 4.10034276649 0
1221 2.71113300323 34.871654 82.311763 -1.3462417 31.9446226437 82.3491983416 -1.39625607783 2.92727073667 -2.8656127647 0
1224 2.70363092422 35.319079 80.358924 -1.358939 34.2148742959 80.6420589872 -1.31302987138 1.13992694925 2.63039931113 0
1227 2.69167590141 35.776446 78.250756 -1.3606991 34.4451767024 78.1499487127 -1.321641734 1.33508054139 2.23782223092 0
1230 2.74833321571 36.167733 76.160289 -1.3496683 34.5442249266 76.6827615527 -1.32204380522 1.70550755871 1.5827669623 0
1233 2.75962305069 36.593873 74.026216 -1.3452321 35.4465629699 74.6698385304 -1.35917578401 1.31551140884 -0.798914244536 0
1236 2.6914460659 37.096668 72.068535 -1.358637 35.8179739087 71.9373369056 -1.38754568814 1.28540714135 -1.65634582142 0
1239 2.70210504532 37.456761 70.030489 -1.3570922 35.5593114667 69.6833170425 -1.37853123098 1.92894870317 -1.22836599194 0
1242 2.69886517525 37.942935 67.912468 -1.3598503 35.7228136368 67.8842068403 -1.38334962528 2.22030123189 -1.34641215976 0
1245 2.66268610954 38.381728 65.750541 -1.3597279 37.7307427643 65.0605579278 -1.37057389349 0.948608674335 -0.621429651559 0
1248 2.66416192055 38.78715 63.709446 -1.3638712 37.5086819121 62.6424098201 -1.35831739673 1.66524678683 0.318209487557 0
1251 2.7028439045 39.284372 61.704874 -1.358189 37.4157811043 61.9196514242 -1.34597451051 1.88089374436 0.699838696911 0
1254 2.71538615227 39.616785 59.610797 -1.3616912 38.3530903614 59.2892421027 -1.38393266538 1.30396383828 -1.27434209649 0
1257 2.69112110138 40.0981 57.483375 -1.3627524 38.7575059422 58.1344438537 -1.33500805238 1.49032985612 1.58963402402 0
1260 2.70136499405 40.478176 55.366289 -1.371191 40.531067018 56.1151635428 -1.34726856938 0.750739995348 1.37065431026 0
1263 2.66960191727 40.927924 53.368372 -1.3697355 40.9209989175 54.3923999683 -1.34900198055 1.02405138375 1.18794315916 0
1266 2.69009280205 41.311773 51.24524 -1.3687118 40.4137909498 52.4551446105 -1.35755704567 1.50673187027 0.639120344786 0
1269 2.69168019295 41.752813 49.127024 -1.3690442 41.0586755339 50.7280473403 -1.36452903316 1.74502222277 0.258700003833 0
1272 2.7114109993 42.124468 46.999249 -1.3746445 41.5622659499 47.7416716607 -1.35022499496 0.931269323147 1.39913457636 0
1275 2.70637798309 42.489069 45.000812 -1.3756167 42.1783460079 45.566685953 -1.38466046258 0.645571149113 -0.518169426498 0
1278 2.67963290215 42.919623 42.847052 -1.3693623 41.1982132181 44.2664111674 -1.40644737034 2.2311055742 -2.12481801336 0
1281 2.66724514961 43.26925 40.76156 -1.3849404 43.354780357 42.2980140972 -1.34421987283 1.53883288075 2.33311434663 0
1284 2.69143891335 43.723057 38.666685 -1.382086 43.41850153 39.5437313665 -1.3427634753 0.928420359118 2.25301470485 0
1287 2.83775210381 44.069109 36.638541 -1.3748634 44.5882863163 37.2180734545 -1.35907201404 0.778076443285 0.904779767946 0
1290 2.69401216507 44.48264 34.512889 -1.372972 43.5602283497 35.6538863611 -1.36349272781 1.46721444609 0.543122289125 0
1293 2.71309185028 44.660959 33.544964 -1.3339999 44.3629982508 34.1017671304 -1.30108414741 0.631514318162 1.8859337031 0
1296 2.71592092514 44.654294 33.324157 -1.2074321 44.8358495817 34.0597016395 -1.18282917668 0.757620185794 1.40964366982 0
1299 2.68173003197 44.699557 33.107025 -1.0711259 45.0158278391 33.9686218449 -0.989139318959 0.917810637749 4.69748507033 0
1302 2.72958111763 44.829945 32.953901 -0.95914547 43.8606619819 32.590048962 -1.03320107423 1.03532500925 -4.24307357155 0
1305 2.74414396286 44.914184 32.826307 -0.82117543 43.6935128643 33.4631165779 -0.771666303674 1.37679499565 2.83666398587 0
1308 2.68619894981 44.932468 32.690373 -0.70238554 44.2605984134 33.2845704535 -0.828766557744 0.896927731281 -7.24109892727 0
1311 2.72639203072 45.019913 32.619075 -0.56167342 42.9270956737 33.1750486261 -0.634428610706 2.16540782169 -4.16856536513 0
1314 2.79079079628 45.164806 32.47066 -0.44585332 42.3359653429 31.952221901 -0.52524082979 2.87595506322 -4.548569257 0
1317 2.92302703857 45.307079 32.373178 -0.30795343 42.2239029257 33.0807757254 -0.557873847775 3.16333198486 -14.3193851526 0
1320 2.71903896332 45.468859 32.25314 -0.19105128 42.1042696719 30.7524489641 -0.327952344576 3.68409214489 -7.84385321103 0
1323 2.78979516029 46.833289 32.057508 -0.10389315 44.8478606553 32.2272775811 -0.265978025009 1.99267343599 -9.2867792609 0
1326 2.71699595451 48.863767 31.868312 -0.084237935 46.3926497267 31.3732317647 -0.226835545093 2.52022320795 -8.170241227 0
1329 2.72464513779 51.033972 31.691587 -0.08198003 48.9759405774 33.7474763759 0.0197290492234 2.90898168827 5.82750097766 0
1332 2.78820300102 53.111195 31.42619 -0.084122232 51.4041918144 28.2988265162 -0.548167691978 3.56290081753 -26.587846359 0
1335 2.71380805969 55.206155 31.249451 -0.082409142 53.6411450678 32.6743884257 -0.065599891741 2.11653083012 0.963099096622 0
1338 2.73533987999 57.287235 31.07162 -0.080297126 56.4819002051 32.1259924609 0.0016194058085 1.32674994564 4.69347154498 0
1341 2.68545889854 59.516372 30.847745 -0.092608556 58.178538157 33.3472511095 -0.017843688237 2.83501855074 4.28371137868 0
1344 2.69620394707 61.567611 30.670937 -0.091677002 59.7517391071 33.3067598659 0.00777786209036 3.20077379895 5.69834396442 0
1347 2.70263886452 63.68279 30.502969 -0.089332225 62.5382184685 31.6336583177 -0.055813719482 1.60888232131 1.92046890177 0
1350 2.71829295158 65.773678 30.270465 -0.081918863 65.6633091479 32.5615013263 -0.0980666025443 2.29369325149 -0.925197324565 0
1353 2.68035387993 67.870787 30.052005 -0.080757136 67.1343916945 31.4209571855 -0.10096270334 1.55444785441 -1.15769373127 0
1356 2.67394709587 69.978421 29.855203 -0.080851998 69.2427210188 31.0159453504 -0.0982283362983 1.37425516782 -0.995590847887 0
1359 2.67821002007 72.04312 29.748383 -0.089661546 70.6797845202 30.5981842281 -0.104776654264 1.60650109172 -0.86603191039 0
1362 2.66626501083 74.192216 29.503442 -0.097083695 73.0771513851 30.0837306609 -0.113857138284 1.25702188739 -0.961047508092 0
1365 2.66488814354 76.337484 29.313327 -0.092202589 75.0365187036 30.3332038682 -0.0930792417214 1.65307577826 -0.0502285010366 0
1368 2.64473605156 78.469083 29.072242 -0.088851811 77.6349503219 30.386016986 -0.0852864284534 1.55620758204 0.204281372269 0
1371 2.69704508781 80.508884 28.860474 -0.08148585 78.7754240348 30.5647621397 -0.118269953883 2.43094251553 -2.10757390565 0
1374 2.75267219543 82.648681 28.706332 -0.092016755 81.5438777347 30.3143486836 -0.0591636759788 1.95097614286 1.88234277192 0
1377 2.72412204742 84.803463 28.469695 -0.089914919 83.4547881189 30.227376728 -0.0738565612802 2.21548391821 0.920076123258 0
1380 2.75968694687 86.909059 28.274418 -0.095059786 84.9726272472 29.6868888392 -0.0739624778757 2.39683996234 1.20878671461 0
1383 5.05693602562 88.999768 28.069648 -0.093100738 87.1551000524 30.4607683344 -0.039773820682 3.01997620694 3.05540729677 0
1386 3.6331808567 91.148907 27.8824 -0.087682683 89.7329617913 30.0236107845 -0.0580337938822 2.56703807096 1.6987562137 0
1389 2.71289491653 93.191686 27.680334 -0.085944106 91.0064314526 30.5834168736 -0.0722767350982 3.63362458273 0.783082669712 0
1392 2.68698596954 94.597595 27.536443 -0.026113958 93.4614206781 29.6953032214 -0.0498792427393 2.43958388769 -1.36165051449 0
1395 2.68943309784 66.734672 23.138609 0.64678418 95.0990832202 31.0894411368 -0.00832886598137 29.4576909404 -37.5352126387 0
1398 2.69601106644 41.954155 8.6979942 1.5862633 98.167818212 32.0998536579 0.0373331084536 60.8902533892 -88.747162736 0
1401 2.70128011703 40.498777 7.6026468 1.6671323 98.8794864786 31.0003235314 -0.00209817287342 62.8948210559 -95.6398611303 0
1404 2.80347919464 40.36551 9.5759073 1.6613912 101.466103431 30.8910873312 -0.00854199779392 64.7118182208 -95.6801243024 0
1407 2.72472500801 40.15753 11.693798 1.6450717 101.677722156 31.0029910109 -0.027624776326 64.4792910761 -95.8384484999 0
1410 2.7097120285 40.017928 13.779826 1.6578436 103.533745839 30.4995665483 -0.00416915201144 65.6795922624 -95.2263161872 0
1413 2.70302700996 39.937066 15.922073 1.6651068 104.888690164 31.5624209642 0.0501565361353 66.8081878659 -92.529834243 0
1416 2.81716990471 39.75755 17.953862 1.6630734 106.577065646 31.0021026878 0.0205676766778 68.0815999827 -94.1086457724 0
1419 2.73612713814 39.645384 20.177858 1.663423 108.788042275 29.9305491625 -0.0648926946135 69.8270877112 -99.0251949676 0
1422 2.70076107979 39.526919 22.292671 1.6684735 110.269896565 31.6913450001 0.0581540270219 71.364584688 -92.2645094694 0
1425 2.72535514832 39.303781 24.413998 1.6572417 112.514575421 34.0278901563 0.0600755019881 73.8393346538 -91.510882327 0
1428 2.73012709618 39.21094 26.55624 1.6661167 115.680413836 34.4035294324 0.0846872466084 76.8710633474 -90.609233277 0
1431 2.67972588539 39.049874 28.673026 1.6660737 116.491748457 34.4896878534 0.198002819556 77.6600120689 -84.1142654755 0
1434 2.6818420887 38.816051 30.701859 1.6598041 119.742693754 35.403927371 0.148479042364 81.0631294388 -86.5925472749 0
1437 2.68957090378 38.695572 32.853799 1.6647394 123.374268333 35.2596957426 0.151000332018 84.7128676876 -86.7308598794 0
1440 2.75025415421 38.58982 35.008607 1.6723781 124.332273411 34.4860647352 0.122116796568 85.7440456675 -88.8234298291 0
1443 2.76113200188 38.393816 37.160762 1.6689022 126.865659383 36.0952423603 0.123497939772 88.4782594978 -88.5451417526 0
1446 2.98241496086 38.314928 39.264936 1.6781402 129.281977483 37.3325690478 0.156687329299 90.9875713145 -87.1728282192 0
1449 2.76701498032 38.042909 41.445131 1.6601298 131.241795955 37.76796628 0.18715990308 93.2714000651 -84.3949584433 0
1452 2.73546290398 37.893052 43.482766 1.6655679 136.280517099 27.9846255847 -0.122685066758 99.6006307454 -102.459347697 0
1455 2.87074398994 37.737395 45.529248 1.6663309 138.203039788 27.5199896185 -0.0637731340277 102.067032729 -99.1276592683 0
1458 2.70037293434 37.667375 47.706088 1.6735516 141.018503545 27.5161642995 -0.152218138688 105.304742488 -104.60890039 0
1461 3.12082910538 37.411337 49.793915 1.6717816 141.85562759 25.1350762949 -0.139976753842 107.315740519 -103.806107173 0
1464 3.03263902664 37.208006 51.943854 1.66906 138.759418191 37.2137390888 0.262804281723 102.614158883 -80.5725175734 0
1467 3.26406002045 37.03196 53.963531 1.6741645 140.891936594 37.5354461277 0.380397530295 105.151208793 -74.1273870375 0
1470 3.41453886032 36.983983 56.143126 1.6856298 140.80531705 30.7401864667 -0.0727335572866 106.883949875 -100.746799223 0
1473 3.08421707153 36.720012 58.206076 1.6746777 51.1583853703 65.6047468371 -1.52047450265 16.2236542041 176.931263886 0
1476 3.24928998947 36.536888 60.398002 1.6787317 37.9515740281 60.1531114713 3.12997246142 1.43572557586 83.1499706867 0
1479 2.88809919357 36.401835 62.417273 1.6766351 128.606348855 108.169807267 2.80229426696 102.931854968 64.4955194371 0
1482 3.09977889061 36.239068 64.615141 1.6886647 82.858236858 54.3492452105 -1.15125136937 47.7361029135 -162.715204946 0
1485 3.04124283791 35.99676 66.655908 1.678851 31.840421868 66.2980145814 1.70468737341 4.17171839497 1.48031515448 0
1488 3.20726394653 35.830181 68.859683 1.6854848 65.7860227977 113.65535847 2.52893904633 53.8888207206 48.3263685268 0
1491 2.9544711113 35.575227 70.898859 1.683738 32.7188162211 70.6515339367 1.74967239761 2.86709822379 3.77776270773 0
1494 3.05745220184 35.463169 73.006353 1.6935188 34.1669277234 71.7952850567 1.64557606862 1.77395800691 -2.74691616621 0
1497 2.86123991013 35.205801 75.07321 1.6913976 66.3809031116 22.9497442056 -1.73516996085 60.735020195 163.672140547 0
1500 2.78002119064 34.978045 77.287591 1.6912075 31.5424568909 74.6682307339 1.77790250314 4.32022150577 4.96725778491 0
1503 2.98848891258 34.814043 79.320098 1.7000185 28.742342259 78.0146147842 1.78633299131 6.21046184397 4.94545606276 0
1506 2.86519002914 34.580736 81.372215 1.6970036 30.9272647853 80.8509760358 1.78135816743 3.69046636276 4.83316069625 0
1509 2.67355298996 34.345965 83.441951 1.6955247 30.8694342997 82.0895205954 1.74262266856 3.73032622028 2.69851482215 0
1512 2.70581889153 34.142398 85.698773 1.7034669 30.5142427879 83.7869290564 1.93984003102 4.10105565776 13.5431827977 0
1515 3.0755610466 33.910208 87.748137 1.7016389 30.4454951384 86.7352041481 1.70815847784 3.60974627577 0.373544294613 0
1518 2.88392806053 33.670818 89.737713 1.6967853 31.0341994439 89.0735483575 1.73380570937 2.71898364882 2.12111321257 0
1521 2.85986804962 33.472926 91.900649 1.7056804 29.9438920211 92.1171821579 1.66502673089 3.53567071889 -2.32928366181 0
1524 2.77321410179 33.217902 94.036516 1.7078464 29.4921304379 93.7107131107 1.75269833691 3.73998947265 2.56982668776 0
1527 3.0971570015 33.034075 96.178482 1.7177188 27.383008853 95.9052189288 1.78274852584 5.65766924658 3.72592883327 0
1530 2.86578798294 32.713254 98.174723 1.7080491 28.08594077 97.6408323333 1.74850898677 4.6580110533 2.31818075159 0
1533 2.70352888107 32.45653 100.24821 1.7068362 27.6669146691 99.369273637 1.72900167069 4.86959383813 1.26998792149 0
1536 2.74381303787 32.217075 102.39435 1.7082962 27.0270290415 102.19286355 1.71185433132 5.19395551009 0.203865907442 0
1539 2.73208212852 31.955228 104.48204 1.7110577 28.5215817145 102.841263704 1.74544509558 3.80553198214 1.97025263545 0
1542 2.67757987976 31.741377 106.6002 1.7198575 27.5989398201 105.437729864 1.6758678896 4.30245541598 -2.52041901808 0
1545 3.13794088364 31.439656 108.68741 1.7105287 27.2190173996 108.458612138 1.67038083664 4.226835537 -2.30030312721 0
1548 2.83821797371 31.216018 110.75498 1.7177022 27.3506859456 110.908686464 1.67613634376 3.86838694645 -2.38154813446 0
1551 2.65397810936 30.916985 112.90957 1.719675 26.2065129196 111.84852366 1.72269368726 4.82849526835 0.172958039687 0
1554 2.66196203232 30.668641 114.94646 1.716506 26.7860184999 113.835656581 1.68574130327 4.03839593322 -1.7626872809 0
1557 2.65346288681 30.419865 117.12266 1.716223 27.974558316 115.18700184 1.67953075704 3.11870121893 -2.10231066248 0
1560 2.63917708397 30.132888 119.21343 1.725557 26.9666561624 115.746217823 1.70341355026 4.6953790401 -1.26872621409 0
1563 2.69866895676 29.88258 121.34383 1.72867 25.9015264202 119.997249644 1.6525153991 4.20262611476 -4.36333722231 0
1566 2.68246102333 29.981486 120.5055 1.7055843 25.7543933605 120.282178019 1.72910976041 4.2329877026 1.34790959282 0
1569 2.72173786163 30.170653 118.4575 1.6900862 27.0410539961 117.770140204 1.66992605453 3.20419309877 -1.15509124951 0
1572 2.78930711746 30.502618 115.6086 1.6745202 28.5773391576 114.220756766 1.67481426618 2.37335363214 0.0168487509656 0
1575 2.70645689964 30.699806 113.48782 1.6738205 27.3716408556 111.965457908 1.68626634958 3.65981824255 0.713094653529 0
1578 2.69896507263 30.8492 111.36091 1.6697397 27.2384572508 110.960566141 1.64847094517 3.63286917007 -1.21860988713 0
1581 2.68591499329 30.973164 109.37107 1.6787837 27.7356250718 108.48061638 1.6867391334 3.35776204646 0.455812758021 0
1584 2.71954798698 31.204408 107.09871 1.665475 27.7472966392 106.665914833 1.65803185398 3.48409681522 -0.426460853184 0
1587 2.89923095703 31.322843 104.96751 1.6587885 26.897620143 105.682730257 1.59151444924 4.48264847489 -3.85451917915 0
1590 2.80718398094 31.457099 102.91722 1.6541397 28.5930802613 102.351731325 1.69894950099 2.91931169583 2.56741247777 0
1593 2.7315568924 31.546684 101.34427 1.631357 27.7858492656 101.93906363 1.64210285146 3.80757893709 0.615691935856 0
1596 2.71198391914 31.536552 101.09899 1.5279681 29.259638057 102.410917526 1.62066691168 2.62783008125 5.31125067498 0
1599 2.77657604218 31.522716 100.84711 1.3818466 28.7506828273 102.837603619 1.48412736529 3.4126577265 5.86025617652 0
1602 2.75382614136 31.33472 100.81397 1.2437751 28.6319853248 101.625442073 1.30301148029 2.82192516727 3.39399458415 0
1605 2.71947193146 31.335612 100.76499 1.1262837 28.4285617148 101.521744808 1.1731717581 3.00393395397 2.68648783863 0
1608 2.6935300827 30.238332 99.003137 0.9296569 28.8264669539 100.437059208 1.04566089005 2.01233590797 6.64653903665 0
1611 2.65131092072 28.772289 97.32743 0.78863198 26.3629507866 97.6277522696 0.85806861871 2.42798354447 3.97842634164 0
1614 2.69422101974 27.005154 95.945316 0.6582802 24.0646060183 98.0440584577 0.691704644732 3.61269184075 1.91507961571 0
1617 2.70445394516 26.209553 95.323497 0.64585939 23.0943223525 95.5292765922 0.695579481381 3.12201973533 2.84875139315 0
1620 2.71892309189 26.225548 95.299359 0.74214735 23.3210592357 94.5206086063 0.76835474092 3.00707618088 1.50157289177 0
1623 2.69100999832 26.287241 95.304851 0.87876564 25.2202312978 93.8672215123 1.01030562575 1.79033188224 7.53668602071 0
1626 2.66602301598 26.503119 95.525486 1.0159202 25.0146419275 94.0947713412 1.14654428556 2.06458432382 7.48420880518 0
1629 2.74217796326 26.584147 95.637624 1.1414331 21.8075471968 94.7575812607 1.08362845411 4.85699298979 -3.31196224592 0
1632 2.89427018166 26.62792 95.717086 1.2595284 24.6776804608 94.6482538021 1.39138742744 2.22392367845 7.55496576317 0
1635 2.7397608757 26.756174 95.797181 1.3910555 23.5299740691 96.2236261976 1.40648413887 3.25426205163 0.883995890666 0
1638 2.70652604103 26.381693 93.77201 1.3952992 23.5162863818 94.0194841357 1.44375749066 2.87607345796 2.77645553712 0
1641 2.69605493546 26.011804 91.856332 1.39866 21.5809957721 90.2323232112 1.58882974516 4.71905351724 10.8959237885 0
1644 2.67471599579 25.609249 89.727224 1.3968171 24.3573618446 90.0212806834 1.55017097989 1.2859590907 8.78653008977 0
1647 2.68899083138 25.2462 87.568251 1.3940659 23.8595060243 88.094621218 1.55121945286 1.4832349068 9.00423531413 0
1650 2.73283314705 24.820481 85.505592 1.4017015 22.0957046988 85.6670149356 1.49238682113 2.7295536734 5.19588616434 0
1653 2.77634501457 24.493958 83.448062 1.398475 20.3806792281 84.9149821569 1.37583632593 4.36702610499 -1.29710047803 0
1656 2.72739505768 24.080092 81.345956 1.3962744 19.8746001099 81.748405427 1.41128740239 4.22470443683 0.860181674931 0
1659 2.72419500351 23.622432 79.208855 1.3888608 21.1045397534 79.1352095943 1.48621917704 2.51896903738 5.57822410445 0
1662 2.67426204681 23.236261 77.182266 1.3737053 19.995903821 77.0450136046 1.41377840958 3.24326268862 2.29602005071 0
1665 2.67899703979 22.741503 75.111069 1.3685019 19.2801780039 75.6157961901 1.41660286208 3.49793085486 2.7559821175 0
1668 2.76831698418 22.23837 73.007777 1.3690406 18.0724291839 72.8028135556 1.38287570202 4.17097984848 0.79269295497 0
1671 2.69819092751 21.796618 70.8705 1.3677106 19.59433285 71.8248521067 1.46244244357 2.40017662381 5.42773482183 0
1674 2.73788499832 21.306705 68.900927 1.3588762 19.7200439885 69.1799168067 1.48554676305 1.61100232085 7.25768865154 0
1677 2.8170208931 20.800373 66.796896 1.3509317 20.4239213169 66.8625526076 1.48936987348 0.382134347895 7.93192306383 0
1680 2.65491104126 20.180988 64.758154 1.3339286 21.198915681 66.1207782491 1.50719878317 1.70085907938 9.92765021097 0
1683 2.7181801796 19.716632 62.635567 1.3210663 18.1169701769 62.8737075645 1.40979887599 1.61729059747 5.0840021096 0
1686 2.73347902298 19.127208 60.642471 1.320188 17.4386130284 61.2308573176 1.42128803387 1.78816985679 5.79260524951 0
1689 2.68857908249 18.573484 58.538556 1.3117791 18.6774555164 57.7189487586 1.49759176561 0.826175590579 10.6462815193 0
1692 2.67435717583 18.03732 56.562177 1.3046299 17.2426169122 56.6181200424 1.43033552115 0.7966697068 7.20240155303 0
1695 2.84090995789 17.470308 54.449011 1.30616 16.6109470997 54.5277428364 1.40769679019 0.86295994057 5.8176295433 0
1698 2.72492909431 16.865167 52.414515 1.2995721 14.8806403901 51.4447070588 1.4065434398 2.20881717406 6.12900629927 0
1701 2.7201499939 16.322269 50.452679 1.2871313 15.4385115225 50.5702698746 1.45643123203 0.891546349195 9.7001715774 0
1704 2.7128739357 15.679585 48.421133 1.2791916 14.5567300969 49.0234522429 1.42887209631 1.2742023402 8.57606071407 0
1707 2.71324205399 15.049517 46.343459 1.2810584 13.5718518593 46.6066179415 1.33565164334 1.50091535293 3.12796243342 0
1710 2.7380900383 14.370513 44.264129 1.2685694 13.1228590731 45.0926220035 1.34773194464 1.49767852964 4.53567970346 0
1713 2.77944397926 13.728985 42.398373 1.2622613 13.1886355905 42.6956951023 1.3903382127 0.61674785512 7.33826655087 0
1716 2.79709410667 13.116178 40.310007 1.2578142 14.4596002455 39.9100938365 1.45060596797 1.40168251328 11.0461546297 0
1719 2.74219894409 12.482531 38.460523 1.239848 12.9516327649 39.0853961788 1.36500048998 0.781359683777 7.1707094714 0
1722 2.69994688034 12.331027 38.238303 1.1567887 10.3850420343 38.0243845828 1.22337867936 1.95770747972 3.81532477532 0
1725 2.73205208778 12.263795 38.100898 1.043782 11.9671986653 37.6244046456 1.13307192179 0.561262240435 5.11593567169 0
1728 2.71738600731 12.231882 38.075858 0.90529637 11.1508342726 37.4382257864 1.01134703828 1.25508526751 6.07625570715 0
1731 2.75344395638 12.170047 37.918491 0.7605547 10.2921516783 38.2750259633 0.875765298557 1.91144134603 6.60108105248 0
1734 2.71829009056 11.9457 37.868652 0.60051086 10.6642745653 38.149935631 0.61911010006 1.31193430695 1.06565795761 0
1737 2.71281409264 11.861848 37.85602 0.47073445 10.1848648429 38.1099281593 0.554136776532 1.69609606523 4.77860131186 0
1740 2.72341704369 11.68598 37.868337 0.32347919 12.4353000701 36.0246496446 0.600681142228 1.99014161104 15.8825019355 0
1743 2.7534828186 11.634663 37.834152 0.18688423 12.5127015502 38.1509539299 0.303156735347 0.933442638019 6.66192382982 0
1746 2.72230315208 11.546787 37.799316 0.059161186 11.9640798365 37.8685443823 0.013686830372 0.422996312403 -2.60548865356 0
1749 2.7045879364 11.461332 37.784444 -0.088384018 12.6398999187 36.9092524517 -0.00113331065934 1.46798589405 4.99909729015 0
1752 2.70015096664 11.353119 37.809133 -0.22428348 13.216696244 38.7635677004 -0.162277810372 2.09376831139 3.55266317554 0
1755 2.74214792252 11.259101 37.929753 -0.36642208 13.546183432 36.1239616758 -0.0939289547084 2.91403986884 15.6127060255 0
1758 2.72794294357 11.22919 38.083377 -0.50941267 14.3423641302 37.5313318659 -0.294970867804 3.16174113351 12.286610217 0
1761 2.73208284378 11.185129 38.110347 -0.64618684 14.5083120378 37.4301432442 -0.264291376154 3.39208234749 21.8809982936 0
1764 2.74696207047 11.588805 37.741111 -0.76036767 11.864951736 38.4249646167 -0.756539783433 0.737504433144 0.219321744757 0
1767 2.72725510597 13.063467 36.224873 -0.77289998 14.3540910965 37.4266136764 -0.845119105134 1.76348836454 -4.13785107032 0
1770 2.68194198608 14.493375 34.807156 -0.77803694 13.324564066 35.8186319803 -0.659703694789 1.54570458312 6.77999552669 0
1773 2.71469497681 15.892318 33.28564 -0.77023756 16.0790200553 34.5130147284 -0.813627720675 1.24149360911 -2.48607307908 0
1776 2.69102787971 17.405154 31.857105 -0.77891679 17.2370131593 32.5960783568 -0.794623423871 0.757860781607 -0.899923831181 0
1779 2.72102117538 19.008966 30.381332 -0.78385491 19.723061104 30.8977666998 -0.795769054399 0.881269888675 -0.682630190569 0
1782 2.70520210266 20.517371 28.856906 -0.78454873 20.3009348975 29.3673835958 -0.765060269532 0.554465474353 1.11660653404 0
1785 2.67547488213 22.037399 27.308602 -0.78653789 21.2830985338 27.2510105503 -0.7907490715 0.756495848199 -0.241282926741 0
1788 2.74279499054 23.470866 25.802264 -0.78746834 23.3439678546 26.4115775882 -0.789006286586 0.622387490305 -0.0881178484984 0
1791 2.84988498688 25.030138 24.239515 -0.79252133 24.7033940469 24.7767887658 -0.726578180308 0.62882804511 3.77826416515 0
1794 2.69934105873 26.508975 22.80392 -0.79210599 26.6313431275 24.1304108228 -0.804236246627 1.33212306548 -0.695012509162 0
1797 2.77098608017 27.961008 21.312251 -0.79564812 28.7398878133 21.3856700136 -0.807435293482 0.782332483749 -0.675355292929 0
1800 2.75557899475 29.36401 19.750057 -0.78815021 28.997484387 20.8221934216 -0.799448962868 1.13305672031 -0.647370853097 0
1803 2.70804691315 31.016391 18.179875 -0.79578372 31.1368258528 19.5826859317 -0.812478848147 1.40797125821 -0.956560381252 0
1806 2.73013401031 32.405165 16.663972 -0.79079715 32.4904163092 18.3489888543 -0.773917938059 1.68717206736 0.967107605699 0
1809 2.72079706192 33.875627 15.226881 -0.79213801 33.5374400824 15.3119097085 -0.804148052897 0.348712306232 -0.688124769783 0
1812 2.71675610542 34.400964 14.714584 -0.72873329 33.6061222864 14.6561471814 -0.805060885694 0.796986958132 -4.37324909366 0
1815 2.71910095215 34.541831 14.529671 -0.59347242 33.8377188641 15.2268089236 -0.729932114298 0.990845691574 -7.81856455691 0
1818 2.72694778442 34.648846 14.435796 -0.47955783 34.0031913592 15.0482626025 -0.533528849881 0.889935533843 -3.09231165518 0
1821 2.74502205849 34.668797 14.324629 -0.34405458 34.4996164795 14.9085177521 -0.411530650857 0.60790469929 -3.86609407822 0
1824 2.86804890633 34.864126 14.20779 -0.22615765 35.2695064372 15.1488922866 -0.272513178102 1.02469840085 -2.65597611732 0
1827 2.85580801964 35.017605 14.088235 -0.094353638 35.6896951893 15.1215044072 -0.140436366151 1.23261952381 -2.64034583148 0
1830 2.71537017822 36.599142 14.0692 -0.022879679 37.2608309778 15.3857847322 -0.100279230542 1.47350862249 -4.43466763954 0
1833 2.70648598671 38.63985 14.009333 -0.014813302 38.7145347607 15.5139283129 -0.0847002464516 1.50644776518 -4.00422696014 0
1836 2.79694890976 40.768535 13.925491 -0.0089087199 40.6429360594 14.0370878252 -0.0964670242045 0.168014717431 -5.01672129797 0
1839 2.70426511765 42.905865 13.952369 -0.011506708 43.9267266628 13.4994833758 -0.0844262389112 1.11680970765 -4.17798136528 0
1842 2.6988940239 45.04117 13.838962 -0.010052037 44.9716621512 15.2917625869 -0.00857645644959 1.45446240456 0.0845445378702 0
1845 2.74632096291 47.095509 13.764363 -0.008210261 46.464443788 15.5255624295 -0.0274390693514 1.87084652826 -1.1017295636 0
1848 2.7936809063 49.256947 13.750747 -0.012245698 48.3946881046 15.1657246903 -0.0285042600961 1.65700098574 -0.93154698906 0
1851 2.79680109024 51.347189 13.680192 -0.017629817 50.8879256057 15.2821361316 -0.0170950779195 1.66647768243 0.0306382924551 0
1854 2.88497495651 53.510554 13.649042 -0.0075411209 52.1573169061 15.8487129209 -0.014964450022 2.58259613428 -0.425325428626 0
1857 2.78270292282 55.608657 13.581194 -0.0077936973 54.0927141706 14.6554000189 0.0401381954723 1.85795619783 2.74629515993 0
1860 2.71252393723 57.666716 13.591636 -0.01411162 58.0119254096 15.7240585903 0.0114075063639 2.16018416815 1.46213823751 0
1863 2.69490695 59.905766 13.533857 -0.012519778 59.5602270678 15.559002678 -0.0184031259928 2.0544128531 -0.337091009393 0
1866 2.74594306946 62.027534 13.447994 -0.021676244 61.0913321751 15.5225249634 -0.0161527354958 2.27599485386 0.316473725393 0
1869 2.74704384804 64.181261 13.371995 -0.025327169 63.1715312473 14.9327319622 -0.00266762297093 1.85888516015 1.29829635315 0
1872 2.73789596558 66.241252 13.310079 -0.024907545 65.6963617479 15.0019712257 -0.0162430673469 1.77747143161 0.496438001206 0
1875 2.80444407463 68.444119 13.24669 -0.026304862 66.0952888602 14.9893390962 -0.00682176469938 2.9246929579 1.11629924717 0
1878 2.69099497795 70.49734 13.123327 -0.017605166 69.2381904669 14.9677418965 0.00806587961009 2.23323170695 1.47084256915 0
1881 2.71801900864 72.634932 13.039101 -0.019360635 72.0302895319 15.1843727797 -0.0214325596594 2.22885251261 -0.118712538452 0
1884 2.7593100071 74.720419 12.994859 -0.019347658 74.1058086272 14.4811553671 0.0111198620628 1.60836028338 1.74566031183 0
1887 2.68798899651 76.914825 12.90632 -0.036038761 77.0868027434 15.0653614002 -0.00789062982961 2.16587998562 1.61276911724 0
1890 2.65615200996 79.004774 12.78569 -0.032634565 77.8296461121 14.8763082493 -0.00155582621857 2.39825149171 1.78068056477 0
1893 2.66269803047 81.177999 12.691712 -0.029848436 81.3555424637 14.8224937362 -0.0158602091937 2.13816568321 0.801466358875 0
1896 2.67208695412 83.222919 12.597068 -0.02122413 81.5326952826 14.0482023741 -0.0136527883527 2.22769997683 0.433805921641 0
1899 2.6906812191 85.390174 12.538762 -0.021700441 84.7902766729 14.8342646207 0.00314969930931 2.37259543215 1.42380816003 0
1902 2.69508099556 87.449986 12.512039 -0.030894579 86.5366014297 14.3752958416 0.0221096644668 2.07508974051 3.03691944693 0
1905 2.66988801956 89.572355 12.414566 -0.034322832 88.8836923825 14.9642691184 0.00578899801375 2.64106838094 2.29823856833 0
1908 2.66471886635 91.713838 12.339838 -0.030338307 90.4456800451 14.749041591 0.0142457342109 2.72258820636 2.55447739502 0
1911 2.68076992035 93.866625 12.234111 -0.027880568 92.864568433 15.0293118979 0.00498350901128 2.96938805537 1.88297291034 0
1914 2.78981494904 96.027017 12.118277 -0.016096141 95.2887651962 14.4013429914 -0.00557755908337 2.3994595322 0.602670350285 0
1917 2.70156002045 98.003729 12.063433 -0.023465033 97.2853021918 14.289769927 0.0265955547617 2.33938307915 2.86826039869 0
1920 3.03331899643 100.1865 11.996018 -0.023536261 98.9434175706 14.7697312817 -0.00549667877023 3.03952945301 1.03359192594 0
1923 2.84668588638 102.26857 11.921444 -0.023061579 102.078661031 14.7164368784 0.026107360371 2.80143723949 2.81717270909 0
1926 2.68673300743 104.50291 11.810699 -0.022632517 104.522169421 15.5830965923 0.00910036100944 3.77244675501 1.81815998174 0
1929 2.70227313042 106.528 11.779433 -0.025937223 104.990617559 15.4532829635 0.0342494256802 3.98255173516 3.44844095241 0
1932 2.68534207344 108.61821 11.737233 -0.017267816 107.726255822 15.4826298171 -0.0136331539688 3.85014020173 0.208250794347 0
1935 2.71152091026 110.65428 11.638117 -0.015586443 109.078438952 14.8089686792 0.0058949661556 3.54084387953 1.23079408261 0
1938 2.91774892807 112.94226 11.558687 -0.011710616 111.029248191 14.7518284754 0.0341939187896 3.72233349703 2.63013610396 0
1941 2.69765686989 114.89636 11.528856 -0.01668203 113.896801393 15.2102267007 0.00720234412791 3.81465694982 1.36847383384 0
1944 2.70587992668 117.03777 11.494892 -0.018548407 116.764680385 15.2410038327 -0.00116176213764 3.75605268873 0.996181370506 0
1947 2.70047712326 119.07747 11.406331 -0.016261061 117.760554549 15.0263282948 -0.0112782015304 3.85209640566 0.285496817514 0
1950 2.65892410278 121.291 11.334615 -0.012126455 120.383730985 14.9382195931 0.00176727687857 3.71606016217 0.796052198328 0
1953 2.66744208336 123.43737 11.229443 0.0013807468 123.111774809 15.0943872587 0.00838906725747 3.87863459884 0.401547183688 0
1956 2.70481681824 125.58554 11.258252 -0.0049853053 124.640720749 15.7295085143 0.0170359281074 4.56999105401 1.26172373392 0
1959 2.72689604759 127.50849 11.183265 -0.012828209 126.27439162 15.191999623 -0.0115987589955 4.19439531854 0.070442296379 0
1962 2.7109940052 130.28779 11.390648 -0.01314096 128.821538338 14.8151646595 -0.00713146266104 3.72521251576 0.344318834518 0
1965 2.73042106628 132.78769 11.256475 0.0084755214 131.287832819 14.7700998328 0.015578572083 3.82035744776 0.406974825801 0
1968 2.77304291725 125.9239 10.596074 0.27888777 132.150532577 14.8055395564 -0.014743961943 7.51601979211 -16.8238589714 0
1971 2.68265604973 93.936275 13.265891 0.84250578 132.765901148 14.5040498416 -0.0226757198177 38.8493616949 -49.5712484524 0
1974 2.66740012169 59.212281 6.4432491 1.3602712 132.915600586 14.413299078 0.0149208027687 74.1329954519 -77.0828997276 0
1977 2.66379404068 41.747696 3.5851691 1.5088422 138.505747486 13.4338375267 -0.0532451456929 97.2579909167 -89.501012139 0
1980 2.68939995766 40.889782 2.6549702 1.6071612 139.197823586 12.7174695185 0.0969718230303 98.8216825047 -86.5274775659 0
1983 2.68709492683 40.408125 3.8011614 1.6070032 35.9077566717 93.3067533686 0.757648134988 89.618660494 -48.6644605332 0
1986 2.6591091156 40.388712 5.5337894 1.5172855 60.1541849329 105.106705243 2.77043111739 101.515710557 71.7999549915 0
1989 2.67760300636 40.44034 7.6724587 1.5542124 38.5486372044 103.540112503 1.43638682639 95.8863159431 -6.75090808668 0
1992 2.76192092896 40.554207 9.7439313 1.5604739 39.3570172042 91.4925213233 1.33145879738 81.7573558416 -13.1215988251 0
1995 2.74284386635 40.580821 11.876658 1.5652859 36.3255305724 93.269119027 1.65688401476 81.5036208316 5.24818538687 0
1998 2.68784785271 40.665042 14.024391 1.567666 31.0258949987 94.4836326731 1.82350197859 81.0345773452 14.6583218208 0
2001 2.72228288651 40.771617 16.174621 1.5548315 32.5651302153 81.5263421716 -2.02050588123 65.8649670572 155.14825772 0
2004 2.75904798508 40.847233 18.25792 1.5551713 142.140148307 62.0180564343 -0.204576925333 110.341307913 -100.826146317 0
2007 2.73336386681 40.88758 20.352438 1.5597309 100.448771467 63.4232559371 -3.12796284391 73.502591021 91.4149328244 0
2010 2.73322200775 40.971014 22.508388 1.5678505 61.2996852971 76.8191767823 -0.347601722073 57.9906600657 -109.747328184 0
2013 2.73935508728 41.044823 24.54743 1.5705547 23.7588557512 90.8233523074 2.92950147887 68.4930838948 77.8619150122 0
2016 2.82845377922 41.105608 26.696222 1.5717508 64.326473706 74.1762778563 -0.295350840541 52.8541796668 -106.977043925 0
2019 2.74661517143 41.160404 28.869777 1.5672714 14.9881394004 101.244873226 2.51079912759 76.9619515606 54.0601566442 0
2022 2.70522999763 41.204205 31.003136 1.5608691 66.1640720518 120.566442548 2.49985012969 92.9762380565 53.7996500439 0
2025 2.73572993279 41.244227 33.116661 1.5660557 28.9053703333 34.9970488697 -2.69653637312 12.4813157312 115.771464424 0
2028 2.70632815361 41.277887 35.228156 1.5643441 92.4661403355 104.774567165 -2.73577291516 86.3535788806 113.621443619 0
2031 2.7182059288 41.31792 37.33529 1.5797774 31.1773265608 35.5839155992 -1.70071057756 10.290721432 172.041884143 0
2034 2.72525191307 41.419072 39.474789 1.5713492 71.0552067184 104.670924391 2.62119058865 71.6158959376 60.1514807278 0
2037 2.68740010262 41.429937 41.518923 1.5745722 70.3013415739 100.492260568 -2.52004015998 65.6613474278 125.395993031 0
2040 2.78565406799 41.494048 43.684079 1.5737379 131.18558499 31.2881346013 -0.880500581651 90.5440845397 -140.617506917 0
2043 2.70805883408 41.508319 45.798644 1.5762653 12.747524223 116.562858835 2.36416665127 76.3855838328 45.1434221002 0
2046 2.73653006554 41.512588 47.943477 1.5772604 57.6295989297 52.9651328105 -2.35365579547 16.8812045893 134.77509238 0
2049 2.68067312241 41.583607 50.107906 1.5744728 17.3492100429 74.0976069618 -1.64998346343 34.1000256321 175.252264881 0
2052 2.68207597733 41.632502 52.265699 1.5728612 16.0903005456 105.43685288 -2.59991518972 58.9879280878 120.917524017 0
2055 2.68871593475 41.660201 54.305408 1.5732479 40.7832626572 52.3717300125 2.93744430485 2.12323607173 78.162696425 0
2058 2.6830739975 41.689009 56.508616 1.5685378 127.631499389 66.6008927169 2.49528047038 86.5330324421 53.0984437074 0
2061 2.68604707718 41.794127 58.57462 1.5657057 40.0597331729 58.5547624442 1.67814609337 1.73450750073 6.44235998683 0
2064 2.68353009224 41.856016 60.76704 1.5641567 37.9720326652 60.823457034 1.63834415213 3.88439305769 4.25062789966 0
2067 2.69843387604 41.858156 62.785084 1.5639758 39.208641912 63.5742917271 1.65365980204 2.76455669846 5.13851480658 0
2070 2.69975805283 41.958088 65.023529 1.5767642 39.2885086932 63.2813726265 1.61478072681 3.18775195163 2.17818653795 0
2073 2.68658804893 41.99726 67.044355 1.5737097 38.0432772979 66.5111779318 1.62744299899 3.98976904026 3.07869125122 0
2076 2.64625501633 42.044947 69.102812 1.5759217 37.9962871641 68.8683114906 1.71560682594 4.05544534616 8.00336817724 0
2079 2.65153503418 42.097902 71.261122 1.5727544 38.668685977 71.8633059188 1.63545262895 3.48168752254 3.592343902 0
2082 2.66290187836 42.114798 73.459441 1.5684742 37.8915456326 72.8827653544 1.61008175096 4.26244241706 2.38393706615 0
2085 2.66815400124 42.172982 75.545483 1.5804547 38.9294995269 74.9913788762 1.58407076628 3.29047260033 0.207185336462 0
2088 2.67725396156 42.213453 77.648417 1.5799022 39.6018144107 78.1385172383 1.62099687194 2.65722681844 2.35455126253 0
2091 2.67731785774 42.308345 79.80823 1.5843424 39.4864351397 80.6595054298 1.63606654093 2.9475150749 2.96357497449 0
2094 2.69560003281 42.259747 81.948131 1.5870316 38.0936392204 83.2799436326 1.62741766048 4.37380599928 2.31395081676 0
2097 2.67041683197 42.325886 84.065588 1.5841531 38.6808075371 83.8435896527 1.62842943335 3.65183245324 2.53684703333 0
2100 2.68785810471 42.338042 86.100283 1.5789413 38.1913994681 86.0951622771 1.64934542623 4.14664569368 4.03385929324 0
