3 11.9687681198 72.513547 45.80148 1.6808269 64.7801294139 111.350436697 0.81948567799 66.0035716584 -49.3512167418 0
6 12.0770449638 72.505015 45.806851 1.6805552 111.704528408 48.9809584207 -3.10028606325 39.3278121608 86.0779730938 0
9 12.077436924 72.51553 45.801787 1.6811119 89.1912785389 42.2299779664 -1.42080596076 17.0539851385 -177.726801818 0
12 12.0656690598 72.511327 45.798497 1.6805172 66.3190001411 36.4077913761 0.885590951247 11.2485671995 -45.5459190777 0
15 12.1754388809 72.518426 45.80176 1.6806948 40.4283536795 92.1635434336 1.28275124597 56.3842859729 -22.8004861305 0
18 12.3044471741 72.509508 45.806599 1.6825332 67.3775166599 109.376296287 -2.24392510426 63.7765140808 135.030510732 0
21 12.1315422058 72.510969 45.800989 1.6811293 89.373017401 89.2934573215 -1.21406670808 46.6467949271 -165.882512126 0
24 12.2064499855 72.522343 45.818169 1.6838228 67.4950998115 101.78064925 -3.05374363342 56.1878311541 88.5574382021 0
27 12.1689889431 72.508499 45.799812 1.6808804 36.4522833063 92.4585248936 2.92755612185 58.9668226975 71.4292572834 0
30 12.2515339851 72.523901 45.815543 1.6832165 71.3895253676 81.3189749189 2.17396645154 35.5215496015 28.1179010197 0
33 12.209758997 72.511009 45.802779 1.6808191 49.1735190079 24.4810332933 2.43544375655 31.6109993375 43.2368079366 0
36 12.1914401054 72.527172 45.853315 1.6851825 84.076861103 87.9130205926 3.11332182109 43.6166728776 81.8263556549 0
39 12.1258339882 72.188088 49.017093 1.6798669 30.7984011758 100.058231608 -1.61827456236 65.7138037688 171.03041397 0
42 12.0579431057 71.804616 53.279503 1.6643548 60.7147438086 104.060020965 -2.16318713829 51.9773630534 140.698001027 0
45 12.0495860577 71.568933 57.324136 1.642571 75.6881577018 130.620916632 -1.30844256934 73.4124380683 -169.080622809 0
48 12.0066130161 71.37336 61.652431 1.6431927 122.241493292 37.9402793678 -2.62912929184 56.123374094 115.213981146 0
51 12.0857181549 71.165072 65.844712 1.6344026 85.8096468624 140.979396602 0.51569410199 76.5485754478 -64.0972754414 0
54 12.3304350376 70.960331 70.343426 1.6128178 48.7932721637 89.2901731308 -1.93427811015 29.1608937498 156.76637482 0
57 12.2228498459 70.885213 74.631613 1.6236159 18.6967135635 74.0449432719 -2.55363495134 52.1917968152 120.661156251 0
60 12.1045999527 70.832043 79.069602 1.6124517 60.8010708395 114.721385166 -2.29233724804 37.0360641191 136.272073388 0
63 12.0387971401 70.841819 83.283634 1.5826474 66.9655650226 80.6926098606 -0.631475929363 4.66248334986 -126.859922094 0
66 12.0268571377 70.897044 87.066595 1.5142468 84.8822028178 131.257851053 0.811950777761 46.3513945712 -40.2385980431 0
69 12.0341551304 70.898205 87.488163 1.2381173 23.4859849309 61.6317772939 1.09403018991 54.0043636539 -8.25558329061 0
72 12.0565559864 70.648486 87.373684 0.94938085 55.0986754219 107.091506562 -2.85047046938 25.1115339156 142.284556622 0
75 12.0569748878 70.490448 87.162959 0.64684814 45.0193325317 131.576131512 1.97935070369 51.1987071694 76.34677309 0
78 12.081058979 73.090524 88.460194 0.4660111 52.6303010003 108.435621159 2.9106658495 28.5943773385 140.068399513 0
81 12.0823299885 76.750616 90.291223 0.4640309 46.2701227667 108.489763857 3.02196676865 35.4999627756 146.558929539 0
84 12.0191709995 80.704264 92.172539 0.45240664 42.052295499 110.626233823 2.77566581821 42.8312213417 133.112945627 0
87 12.0151669979 84.637734 93.972859 0.42386385 12.9844557712 79.6974394976 2.86425281677 73.0614801581 139.823988166 0
90 12.0062739849 88.678811 95.730817 0.41656148 92.3472806094 128.633980012 2.21511603372 33.1070355891 103.049585152 0
93 12.0439288616 92.647535 97.41769 0.40779386 24.6140470904 70.8258219104 -2.85942370312 73.0457591215 172.802222882 0
96 12.0430459976 96.759828 99.128022 0.39320766 87.2081594247 136.111060818 2.14994827378 38.1965905915 100.653822869 0
99 12.0470368862 100.07577 100.58602 0.32958371 84.6509645911 139.341664642 2.13141995661 41.7124035936 103.237612304 0
102 12.0027530193 100.12714 100.52966 0.1390585 83.7891920759 140.331558866 1.86314388833 43.0246405643 98.7828162717 0
105 12.1912648678 100.08551 100.52401 -0.14356162 21.77112121 110.681304387 2.36304010216 78.9703369678 143.6176996 0
108 12.1642479897 99.772178 100.71077 -0.40700642 76.9751834084 107.691507334 -1.37507406532 23.8418467433 -55.4661903601 0
111 12.261991024 99.760338 100.7618 -0.66729138 75.5081398942 107.201475156 -1.56801171872 25.0925990897 -51.6074739305 0
114 12.198333025 99.638101 100.95548 -0.8821311 74.8495794217 107.463619947 -1.84936697795 25.6286302327 -55.4185336002 0
117 12.0614910126 99.549051 101.11221 -1.1251977 74.9235012151 107.291495624 -2.08741107728 25.3889990553 -55.1307655092 0
120 12.203430891 100.80276 98.46873 -1.1938854 74.3175418532 107.011203652 -2.14253326972 27.8287735335 -54.3535191791 0
123 12.0978319645 102.35582 94.496879 -1.1822805 100.418816642 96.3288113386 -1.13062573069 2.66607541185 2.95960027341 0
126 12.051566124 103.84912 90.431736 -1.1842505 101.8626311 92.8948829496 -1.1668963701 3.16436898035 0.994318400373 0
129 12.0759890079 105.46668 86.336829 -1.1831903 103.550518902 88.8197866756 -1.18589087122 3.1363597008 -0.154731332966 0
132 12.083024025 106.96067 82.891423 -1.1821311 105.167904943 84.1894093355 -1.18011777822 2.21331766249 0.115354840844 0
135 12.080229044 108.13488 79.987125 -1.1809983 107.252399925 80.7471516111 -1.16410152776 1.16465081968 0.968113736683 0
138 12.0801651478 109.11096 77.465416 -1.174964 107.535783997 79.0213733481 -1.15623629298 2.21408733126 1.07301857241 0
141 12.0022029877 110.00241 75.115832 -1.1797573 108.491381067 76.9873962236 -1.14430503821 2.40540247753 2.03126497465 0
144 12.0880448818 110.9669 72.896666 -1.1819268 109.612803446 75.2086587572 -1.1341313353 2.67934469352 2.73847840707 0
147 11.9618930817 111.79529 70.750926 -1.1680053 109.332392398 73.6800769044 -1.18152420339 3.8269817896 -0.774576107868 0
150 12.0334310532 112.62755 68.634671 -1.166408 110.708674245 71.5081884204 -1.16133304737 3.45531279749 0.290773367028 0
153 12.0591359138 113.50263 66.493746 -1.1746568 111.849443649 69.0720395757 -1.1661390027 3.06278025248 0.48803383576 0
156 12.0445239544 114.39844 64.423702 -1.1690506 112.76159163 67.7084941226 -1.14714571368 3.6700315907 1.25505753709 0
159 11.9891221523 114.9392 62.935672 -1.1627449 113.765951536 65.1605432431 -1.14779336681 2.51526618993 0.856659749069 0
162 11.9995179176 115.58582 61.52951 -1.1720902 114.029119758 64.8241334094 -1.14067798513 3.64387967044 1.79978733737 0
165 12.0043261051 116.16312 60.165609 -1.1710096 114.860750297 63.1528259405 -1.16671330698 3.25877766843 0.246159457603 0
168 11.9477469921 116.71267 58.758483 -1.1690165 114.703193445 61.840456414 -1.15953392995 3.67920591287 0.543311242783 0
171 11.9293911457 117.29804 57.404001 -1.1730259 115.358974664 59.7578167435 -1.18549486727 3.04965947776 -0.714419199258 0
174 12.1049749851 117.3062 57.346669 -1.1782941 114.837262143 60.1039490476 -1.19973113454 3.70111434633 -1.22825160443 0
177 12.0479719639 117.30973 57.394113 -1.1925087 114.90498021 60.0437815718 -1.25140811108 3.57820696626 -3.37468767054 0
180 12.0355639458 117.3509 57.478875 -1.2542253 114.890362215 60.1648850624 -1.31126693142 3.64264961898 -3.26824473671 0
183 12.0017559528 117.31554 57.561663 -1.3141336 114.737641239 59.9339152396 -1.37422786637 3.50330454166 -3.44314783608 0
186 12.0615870953 117.31761 57.625945 -1.389572 115.257748643 60.2417986638 -1.436086682 3.32952236848 -2.66509496403 0
189 12.1335978508 117.34247 57.653648 -1.4539696 115.341929327 60.0027083614 -1.48279986368 3.08548984203 -1.65185243107 0
192 11.4644970894 117.36058 57.739095 -1.5147103 115.118579038 60.9512230784 -1.53241414932 3.91718458907 -1.01435584712 0
195 11.4558660984 117.34118 57.80351 -1.5718326 115.039770881 60.212989774 -1.61424904113 3.33197789832 -2.43028305883 0
198 11.3496718407 117.32521 57.826191 -1.6475747 115.516043063 60.0111870253 -1.65931775653 2.83677504174 -0.672827577988 0
201 11.3378779888 117.28663 57.948056 -1.7072698 115.535283876 59.6554028973 -1.72797185082 2.44586317596 -1.18614013899 0
204 11.4354670048 117.37131 58.006137 -1.7818651 115.651574842 59.6063926367 -1.78535042152 2.34910772779 -0.199694213225 0
207 11.37707901 117.40314 57.989067 -1.8555926 115.94651496 59.626954476 -1.7825415742 2.19190143287 4.18551546726 0
210 11.4587359428 117.02719 57.008887 -1.8977403 116.076483732 59.0058951963 -1.86903607585 2.21176041718 1.64463089781 0
213 11.5030629635 116.38504 55.250118 -1.9095407 115.290973025 57.023718551 -1.8768177934 2.08390054013 1.87488444164 0
216 11.3514921665 115.67443 53.450651 -1.9075572 115.582720395 55.4076770479 -1.83530740992 1.95917370433 4.13960804237 0
219 11.4338130951 115.02136 51.574537 -1.9165104 114.264057237 53.533158239 -1.88655205719 2.0999296733 1.71648660441 0
222 11.401556015 114.35753 49.684701 -1.9233127 113.817492403 51.7654070531 -1.89109207815 2.14964608377 1.8461056454 0
225 11.3260319233 113.59486 47.870819 -1.9110101 113.298959245 50.1455550396 -1.89845702669 2.29390089296 0.719238120688 0
228 11.3501601219 112.87829 45.986656 -1.9118326 111.93519576 48.0277314401 -1.88995144352 2.24842515958 1.25369791708 0
231 11.3086230755 112.17059 44.128463 -1.9122248 111.190997455 45.8969329911 -1.89123240234 2.02165468442 1.202775788 0
234 11.3821160793 111.43202 42.277019 -1.9027456 110.627180399 44.5185119421 -1.93011385234 2.3816081526 -1.5680853518 0
237 11.3108911514 110.82393 40.37458 -1.9174412 109.865824295 42.781803183 -1.89858027627 2.59088594783 1.0806513272 0
240 11.4202032089 110.14399 38.567468 -1.912432 109.728970408 40.6381007062 -1.92026991688 2.11181463822 -0.449079557453 0
243 11.415528059 109.42625 36.696167 -1.9074722 108.688632637 39.0927442837 -1.92702208504 2.50752109664 -1.12012590304 0
246 11.4330949783 108.96452 35.308972 -1.917648 108.217071245 37.4149849549 -1.90882446017 2.23471926816 0.505551592637 0
249 11.2986268997 108.91335 35.330429 -1.9171391 108.949744307 37.2453885241 -1.94977026978 1.91530533457 -1.86962830884 0
252 11.3153350353 108.9585 35.348205 -1.9450374 108.428126803 38.0150823588 -2.00026273085 2.71910473768 -3.16417837967 0
255 11.4888129234 108.97674 35.368834 -2.0165302 108.577209115 37.5576067791 -2.07244462396 2.22493847256 -3.20366050705 0
258 11.5070359707 108.99865 35.397074 -2.0803106 108.32753263 37.6856771942 -2.12313700386 2.38497444526 -2.45377219288 0
261 11.3259210587 109.05048 35.474836 -2.159245 109.024735609 37.4815371278 -2.17125374073 2.00686626108 -0.688050161154 0
264 11.4923911095 109.09365 35.518169 -2.2238592 108.790451727 37.7403983473 -2.2347919883 2.24281797414 -0.626402627741 0
267 11.4863238335 109.14301 35.568827 -2.2920109 108.981781806 38.086309102 -2.28586175944 2.52263962238 0.352319801471 0
270 11.4004509449 109.24021 35.586114 -2.3597618 108.032313127 37.7875242665 -2.37349091973 2.51102011503 -0.786620617057 0
273 11.3966588974 109.32691 35.57971 -2.4292889 109.782270788 37.4185413309 -2.40982753744 1.89437433234 1.11505393847 0
276 11.4764139652 109.34422 35.612178 -2.4970016 108.101230327 37.5068694175 -2.46073882955 2.26602711695 2.07770370033 0
279 11.4333260059 109.45255 35.562283 -2.5751384 109.368122412 37.2355597369 -2.51121509678 1.67540534083 3.66253548701 0
282 11.3599500656 109.51035 35.610832 -2.6455993 108.560251043 37.7316268784 -2.54214989623 2.32388875457 5.92721422889 0
285 11.6664800644 109.52669 35.619453 -2.7060079 109.342526413 36.9790434101 -2.60736932729 1.37200667274 5.65157391342 0
288 12.025829792 109.56751 35.667144 -2.7779359 108.416009544 36.8965179015 -2.69999754849 1.68443269073 4.46553860362 0
291 12.2832109928 109.58407 35.725569 -2.8421247 108.190721844 36.5282849669 -2.731941764 1.60803358446 6.31301720697 0
294 12.1563818455 109.62066 35.728072 -2.9074408 108.705313467 37.6476058001 -2.76959600494 2.12660981024 7.8979249847 0
297 12.2067730427 108.40689 35.538158 -2.9474042 108.824658242 37.6745571486 -2.86824826357 2.17686279462 4.5353010807 0
300 12.1510629654 106.63579 35.154474 -2.9731605 105.714685673 36.666355254 -2.92445802838 1.77037230751 2.7904460758 0
303 12.2360129356 104.74277 34.838538 -2.9724974 103.89205618 36.8178461115 -2.89678223071 2.15438497115 4.33815964564 0
306 12.3951308727 102.71686 34.507066 -2.970186 101.430053002 35.9224774225 -2.9088457237 1.91291969143 3.51453894604 0
309 12.317647934 100.87602 34.149296 -2.9774562 100.816655049 35.0416963178 -2.90567132245 0.894372698984 4.11297051627 0
312 12.2287771702 98.917573 33.856952 -2.9648121 97.8930059893 34.9098267706 -2.89233905955 1.46910954048 4.15239934641 0
315 12.1910638809 96.872255 33.519705 -2.9713846 96.0942519076 34.4882769096 -2.89727450626 1.2423447009 4.24619559044 0
318 12.0842578411 94.700759 33.157106 -2.9752463 94.2221886663 33.9091549549 -2.9083923096 0.891407423614 3.83045149341 0
321 12.1459178925 92.656194 32.878926 -2.9695623 91.9502177879 34.4017183308 -2.91952846163 1.67848112733 2.86672777129 0
324 21.0919239521 90.628889 32.525228 -2.9736018 89.8637166438 33.6501516017 -2.93079058855 1.36049323569 2.45290173177 0
327 22.3646819592 88.510396 32.191288 -2.9695852 87.2207095657 33.4810915136 -2.938412287 1.82397483609 1.78607634995 0
330 22.2798829079 87.334812 32.006658 -2.9896435 86.0746104787 33.3695094732 -2.97537059245 1.8561982686 0.817777363714 0
333 22.3448758125 87.328365 31.983283 -3.0015998 86.3063713363 33.8803450244 -3.0270058009 2.15483534712 -1.45565662559 0
336 22.2855579853 87.328448 32.00285 -3.0442403 86.547135199 33.6341194707 -3.0882421634 1.80872600991 -2.52112106329 0
339 22.383136034 87.480424 31.977098 -3.121648 86.6883681043 33.546984938 -3.10375522712 1.75837923669 1.0251803697 0
342 22.2810139656 87.509332 32.088761 3.0972389 86.3929617584 33.8277894349 3.13260224184 2.06651939596 2.02617023703 0
345 22.3496549129 87.537767 32.004513 3.0032565 86.3598557088 33.2735168333 3.01323976539 1.73142881427 0.571998972577 0
348 14.1772379875 87.588829 31.971963 2.902116 86.3495116464 33.968266205 2.9216892768 2.34970934144 1.12146615212 0
351 11.7240080833 87.696053 31.883789 2.7788249 86.5904783516 33.1653569525 2.90619556692 1.6925459285 7.29780164836 0
354 11.9191050529 87.777704 31.698119 2.6376296 86.2065257864 33.0363518367 2.80595956087 2.06384788783 9.64459632346 0
357 12.2338299751 87.896098 31.65995 2.4917922 85.800536042 32.5260349931 2.71787238186 2.26748387761 12.9534402519 0
360 12.014827013 87.958395 31.594625 2.366513 86.0888200474 34.0025107335 2.56612311296 3.04847899924 11.4368170208 0
363 12.0756731033 87.964094 31.460561 2.2184109 85.7639851584 32.6812692595 2.32384034635 2.51606986583 6.04066231239 0
366 12.0573809147 87.708527 31.831987 2.1125682 85.9927242802 34.3798862073 2.28004361303 3.07176974136 9.59563433859 0
369 12.1873960495 86.721318 33.612273 2.0920166 84.0415301404 35.1232703592 2.15960961041 3.07642259644 3.87279422123 0
372 12.1033439636 85.724716 35.405361 2.0873093 84.2200513511 36.6574243436 2.12491012386 1.95746732339 2.15436851359 0
375 12.1269481182 84.755772 37.248267 2.0862059 83.543974438 38.604854125 2.08512686539 1.81900576113 -0.0618241291677 0
378 12.2606739998 83.690185 39.149374 2.0868314 82.0453323397 40.1548365274 2.14871464676 1.92782135273 3.54564886202 0
381 12.0049488544 82.666747 40.97523 2.090975 81.0339061759 41.8096836022 2.13500347255 1.83370716608 2.52264565539 0
384 12.0119459629 81.635815 42.877142 2.0910396 80.1697563553 43.4603401299 2.08274030874 1.57779846889 -0.475514362257 0
387 12.4347879887 80.624097 44.699122 2.0805048 78.9532892355 45.1352727431 2.11412968667 1.72679647223 1.92656409259 0
390 12.3224880695 79.602515 46.546403 2.0762437 78.0051831935 47.1487791255 2.09226198781 1.70713968282 0.917780286372 0
393 12.0833969116 78.599692 48.40129 2.0808805 77.0366814972 48.9504669079 2.07766464832 1.65668256103 -0.184254729058 0
396 12.2702469826 77.532669 50.298142 2.0919608 75.870895002 50.8774041062 2.11897059088 1.75984016548 1.54754702284 0
399 12.0081160069 76.53881 52.074716 2.0854653 75.3435600794 52.8734896185 2.08228629542 1.43758883771 -0.182143545553 0
402 12.0401511192 75.533974 53.92833 2.0838411 74.2796649012 54.627601 2.08882740304 1.43606101782 0.285694119397 0
405 12.0087599754 74.451304 55.860797 2.0823704 72.4625544676 56.191651377 2.11058757907 2.0160826673 1.6167252704 0
408 11.9977908134 73.464188 57.689364 2.0801622 71.3581225248 58.3082294831 2.13628794366 2.19510962642 3.21576823388 0
411 12.1388390064 72.461178 59.521835 2.0808323 70.1748478958 59.7653917934 2.13972826647 2.29926624316 3.37449030889 0
414 12.0873110294 71.469371 61.42577 2.0898858 69.1594947241 61.7066026556 2.09738097769 2.32688534109 0.429442048095 0
417 12.3309760094 70.386885 63.322712 2.0827703 67.9836432019 63.8112377177 2.1243474535 2.45239240682 2.38219541987 0
420 12.260133028 69.38246 65.186025 2.0922796 66.8540625703 65.2640360761 2.11121322839 2.52960061874 1.08481699753 0
423 12.3034069538 68.400253 67.014087 2.0893798 65.6086145171 67.4663214057 2.11831192788 2.82803136063 1.65768881991 0
426 12.0862550735 67.30799 68.901204 2.089526 64.7285018621 69.1636311052 2.13036814472 2.59280293097 2.34008251849 0
429 12.0372128487 66.315197 70.741557 2.0869248 63.6900780166 70.5110166626 2.11614573124 2.63522267071 1.67423603332 0
432 12.056374073 65.281228 72.464006 2.0745737 62.4330061817 72.5610085957 2.11053403911 2.84987316028 2.06037566101 0
435 12.0051488876 64.283593 74.421326 2.0918621 61.1674005838 74.2875728196 2.11004073336 3.11906157169 1.04155896895 0
438 12.124284029 63.28447 76.191493 2.091939 60.1588053033 76.0742448804 2.10850234446 3.12786299533 0.949009731901 0
441 11.9319779873 62.204887 78.125252 2.0893553 59.1455000829 78.0447335937 2.13267886856 3.06044629465 2.48225763211 0
444 11.9417610168 61.273659 79.948227 2.0960183 57.5976414979 80.0053300126 2.13698405753 3.67646099253 2.34716501112 0
447 12.1456339359 60.19879 81.787566 2.089809 57.0389313601 81.7696999475 2.12814757601 3.15990914746 2.19663859815 0
450 12.1752591133 59.161438 83.629466 2.0974137 56.9075190572 83.8529126197 2.10365154332 2.26496776858 0.357402095344 0
453 12.0514798164 58.11891 85.485673 2.0964985 55.4731243672 85.7559609508 2.09516266269 2.65955582589 -0.076537840136 0
456 11.9795789719 57.036783 87.336936 2.0992423 54.552234451 87.3503164673 2.1075034746 2.48458457877 0.473330438514 0
459 12.1176698208 56.357629 88.602308 2.124456 54.6853608317 88.5597220991 2.10105789104 1.67281032567 -1.34061289205 0
462 12.1563279629 56.200217 88.720884 2.2094598 54.0535891258 88.8226511652 2.20661413852 2.14903880523 -0.16304439286 0
465 12.3587658405 56.199637 89.07416 2.3631742 53.2626918655 88.058227842 2.36732948453 3.10769446255 0.238080266323 0
468 11.9860258102 56.109511 89.161307 2.4869631 53.2312791878 88.27572243 2.48058027055 3.01139143848 -0.365709189093 0
471 12.1771130562 56.023191 89.233423 2.608836 52.8010272512 88.6864341744 2.60428512067 3.26826192327 -0.260746178444 0
474 12.041369915 54.873312 89.789936 2.6823278 51.7504703313 88.9139076289 2.67700077519 3.24338801179 -0.305216038978 0
477 12.1373741627 52.997249 90.667048 2.6986067 49.8488337135 90.0765935238 2.72219150791 3.20330381087 1.35130995412 0
480 11.9519600868 51.122563 91.609157 2.7018871 47.7692889038 91.025757139 2.7343201827 3.40364548124 1.85827875518 0
483 12.0442800522 49.137432 92.566213 2.7007601 46.6475007975 91.493638356 2.68788320409 2.71112038836 -0.737791789093 0
486 12.3483109474 47.308569 93.452781 2.7003868 44.550948472 92.8788261259 2.72336066509 2.81671709161 1.31630550893 0
489 12.1057889462 45.360782 94.336008 2.7008969 42.3964071393 93.5659572083 2.71226931307 3.06275962759 0.651591271506 0
492 12.1059269905 43.468079 95.251019 2.7064338 40.7455035227 93.8358201502 2.70448984027 3.06842060576 -0.111380688133 0
495 12.0827980042 41.590918 96.131677 2.7064065 38.4286395834 94.8490210674 2.72662670459 3.41250802567 1.15853238362 0
498 12.1973822117 39.606214 97.06058 2.704478 36.4461438406 95.9741787428 2.73320830059 3.34160307399 1.64612496801 0
501 12.2196929455 37.718719 97.944153 2.696243 34.4647251739 96.9588224261 2.75187226746 3.39990472813 3.18732224266 0
504 12.1253738403 35.769603 98.891663 2.7044976 33.0084723136 97.3585150763 2.74794697385 3.15822501152 2.48946574413 0
507 12.1965620518 33.862509 99.822852 2.7013631 31.1864935268 98.3016500437 2.72666471534 3.07816734511 1.44967577403 0
510 12.2063529491 31.979521 100.73965 2.7066945 29.0512113946 99.1669865629 2.74241146747 3.3238934146 2.04643149321 0
513 12.149086237 30.015598 101.64307 2.7044148 27.1506243648 100.4229796 2.71653423345 3.11395159147 0.694392386589 0
516 12.0032601357 28.083667 102.5122 2.7038251 25.6075632343 101.775795743 2.70770529531 2.58328881233 0.222318814901 0
519 11.9683060646 26.231599 103.44351 2.6987262 23.4378157829 102.419575202 2.72796232547 2.97551123931 1.67510659857 0
522 12.0561039448 24.326425 104.3449 2.7056645 21.4669356846 103.405003933 2.71406330801 3.00999730252 0.481216251661 0
525 12.5217239857 23.072168 104.95788 2.6888385 19.6802392548 104.598219752 2.66957595985 3.41094358006 -1.10366225355 0
528 12.5377848148 23.059574 104.94595 2.6093304 19.6839903563 103.854693336 2.60170596689 3.5475915834 -0.436847838138 0
531 13.1315488815 23.148655 105.02795 2.4881616 19.2124089451 104.34382247 2.48983590218 3.99525512103 0.0959304488104 0
534 13.1612410545 23.15609 104.97342 2.3614352 18.7839167131 103.784674229 2.35711962956 4.53089569071 -0.247263972127 0
537 13.8356280327 23.189116 104.80794 2.2179164 19.0750762709 104.150602319 2.21141944711 4.16622319604 -0.372247980382 0
540 12.7555510998 23.170444 104.45908 2.0515088 18.8281745941 104.040998901 2.0793947755 4.36234975659 1.59774870349 0
543 12.1584219933 23.203193 104.36781 1.9241471 19.0070505254 103.901526368 1.95789102102 4.22197016718 1.93338425844 0
546 11.9706389904 23.268475 104.40083 1.8086424 19.3691804411 104.319166102 1.81260061227 3.90014961882 0.226788857416 0
549 11.9897770882 23.269141 104.3114 1.6661585 18.9693349032 104.295147114 1.66859145433 4.29983681396 0.139398014821 0
552 12.0748519897 23.273746 104.22596 1.531085 19.5463962296 104.710484152 1.54830982046 3.75870988037 0.986909515203 0
555 12.0190329552 23.201513 103.9692 1.3630267 19.5473117723 104.966503667 1.42022833139 3.78784915455 3.27741205984 0
558 12.1035919189 23.573375 105.47089 1.3112874 19.7479773272 105.494523987 1.35355187404 3.82547067963 2.42157598587 0
561 12.0846419334 24.091257 107.45193 1.3021436 19.7923758374 106.72587976 1.34396701727 4.35976240185 2.39630529432 0
564 12.0949099064 24.69734 109.54228 1.2971878 20.6965313093 108.695860863 1.29167853176 4.08936370783 -0.315657818397 0
567 12.0279378891 25.24514 111.62222 1.291934 21.3418031232 111.087533329 1.30581480946 3.93978788899 0.795311798225 0
570 11.98133111 25.838263 113.71051 1.2925571 22.3755567834 113.481343916 1.30218290086 3.47028117542 0.551517763673 0
573 12.1300039291 26.485855 115.66064 1.2984976 22.4225515586 115.473497818 1.31974032755 4.06761073028 1.2171186339 0
576 11.9306321144 26.666562 116.70228 1.2516028 22.4180071277 116.765167273 1.29225479856 4.24902027674 2.32918794615 0
579 11.9199562073 26.671044 116.66524 1.1445574 22.8863628154 116.320226625 1.16349840761 3.80037444183 1.0852397956 0
582 11.9654569626 26.68282 116.71548 1.0360889 22.6442672932 116.398425981 1.01279588472 4.05097904418 -1.33459146794 0
585 11.9376308918 26.598988 116.54426 0.86252405 23.0545021526 115.881724606 0.903291335242 3.60587479958 2.33579338658 0
588 12.0267879963 26.490987 116.49462 0.72378221 22.659916139 116.054613034 0.770448841561 3.85625596553 2.67380103254 0
591 12.2147359848 26.414554 116.44154 0.58967497 22.2406251254 115.765708934 0.6213591919 4.2282892379 1.81537219204 0
594 11.9412620068 26.30131 116.37003 0.43724496 21.7901493633 116.199644039 0.488337590924 4.51437721796 2.92739211614 0
597 11.5237410069 26.176025 116.35464 0.31453037 22.3886514329 116.409982677 0.369438522022 3.78777789061 3.14600537174 0
600 10.6287341118 26.088883 116.46581 0.14702743 21.6744640527 115.759469622 0.218982955952 4.47057170521 4.12274794969 0
603 10.8882579803 25.977812 116.45377 0.019989929 22.3924466365 116.283680267 0.0976887023545 3.5893976246 4.45181178656 0
606 10.710627079 25.890585 116.45549 -0.11586106 23.1770472247 117.056630894 -0.0333796688113 2.77932683081 4.72583560348 0
609 10.8088960648 27.617035 116.21759 -0.13548047 24.1700094158 115.680583676 -0.0433886207279 3.48860447312 5.27647429084 0
612 11.0364201069 29.732468 115.90829 -0.14344069 26.2578846665 115.423640907 -0.0783534771478 3.50822092871 3.7292225967 0
615 10.7685558796 31.744289 115.6014 -0.14068963 27.9701842299 115.431947004 -0.112402822997 3.77790697789 1.62071465718 0
618 10.766947031 33.87565 115.27561 -0.13567301 30.1371755508 114.732879749 -0.0966355402442 3.77766426951 2.23668225988 0
621 10.8500888348 35.936054 114.9269 -0.14240112 32.7311702228 114.375352762 -0.0821585700351 3.25199698359 3.4516438601 0
624 10.9441530704 38.113735 114.67885 -0.14674677 34.4491014177 114.526105126 -0.106240460344 3.66781546553 2.32084058696 0
627 10.7206161022 40.163768 114.30534 -0.14012204 36.5157234934 114.562071734 -0.101993514759 3.65706711791 2.18460357534 0
630 10.6429810524 42.346763 113.98058 -0.16006212 38.9167986512 114.514906995 -0.084982949509 3.47133414861 4.30171959848 0
633 10.7045497894 44.341947 113.67079 -0.15507802 40.701971577 114.30506429 -0.0713187242378 3.69482407637 4.79905414216 0
636 10.7688219547 46.544067 113.30502 -0.15009707 42.7477421036 114.28513853 -0.0699664084957 3.92080540842 4.59114871379 0
639 10.9539330006 48.557097 112.97025 -0.14631805 45.0994930437 113.941192389 -0.078510004248 3.59134435017 3.88511483862 0
642 10.8065879345 50.586062 112.64729 -0.14866611 47.2199648679 113.889029061 -0.0791716815353 3.58783023557 3.9817374507 0
645 10.9005739689 52.747394 112.3225 -0.14488479 50.0327723388 114.095971287 -0.0643100962057 3.24258711076 4.61658988997 0
648 11.0462939739 54.919709 111.95097 -0.14565598 51.7475925478 113.975567394 -0.0521575915015 3.76315258718 5.35706305224 0
651 10.734224081 56.9199 111.70562 -0.14317608 54.1937017531 113.762662279 -0.0752966966975 3.41519835723 3.88920217918 0
654 10.7019090652 58.963864 111.32719 -0.14485493 56.8298418285 114.062759351 -0.0405691401962 3.4694942434 5.97513561895 0
657 11.0310399532 61.070196 111.0267 -0.15209978 57.2955516693 111.892808723 -0.11187545612 3.87273600231 2.30468399211 0
660 10.7391879559 63.25691 110.67843 -0.1447313 59.5206425643 111.90080551 -0.115982455395 3.93114439311 1.64718746175 0
663 10.8265120983 65.338645 110.4192 -0.14848438 61.1705785234 111.716123521 -0.123011436698 4.36517912275 1.45949214298 0
666 10.7065389156 67.412523 110.08404 -0.1445869 63.1002219366 111.419749243 -0.118860688667 4.51442794199 1.47400333222 0
669 10.6806590557 69.507235 109.73429 -0.15139682 65.9826295711 111.293328457 -0.111676659986 3.85401665012 2.27579753041 0
672 10.7069911957 71.647859 109.39116 -0.14906575 68.0024805207 111.001211609 -0.104563424597 3.98510356708 2.54979542413 0
675 10.7308931351 73.702975 109.06139 -0.1559357 69.877449675 111.095414352 -0.0924822485514 4.33265496854 3.63561496354 0
678 10.744066 75.754203 108.72815 -0.15045699 72.1323815085 110.183700902 -0.118770551641 3.90336000704 1.81549918576 0
681 10.7125971317 77.860742 108.43703 -0.15243836 74.3557122023 109.724209999 -0.132761703467 3.73390763582 1.12738937427 0
684 10.7066090107 79.97813 108.08555 -0.15170568 76.0089657994 109.130443999 -0.153509810679 4.10439617001 -0.103369073621 0
687 10.7339208126 82.120618 107.73965 -0.14888428 78.1465141272 108.964934018 -0.137721296813 4.15870442752 0.639591823366 0
690 10.7321410179 84.192494 107.42985 -0.14593359 80.8628323025 108.71566212 -0.132553174448 3.56930803191 0.766641339255 0
693 10.7804310322 86.28045 107.15458 -0.15823172 82.2160014793 108.638234331 -0.132621655479 4.32677385037 1.46734861009 0
696 10.8949501514 88.385341 106.75858 -0.15035877 84.5443581968 108.676960695 -0.102041380239 4.29340580265 2.76838251042 0
699 10.6868789196 90.512184 106.42958 -0.15443508 87.0872492099 108.393996327 -0.0928945482294 3.94830467712 3.52601273944 0
702 10.7342560291 92.541412 106.11165 -0.15857271 89.3506761639 108.426334956 -0.10971998406 3.94189822538 2.79905501408 0
705 10.7675049305 94.624435 105.7799 -0.14991569 91.1990655566 108.003663771 -0.112721557527 4.08390513272 2.13106681338 0
708 10.8110339642 96.812614 105.41142 -0.16008539 93.7660433073 106.984613202 -0.1192016317 3.42877964223 2.34246680122 0
711 10.8666877747 98.833392 105.05687 -0.15857643 95.4881323804 107.043733385 -0.14162110661 3.8908081466 0.971468470515 0
714 10.777408123 100.9283 104.72764 -0.15390186 96.9376424966 107.275372074 -0.123989781746 4.73458403964 1.71383584041 0
717 10.7753410339 103.02648 104.38009 -0.15580909 98.9051658093 106.886681961 -0.122520193066 4.82371577925 1.90731329897 0
720 10.864746809 103.56436 104.3046 -0.21764658 99.8637950676 106.886082246 -0.187721506607 4.5120096859 1.71458040704 0
723 10.7476899624 103.46604 104.39779 -0.32798619 99.5692385875 106.797420805 -0.291199805088 4.57638386179 2.10770459903 0
726 10.8061130047 103.43166 104.43448 -0.46455789 99.3478295134 107.017185879 -0.428473856987 4.83198107426 2.06746279948 0
729 10.9207549095 103.35806 104.51276 -0.60050128 99.1041116845 107.564394256 -0.583942631042 5.23531736428 0.948740699725 0
732 11.23361516 103.30537 104.5712 -0.75278089 101.001134253 106.813336961 -0.688790242912 3.21507084306 3.66639400644 0
735 11.375882864 103.24477 104.73622 -0.88717849 100.187548923 106.523434515 -0.78360458192 3.54129022198 5.93434780066 0
738 11.2764940262 103.11543 104.83266 -1.0218313 100.875514592 106.363815067 -0.954893037982 2.71323734215 3.83527990157 0
741 11.2240729332 103.3336 104.43355 -1.1359167 99.7346753498 106.269900676 -1.05095791572 4.04035177204 4.86777977174 0
744 11.1818258762 104.18264 102.5184 -1.1499809 101.182070655 104.447930803 -1.06366999601 3.567422811 4.94525052459 0
747 10.6886770725 105.02068 100.61649 -1.1544373 102.926236736 102.859500383 -1.09115226183 3.06884150173 3.62596559369 0
750 10.7692260742 105.97315 98.645528 -1.1675657 104.055350299 101.322950294 -1.07335333124 3.29340945401 5.39797110767 0
753 10.7208089828 106.66644 96.709247 -1.154133 105.001182176 99.0969733882 -1.08266966491 2.91106869145 4.09454749065 0
756 10.663025856 107.65453 94.805864 -1.1707179 105.105110888 97.1971829209 -1.11448257465 3.49541757029 3.22204680223 0
759 10.6860439777 108.36584 92.821603 -1.1639211 105.990865189 95.1459380321 -1.10464510624 3.3231067836 3.39626426912 0
762 10.7335140705 109.18739 90.932737 -1.1605274 106.87718613 92.4526961921 -1.11830224249 2.76537843138 2.4193233146 0
765 10.6870791912 110.00551 88.971931 -1.1631703 107.87928311 90.4882055091 -1.12498594445 2.61149941124 2.18780241629 0
768 10.7286989689 110.83946 87.051439 -1.1600004 108.332174331 89.1728219791 -1.12835213646 3.28431837215 1.81331193004 0
771 10.6698079109 111.68317 85.129972 -1.1502451 110.070755851 87.2867731306 -1.11182308666 2.69289259044 2.20141920466 0
774 10.7391729355 112.49307 83.177328 -1.1488654 111.210455656 85.8888130323 -1.10345634584 2.99954173776 2.60174715489 0
777 10.7181351185 113.40329 81.226755 -1.149046 111.581886477 83.5091739282 -1.1215229893 2.92009365586 1.57695235241 0
780 10.9735841751 114.20236 79.347389 -1.1522317 112.067344967 81.6390114363 -1.12650596493 3.13206362985 1.47397604422 0
783 10.740252018 115.10134 77.33273 -1.146946 113.216418267 80.0900298566 -1.12276189355 3.34000485624 1.38564723094 0
786 10.8096930981 115.87569 75.433999 -1.1405871 113.987825575 78.3406648339 -1.12017649559 3.46593975119 1.16944149009 0
789 10.9108691216 116.74641 73.521868 -1.1514597 114.540464494 76.1695824203 -1.1422754778 3.44624247942 0.526217169983 0
792 10.7989988327 117.66191 71.592443 -1.1472421 115.635952469 74.3593109308 -1.12583879283 3.42929468906 1.22631916848 0
795 10.8418269157 118.47567 69.543126 -1.1411103 116.605134989 71.8703885513 -1.11463297078 2.98580846861 1.51703921708 0
798 10.8773789406 119.32773 67.660396 -1.1493947 117.342397399 70.3662467332 -1.12548980289 3.35606521526 1.36964971405 0
801 10.8264238834 120.23613 65.736718 -1.1477983 118.829874533 68.2105526542 -1.11011692109 2.8455952516 2.1589839779 0
804 10.8751051426 121.05504 63.851108 -1.1435448 119.604398162 66.2382281252 -1.10547232916 2.79333210229 2.18139189492 0
807 10.9881207943 121.9387 61.889647 -1.1416966 120.091954686 63.9804928511 -1.13250495163 2.78964238336 0.526642658203 0
810 10.9517569542 122.75206 59.947854 -1.134592 121.371139574 62.4536551494 -1.11897837851 2.86111527605 0.89459461447 0
813 11.6888329983 123.61313 58.017737 -1.1345099 122.676216557 60.6393226946 -1.1040409814 2.78397527913 1.74574044202 0
816 11.0533959866 124.50226 56.14403 -1.1250591 122.940913594 59.1909338512 -1.11379428838 3.42365676999 0.645426162663 0
819 10.7525129318 125.37031 54.195354 -1.1346431 123.705730273 57.8648258369 -1.12206282121 4.02937330462 0.720796879839 0
822 10.7937121391 126.19009 52.293812 -1.120627 124.578081351 55.8326979621 -1.11148424155 3.888738322 0.523841472249 0
825 10.8082830906 127.09539 50.434417 -1.1252352 125.778856984 53.6943335494 -1.1143940071 3.51572397823 0.621154598209 0
828 10.9243600368 127.94916 48.435924 -1.125081 126.719379255 51.4760288333 -1.11324458037 3.27942038772 0.678176889107 0
831 10.9509630203 128.83417 46.49897 -1.1135569 127.36897632 49.968908608 -1.11893132483 3.76659879266 -0.307931859877 0
834 11.0556850433 129.69028 44.561049 -1.1141866 128.249647093 47.3212816699 -1.12458075823 3.11356830116 -0.595541397928 0
837 10.8628799915 130.6504 42.689185 -1.1179531 128.903543631 45.5119171608 -1.13087267289 3.31953671874 -0.740236999741 0
840 10.9271838665 131.56218 40.752166 -1.1133477 130.343845356 43.2046387618 -1.13506838446 2.7384232603 -1.24450354789 0
843 10.7182688713 131.80181 39.159633 -1.0655485 131.249293956 42.1201849999 -1.0875784224 3.01166766482 -1.26222157639 0
846 10.968693018 89.526265 39.287264 -0.26055386 132.550320533 40.7454411109 -1.09599269589 43.0487588088 -47.8671193378 0
849 10.8352310658 49.129117 22.860079 0.57174269 133.545737931 40.0680354631 -1.0759063756 86.1526532093 -94.4033375777 0
852 11.0375380516 45.693587 19.436118 1.0035584 134.496358735 39.6342219442 -1.04702344332 91.0708277698 -117.489685168 0
855 10.8926479816 46.841947 21.209275 1.0214136 134.580008074 33.0502539522 -1.1291341307 88.5334747061 -123.21730861 0
858 10.8266069889 48.00008 22.972907 1.0079248 37.6452836198 97.6317509329 -2.11286700793 75.3735018788 -178.808199333 0
861 10.8860771656 49.170996 24.731115 1.014741 36.7013995454 87.1363908028 -1.1546473739 63.6388975687 -124.296797949 0
864 11.0125370026 50.349541 26.532036 1.0144485 59.7496330357 105.579126162 2.73016792465 79.6040463383 98.3034818609 0
867 11.0367319584 51.518278 28.351001 1.0069992 61.4809870399 102.876451969 -2.19691002442 75.1884194109 176.429523498 0
870 10.8809540272 52.642563 30.101924 1.0170679 58.6628201472 102.114244775 -2.83832363506 72.2635304946 139.102336671 0
873 10.8949189186 53.80357 31.912095 1.0183648 54.64321432 103.841079484 3.12284005969 71.9338850023 120.57755047 0
876 10.7640578747 54.946688 33.671099 1.0064723 35.7798427738 102.132134318 1.65600531373 71.0934688468 37.2155003409 0
879 11.0094840527 56.161659 35.476636 1.0152563 51.1095506132 102.479605547 -2.83132482332 67.1931672661 139.607136079 0
882 10.8416669369 57.333476 37.252395 1.017552 22.7259081951 70.6461477949 -2.61214448848 48.0918545608 152.033710297 0
885 10.8652710915 58.434052 39.044555 1.0099164 36.8833119926 108.448417023 1.50770714121 72.6727628386 28.5213085518 0
888 11.0409240723 59.558673 40.733157 1.0155176 58.1703262334 107.388046471 0.366125498176 66.6693467578 -37.2074266836 0
891 11.1886978149 60.829575 42.673596 1.0256616 89.530732069 70.3914870188 2.13354566391 39.9003496179 63.4770810518 0
894 11.0311069489 61.938983 44.298725 1.0235902 59.9606637629 45.1672990964 1.07332467876 2.16059435454 2.84957572936 0
897 11.084154129 63.08776 46.123861 1.0214801 60.4114310093 46.1959213675 0.825340980358 2.6772989305 -11.2379437529 0
900 10.7518880367 64.233274 47.872937 1.026201 62.2294756932 48.2352541508 0.964894586242 2.0362910823 -3.51259876542 0
903 10.7890160084 65.367062 49.701179 1.0288308 63.1871316087 51.0987291409 0.915647490987 2.58944837896 -6.4849259178 0
906 10.829226017 66.47055 51.411163 1.0247772 63.2356099073 52.8042101546 1.01255910206 3.5221325612 -0.700045445489 0
909 10.79708004 67.601685 53.206336 1.0345375 66.1245864948 53.6855027299 0.916861683141 1.55287499472 -6.74232765678 0
912 10.8628928661 68.713633 54.989386 1.0321621 66.9726802244 55.5374043928 0.964863264879 1.82516868415 -3.85593921858 0
915 10.6827709675 69.889939 56.860516 1.0335194 67.2103530755 57.6163374938 1.02200771826 2.78414203254 -0.659570778632 0
918 10.7198309898 70.97178 58.665246 1.0279054 68.1931558644 59.5070839642 1.01541679892 2.90335034825 -0.715544134125 0
921 10.7230520248 72.083269 60.388926 1.0348295 69.0621841677 62.1241076032 1.02052670849 3.48393581459 -0.819489588562 0
924 10.7283990383 73.21006 62.180545 1.0389104 70.1621176557 63.1875430619 1.01525125045 3.20998405463 -1.35556941603 0
927 10.7149970531 74.211219 63.966291 1.0279221 71.1486407305 65.4666250693 1.01579545319 3.41033546395 -0.694805682053 0
930 10.8751130104 75.394113 65.876292 1.0355825 72.7745637334 66.9802653889 1.01089148681 2.84267402339 -1.41469084779 0
933 10.7049350739 76.475569 67.55587 1.0353462 73.8376491127 68.8393499149 1.01536854244 2.93358859139 -1.14463546289 0
936 10.7410879135 77.652303 69.425792 1.0395167 75.0291021627 70.5295597142 1.00772617648 2.84595955696 -1.82146282607 0
939 10.7751500607 78.72098 71.209083 1.0347632 76.5064309967 72.4333680348 0.990642336133 2.53043496943 -2.52793928803 0
942 10.7365608215 79.923618 73.070281 1.0406815 77.4931011918 74.4235298711 0.983754265856 2.78185090579 -3.26169025581 0
945 10.7215151787 80.886825 74.813727 1.0240856 78.3713907681 75.9557121133 1.00507647821 2.76252409473 -1.08914245073 0
948 10.671585083 82.003807 76.66259 1.0354781 79.4386377899 77.6797152796 0.998726933879 2.75946315629 -2.10568671093 0
951 10.6951258183 83.149971 78.458347 1.0359732 81.8550390236 79.6154873649 0.968631969077 1.7366124057 -3.85836831911 0
954 10.7271828651 84.209192 80.07724 1.046865 82.1645305018 81.2105201401 1.01302203392 2.33772635657 -1.93905912234 0
957 11.1517310143 84.421821 80.346791 1.1291589 81.3973529867 81.0148939638 1.10882091825 3.09738088285 -1.16528051823 0
960 10.8861041069 84.549549 80.462185 1.2384433 82.2386754471 80.6978513697 1.20944698429 2.32285927579 -1.66136651186 0
963 10.7130980492 84.477315 80.645515 1.377415 82.0442003235 80.8973359448 1.32832060663 2.44611136646 -2.81290153769 0
966 10.7433199883 84.491575 80.745704 1.5042297 81.4967582652 81.3475441155 1.47463191688 3.05469127735 -1.69582805589 0
969 10.7123339176 84.58151 81.604236 1.6242617 81.0734930744 82.0093114466 1.58293453331 3.53132678579 -2.3678722305 0
972 10.8170897961 84.52138 83.606555 1.6450761 81.5194806323 83.6139182939 1.64816138043 3.00190839831 0.176773547434 0
975 10.7842810154 84.450105 85.633891 1.6510189 81.3407660903 86.5468712069 1.62942087659 3.2406050845 -1.23747558709 0
978 10.696187973 84.288283 87.799076 1.6553182 80.8609887531 88.2415171208 1.61783168536 3.45573436485 -2.14781907732 0
981 10.7542300224 84.219899 89.940013 1.6574582 81.0699683814 90.459107206 1.61963259293 3.19241627878 -2.16724764268 0
984 10.6813011169 84.085061 91.960688 1.6559816 80.8086699025 92.7771895612 1.61933502971 3.37659790666 -2.09969381121 0
987 11.2798829079 83.972707 94.061302 1.6546883 80.0676335013 94.7779290678 1.65431443539 3.97028379146 -0.0214208643611 0
990 10.7253139019 83.850194 96.236204 1.650278 79.8549616192 96.5880470288 1.64209259647 4.01069511351 -0.468989075809 0
993 10.8506100178 83.742141 98.372522 1.653672 79.5394778593 99.147889402 1.65382083124 4.27359006947 0.00852740195097 0
996 10.7572090626 83.558608 100.37046 1.6603574 80.0599107325 101.173361491 1.62880572993 3.58964251339 -1.80777753178 0
999 10.736289978 83.448658 102.54165 1.6520527 79.8137906032 102.880541723 1.65948249372 3.65063125937 0.425695822766 0
1002 10.8200728893 83.308795 104.69204 1.6576029 79.3714520272 104.846922971 1.64666479935 3.94038810531 -0.626707003358 0
1005 10.6567521095 83.194681 106.76107 1.661421 78.9472062208 107.833311269 1.66526582015 4.38072406557 0.220291967763 0
1008 10.6847300529 83.066158 108.84686 1.6653468 78.4123034955 109.143335682 1.65489580308 4.66328849408 -0.598798015265 0
1011 10.6374819279 82.920912 111.09751 1.6564676 78.5808946456 111.722376545 1.65646818463 4.3847701006 3.34967045944e-05 0
1014 10.7175941467 82.798446 113.12029 1.6519674 78.3889677484 113.897267767 1.65740087471 4.47740917299 0.311315168733 0
1017 10.738658905 82.725101 115.25424 1.6521864 78.3651399864 116.16015767 1.65678131774 4.45308284953 0.263269393614 0
1020 10.7136178017 82.605874 115.888 1.7134215 78.5986142427 116.986680363 1.69791434433 4.15514491954 -0.888494572026 0
1023 10.7878789902 82.650086 115.98425 1.8265292 78.5588435447 117.257859792 1.83139689492 4.28489751694 0.278898374779 0
1026 10.7743370533 82.697137 116.16336 1.9516157 78.7432356432 117.202625792 1.98185822092 4.08820367965 1.73276881039 0
1029 10.8024051189 82.611261 116.28116 2.0730733 78.6356409841 116.892521459 2.10033480276 4.02235221534 1.56196905112 0
1032 10.7274389267 82.517518 116.45008 2.1971216 78.7140294976 117.243808315 2.22590856285 3.88542525679 1.64937147634 0
1035 10.8204929829 82.418538 116.4581 2.3123831 78.5782715496 116.644858185 2.35678548848 3.84480494043 2.54406946037 0
1038 10.8763070107 82.414024 116.83182 2.4679277 78.774466916 116.940674036 2.50309080868 3.64118455576 2.01469772181 0
1041 10.7243659496 82.282962 116.94587 2.5874118 78.4204935979 117.258524885 2.61257824562 3.8751019644 1.44193111913 0
1044 11.4398870468 82.208722 116.96752 2.707272 78.6329171818 117.028162361 2.7437265052 3.57631900053 2.08868929233 0
1047 10.6630089283 82.043289 117.20312 2.8493508 78.3359444539 117.486103349 2.86130457029 3.7181289864 0.684900586752 0
1050 10.671090126 81.832352 117.28824 2.9891727 77.9939636306 116.57370846 2.98089748229 3.90432844371 -0.474135049513 0
1053 10.7529489994 81.142386 117.29523 3.0875315 77.4354195122 116.415095561 3.09976741287 3.81001800165 0.701066166086 0
1056 10.7422368526 79.131234 117.37152 3.1037602 75.8498166097 117.130164517 -3.12254291802 3.2902815318 3.25910936856 0
1059 10.8849811554 77.094643 117.50841 3.1079346 74.0782514726 117.183988175 -3.11133649624 3.03378762719 3.66201453781 0
1062 10.7188038826 74.899205 117.59033 3.115912 71.7091704312 116.691752518 3.13520681229 3.31417592203 1.10551131078 0
1065 10.7836108208 72.824078 117.69503 3.116944 69.7845187162 116.912956262 -3.12512086312 3.13856017494 2.35602789637 0
1068 10.69531703 70.711208 117.83017 3.1174699 68.2079060929 117.229165701 -3.12612613851 2.57443714346 2.26829800887 0
1071 10.756072998 68.550781 117.88294 3.1169773 65.6700921655 117.095736119 3.14146810195 2.98631179075 1.40321958871 0
1074 10.7732260227 66.454241 117.99143 3.11617 63.8333317929 117.077757362 -3.12730873495 2.77560133337 2.27501900796 0
1077 10.7327489853 64.352032 118.06903 3.1139299 60.5404445681 117.112086241 3.13640812418 3.92987787456 1.28790737636 0
1080 10.7733910084 62.204954 118.16997 3.1178991 59.4318956372 117.227118575 3.13209558253 2.92896252839 0.813398532907 0
1083 10.7739729881 60.134729 118.2293 3.1166836 56.7406610815 117.414698425 -3.14136585815 3.49045452065 1.4401780641 0
1086 10.7669489384 58.034017 118.36643 3.1239361 54.5779282032 117.426565625 3.13888606352 3.58160506123 0.856569813426 0
1089 10.851927042 55.858025 118.47896 3.1251128 52.5190648547 117.163870061 -3.13254825239 3.58860925716 1.46243207438 0
1092 10.944106102 53.766425 118.55 3.1243401 50.8223589981 117.070701226 3.13762281738 3.29482161665 0.761043646363 0
1095 10.7695870399 51.628528 118.603 3.1187628 48.1373884211 117.25682156 -3.1365662805 3.74169105493 1.59604422183 0
1098 10.7099280357 49.494235 118.64783 3.1200968 47.1356499201 117.176118127 3.13872594527 2.78008262744 1.0673713998 0
1101 10.6610138416 47.379245 118.80828 3.1260538 44.5254058641 117.514453329 3.13299362828 3.13343027178 0.397622871153 0
1104 10.6954751015 45.313934 118.87713 3.1250737 41.9009146627 117.929545548 3.13489664015 3.54212045108 0.562813012795 0
1107 10.8068270683 43.229975 118.9845 3.131291 40.8092834192 117.614716081 3.13267412205 2.78137658636 0.0792470558267 0
1110 10.7751789093 41.038059 119.03542 3.1300111 38.7308304935 117.192174561 3.13818616863 2.95310973866 0.468396929738 0
1113 10.7448458672 38.877743 119.09254 3.1262084 35.856264162 117.995303921 3.125423313 3.21453906194 -0.0449821713836 0
1116 10.738243103 36.866989 119.17866 3.1252668 33.7100756838 118.445949734 3.09494291775 3.24082798369 -1.73743047112 0
1119 10.7388310432 34.67231 119.25843 3.1314701 31.9827626784 118.939871759 3.08206526637 2.70834712476 -2.83068845436 0
1122 10.7667388916 32.567479 119.34722 3.1353596 30.0188469187 118.171082313 3.12033626665 2.80692453472 -0.860773594971 0
1125 11.3839929104 30.502201 119.36971 3.1349527 27.3618324557 118.117001067 3.13890341037 3.38100491924 0.22635903015 0
1128 10.7755470276 29.15421 119.31018 -3.13185 26.0606920022 118.256725895 -3.13021011991 3.26796865879 0.0939582079021 0
1131 10.7628438473 28.938717 119.39146 -3.028318 26.4298632879 117.893728775 -3.02023173728 2.92190789939 0.46330872578 0
1134 10.866092205 28.80706 119.32785 -2.9089456 26.4277153112 117.684165283 -2.88269264863 2.89188184345 1.50418331329 0
1137 10.7816009521 28.607415 119.34948 -2.7753086 26.4646647076 117.896512566 -2.75323161068 2.58891737628 1.26491831264 0
1140 10.8121271133 28.309413 119.3977 -2.6319404 26.5180388368 117.832296715 -2.63578806359 2.37897222304 -0.220454884482 0
1143 10.8290801048 28.176965 119.31562 -2.5155106 26.5208236015 117.891186826 -2.49811072085 2.18444825943 0.996939639281 0
1146 10.8917119503 28.13257 119.1422 -2.3876282 26.2890675031 118.128730071 -2.38895830405 2.10371641464 -0.0762093480952 0
1149 10.8543639183 28.071656 119.10664 -2.2643471 25.5603205627 118.377886655 -2.23731697356 2.61493539438 1.54871216478 0
1152 10.8076050282 27.847582 119.05477 -2.1225081 25.714875153 118.590323687 -2.1266214092 2.18269303222 -0.235675256876 0
1155 10.9138090611 27.651134 118.95518 -2.0012288 25.6529276216 118.760100106 -2.02737573853 2.00770637691 -1.49810922484 0
1158 10.9657878876 27.585975 118.8068 -1.8653126 24.9542449923 119.079112144 -1.85774151634 2.64578093153 0.433791139976 0
1161 10.704985857 27.545652 118.66047 -1.7395281 25.3903063239 118.369102558 -1.75567434499 2.1749505673 -0.9251116931 0
1164 10.7410421371 27.426878 118.54472 -1.6078392 25.9358709809 117.735886361 -1.64989105583 1.69626465694 -2.40939385975 0
1167 10.772372961 27.408113 118.27266 -1.4907581 26.5382018809 117.851877525 -1.47893910511 0.966334955716 0.677178525451 0
1170 10.842648983 27.619078 117.43976 -1.368489 26.2179444178 117.244545926 -1.35230887485 1.41466739905 0.927052882943 0
1173 10.754997015 28.00462 115.50954 -1.3464267 27.7472874965 115.773430263 -1.35362352128 0.36858932208 -0.412347485367 0
1176 10.8506798744 28.352772 113.43776 -1.3439724 26.3081827352 113.678860341 -1.36318236779 2.05875560383 -1.10065007912 0
1179 10.7465000153 28.777386 111.37552 -1.3470791 26.9459709978 111.282359324 -1.37051026396 1.83378292665 -1.34250680378 0
1182 10.8042109013 29.292879 109.18718 -1.3487141 25.8180221949 109.660415435 -1.39842708314 3.50693336016 -2.84834412096 0
1185 10.7614638805 29.664866 107.14961 -1.3582731 27.0150874652 107.616844436 -1.4114280447 2.69065685316 -3.04555399162 0
1188 10.8036129475 30.155372 105.1583 -1.3627181 27.4943632338 105.798470503 -1.39279665877 2.73693001847 -1.72337447146 0
1191 10.8549931049 30.584999 103.08809 -1.3538609 27.0847154555 103.28794557 -1.44598206042 3.50598447518 -5.2781536962 0
1194 10.8071610928 30.932942 101.04272 -1.3388863 28.5412068732 101.432272173 -1.3848091528 2.42325149581 -2.63118564889 0
1197 10.7759509087 31.46397 98.886394 -1.3633561 28.7984724502 98.895375957 -1.38344240214 2.66551268303 -1.15086033842 0
1200 10.7560069561 31.761459 96.890841 -1.3338862 29.7469388982 97.0922205299 -1.3541514901 2.02456043517 -1.16111559316 0
1203 10.8484299183 32.148779 94.808879 -1.340085 30.6959521965 94.3715723476 -1.34954322367 1.5172154854 -0.541916298083 0
1206 10.8627109528 32.63242 92.742465 -1.3409888 31.0975962817 92.4547117364 -1.34297780958 1.56156517217 -0.113961854466 0
1209 10.8366670609 33.223163 90.635151 -1.3443959 31.2587721308 90.7628230992 -1.34185231262 1.96853540785 0.145736821608 0
1212 10.8626408577 33.480467 88.544154 -1.3400822 31.56797459 88.8688043101 -1.33089302889 1.9398518093 0.526500721591 0
1215 10.8535649776 33.996344 86.523674 -1.3537744 31.9704876539 86.5238540738 -1.34716854357 2.02585635415 0.37848769373 0
1218 10.8557150364 34.391099 84.502242 -1.3500462 32.8457518773 84.2960091656 -1.33524803715 1.55904769388 0.847872275652 0
1221 10.7107489109 34.871654 82.311763 -1.3462417 33.0764074061 82.935640526 -1.34160817943 1.90056136451 0.265481172755 0
1224 10.7247419357 35.319079 80.358924 -1.358939 33.8000466331 80.4850344148 -1.33238659281 1.52425823547 1.52134086808 0
1227 10.6637229919 35.776446 78.250756 -1.3606991 34.2473712807 78.2422002116 -1.33694273877 1.52909865569 1.3611392352 0
1230 10.6866519451 36.167733 76.160289 -1.3496683 34.9703810344 76.6418333805 -1.3407438745 1.29055674801 0.511331915655 0
1233 10.8160459995 36.593873 74.026216 -1.3452321 35.051665898 74.3791746095 -1.34753798289 1.58208170635 -0.132117357681 0
1236 10.8686800003 37.096668 72.068535 -1.358637 35.356597739 72.0024806175 -1.37036482127 1.74132354682 -0.671954661404 0
1239 10.7982602119 37.456761 70.030489 -1.3570922 35.3771461904 69.9360630613 -1.37491748539 2.08175743409 -1.02131362156 0
1242 10.8607079983 37.942935 67.912468 -1.3598503 35.8541320435 67.8927552169 -1.36299099114 2.08889597278 -0.179948347193 0
1245 10.9906759262 38.381728 65.750541 -1.3597279 37.3104750516 65.5251227902 -1.33890973975 1.09471286131 1.19279271964 0
1248 10.7819130421 38.78715 63.709446 -1.3638712 37.5867739839 63.6649442957 -1.36613619713 1.20120064178 -0.129774776003 0
1251 10.750836134 39.284372 61.704874 -1.358189 37.8249648833 61.7166004529 -1.35853437367 1.45945422741 -0.0197884535998 0
1254 10.8308570385 39.616785 59.610797 -1.3616912 38.4405780432 59.3699223416 -1.35567902649 1.20061792686 0.344472167541 0
1257 10.9385728836 40.0981 57.483375 -1.3627524 38.8914740264 57.8332875002 -1.34060352998 1.25633793142 1.26903677298 0
1260 10.7128019333 40.478176 55.366289 -1.371191 39.8466680177 56.0612516961 -1.33884528197 0.939029009449 1.85327312833 0
1263 10.7578091621 40.927924 53.368372 -1.3697355 40.2872838084 53.7199721803 -1.33254902225 0.730782143884 2.13062823022 0
1266 10.6886630058 41.311773 51.24524 -1.3687118 40.590430595 51.59622568 -1.34671439337 0.802200606328 1.26035856005 0
1269 10.8482868671 41.752813 49.127024 -1.3690442 40.978664802 50.2564767943 -1.34514247444 1.36929509126 1.3694679979 0
1272 10.8965528011 42.124468 46.999249 -1.3746445 41.209678117 47.8145841578 -1.35895329701 1.22540277036 0.899039706594 0
1275 10.8442130089 42.489069 45.000812 -1.3756167 41.6916853423 46.0743588728 -1.35957164416 1.33728216379 0.919313981809 0
1278 10.7860050201 42.919623 42.847052 -1.3693623 41.9100666075 43.8947896254 -1.36646384245 1.45497705868 0.166069384763 0
1281 10.8017480373 43.26925 40.76156 -1.3849404 42.4924515187 41.7189362569 -1.32705656739 1.2328767894 3.31649931052 0
1284 10.7881340981 43.723057 38.666685 -1.382086 43.2576671985 39.1452057081 -1.34790728563 0.667510101331 1.9582960827 0
1287 10.7246010303 44.069109 36.638541 -1.3748634 43.7924155334 37.1229952156 -1.34260482211 0.557902465962 1.84828036594 0
1290 10.6556501389 44.48264 34.512889 -1.372972 43.5843126163 35.6260087517 -1.35703240275 1.43039423584 0.913271649839 0
1293 10.7636549473 44.660959 33.544964 -1.3339999 44.2352073071 33.7196163532 -1.31722724745 0.46018251646 0.961002202387 0
1296 10.7226421833 44.654294 33.324157 -1.2074321 44.3875388022 33.7910037755 -1.20334041042 0.537684152066 0.234436544055 0
1299 10.724670887 44.699557 33.107025 -1.0711259 44.0504434033 33.649205529 -1.02229939219 0.845758941736 2.7975528257 0
1302 11.3161649704 44.829945 32.953901 -0.95914547 44.1965343916 33.3531335144 -0.96940217554 0.748729323176 -0.587665939162 0
1305 10.7803740501 44.914184 32.826307 -0.82117543 43.9327875442 33.5501084273 -0.780036152669 1.21943737421 2.35710696329 0
1308 10.8087711334 44.932468 32.690373 -0.70238554 44.2142962758 33.698385753 -0.793060774683 1.23768345538 -5.1953082537 0
1311 10.6893999577 45.019913 32.619075 -0.56167342 44.0016409909 33.3174855494 -0.698565514936 1.23476928209 -7.84333928854 0
1314 10.7425539494 45.164806 32.47066 -0.44585332 43.4054415886 33.2578746605 -0.645665458663 1.92745169947 -11.4483922409 0
1317 10.7617340088 45.307079 32.373178 -0.30795343 43.6344714413 33.3576072499 -0.568611312413 1.94080318258 -14.9345965591 0
1320 10.8634111881 45.468859 32.25314 -0.19105128 43.3878214803 32.8679336204 -0.505354835721 2.16995123308 -18.0082672288 0
1323 10.7382137775 46.833289 32.057508 -0.10389315 44.9125344684 32.5231216707 -0.310582437005 1.97638408745 -11.842423816 0
1326 10.7459599972 48.863767 31.868312 -0.084237935 47.1953305343 31.6911045907 -0.344289623634 1.67782082055 -14.899864214 0
1329 10.7118299007 51.033972 31.691587 -0.08198003 48.4846075189 28.8919664644 -0.614508760697 3.7864408619 -30.5116487384 0
1332 10.6803300381 53.111195 31.42619 -0.084122232 50.6219575904 27.6028206164 -0.616673677937 4.56228630456 -30.5129502258 0
1335 10.8774008751 55.206155 31.249451 -0.082409142 53.4724191678 33.192354826 -0.0291553472565 2.60398064757 3.05121768186 0
1338 10.8122088909 57.287235 31.07162 -0.080297126 56.335623659 33.0680772525 -0.0366266852482 2.21165225687 2.50213194455 0
1341 10.7607350349 59.516372 30.847745 -0.092608556 58.431046193 32.9230965894 -0.0203720201709 2.34201117138 4.13884862965 0
1344 10.744426012 61.567611 30.670937 -0.091677002 60.414887622 33.1846056758 -0.0386114469254 2.76537545332 3.04043234329 0
1347 10.7246491909 63.68279 30.502969 -0.089332225 62.8878572486 32.1048271556 -0.0735382574053 1.78825826714 0.904927684944 0
1350 10.6444559097 65.773678 30.270465 -0.081918863 65.059536973 32.01002519 -0.0909414580844 1.88044331509 -0.516956618591 0
1353 11.1541249752 67.870787 30.052005 -0.080757136 67.6971982921 31.4928307072 -0.0803069235176 1.45124489938 0.0257952751269 0
1356 11.3749120235 69.978421 29.855203 -0.080851998 69.5544398309 31.4977680094 -0.0915475346216 1.69640202839 -0.612809108043 0
1359 12.6739170551 72.04312 29.748383 -0.089661546 70.6066618023 31.031866874 -0.106700514748 1.92632889421 -0.976260996521 0
1362 12.7021400928 74.192216 29.503442 -0.097083695 72.781373555 30.6256578226 -0.100653030977 1.80273258055 -0.204507887158 0
1365 11.3704738617 76.337484 29.313327 -0.092202589 75.0708494534 30.5203044895 -0.0818021658174 1.74961645361 0.595900353512 0
1368 11.5314249992 78.469083 29.072242 -0.088851811 77.6980376016 30.5464157399 -0.0958130818252 1.6636403523 -0.398851438331 0
1371 10.8046181202 80.508884 28.860474 -0.08148585 79.2980371781 30.1787358056 -0.0979036238141 1.7899620706 -0.940669148549 0
1374 10.710654974 82.648681 28.706332 -0.092016755 81.0204299277 30.2667497421 -0.0709339013073 2.2552394738 1.20795853668 0
1377 10.6493439674 84.803463 28.469695 -0.089914919 83.5817175445 30.4284221131 -0.0627508813261 2.30852200804 1.55638471325 0
1380 10.7609119415 86.909059 28.274418 -0.095059786 85.0632921717 30.2451280935 -0.0599267163289 2.70010249014 2.01297661349 0
1383 10.7476370335 88.999768 28.069648 -0.093100738 87.1565327265 30.1407132798 -0.0526678907866 2.77251287941 2.31663149903 0
1386 10.6922838688 91.148907 27.8824 -0.087682683 89.7046971059 30.2398468236 -0.0557321929072 2.76465146886 1.83062823569 0
1389 10.7873301506 93.191686 27.680334 -0.085944106 91.2126711099 30.0131144954 -0.0651984078089 3.05914445145 1.1886409494 0
1392 10.8031570911 94.597595 27.536443 -0.026113958 93.3054309057 30.1956267768 -0.0537215116083 2.95650915868 -1.58179630443 0
1395 10.705509901 66.734672 23.138609 0.64678418 95.5043132305 30.9124072932 -0.0189734612179 29.8014126583 -38.1451030204 0
1398 10.8472259045 41.954155 8.6979942 1.5862633 98.1585020344 31.5216872692 0.00637325031399 60.6617638293 -90.5210319417 0
1401 10.8626589775 40.498777 7.6026468 1.6671323 99.9088525824 31.7784076808 0.00765520599449 64.1406617901 -95.0810336852 0
1404 10.6656069756 40.36551 9.5759073 1.6613912 101.712565415 30.9088523176 -0.016732405473 64.9504099387 -96.1494000949 0
1407 10.7787690163 40.15753 11.693798 1.6450717 102.410925974 31.0838383451 -0.0136613937504 65.2032129186 -95.0384056106 0
1410 10.6569340229 40.017928 13.779826 1.6578436 102.896263757 30.4459982276 -0.00782621492444 65.0495688247 -95.4358504575 0
1413 10.8416979313 39.937066 15.922073 1.6651068 106.079667567 31.258682085 0.00687064424953 67.8973881701 -95.0099331605 0
1416 10.8660399914 39.75755 17.953862 1.6630734 106.558769881 29.5927079279 -0.0262090186041 67.8075638269 -96.7887529917 0
1419 10.7323260307 39.645384 20.177858 1.663423 108.291447318 30.0370010903 -0.0448291991429 69.3504485312 -97.8756413548 0
1422 10.8823847771 39.526919 22.292671 1.6684735 112.121522516 32.4925146047 0.0133322618856 73.3076617364 -94.832607442 0
1425 10.9915618896 39.303781 24.413998 1.6572417 112.492176 32.4300324746 0.00661833392269 73.6260685589 -94.5737524419 0
1428 10.7938420773 39.21094 26.55624 1.6661167 118.760289484 29.2774610474 -0.0219959487783 79.5958795878 -96.7217301176 0
1431 10.8492000103 39.049874 28.673026 1.6660737 117.885608564 34.8409118442 0.160414301898 79.0766454783 -86.2679288955 0
1434 11.074942112 38.816051 30.701859 1.6598041 120.444885302 34.8551314463 0.117446164947 81.7344251922 -88.3706001771 0
1437 10.857555151 38.695572 32.853799 1.6647394 123.001784076 34.8005170597 0.113800400844 84.3286849524 -88.8622589339 0
1440 10.750565052 38.58982 35.008607 1.6723781 124.008232688 35.6532709082 0.0976800618711 85.4208453346 -90.2235515923 0
1443 10.8293688297 38.393816 37.160762 1.6689022 126.598664664 35.5324524203 0.102761601444 88.2198771244 -89.7332464214 0
1446 10.7744109631 38.314928 39.264936 1.6781402 128.931920422 36.6005903439 0.146379040666 90.6561528711 -87.7634496519 0
1449 10.8204491138 38.042909 41.445131 1.6601298 130.533418997 37.7380981344 0.161934344286 92.5647693901 -85.8402764981 0
1452 10.6772351265 37.893052 43.482766 1.6655679 135.848143269 27.6463203298 -0.0725923918651 99.2269767601 -99.5892488411 0
1455 11.0749909878 37.737395 45.529248 1.6663309 137.650798985 27.5332508235 -0.0786729765629 101.521151541 -99.981357361 0
1458 11.1627030373 37.667375 47.706088 1.6735516 140.758013712 26.5761470598 -0.0798233758447 105.233807278 -100.46098602 0
1461 11.2067129612 37.411337 49.793915 1.6717816 142.185242328 25.5280193526 -0.114915999108 107.547221857 -102.370231695 0
1464 10.9861149788 37.208006 51.943854 1.66906 139.659512424 37.8087650259 0.175440986141 103.422008823 -85.5780656946 0
1467 11.1302850246 37.03196 53.963531 1.6741645 27.2187362819 118.276449512 1.61011196317 65.0572889631 -3.66994002741 0
1470 10.9854829311 36.983983 56.143126 1.6856298 27.4701473313 119.242732349 1.64342911593 63.8127995827 -2.41792108973 0
1473 10.8084349632 36.720012 58.206076 1.6746777 33.3623001496 57.7442241686 1.77336682276 3.38932677449 5.65447021815 0
1476 11.0300109386 36.536888 60.398002 1.6787317 33.312741954 60.0175031308 1.71550966791 3.24652077087 2.10722234048 0
1479 11.0447328091 36.401835 62.417273 1.6766351 33.1590397881 62.7799431571 1.75266624542 3.26301247758 4.35626374399 0
1482 11.3295509815 36.239068 64.615141 1.6886647 33.5406183068 64.4371013921 1.69498305792 2.70431670646 0.362015242535 0
1485 10.9040181637 35.99676 66.655908 1.678851 33.6351136473 66.2800031209 1.69142330093 2.39137574905 0.720339781902 0
1488 11.311442852 35.830181 68.859683 1.6854848 33.3701109129 68.9256132696 1.66473482786 2.46095339937 -1.18888582849 0
1491 11.1384649277 35.575227 70.898859 1.683738 32.7363091834 70.934878592 1.69140009744 2.83914631195 0.43900584577 0
1494 10.9761550426 35.463169 73.006353 1.6935188 32.4942236855 73.0010058352 1.68921461285 2.96895012967 -0.24661175817 0
1497 11.0312900543 35.205801 75.07321 1.6913976 31.9933766354 75.1677742254 1.70566698831 3.21381590806 0.817575726645 0
1500 10.8207631111 34.978045 77.287591 1.6912075 31.3519043187 75.7910761878 1.73381805058 3.92281185168 2.44140471104 0
1503 10.6858971119 34.814043 79.320098 1.7000185 30.9899571935 78.2303969942 1.71591184718 3.97631494448 0.91062171562 0
1506 11.1262359619 34.580736 81.372215 1.6970036 30.9465012647 80.8780608402 1.72081018457 3.66767643679 1.36401682076 0
1509 10.9579620361 34.345965 83.441951 1.6955247 30.5681259561 83.0461365188 1.70632868323 3.79851773005 0.61902264117 0
1512 10.7817270756 34.142398 85.698773 1.7034669 30.4931526907 84.9845627929 1.71114977033 3.71847919822 0.440196044234 0
1515 10.6681931019 33.910208 87.748137 1.7016389 30.6535253208 87.0673418396 1.69868223029 3.32708042036 -0.169404695657 0
1518 10.6763589382 33.670818 89.737713 1.6967853 30.2719511336 89.5642882938 1.69234404337 3.40328842504 -0.254465260381 0
1521 11.0389149189 33.472926 91.900649 1.7056804 30.0808397882 92.2836689742 1.68183616266 3.41364221456 -1.36617416515 0
1524 10.6715238094 33.217902 94.036516 1.7078464 29.5496391328 93.7025992854 1.69226133465 3.68342949375 -0.892958468006 0
1527 11.115322113 33.034075 96.178482 1.7177188 28.6520055111 96.00168315 1.72264535691 4.38563459935 0.28227091861 0
1530 10.7611608505 32.713254 98.174723 1.7080491 28.298189871 97.5649591065 1.7132348996 4.45697243307 0.297124430435 0
1533 10.7922980785 32.45653 100.24821 1.7068362 28.2839355253 99.4865625505 1.72777281078 4.24153881126 1.199579435 0
1536 11.1806879044 32.217075 102.39435 1.7082962 27.7799455671 102.027322212 1.69772570597 4.45228334691 -0.60564469537 0
1539 11.1410329342 31.955228 104.48204 1.7110577 28.0666552888 103.487416503 1.6841801663 4.01376053493 -1.5399692446 0
1542 10.8854701519 31.741377 106.6002 1.7198575 27.7889029893 105.548969307 1.6939027848 4.08988224454 -1.48709563948 0
1545 11.1056389809 31.439656 108.68741 1.7105287 27.4322867432 108.048488392 1.6817932326 4.05798338855 -1.64642100444 0
1548 10.7544429302 31.216018 110.75498 1.7177022 27.244551408 110.305707742 1.70599077282 3.99679777492 -0.671015349353 0
1551 10.9263241291 30.916985 112.90957 1.719675 26.427072267 112.292053489 1.70306034932 4.53217861428 -0.951949362176 0
1554 10.6585979462 30.668641 114.94646 1.716506 27.1737423946 114.587523294 1.67179367058 3.51328220057 -2.56182776799 0
1557 10.5811738968 30.419865 117.12266 1.716223 26.4704062661 115.95379861 1.68557367145 4.11879366309 -1.75607717091 0
1560 10.760281086 30.132888 119.21343 1.725557 26.4722004469 117.690958217 1.70572241563 3.96466312454 -1.13643797266 0
1563 10.7262609005 29.88258 121.34383 1.72867 25.7669747499 120.089648061 1.71251515237 4.30246195928 -0.925604587948 0
1566 10.731511116 29.981486 120.5055 1.7055843 26.0685732289 119.881831834 1.71010307475 3.96230341292 0.258906721687 0
1569 10.7217960358 30.170653 118.4575 1.6900862 26.7096350872 117.664994872 1.7082651431 3.55059281963 1.04157671592 0
1572 10.8308150768 30.502618 115.6086 1.6745202 26.9380553765 115.035917439 1.67073287197 3.61027312166 -0.216997911529 0
1575 10.7787251472 30.699806 113.48782 1.6738205 27.2459172344 112.597155487 1.68265658434 3.56687971197 0.506270340193 0
1578 10.7123639584 30.8492 111.36091 1.6697397 27.6209235324 111.161191225 1.70470512469 3.23444841366 2.00337126374 0
1581 10.7649321556 30.973164 109.37107 1.6787837 27.7059704985 108.740107801 1.6880451576 3.32756167083 0.530642432691 0
1584 10.8316559792 31.204408 107.09871 1.665475 28.2331943926 107.437239599 1.71797835831 2.99043685607 3.00822084127 0
1587 10.7788469791 31.322843 104.96751 1.6587885 28.1356445414 105.241033818 1.70343526243 3.19891376776 2.55807105625 0
1590 10.8697900772 31.457099 102.91722 1.6541397 28.0748915217 102.665966093 1.69314739945 3.39152708259 2.23497654703 0
1593 10.6641299725 31.546684 101.34427 1.631357 28.6527653176 101.718545451 1.68179999362 2.91802115381 2.89017064049 0
1596 10.7835130692 31.536552 101.09899 1.5279681 28.6136179196 101.94527732 1.6029526861 3.04298305389 4.29630031203 0
1599 10.7540030479 31.522716 100.84711 1.3818466 28.4934018909 101.845426158 1.45848169758 3.18957350183 4.39086765366 0
1602 10.6850321293 31.33472 100.81397 1.2437751 28.2837302464 102.152583771 1.33204849037 3.33173007664 5.05769271137 0
1605 10.6731879711 31.335612 100.76499 1.1262837 28.6051199275 101.625310074 1.20009437619 2.8628198666 4.22904022872 0
1608 10.799546957 30.238332 99.003137 0.9296569 28.5071512483 100.194672954 1.0446449008 2.10160527323 6.58832714044 0
1611 10.8041479588 28.772289 97.32743 0.78863198 26.7839186612 98.4151229625 0.882911347985 2.26642727322 5.40180988068 0
1614 10.8684940338 27.005154 95.945316 0.6582802 24.6115716413 97.1310752693 0.735564939162 2.67119103632 4.42808937476 0
1617 10.9320480824 26.209553 95.323497 0.64585939 24.3200049819 95.5971434003 0.736776749041 1.9092600832 5.20918095754 0
1620 10.7068538666 26.225548 95.299359 0.74214735 24.0049188443 94.9748072151 0.819314712445 2.24422095796 4.42136418428 0
1623 10.6589770317 26.287241 95.304851 0.87876564 24.4710551719 94.6447784003 0.970695525644 1.93241475856 5.2671944585 0
1626 10.6951889992 26.503119 95.525486 1.0159202 24.3980255895 94.3198459992 1.10237938338 2.42589902482 4.95374630758 0
1629 10.7148041725 26.584147 95.637624 1.1414331 23.4922855302 95.0584347454 1.19324802912 3.14564262764 2.9687767541 0
1632 10.7021930218 26.62792 95.717086 1.2595284 23.9985445603 96.0231180497 1.28102583468 2.64712500996 1.23171227755 0
1635 10.6554839611 26.756174 95.797181 1.3910555 24.2317507731 95.9991044639 1.44336110406 2.53248607375 2.99689035751 0
1638 10.7500970364 26.381693 93.77201 1.3952992 23.4463174276 93.942975756 1.49829714834 2.94035015616 5.90134773823 0
1641 10.7300419807 26.011804 91.856332 1.39866 23.3263424223 92.1950658546 1.49682978479 2.7067405693 5.62471434399 0
1644 10.817029953 25.609249 89.727224 1.3968171 23.4522767874 90.3283872921 1.49590084071 2.23917985654 5.67708016101 0
1647 10.754472971 25.2462 87.568251 1.3940659 23.1743814853 87.7183254143 1.50586734199 2.0772468047 6.40575076975 0
1650 11.3514661789 24.820481 85.505592 1.4017015 22.9470927333 85.5447069134 1.50383906992 1.87379656692 5.85205168626 0
1653 10.9472038746 24.493958 83.448062 1.398475 21.1757271949 84.0431222019 1.4439978978 3.37116483126 2.60826991492 0
1656 10.7539041042 24.080092 81.345956 1.3962744 20.2517537447 81.6915930432 1.41722178202 3.84390930732 1.20019658185 0
1659 10.9261929989 23.622432 79.208855 1.3888608 20.5598334016 79.244763829 1.45231466386 3.06280910588 3.63563859309 0
1662 10.7425749302 23.236261 77.182266 1.3737053 19.9673045492 77.3120025158 1.42675576429 3.27152989301 3.03956770501 0
1665 10.7529709339 22.741503 75.111069 1.3685019 19.3253716694 75.1827149066 1.40355185073 3.41688255636 2.00821424899 0
1668 10.7473340034 22.23837 73.007777 1.3690406 18.8615576333 72.885034018 1.41185605507 3.37904240864 2.45314487327 0
1671 10.6131927967 21.796618 70.8705 1.3677106 18.9962490601 71.6648465457 1.43744288497 2.91085084367 3.9953656247 0
1674 10.9534208775 21.306705 68.900927 1.3588762 19.518506376 69.2508263128 1.45157515296 1.82210972444 5.31125877007 0
1677 10.7259249687 20.800373 66.796896 1.3509317 19.9359280262 67.2362735885 1.48655935802 0.969699839102 7.77089238978 0
1680 10.7091841698 20.180988 64.758154 1.3339286 19.6987904244 65.3962153511 1.47980668776 0.799772961343 8.35819875208 0
1683 10.7183189392 19.716632 62.635567 1.3210663 18.3970486341 63.5095673931 1.41972635116 1.58277507775 5.65280453812 0
1686 10.7599990368 19.127208 60.642471 1.320188 17.3626536823 60.7451304624 1.41141813375 1.76753809166 5.2271016284 0
1689 10.7286410332 18.573484 58.538556 1.3117791 17.6006753174 58.4307330344 1.4263932018 0.978765817149 6.56690430583 0
1692 10.6060199738 18.03732 56.562177 1.3046299 16.767902878 56.873376873 1.41163773083 1.30700619383 6.13109708138 0
1695 10.6975700855 17.470308 54.449011 1.30616 16.520222457 54.4881520044 1.41389579182 0.950891454001 6.17280617397 0
1698 10.7013962269 16.865167 52.414515 1.2995721 14.6404182744 52.003664434 1.37313475272 2.26236714075 4.21482953088 0
1701 10.6288590431 16.322269 50.452679 1.2871313 14.9513419155 50.9037700096 1.37600501287 1.44323392766 5.09208865737 0
1704 10.7290730476 15.679585 48.421133 1.2791916 14.7499114282 48.381936677 1.408303361 0.930499490509 7.39755899059 0
1707 10.7883329391 15.049517 46.343459 1.2810584 14.140198366 46.1494298907 1.39141199206 0.929789047791 6.32279507938 0
1710 10.7401518822 14.370513 44.264129 1.2685694 13.4583717922 44.7372239358 1.37019969168 1.02753121665 5.82298678401 0
1713 10.7677259445 13.728985 42.398373 1.2622613 13.1691707714 42.2989704072 1.38108458092 0.568570880333 6.80807250463 0
1716 10.7003180981 13.116178 40.310007 1.2578142 13.1840434497 40.3309320606 1.39543951417 0.0710181485352 7.88534965636 0
1719 10.7395710945 12.482531 38.460523 1.239848 12.0612661943 39.1198004869 1.34946059643 0.782375128267 6.28033915664 0
1722 10.6830260754 12.331027 38.238303 1.1567887 11.6321151174 38.4081001614 1.25144165669 0.719241889533 5.42321493666 0
1725 10.7121548653 12.263795 38.100898 1.043782 11.4805505542 37.7639306503 1.14978468293 0.852654007602 6.07350634909 0
1728 11.2657549381 12.231882 38.075858 0.90529637 11.0885514568 37.8178749829 1.01224711996 1.17207506932 6.12782658855 0
1731 10.6978411674 12.170047 37.918491 0.7605547 10.9382441587 37.9342565258 0.876754605026 1.23190372657 6.65776413784 0
1734 10.8251609802 11.9457 37.868652 0.60051086 11.9700466307 37.926252195 0.754217234268 0.0625343176966 8.80672652983 0
1737 10.7592608929 11.861848 37.85602 0.47073445 11.5541683593 37.539768285 0.642439209951 0.441227728649 9.83795806752 0
1740 10.7789299488 11.68598 37.868337 0.32347919 11.9416054823 37.350254598 0.49423095157 0.577714256767 9.78335528237 0
1743 10.9075291157 11.634663 37.834152 0.18688423 11.9691002469 36.9215360262 0.280040551091 0.971965116503 5.33746403347 0
1746 10.8340370655 11.546787 37.799316 0.059161186 11.8794052292 38.0029260877 0.0357167775143 0.389989684736 -1.34326565941 0
1749 10.8679351807 11.461332 37.784444 -0.088384018 12.3295696786 37.702348126 -0.121268399723 0.872110313596 -1.88413628461 0
1752 10.7709219456 11.353119 37.809133 -0.22428348 12.9294913779 37.1907194801 -0.184296480658 1.69333551178 2.29108629768 0
1755 10.9120371342 11.259101 37.929753 -0.36642208 12.326344483 38.0434074858 -0.25731395764 1.07327815321 6.25143492184 0
1758 10.7611610889 11.22919 38.083377 -0.50941267 13.2125258937 36.9629456741 -0.323232177243 2.27793494711 10.6673564626 0
1761 10.7403941154 11.185129 38.110347 -0.64618684 11.0262494067 37.4785134314 -0.372978852147 0.651503172303 15.6536646332 0
1764 10.7785880566 11.588805 37.741111 -0.76036767 11.2260575233 37.2815974351 -0.640512597415 0.585438680116 6.86718981234 0
1767 10.7733089924 13.063467 36.224873 -0.77289998 12.9739223227 36.8304731048 -0.780771501398 0.612184397222 -0.451004954443 0
1770 10.8128228188 14.493375 34.807156 -0.77803694 14.0150367423 35.3246107562 -0.743566822161 0.704675041084 1.97499227149 0
1773 11.0559849739 15.892318 33.28564 -0.77023756 15.6719130416 33.3212106689 -0.68712807254 0.223256843501 4.76182286894 0
1776 12.3159399033 17.405154 31.857105 -0.77891679 17.3836384629 32.0170230603 -0.727289434391 0.161358930123 2.95802958379 0
1779 11.2544720173 19.008966 30.381332 -0.78385491 18.8572149791 30.9283913676 -0.76709746746 0.567716763907 0.960130732994 0
1782 11.7207050323 20.517371 28.856906 -0.78454873 20.2354847943 29.1898844927 -0.742299636967 0.436273434373 2.42069471904 0
1785 11.0956799984 22.037399 27.308602 -0.78653789 21.6566996247 27.5755783885 -0.762125251985 0.46498215701 1.39874112505 0
1788 11.1600849628 23.470866 25.802264 -0.78746834 23.7075803652 25.8905311083 -0.766902716103 0.252635652861 1.17832345234 0
1791 11.1389091015 25.030138 24.239515 -0.79252133 24.8338560549 24.7703768969 -0.760571923457 0.565986709664 1.83056615289 0
1794 11.0161018372 26.508975 22.80392 -0.79210599 26.4802701222 23.0659390279 -0.766408752996 0.263586685961 1.47234322549 0
1797 10.980050087 27.961008 21.312251 -0.79564812 27.9742886729 21.7213707531 -0.756791039306 0.409335252152 2.22634672798 0
1800 11.2069659233 29.36401 19.750057 -0.78815021 29.2708603236 19.9891218208 -0.786939796578 0.256571336635 0.0693515805564 0
1803 10.920648098 31.016391 18.179875 -0.79578372 30.8878799317 19.0247531869 -0.780291892774 0.854595954424 0.887616317022 0
1806 10.95926404 32.405165 16.663972 -0.79079715 32.0458305596 17.2563628627 -0.778338719453 0.692855088976 0.713815489701 0
1809 10.971353054 33.875627 15.226881 -0.79213801 33.7760424851 15.7207362268 -0.797097234122 0.503795653677 -0.284142611828 0
1812 11.0170209408 34.400964 14.714584 -0.72873329 33.437209204 14.60400998 -0.753410362282 0.97007727565 -1.41389209249 0
1815 11.1298940182 34.541831 14.529671 -0.59347242 33.6935657826 14.5044223465 -0.669350645451 0.848640897841 -4.34750207528 0
1818 10.9990780354 34.648846 14.435796 -0.47955783 33.6972075997 15.0204301601 -0.504919286455 1.11687633425 -1.45310441716 0
1821 10.7832071781 34.668797 14.324629 -0.34405458 33.8083145646 14.8286627563 -0.370425037716 0.99723620525 -1.51091593096 0
1824 10.8985869884 34.864126 14.20779 -0.22615765 34.4538892327 15.4835611133 -0.261931603131 1.34010676394 -2.04969653093 0
1827 10.8610620499 35.017605 14.088235 -0.094353638 35.1790950645 15.3252956677 -0.132578745938 1.24755686707 -2.19013735627 0
1830 10.8479669094 36.599142 14.0692 -0.022879679 36.5382828071 14.9960080686 -0.0515943700677 0.928804089913 -1.6452306082 0
1833 11.0040128231 38.63985 14.009333 -0.014813302 38.4837414152 14.9265865006 -0.0328201952746 0.930442837939 -1.03171898678 0
1836 10.9714138508 40.768535 13.925491 -0.0089087199 40.2716855116 14.5007040894 -0.0451411686621 0.760085200725 -2.07596639549 0
1839 10.8936619759 42.905865 13.952369 -0.011506708 42.3780057163 14.9832980798 -0.0204869769499 1.15820990797 -0.514531509724 0
1842 10.9593839645 45.04117 13.838962 -0.010052037 44.9831885584 14.7542020111 -0.00472042089659 0.917074765437 0.305479100709 0
1845 10.7520928383 47.095509 13.764363 -0.008210261 46.367700488 15.0798097266 -0.0121630100905 1.50336466659 -0.22647584036 0
1848 10.8584082127 49.256947 13.750747 -0.012245698 48.2479342002 15.0062740195 -0.00461666648721 1.61073117772 0.437111307455 0
1851 10.7363669872 51.347189 13.680192 -0.017629817 50.793197697 15.0318929865 -0.0128221304194 1.46082234399 0.275460150289 0
1854 10.8073778152 53.510554 13.649042 -0.0075411209 52.6361593183 14.8051994531 0.0224323326141 1.44957446026 1.71735238379 0
1857 10.8299188614 55.608657 13.581194 -0.0077936973 54.7132831131 15.1679035269 0.00434813726087 1.821906013 0.695675875884 0
1860 10.7851109505 57.666716 13.591636 -0.01411162 56.8556728404 15.049682354 0.012656364799 1.6684394437 1.53369255505 0
1863 10.7978000641 59.905766 13.533857 -0.012519778 59.156875845 14.8400210509 0.00926334067255 1.50562312423 1.24808076457 0
1866 11.2177209854 62.027534 13.447994 -0.021676244 60.564096229 14.6581437003 -0.00805338533733 1.89897667355 0.780532306274 0
1869 10.7985930443 64.181261 13.371995 -0.025327169 63.1339309796 14.9627208088 -0.00699429419849 1.90454949277 1.05039635247 0
1872 10.9712440968 66.241252 13.310079 -0.024907545 65.4239516719 14.9834533096 -0.00881333554116 1.86230003125 0.922130276591 0
1875 10.9620130062 68.444119 13.24669 -0.026304862 66.7143415681 15.0853952062 -0.00346140531061 2.52447356874 1.30883365779 0
1878 11.1291530132 70.49734 13.123327 -0.017605166 69.4068823795 14.9681810756 0.00229349079277 2.14303158685 1.14010905221 0
1881 11.1694839001 72.634932 13.039101 -0.019360635 71.6234293943 14.8981673061 0.0101504255596 2.11642742654 1.69085921902 0
1884 10.8294391632 74.720419 12.994859 -0.019347658 73.6801679461 14.9157750023 -0.0107722948526 2.18450006706 0.491332116139 0
1887 10.787512064 76.914825 12.90632 -0.036038761 75.8724406619 15.0204736036 0.00426557413456 2.35716154897 2.30926829929 0
1890 10.9185168743 79.004774 12.78569 -0.032634565 77.9020094062 15.243128724 0.00579911490615 2.69352832392 2.20208764978 0
1893 10.995331049 81.177999 12.691712 -0.029848436 80.5335738703 15.1562616414 0.0153463256413 2.54740822852 2.58946909815 0
1896 10.8175280094 83.222919 12.597068 -0.02122413 81.9682012702 14.7309111157 -0.0120467326865 2.47539956855 0.525826132981 0
1899 11.0025529861 85.390174 12.538762 -0.021700441 84.4705061549 14.9142407428 0.0114423507039 2.54729036487 1.89894208591 0
1902 11.2638869286 87.449986 12.512039 -0.030894579 86.7518978405 14.8881321502 0.0175253209192 2.47651887476 2.77425590982 0
1905 10.8830761909 89.572355 12.414566 -0.034322832 88.20749482 15.0047834411 -0.00338869686549 2.92780971086 1.77239538609 0
1908 11.2765328884 91.713838 12.339838 -0.030338307 90.3541090792 14.8972317381 0.00361399382256 2.896398707 1.94532354189 0
1911 11.0592601299 93.866625 12.234111 -0.027880568 92.6299287969 15.0302991085 0.00270780037319 3.05746388973 1.75258440998 0
1914 10.908782959 96.027017 12.118277 -0.016096141 95.0142035638 15.0418717904 -0.000807205727981 3.0940584279 0.875991464335 0
1917 10.8989908695 98.003729 12.063433 -0.023465033 97.1524497751 14.9475656239 0.00742140566835 3.00714105272 1.76966257989 0
1920 10.9062321186 100.1865 11.996018 -0.023536261 99.208260247 14.9904335948 -0.00111332646797 3.15015519757 1.28473951298 0
1923 10.9470160007 102.26857 11.921444 -0.023061579 101.588952321 15.1701848621 0.02195322938 3.31906573891 2.57915853577 0
1926 10.9766631126 104.50291 11.810699 -0.022632517 104.076960938 14.9950721737 0.00137203224491 3.21273483392 1.37535936085 0
1929 11.5666749477 106.528 11.779433 -0.025937223 106.02732578 15.2647798001 0.00371900481174 3.52112439313 1.69917668989 0
1932 10.8861830235 108.61821 11.737233 -0.017267816 108.033681554 14.8312311084 0.0115593090023 3.14872955319 1.65167259813 0
1935 10.8991270065 110.65428 11.638117 -0.015586443 109.445788914 14.7703214299 0.0059587523834 3.35725413046 1.23444876425 0
1938 11.005012989 112.94226 11.558687 -0.011710616 111.579656386 14.9582674309 6.05911825916e-05 3.66249037063 0.674440491337 0
1941 10.9151089191 114.89636 11.528856 -0.01668203 113.786021723 14.9333829549 0.00490693382877 3.5810131074 1.23695651145 0
1944 10.9143152237 117.03777 11.494892 -0.018548407 116.31882295 15.0914737936 -0.00150741743549 3.66773573998 0.976376780773 0
1947 11.0423989296 119.07747 11.406331 -0.016261061 118.030991819 15.2110811507 -0.000515488113785 3.94604109099 0.902154872396 0
1950 11.1204078197 121.291 11.334615 -0.012126455 120.325590425 15.0928245686 -0.00162780942932 3.88022612868 0.601528081804 0
1953 10.9652750492 123.43737 11.229443 0.0013807468 122.754343506 15.0332562196 0.000660847908978 3.86465007488 -0.0412471681317 0
1956 10.9147489071 125.58554 11.258252 -0.0049853053 124.421091817 15.0338003885 0.00880325212254 3.95103849698 0.790026145885 0
1959 10.9361009598 127.50849 11.183265 -0.012828209 126.414546476 15.0759930901 0.00312872443221 4.04351881623 0.914264939637 0
1962 10.9082579613 130.28779 11.390648 -0.01314096 128.713395624 15.0972469756 0.00226051574404 4.02710735122 0.882439558406 0
1965 11.0506911278 132.78769 11.256475 0.0084755214 131.114715083 14.960923916 0.00765670771851 4.06470009286 -0.0469145681572 0
1968 11.0041110516 125.9239 10.596074 0.27888777 132.643398125 15.0203474054 0.00467819079183 8.04523773514 -15.7110515907 0
1971 10.9586069584 93.936275 13.265891 0.84250578 133.33396922 15.1607241977 -0.0018299487708 39.4432339278 -48.3768737507 0
1974 11.140640974 59.212281 6.4432491 1.3602712 133.452368028 15.69724997 0.0155750557453 74.8146179167 -77.0454137933 0
1977 10.8070619106 41.747696 3.5851691 1.5088422 139.136033739 13.4398334962 0.0165804791807 97.8856615543 -85.5002985319 0
1980 10.8363809586 40.889782 2.6549702 1.6071612 61.5026230054 104.441747588 1.77762067437 103.852959829 9.76660845944 0
1983 10.8556489944 40.408125 3.8011614 1.6070032 36.6982231052 96.4797532627 2.78259074334 92.7528153844 67.3562046815 0
1986 10.8042168617 40.388712 5.5337894 1.5172855 127.306129867 59.9179508727 -1.35629113673 102.529383826 -164.643813392 0
1989 11.1478490829 40.44034 7.6724587 1.5542124 37.8422896022 88.8950286329 0.0131882137394 81.2641109739 -88.2941820003 0
1992 10.842607975 40.554207 9.7439313 1.5604739 84.3011366151 88.5736337592 1.77060757411 90.154954609 12.03977266 0
1995 11.1452641487 40.580821 11.876658 1.5652859 35.5378836886 83.6979588918 -1.64577795787 71.9981282987 176.019593197 0
1998 10.8568658829 40.665042 14.024391 1.567666 113.230421965 67.1023050107 -1.16548753245 89.9055021966 -156.598162171 0
2001 10.884939909 40.771617 16.174621 1.5548315 105.21159837 62.4267116436 3.13240589625 79.3206599058 90.388354773 0
2004 10.8397769928 40.847233 18.25792 1.5551713 56.7610583992 80.0346348174 -0.132386437698 63.7935132475 -96.6899360547 0
2007 10.7769529819 40.88758 20.352438 1.5597309 58.6138253177 77.3827815325 -0.302827640809 59.7216866515 -106.716743484 0
2010 10.9146509171 40.971014 22.508388 1.5678505 60.9734314072 77.0880245415 -0.313612877993 58.1294540413 -107.799910867 0
2013 11.4162590504 41.044823 24.54743 1.5705547 109.228630277 124.984668595 0.187125881776 121.39468881 -79.264632541 0
2016 10.8522830009 41.105608 26.696222 1.5717508 38.5443164292 26.146073541 1.65973745483 2.61970949488 5.04126397498 0
2019 10.7595500946 41.160404 28.869777 1.5672714 108.647327067 84.7719117511 1.81748122738 87.6329473133 14.3359671014 0
2022 10.8318459988 41.204205 31.003136 1.5608691 39.1409507652 30.9217684427 1.5337769228 2.06485803793 -1.55226741127 0
2025 10.7447469234 41.244227 33.116661 1.5660557 39.0492221228 33.2572147551 1.57619738764 2.19950034527 0.581075898786 0
2028 10.798432827 41.277887 35.228156 1.5643441 38.8515041892 34.992951984 1.57615076197 2.4377560324 0.67647190094 0
2031 10.7789540291 41.31792 37.33529 1.5797774 39.199734728 37.0533687353 1.59536651804 2.13686416183 0.893190669945 0
2034 10.7906579971 41.419072 39.474789 1.5713492 38.7519897624 39.4852976306 1.55527212751 2.66710294017 -0.921148400551 0
2037 10.8147120476 41.429937 41.518923 1.5745722 38.5416551271 42.0286289158 1.52669545171 2.93291191441 -2.74313561378 0
2040 10.9328410625 41.494048 43.684079 1.5737379 38.8830003359 42.9705835044 1.57712089438 2.70677773863 0.193831300055 0
2043 10.9200479984 41.508319 45.798644 1.5762653 38.9694504508 45.4250383754 1.58160166602 2.56621017704 0.305751250707 0
2046 10.9600789547 41.512588 47.943477 1.5772604 38.8997042436 47.8896809806 1.55921522142 2.61343749417 -1.033912573 0
2049 10.8483119011 41.583607 50.107906 1.5744728 39.0006256847 49.9516136113 1.57005174766 2.58770550602 -0.253307639977 0
2052 11.135833025 41.632502 52.265699 1.5728612 39.0195510135 51.9226547255 1.56992587066 2.63537326238 -0.168181982864 0
2055 10.7484068871 41.660201 54.305408 1.5732479 39.0545536171 54.084073648 1.56116058487 2.61503100929 -0.692552142507 0
2058 10.7743010521 41.689009 56.508616 1.5685378 39.0031198802 56.6856805213 1.56562809439 2.69171919201 -0.166713851331 0
2061 10.8521370888 41.794127 58.57462 1.5657057 39.1695394826 58.2469528798 1.58260790377 2.64496226404 0.96842494041 0
2064 10.8683669567 41.856016 60.76704 1.5641567 39.1154388458 60.4886063885 1.58380122061 2.75468481209 1.12554812138 0
2067 10.8512809277 41.858156 62.785084 1.5639758 38.9574504197 62.7162433285 1.57631895903 2.90152234205 0.707210918378 0
2070 10.7568769455 41.958088 65.023529 1.5767642 39.0401309109 64.410332279 1.58589866653 2.98169143152 0.523366380011 0
2073 10.9036271572 41.99726 67.044355 1.5737097 38.9172246459 66.4353574026 1.57893702213 3.13966492741 0.299503496487 0
2076 10.7678580284 42.044947 69.102812 1.5759217 39.1172394023 68.8602682179 1.58188084799 2.93773709922 0.341434029557 0
2079 10.7983281612 42.097902 71.261122 1.5727544 38.4258891897 71.1449362019 1.58919581446 3.67385046217 0.942023657653 0
2082 11.1472921371 42.114798 73.459441 1.5684742 38.7268351393 72.8083839993 1.5868536993 3.44995182049 1.05306773929 0
2085 10.9853270054 42.172982 75.545483 1.5804547 39.0947517453 75.3547548226 1.56505016669 3.08413338534 -0.882614743792 0
2088 10.9164500237 42.213453 77.648417 1.5799022 38.9469655847 77.7978771198 1.58025627566 3.26990494693 0.0202870407806 0
2091 10.8046820164 42.308345 79.80823 1.5843424 38.7474383755 79.9336951193 1.5857370484 3.56311626036 0.0799074673099 0
2094 10.9206449986 42.259747 81.948131 1.5870316 38.9549901062 82.2564966508 1.58081975327 3.31911245696 -0.355912600616 0
2097 10.8284790516 42.325886 84.065588 1.5841531 38.8590302617 84.3216606661 1.58051696716 3.47630003314 -0.208335065452 0
2100 10.7551059723 42.338042 86.100283 1.5789413 38.6853805239 85.9802735813 1.6068712747 3.65463241918 1.60026967244 0
