3 1.40171694756 72.513547 45.80148 1.6808269 98.2438279404 83.4436544638 0.310621571402 45.5958403326 -78.506982395 0
6 1.40178704262 72.505015 45.806851 1.6805552 102.436539257 57.3558588607 -2.0144360589 32.0823273299 148.292595527 0
9 1.4558339119 72.51553 45.801787 1.6811119 63.1886709331 110.721999122 -1.0843712723 65.586768803 -158.450514087 0
12 1.42782306671 72.511327 45.798497 1.6805172 87.1864237511 128.286794055 -3.06672627412 83.7835163726 88.0029846117 0
15 1.4487760067 72.518426 45.80176 1.6806948 31.8263473344 73.3812114588 1.08652663745 49.1576180149 -34.0433280354 0
18 1.44758105278 72.509508 45.806599 1.6825332 49.053297515 108.564059141 0.227720271812 66.9977060325 -83.3546407663 0
21 1.41462612152 72.510969 45.800989 1.6811293 11.9002955804 41.3003992093 -0.511332108425 60.7775373048 -125.618785448 0
24 1.4251408577 72.522343 45.818169 1.6838228 29.8324638465 94.7077586016 1.7125687418 64.9046820619 1.647021143 0
27 1.44793796539 72.508499 45.799812 1.6808804 80.5018417088 124.495367833 1.32349477309 79.1004679856 -20.4766880807 0
30 1.43376517296 72.523901 45.815543 1.6832165 38.9389928811 91.7737851748 2.62677470855 56.9219296682 54.0619030746 0
33 1.43813896179 72.511009 45.802779 1.6808191 113.519858312 62.1708313607 -2.45773798448 44.1547150366 122.878145785 0
36 1.433852911 72.527172 45.853315 1.6851825 52.1479786908 97.4225868371 2.25374896095 55.4499893394 32.5764585852 0
39 1.42867684364 72.188088 49.017093 1.6798669 30.9498289279 95.5640141078 -2.56230598703 62.186894728 116.941397608 0
42 1.45027494431 71.804616 53.279503 1.6643548 108.749948172 78.0080767441 2.86671120583 44.4573945338 68.8899475244 0
45 1.41694498062 71.568933 57.324136 1.642571 107.971097392 80.2103498876 1.54065148328 42.9987948495 -5.83955815782 0
48 1.40021300316 71.37336 61.652431 1.6431927 44.5421856537 93.6283135327 0.631857744487 41.7416935515 -57.9452246249 0
51 1.41149497032 71.165072 65.844712 1.6344026 50.6996430256 94.1872332756 -0.899625833047 34.959008787 -145.18913438 0
54 1.41337800026 70.960331 70.343426 1.6128178 95.009449958 65.4799313185 -1.83021152017 24.535967541 162.728951214 0
57 1.41184210777 70.885213 74.631613 1.6236159 42.618330185 71.5888511457 -1.73472293545 28.4301787504 167.581358554 0
60 1.40963983536 70.832043 79.069602 1.6124517 31.9854044999 15.6174190984 -1.39912749383 74.399199174 -172.550777476 0
63 1.40409612656 70.841819 83.283634 1.5826474 54.2320425587 44.5818098137 -1.11024550395 42.1155062748 -154.291398077 0
66 1.41240596771 70.897044 87.066595 1.5142468 77.5991078872 69.1184051968 -0.280987558796 19.1586841291 -102.859351996 0
69 1.41058921814 70.898205 87.488163 1.2381173 55.9596643213 81.4243758429 1.09063899363 16.1223296176 -8.44988452495 0
72 1.41868305206 70.648486 87.373684 0.94938085 98.1968469384 50.0951671544 -2.89496254633 46.3529935236 139.735348391 0
75 1.40452504158 70.490448 87.162959 0.64684814 17.4464045176 51.0254085636 -2.0308092605 64.1840564354 -153.418468031 0
78 1.41488194466 73.090524 88.460194 0.4660111 96.2792763938 88.9715208651 2.01470172775 23.1943892514 88.7334367414 0
81 1.41885709763 76.750616 90.291223 0.4640309 112.834081806 41.3912397593 1.75654077388 60.7719085227 74.0553607524 0
84 1.40916490555 80.704264 92.172539 0.45240664 138.453930783 11.776765884 -1.40765819462 98.9873948967 -106.573864644 0
87 1.4142510891 84.637734 93.972859 0.42386385 58.8789317126 103.416393882 -2.33732325632 27.4353102107 -158.204367638 0
90 1.41969180107 88.678811 95.730817 0.41656148 26.5241891552 44.4869651163 1.79943768962 80.5551325028 79.2329704003 0
93 1.41793298721 92.647535 97.41769 0.40779386 82.1682307886 106.608941965 -0.227956689576 13.9389716066 -36.4258233138 0
96 1.41173291206 96.759828 99.128022 0.39320766 103.205117741 112.902209602 -0.69731051365 15.2075640369 -62.4820888325 0
99 1.40940308571 100.07577 100.58602 0.32958371 65.7659088323 40.4720731519 -2.50419876154 69.2159893305 -162.363775678 0
102 1.42070102692 100.12714 100.52966 0.1390585 39.1791118574 125.210415361 -0.855617147694 65.7556219624 -56.9907165973 0
105 1.41058015823 100.08551 100.52401 -0.14356162 102.755094547 57.9681863262 -1.6524185543 42.6394747882 -86.4511342245 0
108 1.41318511963 99.772178 100.71077 -0.40700642 128.115789161 72.3449302282 -1.3802998592 40.0996403927 -55.765606294 0
111 1.40446090698 99.760338 100.7618 -0.66729138 126.099912539 74.3159086069 -2.09971611226 37.3250366173 -82.0718916289 0
114 1.40185689926 99.638101 100.95548 -0.8821311 85.025835849 106.269506358 -3.07085941497 15.5485423427 -125.404894949 0
117 1.41686201096 99.549051 101.11221 -1.1251977 97.0917568257 41.3600407922 -1.82466136832 59.8026756901 -40.0763161173 0
120 1.42493605614 100.80276 98.46873 -1.1938854 117.193747523 98.0274131838 -0.61822839452 16.396927533 32.9827168612 0
123 1.41914892197 102.35582 94.496879 -1.1822805 61.7402021196 100.598767424 0.418339982281 41.0714189936 91.7087982369 0
126 1.4106991291 103.84912 90.431736 -1.1842505 84.9236527609 83.4621872701 2.43280721945 20.1679924563 -152.757858421 0
129 1.41659903526 105.46668 86.336829 -1.1831903 33.3347281098 87.9856464965 -1.95215054754 72.1507940541 -44.0581767973 0
132 1.42406892776 106.96067 82.891423 -1.1821311 81.6933512691 128.468024754 1.48979390029 52.1120333828 153.090025692 0
135 1.4167277813 108.13488 79.987125 -1.1809983 33.0401404995 76.6763731465 1.52329191316 75.1676857332 154.944415792 0
138 1.41887688637 109.11096 77.465416 -1.174964 36.0218615187 85.8497803987 -1.02805779281 73.5684299355 8.41710565599 0
141 1.41465806961 110.00241 75.115832 -1.1797573 39.260054658 93.4303177528 -1.49255226727 73.0746277974 -17.9218314776 0
144 1.42072701454 110.9669 72.896666 -1.1819268 36.0362351989 88.408896805 -0.512843376114 76.5194996853 38.3356563308 0
147 1.41041588783 111.79529 70.750926 -1.1680053 96.9692371511 54.2137691082 -2.53601276969 22.210119341 -78.3810543557 0
150 1.4213180542 112.62755 68.634671 -1.166408 108.255519401 72.5314560892 -1.31390559613 5.85658480588 -8.45098974658 0
153 1.42189097404 113.50263 66.493746 -1.1746568 111.47044077 68.1071278529 -1.20170760561 2.59476281578 -1.54989699375 0
156 1.42017102242 114.39844 64.423702 -1.1690506 111.61866185 70.1152304676 -1.08726282563 6.3340873739 4.6860942869 0
159 1.42919802666 114.9392 62.935672 -1.1627449 115.47188776 66.5982276755 -1.00210265921 3.7010904239 9.20412240904 0
162 1.41562509537 115.58582 61.52951 -1.1720902 114.408142735 66.5596224538 -1.20915375905 5.16613540641 -2.12358550722 0
165 1.40794491768 116.16312 60.165609 -1.1710096 112.350292477 63.2386609454 -1.09065021948 4.89707075465 4.60425334794 0
168 1.41987705231 116.71267 58.758483 -1.1690165 114.990445964 63.3629097246 -1.11576532115 4.91597407366 3.05106780217 0
171 1.42030501366 117.29804 57.404001 -1.1730259 114.827729689 63.4596818833 -1.08820804862 6.54016085372 4.85970491132 0
174 1.42356300354 117.3062 57.346669 -1.1782941 114.106447759 59.6530597638 -0.924077043436 3.94434440211 14.5655644213 0
177 1.41945695877 117.30973 57.394113 -1.1925087 114.501142643 58.6849530873 -0.775054049013 3.09102427604 23.9183896396 0
180 1.42836904526 117.3509 57.478875 -1.2542253 112.804773283 61.1843366609 -1.14950719148 5.86495645736 5.99990565664 0
183 1.42049503326 117.31554 57.561663 -1.3141336 114.535017079 59.6325015412 -1.29736301382 3.46694101147 0.960883808059 0
186 1.42202711105 117.31761 57.625945 -1.389572 115.740670421 63.8979097949 -1.22074669726 6.46716945992 9.67297732177 0
189 1.41147780418 117.34247 57.653648 -1.4539696 114.763703656 63.7056588638 -1.48347220716 6.57851589283 -1.69037487482 0
192 1.42842793465 117.36058 57.739095 -1.5147103 63.5339295886 104.11170486 -0.0617142651518 71.0473591327 83.250540446 0
195 1.41261482239 117.34118 57.80351 -1.5718326 56.3639187821 102.929825444 -0.0355832009495 75.8591506092 88.0206068451 0
198 1.40986704826 117.32521 57.826191 -1.6475747 115.476316392 67.9921068695 -1.60530578444 10.3326788898 2.42183046616 0
201 1.41534090042 117.28663 57.948056 -1.7072698 115.747064672 71.3788405376 -1.53328899282 13.5187364311 9.96836596784 0
204 1.41741490364 117.37131 58.006137 -1.7818651 57.9111051403 106.749787343 -0.342404296205 76.8860157034 82.475028832 0
207 1.4073870182 117.40314 57.989067 -1.8555926 57.3822376265 107.12624494 -0.579728746228 77.5691367598 73.1016140544 0
210 1.41437888145 117.02719 57.008887 -1.8977403 61.0503586998 108.385167707 -0.726486323556 75.9797858754 67.1079095882 0
213 1.40932893753 116.38504 55.250118 -1.9095407 65.2932824679 104.289099875 1.85349671268 70.8180021681 -144.393838103 0
216 1.41783595085 115.67443 53.450651 -1.9075572 59.9057951822 102.154389939 -0.732765222857 74.0418450345 67.3106220961 0
219 1.41284012794 115.02136 51.574537 -1.9165104 112.634684218 58.2072562125 -1.98218598326 7.04905564183 -3.76293373784 0
222 1.42277193069 114.35753 49.684701 -1.9233127 64.8410703914 98.360217004 -0.0228754963091 69.4347580857 108.887031001 0
225 1.40882611275 113.59486 47.870819 -1.9110101 112.789364196 50.1918994527 -1.9918558774 2.45687564982 -4.63212183636 0
228 1.41473698616 112.87829 45.986656 -1.9118326 112.350847537 48.6512723197 -1.96721625422 2.71631656539 -3.17324964105 0
231 1.41001605988 112.17059 44.128463 -1.9122248 78.5642286249 100.099680116 -0.759789062105 65.2852561479 66.0297039415 0
234 1.42039299011 111.43202 42.277019 -1.9027456 82.0236813952 48.5576014292 -1.26903657093 30.0715163426 36.3088528051 0
237 1.41439795494 110.82393 40.37458 -1.9174412 80.7313898075 97.2908127668 -0.755128963673 64.3818182999 66.5955856179 0
240 1.41464209557 110.14399 38.567468 -1.912432 81.9622455742 44.5938598534 -2.75058398478 28.8188847399 -48.0225713184 0
243 1.41452503204 109.42625 36.696167 -1.9074722 111.173959628 38.0162085834 -1.68828921189 2.19020517877 12.5582601596 0
246 1.41814804077 108.96452 35.308972 -1.917648 111.42564979 39.0510640159 -1.94950463568 4.47888518493 -1.82525077388 0
249 1.41692900658 108.91335 35.330429 -1.9171391 109.983225861 36.1421380215 -1.84552353255 1.34294672031 4.10326976212 0
252 1.41974902153 108.9585 35.348205 -1.9450374 107.539085512 38.7276002633 -2.05029290006 3.66538535978 -6.0306959239 0
255 1.40749812126 108.97674 35.368834 -2.0165302 110.566193694 37.2822765346 -2.08164976298 2.4874937947 -3.7310761225 0
258 1.42185997963 108.99865 35.397074 -2.0803106 109.069498005 36.2193645133 -2.11796305449 0.825336978501 -2.15732673031 0
261 1.41573405266 109.05048 35.474836 -2.159245 105.585562996 37.8443302872 -1.99990950662 4.19763659921 9.12925129747 0
264 1.4209189415 109.09365 35.518169 -2.2238592 108.23910588 37.4559646722 -2.24371229157 2.11785214778 -1.13749835706 0
267 1.41136598587 109.14301 35.568827 -2.2920109 106.680434437 38.4629499833 -1.94239531803 3.80002976907 20.0314972989 0
270 1.43062877655 109.24021 35.586114 -2.3597618 40.8718190418 95.6229447801 -2.29478301637 90.9871305863 3.72301005997 0
273 1.4174489975 109.32691 35.57971 -2.4292889 105.517723082 37.5671992073 -2.48463924723 4.29651234408 -3.1713412907 0
276 1.42352890968 109.34422 35.612178 -2.4970016 82.6207841696 90.2422199322 -1.64166731878 60.8159806638 49.0070443867 0
279 1.42692112923 109.45255 35.562283 -2.5751384 32.0442664302 91.9013166521 2.48069395689 95.7399032696 -70.3221440244 0
282 1.42078590393 109.51035 35.610832 -2.6455993 105.815278787 36.9149681912 -2.3472057151 3.91845919629 17.0966930484 0
285 1.42614793777 109.52669 35.619453 -2.7060079 107.47431353 36.5223345969 -2.39079996071 2.24219632343 18.0600845902 0
288 1.42931580544 109.56751 35.667144 -2.7779359 32.2037437629 89.9598969021 -1.90853881601 94.513783884 49.8127836334 0
291 1.43547606468 109.58407 35.725569 -2.8421247 56.0236778148 104.508797017 -0.264485969207 87.1771074737 147.687820384 0
294 1.41283488274 109.62066 35.728072 -2.9074408 85.6471063737 87.0681362573 -2.22164247777 56.6615696165 39.2933494612 0
297 1.41387581825 108.40689 35.538158 -2.9474042 61.1785244895 112.276997188 -2.4461196078 90.1075354717 28.7214914678 0
300 1.40471482277 106.63579 35.154474 -2.9731605 39.7303699424 87.33627561 2.56266613645 84.8485453756 -42.8204976151 0
303 1.40829491615 104.74277 34.838538 -2.9724974 36.3154183891 82.6759098565 -0.884444654323 83.490817427 119.636609728 0
306 1.40765690804 102.71686 34.507066 -2.970186 62.6624842214 106.705253127 -2.05636998339 82.5647094313 52.3578010032 0
309 1.42663288116 100.87602 34.149296 -2.9774562 62.7292665124 104.257254698 -0.585433675965 79.8141633703 137.052795127 0
312 1.4142780304 98.917573 33.856952 -2.9648121 62.4043337891 102.986129268 -2.81008719627 78.1796635153 8.86508396916 0
315 1.41781616211 96.872255 33.519705 -2.9713846 31.3324522234 93.2264447753 3.0415987345 88.6586742659 -15.4814326505 0
318 1.41084909439 94.700759 33.157106 -2.9752463 65.0617403184 108.210885727 0.850138140246 80.6941217169 -140.821616559 0
321 1.41615915298 92.656194 32.878926 -2.9695623 59.00466787 100.806851696 -2.68361528657 75.8065188501 16.3835570338 0
324 1.41994309425 90.628889 32.525228 -2.9736018 88.670325523 129.897444519 -0.600294870873 97.3919119878 135.980470528 0
327 1.41549301147 88.510396 32.191288 -2.9695852 127.262205562 51.4269439696 1.24494218211 43.2633009015 -118.525368363 0
330 1.41741108894 87.334812 32.006658 -2.9896435 75.0572000534 76.0817406203 -2.18091244909 45.7531710715 46.3368759782 0
333 1.42073011398 87.328365 31.983283 -3.0015998 24.4240499443 78.6206679954 -1.93155016479 78.3070784274 61.3093279668 0
336 1.42614912987 87.328448 32.00285 -3.0442403 70.9820795983 75.9514745665 -2.24151659596 46.8901414075 45.9926803564 0
339 1.42207193375 87.480424 31.977098 -3.121648 88.4288670454 111.378325853 -1.91142677095 79.4068921996 69.3405687014 0
342 1.42411708832 87.509332 32.088761 3.0972389 43.7280000396 75.0491475838 -0.829129679602 61.338404313 135.035651576 0
345 1.42046189308 87.537767 32.004513 3.0032565 46.0757811876 108.617320823 1.76375539061 87.1126775509 -71.0181822697 0
348 1.41550207138 87.588829 31.971963 2.902116 43.0859339745 69.0969709368 -1.2403914587 57.9549297295 122.651806015 0
351 1.41964697838 87.696053 31.883789 2.7788249 97.4991762683 40.6161872867 0.35616219613 13.1284426209 -138.808348115 0
354 1.42389583588 87.777704 31.698119 2.6376296 88.1040200587 60.2644530558 2.33688047372 28.5681977653 -17.2316556282 0
357 1.42135691643 87.896098 31.65995 2.4917922 45.9863997686 73.0115746509 -1.70613097855 58.8759685026 119.476719149 0
360 1.42952299118 87.958395 31.594625 2.366513 50.2098947692 94.389453742 0.569255034375 73.2675902866 -102.975296127 0
363 1.48254799843 87.964094 31.460561 2.2184109 42.5591070402 68.2287207947 -1.80638183829 58.425254946 129.396362681 0
366 2.74621391296 87.708527 31.831987 2.1125682 39.5685412757 70.1975847342 -1.94321976133 61.557918378 127.620467216 0
369 1.46317505836 86.721318 33.612273 2.0920166 101.917470229 45.2377190869 2.04989854559 19.1330614193 -2.41318675917 0
372 1.40614295006 85.724716 35.405361 2.0873093 102.051452497 89.938503 1.55749345382 56.9247389192 -30.3562119055 0
375 1.57027506828 84.755772 37.248267 2.0862059 20.0218266487 77.937826079 -2.63234078041 76.4599496389 89.6471897772 0
378 1.50294399261 83.690185 39.149374 2.0868314 83.123828251 83.1073201618 -2.33289602792 43.9615944972 106.768271782 0
381 1.44103097916 82.666747 40.97523 2.090975 98.2360061954 50.0484240171 2.50408943095 18.0201188 23.6697133492 0
384 1.44452404976 81.635815 42.877142 2.0910396 31.5586259897 83.7462338615 1.84803413426 64.6375086831 -13.9231875857 0
387 1.41455411911 80.624097 44.699122 2.0805048 103.997666666 82.2062788119 1.6041929669 44.194010579 -27.290657769 0
390 1.42501091957 79.602515 46.546403 2.0762437 38.0565088364 99.2175916497 0.409687132822 67.0844597647 -95.4866576191 0
393 1.42998886108 78.599692 48.40129 2.0808805 37.8587025177 84.4629486963 1.54700349758 54.4083766706 -30.5888990175 0
396 1.47233390808 77.532669 50.298142 2.0919608 36.1629056454 94.9896462062 -2.1213997439 60.8998182939 118.592223268 0
399 1.42599606514 76.53881 52.074716 2.0854653 108.265322475 75.3565089294 -2.67532663874 39.3524265561 87.2267147701 0
402 1.42204189301 75.533974 53.92833 2.0838411 27.1955046252 79.0447076907 -2.01657970547 54.4742145404 125.063193619 0
405 1.41327309608 74.451304 55.860797 2.0823704 118.821232686 141.064499539 2.69763453472 96.0643612267 35.2520382052 0
408 1.42620396614 73.464188 57.689364 2.0801622 59.5847637316 82.9262013362 1.40071942589 28.801673159 -38.9292033769 0
411 1.41460800171 72.461178 59.521835 2.0808323 93.7620871888 40.6752225963 1.76344568959 28.4415810279 -18.1849132505 0
414 1.42112898827 71.469371 61.42577 2.0898858 24.0144229638 71.8019439705 -2.19070943949 48.576095761 114.739958974 0
417 1.45345687866 70.386885 63.322712 2.0827703 114.02679973 82.3545197443 -3.13029321448 47.6093673943 61.3134622867 0
420 1.46663594246 69.38246 65.186025 2.0922796 109.1085112 94.5952187114 2.08117270944 49.4273185462 -0.636377952636 0
423 1.42876505852 68.400253 67.014087 2.0893798 60.7393319812 97.0865598979 0.272795684716 31.0329395489 -104.082602936 0
426 1.45333099365 67.30799 68.901204 2.089526 11.1165700897 54.5421164537 2.40079503639 57.9970608454 17.8344020783 0
429 1.53651785851 66.315197 70.741557 2.0869248 93.8060276702 117.138817561 -0.225207846163 53.9300617329 -132.4754423 0
432 1.93020701408 65.281228 72.464006 2.0745737 40.6309112797 47.3096778768 -1.0943851097 35.2190053485 178.432034753 0
435 1.73215603828 64.283593 74.421326 2.0918621 94.8320663563 46.8692425314 1.97967518786 41.1378964929 -6.42783658209 0
438 1.43655610085 63.28447 76.191493 2.091939 59.6987093145 75.2818303314 2.15593094712 3.69934668072 3.66646849301 0
441 1.43505096436 62.204887 78.125252 2.0893553 129.865204211 64.897340136 -0.169672340782 68.941251638 -129.43274962 0
444 1.41170907021 61.273659 79.948227 2.0960183 59.9593618431 81.6421740624 2.96793153533 2.14402277667 49.9569484863 0
447 1.4239051342 60.19879 81.787566 2.089809 60.5267509817 81.0192839757 2.2612135612 0.835353622364 9.8207579459 0
450 1.45194005966 59.161438 83.629466 2.0974137 58.0580630661 81.815312867 2.13625287844 2.12334355083 2.22532100434 0
453 1.52719306946 58.11891 85.485673 2.0964985 57.1282005457 85.3780889765 2.09467752402 0.996533765112 -0.104334238198 0
456 1.50087308884 57.036783 87.336936 2.0992423 55.863452171 87.5644067608 2.16827928562 1.19517705022 3.95552790642 0
459 1.48032808304 56.357629 88.602308 2.124456 55.4539654866 89.4297111099 2.03988092534 1.22523616159 -4.84579482977 0
462 1.55641412735 56.200217 88.720884 2.2094598 55.5385867719 88.4898390655 2.28796969642 0.700811187442 4.49828571465 0
465 1.4608271122 56.199637 89.07416 2.3631742 53.9169088226 92.5964851932 2.27719107383 4.19733519019 -4.92647023904 0
468 2.0245859623 56.109511 89.161307 2.4869631 53.1548905506 87.7900913162 2.48704406062 3.25730171334 0.00463870182284 0
471 1.41689705849 56.023191 89.233423 2.608836 52.0058118161 89.0820487733 2.52747028679 4.02023005108 -4.66191196402 0
474 1.41480398178 54.873312 89.789936 2.6823278 52.806100663 90.2807659769 2.62979044211 2.1246827476 -3.01016887374 0
477 1.42530202866 52.997249 90.667048 2.6986067 49.4091262518 92.0562401841 2.81652932466 3.84765900005 6.75646870196 0
480 1.45000100136 51.122563 91.609157 2.7018871 48.1254521049 89.7743475037 2.74041180885 3.51414279806 2.20730322423 0
483 1.5425798893 49.137432 92.566213 2.7007601 48.9540527594 91.9748286202 2.73540305578 0.619163492631 1.98489515621 0
486 1.43699717522 47.308569 93.452781 2.7003868 45.548737706 93.5337335022 2.96442100934 1.76169222366 15.1280458425 0
489 1.45196008682 45.360782 94.336008 2.7008969 42.5493277364 92.120660053 2.646515306 3.57939123352 -3.11583581931 0
492 1.48478198051 43.468079 95.251019 2.7064338 43.0088359493 94.8204650276 2.79186963936 0.629508461285 4.89511301476 0
495 1.49576497078 41.590918 96.131677 2.7064065 44.3581210779 95.2746365063 2.74111211329 2.89688302873 1.98848516712 0
498 1.46474885941 39.606214 97.06058 2.704478 36.8214605116 95.4040316467 2.8028706246 3.24021672705 5.63748212502 0
501 1.49121999741 37.718719 97.944153 2.696243 33.3404337272 95.4300330622 2.93880937363 5.04878014892 13.8980294606 0
504 1.48797011375 35.769603 98.891663 2.7044976 32.7805988733 96.8354765961 2.75092391928 3.62795372041 2.66003215323 0
507 1.46759200096 33.862509 99.822852 2.7013631 33.468357736 98.4364256917 2.7703596982 1.44136502223 3.95321387755 0
510 1.42928886414 31.979521 100.73965 2.7066945 32.5864955933 100.346485663 2.64515685497 0.723184867857 -3.52584734167 0
513 1.44914412498 30.015598 101.64307 2.7044148 27.6220439378 100.051727895 2.65965036003 2.87427742988 -2.56481348275 0
516 1.46036911011 28.083667 102.5122 2.7038251 24.8790592805 99.5586718524 2.76202952559 4.35807746082 3.33486793532 0
519 1.47507405281 26.231599 103.44351 2.6987262 22.6105216659 103.157958515 2.71631402234 3.63231891636 1.00770799116 0
522 1.48128604889 24.326425 104.3449 2.7056645 21.4695040145 104.520753799 2.72637316407 2.86232808676 1.18651905071 0
525 1.46527099609 23.072168 104.95788 2.6888385 18.1027639314 105.385235784 2.62785677546 4.98774596015 -3.49399544335 0
528 1.42211794853 23.059574 104.94595 2.6093304 17.708079756 103.986473831 2.53099226526 5.43682675481 -4.48844449556 0
531 1.4228618145 23.148655 105.02795 2.4881616 18.8799468596 104.985777183 2.45398843654 4.26891645909 -1.95797803884 0
534 1.42068099976 23.15609 104.97342 2.3614352 17.1524155327 104.873184019 2.29593764966 6.00451116749 -3.75273320269 0
537 1.4240128994 23.189116 104.80794 2.2179164 19.5335721931 103.558194034 2.24734963254 3.86327134722 1.68640000178 0
540 1.41387414932 23.170444 104.45908 2.0515088 19.3422833143 104.709025167 2.1439373996 3.83631161686 5.29576866343 0
543 1.41982579231 23.203193 104.36781 1.9241471 20.0066221286 100.501661777 2.01858242589 5.01648955138 5.41074561072 0
546 1.41139698029 23.268475 104.40083 1.8086424 19.7447876372 102.79195999 1.79847875659 3.87360753543 -0.582333871981 0
549 1.41960883141 23.269141 104.3114 1.6661585 19.1297546904 104.987336628 1.70420832366 4.19421140914 2.1800943071 0
552 1.42724204063 23.273746 104.22596 1.531085 19.5451860114 106.073992603 1.52834115745 4.16141611595 -0.157210597734 0
555 1.44443798065 23.201513 103.9692 1.3630267 19.3510774536 104.756335665 1.25453176867 3.93006825018 -6.21630166354 0
558 1.47179794312 23.573375 105.47089 1.3112874 19.3278932444 106.977086708 1.39928047566 4.50474681434 5.04163186167 0
561 1.45721507072 24.091257 107.45193 1.3021436 19.3358744192 107.838362661 1.414292722 4.77105792159 6.42567136675 0
564 1.55631899834 24.69734 109.54228 1.2971878 19.7645268916 115.647362927 1.39235307007 7.84886505892 5.45256833101 0
567 1.4851629734 25.24514 111.62222 1.291934 21.7302749603 111.822849997 1.38302218073 3.52058640613 5.21896831961 0
570 1.51537013054 25.838263 113.71051 1.2925571 23.7386912172 115.154112292 1.27493316595 2.54797748199 -1.00977703971 0
573 1.55450105667 26.485855 115.66064 1.2984976 22.6584306713 115.780352042 1.33625608983 3.82929601429 2.16340210821 0
576 1.55525302887 26.666562 116.70228 1.2516028 21.2706858268 119.220789436 1.22564302209 5.95469306143 -1.48738571129 0
579 1.49235606194 26.671044 116.66524 1.1445574 22.0031857354 116.123137807 1.08053323487 4.69923138037 -3.66831444873 0
582 1.41075396538 26.68282 116.71548 1.0360889 22.4041220961 116.267816117 0.954935560321 4.30205284775 -4.649743857 0
585 1.44829893112 26.598988 116.54426 0.86252405 22.8401600069 115.503538767 0.838641795965 3.90024211631 -1.36835236146 0
588 1.41532111168 26.490987 116.49462 0.72378221 20.4065653741 115.807317953 0.738365262533 6.1231177211 0.835547362551 0
591 1.42213797569 26.414554 116.44154 0.58967497 20.2154316472 117.366923506 0.474708161397 6.26781082811 -6.58711291705 0
594 1.4173169136 26.30131 116.37003 0.43724496 22.0590777771 115.511117766 0.583800922404 4.32830965376 8.39703810823 0
597 1.41569805145 26.176025 116.35464 0.31453037 20.2770418784 115.518776065 0.362086715729 5.95790822232 2.72477789932 0
600 1.41516494751 26.088883 116.46581 0.14702743 21.8955769625 116.598608707 0.217197757684 4.1954083259 4.02046362337 0
603 1.4141960144 25.977812 116.45377 0.019989929 19.6794369624 118.340318455 -0.0445757580884 6.57484548785 -3.69934137153 0
606 1.4099779129 25.890585 116.45549 -0.11586106 17.5594122081 116.643546974 -0.159901098793 8.33329499738 -2.52330835241 0
609 1.4228811264 27.617035 116.21759 -0.13548047 23.0481546605 115.512276902 0.000963002462493 4.62300055404 7.81763511421 0
612 1.42353010178 29.732468 115.90829 -0.14344069 25.7917783313 113.146756944 -0.0168419295456 4.81197463441 7.25357466562 0
615 1.4246430397 31.744289 115.6014 -0.14068963 28.279372315 114.181979174 -0.0731310263355 3.74438287516 3.87082285977 0
618 1.42811512947 33.87565 115.27561 -0.13567301 29.8884476729 115.737415049 -0.0815450545828 4.0138567862 3.10130339908 0
621 1.41408896446 35.936054 114.9269 -0.14240112 33.433681732 113.130115335 0.0459032099703 3.08063339246 10.7890433713 0
624 1.43597698212 38.113735 114.67885 -0.14674677 32.1076070141 111.467751911 0.0183047800447 6.81063318034 9.45675721965 0
627 1.42055392265 40.163768 114.30534 -0.14012204 35.7258472453 115.242085585 -0.022504924333 4.53570644067 6.73896432622 0
630 1.41542696953 42.346763 113.98058 -0.16006212 39.4988969088 114.44559745 -0.0780333782897 2.88558183079 4.69990069877 0
633 1.41615796089 44.341947 113.67079 -0.15507802 41.8479252711 113.865596219 -0.0984030227261 2.50161824566 3.24723814771 0
636 1.41387295723 46.544067 113.30502 -0.15009707 42.8135023355 113.532400761 -0.139852681946 3.73748775602 0.586960199183 0
639 1.41827297211 48.557097 112.97025 -0.14631805 43.6811701306 115.262215326 -0.114179076534 5.3877423744 1.84142753747 0
642 1.42198801041 50.586062 112.64729 -0.14866611 46.6469266169 115.385735457 -0.0724390165155 4.79748591319 4.36749074121 0
645 1.41958999634 52.747394 112.3225 -0.14488479 50.4286946954 114.919511968 -0.0758628415455 3.48149933613 3.95466634021 0
648 1.42632508278 54.919709 111.95097 -0.14565598 51.3281380028 114.962319796 -0.0795125507298 4.68696168341 3.78973933971 0
651 1.42842817307 56.9199 111.70562 -0.14317608 53.3544443676 113.522241237 -0.1203165475 4.00157301391 1.30975473392 0
654 1.42416715622 58.963864 111.32719 -0.14485493 56.8413368722 113.144452975 0.0161448876238 2.79420223466 9.22461005222 0
657 1.41519498825 61.070196 111.0267 -0.15209978 57.5176090055 112.104711334 -0.0566313421863 3.71254397816 5.46993856343 0
660 1.4056520462 63.25691 110.67843 -0.1447313 60.3261484949 111.806596634 -0.145469530549 3.14040171855 -0.0422974947661 0
663 1.41779494286 65.338645 110.4192 -0.14848438 61.0008121397 111.074378471 -0.141680298135 4.38703234008 0.389845174323 0
666 1.42449998856 67.412523 110.08404 -0.1445869 63.4326616913 110.980729504 -0.0827557733432 4.07962597582 3.54266259997 0
669 1.40910506248 69.507235 109.73429 -0.15139682 65.9741461598 111.341598539 -0.0731414639551 3.88151484511 4.48370162566 0
672 1.40615081787 71.647859 109.39116 -0.14906575 69.1045310879 111.756936509 -0.113909930624 3.47353067599 2.01428007555 0
675 1.41367101669 73.702975 109.06139 -0.1559357 70.8125964383 111.602724787 -0.0284976988886 3.84872325979 7.30165961326 0
678 1.41086316109 75.754203 108.72815 -0.15045699 72.2002683308 110.727188099 -0.13550012366 4.07757341504 0.856965316028 0
681 1.4207470417 77.860742 108.43703 -0.15243836 75.2793451095 110.065201407 -0.207560871469 3.05197510413 -3.15828726334 0
684 1.40602207184 79.97813 108.08555 -0.15170568 76.6656716549 108.709785791 -0.206368596223 3.370764099 -3.13195439547 0
687 1.4076628685 82.120618 107.73965 -0.14888428 78.5778478838 108.228947624 -0.143764275173 3.57639934299 0.293354667661 0
690 1.42300891876 84.192494 107.42985 -0.14593359 80.8715970921 108.687701456 -0.133479622146 3.55113313723 0.713559796206 0
693 1.4088909626 86.28045 107.15458 -0.15823172 82.3924464282 106.661227614 -0.173056378715 3.91917955073 -0.8493903771 0
696 1.40302991867 88.385341 106.75858 -0.15035877 84.4444492207 107.6005141 -0.0911912495525 4.02982394724 3.3900492059 0
699 1.41124796867 90.512184 106.42958 -0.15443508 86.672703161 109.336100061 -0.0782444926746 4.81554482663 4.36539909237 0
702 1.40704798698 92.541412 106.11165 -0.15857271 88.9147967285 109.242979028 -0.0800629058511 4.79140478418 4.49828042813 0
705 1.41358184814 94.624435 105.7799 -0.14991569 91.4384711988 107.78739912 -0.113227787626 3.76568958598 2.10206196521 0
708 1.40823507309 96.812614 105.41142 -0.16008539 93.1481420225 107.672985917 -0.115140655052 4.30616247632 2.57514362387 0
711 1.40558385849 98.833392 105.05687 -0.15857643 93.9959977185 106.521499341 -0.113553502208 5.05425786253 2.5796237438 0
714 1.41631817818 100.9283 104.72764 -0.15390186 95.4598185159 106.725454327 -0.108434728538 5.82198864894 2.60507473934 0
717 1.41234898567 103.02648 104.38009 -0.15580909 97.4749887808 106.361398074 -0.188930799938 5.89445811257 -1.89773418971 0
720 1.41664600372 103.56436 104.3046 -0.21764658 99.3555821076 106.303106318 -0.152986834421 4.65916718418 3.70473052607 0
723 1.41093611717 103.46604 104.39779 -0.32798619 97.7732651326 106.585452753 -0.374381861462 6.09865181903 -2.65827616246 0
726 1.41337585449 103.43166 104.43448 -0.46455789 99.7827781617 106.430436669 -0.474077971117 4.15910828142 -0.545460468649 0
729 1.41965699196 103.35806 104.51276 -0.60050128 97.5513024208 106.368255171 -0.530501600336 6.09600655461 4.01068621199 0
732 1.40691900253 103.30537 104.5712 -0.75278089 100.918020401 105.019523833 -0.56412426427 2.42908055975 10.8092284315 0
735 1.40932202339 103.24477 104.73622 -0.88717849 96.6165365133 105.168598097 -0.754824650137 6.64232112836 7.5833164265 0
738 1.41002988815 103.11543 104.83266 -1.0218313 97.6078734339 106.871983512 -0.945580035718 5.87299069609 4.36887562588 0
741 1.42467904091 103.3336 104.43355 -1.1359167 97.3731507846 104.043504323 -1.09367306908 5.97319767631 2.42038176294 0
744 1.41574811935 104.18264 102.5184 -1.1499809 100.960262643 104.436991879 -1.05013894175 3.75029473882 5.72052282625 0
747 1.41756892204 105.02068 100.61649 -1.1544373 103.248589582 102.94415232 -1.11010291722 2.92546001951 2.54017302041 0
750 1.40012812614 105.97315 98.645528 -1.1675657 104.876402158 101.999287248 -1.10385365323 3.52853467026 3.65043138409 0
753 1.41641306877 106.66644 96.709247 -1.154133 104.918395612 97.7870103584 -1.01909552428 2.05359028009 7.73707743484 0
756 1.42156004906 107.65453 94.805864 -1.1707179 104.338624302 97.1915303941 -1.04412411033 4.08492775196 7.25328986062 0
759 1.41064310074 108.36584 92.821603 -1.1639211 105.959741567 94.8092543018 -1.08557530875 3.12090809999 4.48888318108 0
762 1.42233300209 109.18739 90.932737 -1.1605274 106.627854678 90.8330771802 -1.09968514604 2.56147479882 3.48600436806 0
765 1.42167615891 110.00551 88.971931 -1.1631703 106.463409555 89.5596370019 -1.03085515397 3.59052557532 7.58109943326 0
768 1.41593599319 110.83946 87.051439 -1.1600004 109.360715986 87.853205849 -1.12140787734 1.68211591177 2.21118866924 0
771 1.42183208466 111.68317 85.129972 -1.1502451 111.542259969 86.9077270351 -1.02980374717 1.78333076054 6.90078119623 0
774 1.41333413124 112.49307 83.177328 -1.1488654 112.251978042 86.064442163 -1.08105516629 2.89716301272 3.88524019958 0
777 1.40775513649 113.40329 81.226755 -1.149046 110.704386256 83.8479010718 -1.11538562052 3.76224509454 1.92859768112 0
780 1.40599894524 114.20236 79.347389 -1.1522317 111.367779288 82.7781903637 -1.19163654078 4.4503085073 -2.25773106905 0
783 1.41404008865 115.10134 77.33273 -1.146946 113.175617902 79.3883971093 -1.10427215665 2.8167663843 2.44503111968 0
786 1.40509295464 115.87569 75.433999 -1.1405871 113.371417859 77.2422174748 -1.07085900256 3.08885626191 3.99512569673 0
789 1.41383290291 116.74641 73.521868 -1.1514597 123.014630038 76.6323469268 -1.0370388942 6.99754682733 6.55582926097 0
792 1.41506004333 117.66191 71.592443 -1.1472421 124.724833471 75.6930295568 -0.821680578682 8.16698831045 18.6533011434 0
795 1.41047906876 118.47567 69.543126 -1.1411103 116.16021257 70.4421969937 -1.09225876518 2.48388239699 2.79898676783 0
798 1.41396594048 119.32773 67.660396 -1.1493947 116.930778544 69.8497898641 -1.16542891274 3.24635515247 -0.918692717642 0
801 1.41904306412 120.23613 65.736718 -1.1477983 118.398074727 68.2849941286 -1.02846595708 3.14199911084 6.83723960857 0
804 1.41821098328 121.05504 63.851108 -1.1435448 119.946753846 66.3369681505 -1.12175909071 2.72172718814 1.24822919594 0
807 1.41878795624 121.9387 61.889647 -1.1416966 119.870163503 63.9054481176 -1.13663904525 2.88830354794 0.289776541892 0
810 1.39852619171 122.75206 59.947854 -1.134592 120.382840168 61.7543820856 -0.984193223178 2.97938690645 8.61721515585 0
813 1.39892601967 123.61313 58.017737 -1.1345099 123.422916436 61.5371687877 -0.911511503333 3.52456824419 12.7768669672 0
816 1.41510295868 124.50226 56.14403 -1.1250591 122.251820364 58.1416967643 -1.066796945 3.00917780416 3.33817558667 0
819 1.40306305885 125.37031 54.195354 -1.1346431 124.546275517 56.8444308081 -1.06391666479 2.77428202684 4.05232623731 0
822 1.4070148468 126.19009 52.293812 -1.120627 124.741207431 53.0635741497 -1.11637005756 1.64066890774 0.243904835683 0
825 1.41585993767 127.09539 50.434417 -1.1252352 125.849968142 52.4517936713 -1.01612200539 2.37084040751 6.2517255403 0
828 1.41725206375 127.94916 48.435924 -1.125081 127.683843756 52.4504696428 -1.14470586553 4.02330329793 -1.1244219681 0
831 1.40341687202 128.83417 46.49897 -1.1135569 125.612042999 50.5044457066 -1.10830521953 5.1406165047 0.300899126161 0
834 1.41004800797 129.69028 44.561049 -1.1141866 129.014239218 47.6161086195 -1.09837130661 3.12896475176 0.906149563051 0
837 1.41471409798 130.6504 42.689185 -1.1179531 129.167175386 46.0411592483 -1.14359214665 3.66547222276 -1.46900916383 0
840 1.39733791351 131.56218 40.752166 -1.1133477 129.743802662 44.8460769361 -1.05850269419 4.47957619589 3.14238736029 0
843 1.41334986687 131.80181 39.159633 -1.0655485 126.815113176 43.1320638555 -1.14019003378 6.37552759553 -4.27664486216 0
846 1.40961790085 89.526265 39.287264 -0.26055386 130.922509387 39.9437856196 -1.09874750314 41.4014500954 -48.0249581667 0
849 1.41091585159 49.129117 22.860079 0.57174269 133.467051324 39.0750026158 -1.03343379704 85.8825413802 -91.969838081 0
852 1.40569901466 45.693587 19.436118 1.0035584 133.030044099 39.3436999524 -0.9973191973 89.5766072016 -114.641841648 0
855 1.41477799416 46.841947 21.209275 1.0214136 32.5414074133 90.7883992202 -3.13979295091 71.0335129338 121.580426951 0
858 1.41323709488 48.00008 22.972907 1.0079248 64.868884677 105.664877323 -1.81103552405 84.3950148243 -161.514529183 0
861 1.40782308578 49.170996 24.731115 1.014741 33.5876442515 94.8693053257 2.28878357876 71.8484975061 72.9972626826 0
864 1.41279315948 50.349541 26.532036 1.0144485 35.7531890591 92.0795773672 0.934427562513 67.1530615033 -4.58486199069 0
867 1.4114689827 51.518278 28.351001 1.0069992 58.3737369527 102.665047429 -2.44108949727 74.6295840404 162.43907026 0
870 1.41411399841 52.642563 30.101924 1.0170679 57.3833658175 105.538082475 -3.08174170306 75.5849801006 125.155508717 0
873 1.44395303726 53.80357 31.912095 1.0183648 60.2196313037 98.1685023921 -2.46256962545 66.5663380634 160.55714866 0
876 1.47133779526 54.946688 33.671099 1.0064723 48.8121994558 103.783549474 1.6529466787 70.380307339 37.0402534629 0
879 1.43234205246 56.161659 35.476636 1.0152563 66.4177642758 93.5095023389 -1.56641295474 58.9321751757 -147.918752395 0
882 1.41329097748 57.333476 37.252395 1.017552 17.7589310706 74.3671815088 -2.86505387138 54.2554327599 137.543070057 0
885 1.4055929184 58.434052 39.044555 1.0099164 132.758060224 78.648965949 0.734515933577 84.2173827963 -15.779284402 0
888 1.4052529335 59.558673 40.733157 1.0155176 12.9506269131 72.9985717786 -2.85493347948 56.6865676406 138.239488334 0
891 1.40171504021 60.829575 42.673596 1.0256616 75.9174671196 10.0878716609 0.0591201535039 35.9092455966 -55.3787456087 0
894 1.40557122231 61.938983 44.298725 1.0235902 8.63376034893 73.5767640996 -2.93698010143 60.8165301164 133.076037263 0
897 1.40822100639 63.08776 46.123861 1.0214801 39.808202537 85.4153629129 -2.19538831999 45.6701206287 175.687016286 0
900 1.41178297997 64.233274 47.872937 1.026201 64.7289137145 129.12568855 1.38534216943 81.2542632309 20.5772732576 0
903 1.41228485107 65.367062 49.701179 1.0288308 122.294159364 68.5243928788 -2.21278815801 59.9583838591 174.268914917 0
906 1.4029738903 66.47055 51.411163 1.0247772 33.1625335226 85.9845250861 -2.40515043937 48.0077215413 163.479622229 0
909 1.40197491646 67.601685 53.206336 1.0345375 98.8047070201 51.8016539966 0.437121262147 31.2346236525 -34.2294290416 0
912 1.40611600876 68.713633 54.989386 1.0321621 26.0795438197 113.470034161 1.66322469557 72.3716226814 36.1572233349 0
915 1.40290904045 69.889939 56.860516 1.0335194 72.7389608902 123.674423068 1.57978473542 66.8746222672 31.2986982137 0
918 1.4110429287 70.97178 58.665246 1.0279054 134.681403808 62.8579745489 -2.45483343196 63.8474364283 160.453763782 0
921 1.40204691887 72.083269 60.388926 1.0348295 72.3024195587 61.2103527547 1.29558780735 0.850158150443 14.9403504839 0
924 1.40475010872 73.21006 62.180545 1.0389104 58.9896442526 77.4644191939 -0.327873398239 20.8762313266 -78.3109431459 0
927 1.4111661911 74.211219 63.966291 1.0279221 34.8113476442 124.60268514 2.52870585499 72.31266941 85.9885751226 0
930 1.40596699715 75.394113 65.876292 1.0355825 52.6821757302 67.8800697121 -0.45031522669 22.8001583255 -85.1356685274 0
933 1.40569400787 76.475569 67.55587 1.0353462 113.23043796 46.7744587727 2.05019221639 42.2230676863 58.1463935945 0
936 1.40960597992 77.652303 69.425792 1.0395167 76.5021435314 71.186797006 1.04914277741 2.10333198389 0.551533609024 0
939 1.40856313705 78.72098 71.209083 1.0347632 45.2102649162 92.9293647566 -3.00730267583 39.9341791579 128.406684801 0
942 1.40307402611 79.923618 73.070281 1.0406815 68.152794779 80.4335314165 -3.02784438732 13.8841541333 126.890637817 0
945 1.40723991394 80.886825 74.813727 1.0240856 113.028732623 44.9642020914 -2.76207576871 43.8645228277 143.068933017 0
948 1.40717411041 82.003807 76.66259 1.0354781 83.2334930258 89.9862737374 -1.65626940756 13.3803092661 -154.225771698 0
951 1.40876197815 83.149971 78.458347 1.0359732 81.3400304598 79.2740832805 1.21382540783 1.98527339137 10.1901808859 0
954 1.4145488739 84.209192 80.07724 1.046865 82.105126789 79.5809882939 0.985422425322 2.1617946637 -3.52040021148 0
957 1.40777182579 84.421821 80.346791 1.1291589 83.174306477 80.2451834352 1.30139460421 1.25164554979 9.86837893274 0
960 1.40298104286 84.549549 80.462185 1.2384433 82.4808963875 80.2962329074 1.28966153656 2.07529846729 2.93458878923 0
963 1.41386389732 84.477315 80.645515 1.377415 82.0136800953 79.6332210081 1.24970958812 2.663500717 -7.31698112147 0
966 1.40686106682 84.491575 80.745704 1.5042297 82.4841489619 79.7175951092 1.62200617183 2.25538626179 6.74809476166 0
969 1.4067709446 84.58151 81.604236 1.6242617 83.3127931243 79.5982045278 1.81220592748 2.37356372959 10.7684110183 0
972 1.40016317368 84.52138 83.606555 1.6450761 81.895037315 83.647321101 1.67680322146 2.62665905168 1.81783015568 0
975 1.40860080719 84.450105 85.633891 1.6510189 80.7726330425 84.7910850771 1.65638169626 3.77281351544 0.307265592054 0
978 1.41002297401 84.288283 87.799076 1.6553182 82.1002490619 87.8063666316 1.7175006625 2.18804608442 3.562792661 0
981 1.40935611725 84.219899 89.940013 1.6574582 80.9030301999 90.5086474018 1.65127453651 3.36525834376 -0.354297819885 0
984 1.39485096931 84.085061 91.960688 1.6559816 81.099750295 92.3446282608 1.62383670181 3.00989869085 -1.84176699923 0
987 1.41228294373 83.972707 94.061302 1.6546883 80.7705135041 95.9520460185 1.71123296948 3.71873044586 3.23977091541 0
990 1.40061593056 83.850194 96.236204 1.650278 78.69167294 94.0022591867 1.69119365798 5.62146323969 2.34429451798 0
993 1.40227890015 83.742141 98.372522 1.653672 79.4571897755 99.360730389 1.72381199211 4.3974268404 4.01872552308 0
996 1.40391492844 83.558608 100.37046 1.6603574 79.710457101 100.014478676 1.55160997132 3.86458122492 -6.23076869636 0
999 1.41115283966 83.448658 102.54165 1.6520527 77.7020059729 108.356528071 0.204673824019 8.17537867631 -82.9287009501 0
1002 1.40984201431 83.308795 104.69204 1.6576029 79.6744850407 103.461386423 1.73757217419 3.83701929981 4.58190190165 0
1005 1.40631198883 83.194681 106.76107 1.661421 80.7345886112 107.234482555 1.1262438232 2.50522933255 -30.6633935224 0
1008 1.40120983124 83.066158 108.84686 1.6653468 77.5088112718 111.536226896 1.45007912801 6.17388021901 -12.3339290705 0
1011 1.41175508499 82.920912 111.09751 1.6564676 78.1298919614 112.391593265 1.65680457965 4.96271342184 0.0193075117734 0
1014 1.40352296829 82.798446 113.12029 1.6519674 79.2042243992 114.177104579 1.68318193683 3.74636970558 1.78846121985 0
1017 1.40439105034 82.725101 115.25424 1.6521864 77.8989264177 116.109503286 1.66065453209 4.90137086808 0.48518822918 0
1020 1.41281080246 82.605874 115.888 1.7134215 78.8451456649 116.99322738 1.73536889759 3.91977106114 1.25749325298 0
1023 1.4102230072 82.650086 115.98425 1.8265292 78.750885188 116.357248501 1.87521139904 3.91700074731 2.78928454236 0
1026 1.40833187103 82.697137 116.16336 1.9516157 80.7070714726 116.204533425 2.07271043182 1.99049141029 6.93821705465 0
1029 1.41507101059 82.611261 116.28116 2.0730733 81.1743037878 116.010185933 2.23461710162 1.46228347966 9.25577803952 0
1032 1.40544104576 82.517518 116.45008 2.1971216 80.0486163408 116.702320356 2.31944486388 2.48175353334 7.00860675679 0
1035 1.41430616379 82.418538 116.4581 2.3123831 79.2730558144 115.420071131 2.42989913207 3.31233484296 6.73317266287 0
1038 1.4154419899 82.414024 116.83182 2.4679277 77.5255167219 113.227985976 2.43772055842 6.07331236466 -1.7307417236 0
1041 1.42278695107 82.282962 116.94587 2.5874118 77.7847973929 114.565983743 2.72557702349 5.08894325278 7.9162841814 0
1044 1.40229392052 82.208722 116.96752 2.707272 79.504176985 116.725203323 2.85854911409 2.71537863117 8.66754017454 0
1047 1.39480185509 82.043289 117.20312 2.8493508 76.8531888004 116.61274409 -3.10684346698 5.22357002415 18.7352065418 0
1050 1.41330981255 81.832352 117.28824 2.9891727 78.2760672111 116.380113515 3.05682869149 3.67040259548 3.87640277127 0
1053 1.39622092247 81.142386 117.29523 3.0875315 79.0689452968 117.499505246 -3.02541410285 2.08347899579 9.75401656349 0
1056 1.40848517418 79.131234 117.37152 3.1037602 75.5694134135 115.097489467 3.04852019353 4.22584675042 -3.16501923104 0
1059 1.40677595139 77.094643 117.50841 3.1079346 74.4387020564 116.219951928 -3.05841290275 2.95197332296 6.69431308135 0
1062 1.40328192711 74.899205 117.59033 3.115912 72.9745071857 117.790933577 3.12559197643 1.93512363214 0.554621795158 0
1065 1.41317796707 72.824078 117.69503 3.116944 69.3749150537 116.07654996 -3.01934150632 3.81001347384 8.41673860056 0
1068 1.41649889946 70.711208 117.83017 3.1174699 68.4483875417 116.03043287 3.11458467658 2.89126445763 -0.165311124992 0
1071 1.41285610199 68.550781 117.88294 3.1169773 64.6305688635 117.360807541 3.05499320397 3.9548306537 -3.55142709961 0
1074 1.40722584724 66.454241 117.99143 3.11617 64.1651353334 117.761123286 -3.03930618143 2.30066206462 7.31719391051 0
1077 1.41232013702 64.352032 118.06903 3.1139299 60.4863390808 115.752618209 3.07609879601 4.50658910146 -2.16756259271 0
1080 1.40891289711 62.204954 118.16997 3.1178991 60.8553863263 118.349407631 3.13491481194 1.36144436882 0.974928479589 0
1083 1.41109013557 60.134729 118.2293 3.1166836 56.6706558895 117.750847624 3.0712815576 3.49695856288 -2.60134541059 0
1086 1.399559021 58.034017 118.36643 3.1239361 55.08873061 117.720345686 3.10083165054 3.01531704138 -1.3237874422 0
1089 1.40629386902 55.858025 118.47896 3.1251128 52.2764657129 117.806884051 -3.00183622169 3.64407093892 8.95167976545 0
1092 1.40118408203 53.766425 118.55 3.1243401 49.8019831066 115.420905469 3.09358761178 5.05054770375 -1.76198778427 0
1095 1.40775203705 51.628528 118.603 3.1187628 48.2848146629 116.514887789 -3.12373041579 3.94216076356 2.33148509617 0
1098 1.38542413712 49.494235 118.64783 3.1200968 47.6818996378 117.789999306 -3.08487043572 2.00510173407 4.48156537605 0
1101 1.40249609947 47.379245 118.80828 3.1260538 45.8127728393 116.737315814 3.09409479972 2.59667627732 -1.83111583353 0
1104 1.41029715538 45.313934 118.87713 3.1250737 44.1792029097 116.746691636 3.1111908296 2.41379002216 -0.795429881682 0
1107 1.40403103828 43.229975 118.9845 3.131291 42.2206476135 116.879125866 -3.12102266511 2.33481091722 1.76881479703 0
1110 1.40040802956 41.038059 119.03542 3.1300111 38.8531812813 116.493197255 3.12276984174 3.35210189722 -0.414893536791 0
1113 1.39795994759 38.877743 119.09254 3.1262084 36.4927270758 117.121410734 3.09590172006 3.09413179108 -1.73644485143 0
1116 1.41026806831 36.866989 119.17866 3.1252668 35.2893297756 118.458190048 3.10158811095 1.73438334307 -1.35668894697 0
1119 1.40195512772 34.67231 119.25843 3.1314701 32.9533561057 120.508131378 3.12710089309 2.12521905364 -0.250337115814 0
1122 1.41080379486 32.567479 119.34722 3.1353596 31.0246288399 117.345368081 2.98792943262 2.52740929072 -8.44712636381 0
1125 1.41205811501 30.502201 119.36971 3.1349527 31.6384249027 120.428535784 3.02274475948 1.5530990949 -6.42904141979 0
1128 1.41263484955 29.15421 119.31018 -3.13185 27.2158662815 118.272068844 3.10841222372 2.19882949378 -2.45931152593 0
1131 1.41770100594 28.938717 119.39146 -3.028318 25.9308538436 117.722468319 -2.99195705996 3.43987993939 2.08332840366 0
1134 1.40461587906 28.80706 119.32785 -2.9089456 32.3346046527 118.948738944 -3.06910746027 3.54785801143 -9.17659863227 0
1137 1.40486216545 28.607415 119.34948 -2.7753086 33.536490818 123.123463004 -2.82537495178 6.20795748465 -2.86859065247 0
1140 1.40694785118 28.309413 119.3977 -2.6319404 29.5416579571 70.0954041453 -2.67950347691 49.317692608 -2.72516356734 0
1143 1.41133499146 28.176965 119.31562 -2.5155106 24.8740075859 117.741114405 -2.54929510362 3.65904298262 -1.93570947027 0
1146 1.41386508942 28.13257 119.1422 -2.3876282 19.7231290649 68.0917754835 1.16848397836 51.7384242141 -156.249780705 0
1149 1.40808296204 28.071656 119.10664 -2.2643471 31.3087135981 70.9846989161 -2.27498050201 48.2306930862 -0.609249057031 0
1152 1.41431903839 27.847582 119.05477 -2.1225081 49.9306161413 94.9947189513 1.36303874392 32.6580228023 -160.292876548 0
1155 1.40936207771 27.651134 118.95518 -2.0012288 48.0703792991 96.5352046281 0.458231220711 30.3249216695 140.916679068 0
1158 1.41235685349 27.585975 118.8068 -1.8653126 20.8424919453 66.2682895027 1.70277935757 52.9695162238 -155.563389917 0
1161 1.40785908699 27.545652 118.66047 -1.7395281 32.488185265 73.5231501317 -1.80343242683 45.407117063 -3.66144821979 0
1164 1.40354299545 27.426878 118.54472 -1.6078392 33.2366168988 75.6886269728 -1.54771024596 43.2480956301 3.44513529274 0
1167 1.41455292702 27.408113 118.27266 -1.4907581 30.5942208997 74.4976580697 -1.5978591704 43.8907971851 -6.13643931501 0
1170 1.41079592705 27.619078 117.43976 -1.368489 47.2295971032 92.352199861 1.37088939196 31.8427092632 156.954820349 0
1173 1.40984797478 28.00462 115.50954 -1.3464267 56.3991426026 96.2860768211 -2.02222550012 34.2898009679 -38.7204190469 0
1176 1.40651011467 28.352772 113.43776 -1.3439724 24.4534615305 70.9166946785 -0.810171473346 42.6994803038 30.5845401974 0
1179 1.40771985054 28.777386 111.37552 -1.3470791 44.4319896098 134.314529415 -1.0448054906 27.7716540223 17.3190020769 0
1182 1.41015601158 29.292879 109.18718 -1.3487141 38.1242179133 133.747992192 -2.40215352693 26.100307326 -60.3576331359 0
1185 1.41377496719 29.664866 107.14961 -1.3582731 78.4095929031 72.9285429912 -2.68712527165 59.557785621 -76.1376210321 0
1188 1.40435814857 30.155372 105.1583 -1.3627181 30.8897656675 131.282837146 -2.17387151599 26.1348574733 -46.4756672741 0
1191 1.41380596161 30.584999 103.08809 -1.3538609 59.0296495971 85.8468420496 -1.63812247111 33.2619719572 -16.2869883023 0
1194 1.4150660038 30.932942 101.04272 -1.3388863 134.953738657 113.123547062 0.063900866458 104.719971924 80.3737841932 0
1197 1.4007499218 31.46397 98.886394 -1.3633561 17.3690176736 141.319036014 -3.11458171219 44.7123784802 -100.337836554 0
1200 1.41423392296 31.761459 96.890841 -1.3338862 33.0489285545 93.9843711258 -2.30832227494 3.17885906943 -55.8310744995 0
1203 1.41125583649 32.148779 94.808879 -1.340085 125.611482636 61.132674227 0.97338993625 99.3446714163 132.552349856 0
1206 1.39991402626 32.63242 92.742465 -1.3409888 28.1318697692 141.528594657 -1.73543479908 48.9932791238 -22.600090993 0
1209 1.40273785591 33.223163 90.635151 -1.3443959 109.276021529 55.6835191458 1.13711105887 83.6997841079 142.179875575 0
1212 1.41334700584 33.480467 88.544154 -1.3400822 28.751883905 84.5773727394 2.62042353495 6.17210269328 -133.07973665 0
1215 1.40202212334 33.996344 86.523674 -1.3537744 12.6462509935 25.8864070604 -1.72569476909 64.286115245 -21.3094674639 0
1218 1.40494298935 34.391099 84.502242 -1.3500462 13.9673383784 116.995834982 -2.52291809662 38.3792076888 -67.2006095858 0
1221 1.40195608139 34.871654 82.311763 -1.3462417 63.839274074 109.865108613 -0.642428465825 39.9788677581 40.3255278837 0
1224 1.41457009315 35.319079 80.358924 -1.358939 38.064341703 79.0296186748 -1.04450606777 3.05016720135 18.0156799567 0
1227 1.39836597443 35.776446 78.250756 -1.3606991 35.5513617995 77.8113892484 -0.944975882706 0.493665919126 23.8191857965 0
1230 1.41434597969 36.167733 76.160289 -1.3496683 36.5685296664 77.1150691616 -1.42362139909 1.03549173093 -4.23720045996 0
1233 1.41323590279 36.593873 74.026216 -1.3452321 67.7615726008 32.3643187998 -2.41632002338 52.0301756361 -61.3688174974 0
1236 1.41390395164 37.096668 72.068535 -1.358637 35.400128377 71.453138686 -1.5265385023 1.80470477239 -9.62004745555 0
1239 1.40702986717 37.456761 70.030489 -1.3570922 42.0249079747 142.922559725 0.771801324482 73.0350733648 121.976613986 0
1242 1.41330599785 37.942935 67.912468 -1.3598503 36.5727965714 68.0322793597 -1.41315942322 1.37536688755 -3.05438777022 0
1245 1.3948829174 38.381728 65.750541 -1.3597279 37.5304516246 66.3517271141 -1.40985376589 1.04215939815 -2.87200055965 0
1248 1.40862488747 38.78715 63.709446 -1.3638712 38.9997877859 62.4227851269 -1.4130903218 1.30411312021 -2.82004795049 0
1251 1.40347886086 39.284372 61.704874 -1.358189 39.6589442948 60.7632328084 -1.37564146958 1.01340640308 -0.999952848753 0
1254 1.4084610939 39.616785 59.610797 -1.3616912 37.5161420663 58.7346877778 -1.40567325686 2.27602023369 -2.51998623245 0
1257 1.41495800018 40.0981 57.483375 -1.3627524 38.2752110843 58.0425004808 -1.43810367424 1.9067105974 -4.31730999514 0
1260 1.41252183914 40.478176 55.366289 -1.371191 38.4264478145 56.2001248851 -1.37146663929 2.21469429732 -0.0157929680591 0
1263 1.40768694878 40.927924 53.368372 -1.3697355 40.9089328169 55.3090841575 -1.33037972791 1.94080507606 2.25491964017 0
1266 1.43893313408 41.311773 51.24524 -1.3687118 39.6896169921 50.6763450052 -1.3386581338 1.71902054353 1.7219482322 0
1269 1.41717195511 41.752813 49.127024 -1.3690442 41.2568162542 50.9079460257 -1.42001522669 1.84870117477 -2.92042470691 0
1272 1.42127203941 42.124468 46.999249 -1.3746445 41.523775132 47.5666951465 -1.34646666373 0.8263334986 1.61447109396 0
1275 1.41769480705 42.489069 45.000812 -1.3756167 40.9663303807 46.1320417769 -1.4041903755 1.89694852618 -1.63715101151 0
1278 1.41479516029 42.919623 42.847052 -1.3693623 41.1614928602 43.8757147555 -1.31884695477 2.03695082247 2.89431608218 0
1281 1.41434502602 43.26925 40.76156 -1.3849404 44.0061733643 43.8295366512 -1.37534983439 3.15523957524 0.549498932877 0
1284 1.40388512611 43.723057 38.666685 -1.382086 43.7324858321 38.8881299709 -1.35743813168 0.221645613526 1.41221882863 0
1287 1.41498804092 44.069109 36.638541 -1.3748634 44.2917472346 38.9569096156 -1.40466265975 2.3290343109 -1.70737181602 0
1290 1.40779495239 44.48264 34.512889 -1.372972 43.5369143343 35.1746721559 -1.43238270002 1.15427638818 -3.40398236914 0
1293 1.40637898445 44.660959 33.544964 -1.3339999 45.085919279 34.1359546095 -1.244669118 0.727915612692 5.11827678932 0
1296 1.42336201668 44.654294 33.324157 -1.2074321 43.9291088024 33.7400939145 -1.18564595857 0.836000650538 1.24825395591 0
1299 1.41872406006 44.699557 33.107025 -1.0711259 41.4910112541 33.4023213104 -0.782233225209 3.22210578883 16.5523309978 0
1302 1.41653084755 44.829945 32.953901 -0.95914547 42.4223689798 32.6886743668 -0.674939424781 2.42214109 16.2838069032 0
1305 1.40285396576 44.914184 32.826307 -0.82117543 45.863299267 34.270112157 -0.957038982902 1.72782901972 -7.78440817092 0
1308 1.41515088081 44.932468 32.690373 -0.70238554 42.4686737235 32.9484872699 -0.60656148216 2.47727778284 5.49031409004 0
1311 1.41068410873 45.019913 32.619075 -0.56167342 45.1019847862 32.9707618628 -0.862626903705 0.361136300519 -17.243364446 0
1314 1.4149711132 45.164806 32.47066 -0.44585332 44.1871001811 32.3954155985 -0.663635171569 0.980596955041 -12.4779809495 0
1317 1.41590714455 45.307079 32.373178 -0.30795343 45.2705519873 33.5325627638 -0.643269808405 1.15996002225 -19.2122132842 0
1320 1.41219592094 45.468859 32.25314 -0.19105128 41.8809496659 31.1802936286 -0.219614700278 3.74487552882 -1.6365634304 0
1323 1.40417098999 46.833289 32.057508 -0.10389315 43.2898659945 31.7708904553 -0.0385607197707 3.55499595115 3.74327251747 0
1326 1.41223502159 48.863767 31.868312 -0.084237935 48.1876530231 31.2411710985 -0.44435421012 0.922190772099 -20.6331426984 0
1329 1.4248008728 51.033972 31.691587 -0.08198003 49.4607633176 29.7859901827 -0.565614037211 2.47108979774 -27.7101874422 0
1332 1.41220593452 53.111195 31.42619 -0.084122232 51.8346018935 28.5931130845 -0.511452656469 3.10741287383 -24.4842297796 0
1335 1.39205288887 55.206155 31.249451 -0.082409142 52.3796981036 25.3698371661 -0.545323216757 6.52370427159 -26.5230227608 0
1338 1.41711711884 57.287235 31.07162 -0.080297126 56.9784019183 35.4043079214 -0.157027672345 4.3436807545 -4.39633646529 0
1341 1.39877796173 59.516372 30.847745 -0.092608556 58.6008048316 33.1988229774 -0.0724338040423 2.52305982801 1.1559281399 0
1344 1.40840196609 61.567611 30.670937 -0.091677002 57.8796691913 33.1060236088 0.0485779992154 4.41933949554 8.03601962524 0
1347 1.41025495529 63.68279 30.502969 -0.089332225 62.1704150883 32.9446254713 -0.0352147560549 2.87210100752 3.10070256848 0
1350 1.41225409508 65.773678 30.270465 -0.081918863 64.7404230316 29.7200428754 -0.0309641367535 1.17071787587 2.91949076017 0
1353 1.41179299355 67.870787 30.052005 -0.080757136 69.4357674266 31.6394288506 -0.149744192877 2.2291429333 -3.9526672001 0
1356 1.41002607346 69.978421 29.855203 -0.080851998 68.442488708 31.9571818049 -0.0657553601373 2.60334456072 0.864973634372 0
1359 1.41206598282 72.04312 29.748383 -0.089661546 69.3420922447 31.4142909124 -0.0401037113565 3.17345239559 2.83945476688 0
1362 1.42323088646 74.192216 29.503442 -0.097083695 71.4666327114 30.0122731328 -0.0495229090642 2.77267260684 2.72503230445 0
1365 1.39336204529 76.337484 29.313327 -0.092202589 76.138462816 29.7100998675 -0.0723107252624 0.443889783701 1.13971983881 0
1368 1.40532398224 78.469083 29.072242 -0.088851811 77.721218847 31.4404459391 -0.130241122889 2.48348357933 -2.37143288818 0
1371 1.38991498947 80.508884 28.860474 -0.08148585 78.5366396127 30.0690695602 -0.197503991067 2.31310422407 -6.64734983007 0
1374 1.41332101822 82.648681 28.706332 -0.092016755 82.2753031292 30.1155825928 -0.0981241981207 1.45787457197 -0.349930714431 0
1377 1.40132403374 84.803463 28.469695 -0.089914919 84.5098412086 31.1456282303 -0.080973673066 2.69199413252 0.512295655606 0
1380 1.41245007515 86.909059 28.274418 -0.095059786 85.6002351297 30.3595530643 -0.097514633444 2.46187086575 -0.140652397891 0
1383 1.40360689163 88.999768 28.069648 -0.093100738 87.6868172971 29.86735017 -0.100482925322 2.22611155164 -0.422968177127 0
1386 1.41653203964 91.148907 27.8824 -0.087682683 89.5186807569 29.7815557223 -0.0972502263736 2.5028843484 -0.548179855617 0
1389 1.42712593079 93.191686 27.680334 -0.085944106 91.7806546318 30.1153851515 -0.0251951685689 2.81433538023 3.48065772471 0
1392 1.41873693466 94.597595 27.536443 -0.026113958 93.8624429463 31.231296358 -0.0551965986566 3.76727884276 -1.66631256672 0
1395 1.40582704544 66.734672 23.138609 0.64678418 95.1646239936 30.7205996971 0.00547313405634 29.4236087741 -36.7444162877 0
1398 1.40160894394 41.954155 8.6979942 1.5862633 98.3312415806 33.5164800939 0.074384826709 61.5981585226 -86.6242556563 0
1401 1.40090298653 40.498777 7.6026468 1.6671323 99.2343755067 30.4611237418 0.0510059286776 63.026823655 -92.5972202366 0
1404 1.40349507332 40.36551 9.5759073 1.6613912 100.450849001 31.7626446939 -0.0530064327305 64.050755492 -98.2277487627 0
1407 1.40014600754 40.15753 11.693798 1.6450717 100.820704301 31.541580899 -0.0195194067223 63.8275426625 -95.3740450302 0
1410 1.39958882332 40.017928 13.779826 1.6578436 102.071527398 30.126133797 0.00338261230148 64.1704836891 -94.7936319642 0
1413 1.4091989994 39.937066 15.922073 1.6651068 105.015481499 31.0614750233 0.0966556374773 66.8161781123 -89.8656319849 0
1416 1.40552687645 39.75755 17.953862 1.6630734 105.241172289 30.9835033525 -0.0139557884521 66.7673298992 -96.0866946186 0
1419 1.40260100365 39.645384 20.177858 1.663423 106.748105809 31.3733855716 -0.0696569350448 68.0302514462 -99.2981658369 0
1422 1.40358304977 39.526919 22.292671 1.6684735 110.367834883 33.3446195518 0.06955128949 71.6978446676 -91.611494432 0
1425 1.41162014008 39.303781 24.413998 1.6572417 112.093020021 32.8533137394 0.0672703758768 73.2768405939 -91.0986464191 0
1428 1.4067940712 39.21094 26.55624 1.6661167 116.234693567 32.7831040787 0.15024793821 77.2750441597 -86.8528823463 0
1431 1.39123392105 39.049874 28.673026 1.6660737 120.027578953 31.9435621568 0.0325539311798 81.0437234228 -93.5937885046 0
1434 1.41600012779 38.816051 30.701859 1.6598041 119.442543406 35.7837724679 0.132918324889 80.7864909632 -87.4841107124 0
1437 1.40303397179 38.695572 32.853799 1.6647394 123.30365675 35.1813048947 0.073590585748 84.6400926792 -91.1661116339 0
1440 1.40792298317 38.58982 35.008607 1.6723781 125.456772793 33.3483473088 -0.056320392248 86.8828173446 -99.0471276564 0
1443 1.40494704247 38.393816 37.160762 1.6689022 125.702243232 34.2663332568 0.152136442553 87.3563917727 -86.9042764117 0
1446 1.41007709503 38.314928 39.264936 1.6781402 128.229438919 38.5111616458 0.16797448588 89.9176703965 -86.5261217845 0
1449 1.41305422783 38.042909 41.445131 1.6601298 130.304353985 39.0000682566 0.189854797247 92.2938381609 -84.2405523814 0
1452 1.40985608101 37.893052 43.482766 1.6655679 140.488017339 37.4607574073 0.00954990816014 102.771550054 -94.8828417302 0
1455 1.40468001366 37.737395 45.529248 1.6663309 137.050712548 26.7453685614 0.0607317923052 101.074077632 -91.9940524609 0
1458 1.40221500397 37.667375 47.706088 1.6735516 139.656224395 26.1619262925 -0.0330803537348 104.239514123 -97.7828081312 0
1461 1.39542603493 37.411337 49.793915 1.6717816 137.301660609 37.9605763777 -0.0242762702561 100.5887899 -97.1769577756 0
1464 1.39550805092 37.208006 51.943854 1.66906 137.019813841 37.9031726851 0.203266305211 100.794532175 -83.9837923483 0
1467 1.40050005913 37.03196 53.963531 1.6741645 37.4140527101 135.166196201 1.62843779651 81.20356415 -2.61994712091 0
1470 1.40020799637 36.983983 56.143126 1.6856298 133.005190339 29.3325177929 -2.35085336595 99.6939364819 128.726550515 0
1473 1.40072202682 36.720012 58.206076 1.6746777 97.1356446901 139.56116012 0.803703948238 101.334586324 -49.9031200426 0
1476 1.39821100235 36.536888 60.398002 1.6787317 119.051871177 103.108683005 0.122601097565 92.9135335706 -89.1597158907 0
1479 1.40283799171 36.401835 62.417273 1.6766351 124.346183243 107.522679588 1.62972346268 98.8367648774 -2.68783882872 0
1482 1.40060901642 36.239068 64.615141 1.6886647 139.365932487 30.1550106019 -1.61668221231 108.732013528 170.617572098 0
1485 1.41004705429 35.99676 66.655908 1.678851 7.48858089401 45.3488757488 -1.99979391375 35.5908120066 149.229172115 0
1488 1.40671491623 35.830181 68.859683 1.6854848 109.817293712 69.9120946193 1.83102092198 73.9945972191 8.33860555598 0
1491 1.40933990479 35.575227 70.898859 1.683738 100.040854281 130.711940012 -1.83811287049 87.9398758296 158.212809046 0
1494 1.40946316719 35.463169 73.006353 1.6935188 112.486483371 60.0966574667 -0.109100772841 78.0977028817 -103.282493591 0
1497 1.41658210754 35.205801 75.07321 1.6913976 38.5524594662 96.042805762 -1.82376248973 21.2349727881 158.596162546 0
1500 1.42114305496 34.978045 77.287591 1.6912075 31.4046308641 73.2180124621 1.44992610823 5.41578785246 -13.8244054234 0
1503 1.49855613708 34.814043 79.320098 1.7000185 39.6224602409 88.7409988458 -3.07424647269 10.5770624045 86.4547667879 0
1506 1.41799998283 34.580736 81.372215 1.6970036 115.612928441 55.5286405923 -0.403705003325 85.0535510725 -120.361736957 0
1509 1.41621112823 34.345965 83.441951 1.6955247 115.504112049 59.341060456 -1.19753294917 84.6610758113 -165.759993186 0
1512 1.41836094856 34.142398 85.698773 1.7034669 28.8029311216 83.7266399645 1.47428589529 5.6920308551 -13.1311043146 0
1515 1.41385889053 33.910208 87.748137 1.7016389 101.490763718 82.5351496356 2.88065034551 67.7813156293 67.5523798255 0
1518 1.41385984421 33.670818 89.737713 1.6967853 30.4605403524 89.3951648828 1.71365071196 3.22850147708 0.966316924926 0
1521 1.42343711853 33.472926 91.900649 1.7056804 29.6639919896 90.6523831129 1.64744819277 4.00825972466 -3.33645970593 0
1524 1.4076590538 33.217902 94.036516 1.7078464 29.7851520493 92.9239662146 1.74183829617 3.60853699566 1.94759218817 0
1527 1.41147303581 33.034075 96.178482 1.7177188 27.3391070486 96.8067251587 1.69238926437 5.72951563699 -1.45127548849 0
1530 1.42247891426 32.713254 98.174723 1.7080491 71.222294693 31.2966400995 0.973685717 77.1726906849 -42.0759224748 0
1533 1.4079310894 32.45653 100.24821 1.7068362 26.5452748122 100.208500305 1.75153298522 5.91138856403 2.56093715097 0
1536 1.41769886017 32.217075 102.39435 1.7082962 26.0380861485 103.537544715 1.67455745036 6.28385211339 -1.93308796041 0
1539 1.40190696716 31.955228 104.48204 1.7110577 28.380549471 103.773196677 1.68140861611 3.64428119695 -1.69876737342 0
1542 1.40905308723 31.741377 106.6002 1.7198575 29.0096779797 104.43767715 1.70051538799 3.48406151152 -1.10822138519 0
1545 1.40046787262 31.439656 108.68741 1.7105287 27.2218480614 106.372298975 1.72585155359 4.81140757623 0.877934840949 0
1548 1.40548396111 31.216018 110.75498 1.7177022 27.2607793274 110.360896127 1.75068164488 3.97482264465 1.88958300246 0
1551 1.39908099174 30.916985 112.90957 1.719675 27.2463550236 112.576834653 1.7293898509 3.68568002332 0.55661995527 0
1554 1.40782094002 30.668641 114.94646 1.716506 28.0675256501 115.292921063 1.65225536991 2.62408771414 -3.68128993538 0
1557 1.40400409698 30.419865 117.12266 1.716223 27.6726386115 114.227611048 1.74187557637 3.99106016803 1.46978435942 0
1560 1.4089589119 30.132888 119.21343 1.725557 26.3751961341 116.540218724 1.70190752342 4.61154059797 -1.35501519579 0
1563 1.40804100037 29.88258 121.34383 1.72867 27.3378389425 119.06776168 1.62911363822 3.41411687679 -5.70415935382 0
1566 1.40913009644 29.981486 120.5055 1.7055843 24.6511190267 120.388469767 1.71989174518 5.33165154009 0.819756224254 0
1569 1.40441989899 30.170653 118.4575 1.6900862 26.1567555294 118.261081596 1.69726963621 4.01870042352 0.41158057736 0
1572 1.40281796455 30.502618 115.6086 1.6745202 27.1888307232 112.856859555 1.55119151515 4.30734971779 -7.06621313486 0
1575 1.40102601051 30.699806 113.48782 1.6738205 25.0409318205 110.594983901 1.61777406944 6.35541955152 -3.21122392815 0
1578 1.41177916527 30.8492 111.36091 1.6697397 28.5725476465 112.770891739 1.73791569551 2.67790859504 3.90619680677 0
1581 1.42306423187 30.973164 109.37107 1.6787837 27.8028745006 108.677531306 1.64444618638 3.24526292149 -1.96739460925 0
1584 1.41722202301 31.204408 107.09871 1.665475 25.9671007739 107.675485861 1.63422025863 5.26897118742 -1.79076477031 0
1587 1.41471385956 31.322843 104.96751 1.6587885 29.437714275 105.487354892 1.68060762462 1.95549201521 1.25014375353 0
1590 1.41545701027 31.457099 102.91722 1.6541397 26.6427767411 103.94888346 1.72329140779 4.92361943155 3.96210100223 0
1593 1.4047358036 31.546684 101.34427 1.631357 27.0846395104 102.767306479 1.51051227478 4.6834681432 -6.92389273159 0
1596 1.42243289948 31.536552 101.09899 1.5279681 27.6782727948 101.569843992 1.54242804528 3.88690389732 0.828493836784 0
1599 1.40220499039 31.522716 100.84711 1.3818466 29.4476657392 103.353564754 1.64062075165 3.25394361026 14.8266667364 0
1602 1.40473604202 31.33472 100.81397 1.2437751 28.9084271753 100.884522663 1.20143692481 2.42731838647 -2.42579875071 0
1605 1.39813303947 31.335612 100.76499 1.1262837 27.8849395611 101.081068062 1.17546161785 3.46511841378 2.81768713824 0
1608 1.4143819809 30.238332 99.003137 0.9296569 28.5023901106 101.563358853 1.00887075422 3.09325559548 4.53861952577 0
1611 1.40557813644 28.772289 97.32743 0.78863198 26.6522953113 99.0071360807 0.880032584754 2.70477092519 5.23686889733 0
1614 1.41370892525 27.005154 95.945316 0.6582802 23.4712624416 98.9347928695 0.541766797614 4.62875377397 -6.67572621341 0
1617 1.41595005989 26.209553 95.323497 0.64585939 25.4128991122 97.7172858029 0.572482751846 2.5228718259 -4.20417168106 0
1620 1.40826296806 26.225548 95.299359 0.74214735 22.3267645005 95.2146642515 0.824517990749 3.89970331904 4.71949007073 0
1623 1.40465092659 26.287241 95.304851 0.87876564 22.9474435755 93.7155758066 0.983114536825 3.698654144 5.97875138489 0
1626 1.40520095825 26.503119 95.525486 1.0159202 25.0241069679 92.9563988467 1.08207991789 2.9644030415 3.79067260892 0
1629 1.4143781662 26.584147 95.637624 1.1414331 21.4313590142 93.0542199209 1.2073620453 5.76413052097 3.77745031336 0
1632 1.40840411186 26.62792 95.717086 1.2595284 21.8621755759 91.9190916758 1.25974471657 6.09402008553 0.0123940262288 0
1635 1.41527104378 26.756174 95.797181 1.3910555 18.5215654942 88.1842929599 1.55584029744 11.2144924787 9.44147342122 0
1638 1.41062402725 26.381693 93.77201 1.3952992 20.9348546922 94.6392513444 1.39383060288 5.51544695383 -0.0841444165982 0
1641 1.41407608986 26.011804 91.856332 1.39866 21.8783228766 92.2182349821 1.43297977731 4.14929391169 1.96637839391 0
1644 1.41492199898 25.609249 89.727224 1.3968171 22.2154525788 90.8605196913 1.64796360834 3.5780180649 14.3896349675 0
1647 1.41661000252 25.2462 87.568251 1.3940659 22.8039244424 88.987717831 1.55116105873 2.82481786734 9.00088957737 0
1650 1.39350700378 24.820481 85.505592 1.4017015 21.7091220563 86.2689689429 1.31887883356 3.20363837436 -4.74538923475 0
1653 1.4150929451 24.493958 83.448062 1.398475 16.7170968492 87.8845062984 1.21668264012 8.95330147887 -10.415934969 0
1656 1.40348696709 24.080092 81.345956 1.3962744 17.1157779529 82.1187235264 1.37380198626 7.00705642878 -1.28757446291 0
1659 1.40918207169 23.622432 79.208855 1.3888608 19.2949529639 79.1497008532 1.63592624599 4.32788331875 14.1558073189 0
1662 1.415184021 23.236261 77.182266 1.3737053 18.1074398365 78.2753922107 1.20047874647 5.24401863456 -9.92515041706 0
1665 1.40513181686 22.741503 75.111069 1.3685019 17.3772605408 76.4633007109 1.28158621588 5.53205456957 -4.97990187372 0
1668 1.4145758152 22.23837 73.007777 1.3690406 18.0662911041 72.4871906503 1.3769617832 4.20443247788 0.453850366203 0
1671 1.4120759964 21.796618 70.8705 1.3677106 15.4164767882 70.487337376 1.27849218927 6.39163636945 -5.11183838972 0
1674 1.39570403099 21.306705 68.900927 1.3588762 20.8721082824 68.7263011565 1.48664213376 0.468367902643 7.32044877027 0
1677 1.4111468792 20.800373 66.796896 1.3509317 21.8156189142 66.4386846843 1.52372889095 1.0765870206 9.90054975293 0
1680 1.40610003471 20.180988 64.758154 1.3339286 20.541528856 64.7820302284 1.43175605607 0.361330573185 5.60510035327 0
1683 1.41003108025 19.716632 62.635567 1.3210663 18.5846309981 64.5937641999 1.49648546153 2.26184936327 10.0507776016 0
1686 1.40881896019 19.127208 60.642471 1.320188 15.4242965031 60.4966148185 1.30246008265 3.70578299147 -1.01573484361 0
1689 1.41444396973 18.573484 58.538556 1.3117791 12.1479686681 59.8099732361 1.15377830125 6.55009534805 -9.05277892785 0
1692 1.40865707397 18.03732 56.562177 1.3046299 17.543289302 57.2915923163 1.42182052116 0.880972777197 6.71452799093 0
1695 1.40835094452 17.470308 54.449011 1.30616 16.3780430771 54.0491752607 1.34803163968 1.16314714469 2.39906823506 0
1698 1.40442299843 16.865167 52.414515 1.2995721 14.5819996671 52.5070713199 1.39608716686 2.28504261283 5.52990599045 0
1701 1.40179800987 16.322269 50.452679 1.2871313 15.7287951967 50.9553734626 1.42420530434 0.777761453139 7.85376192952 0
1704 1.40990996361 15.679585 48.421133 1.2791916 14.9188640492 47.9843980652 1.50850812593 0.877173738957 13.1388691085 0
1707 1.40401411057 15.049517 46.343459 1.2810584 14.1253569111 45.0085152625 1.25139603357 1.62362146212 -1.69952840693 0
1710 1.43458199501 14.370513 44.264129 1.2685694 12.8550523668 44.2378840247 1.36681006534 1.5156878734 5.62877550055 0
1713 1.40686607361 13.728985 42.398373 1.2622613 14.7832628384 42.3740243315 1.50771596403 1.05455896852 14.0635163105 0
1716 1.41139101982 13.116178 40.310007 1.2578142 15.1614570331 38.552587252 1.44464723228 2.69660721904 10.7047442231 0
1719 1.4098880291 12.482531 38.460523 1.239848 16.9722974345 39.3361080188 1.4393686031 4.57434714051 11.4316884835 0
1722 1.4179649353 12.331027 38.238303 1.1567887 16.9178947083 38.8913435279 1.43238631035 4.6331217666 15.7905799168 0
1725 1.41124391556 12.263795 38.100898 1.043782 17.3851771985 35.0546255275 1.29300491452 5.95888677522 14.2794211598 0
1728 1.40427112579 12.231882 38.075858 0.90529637 17.6837075311 36.0895309459 1.37558837367 5.80240439713 26.945746949 0
1731 1.41067385674 12.170047 37.918491 0.7605547 17.9822523092 36.8946461646 1.13716271642 5.9016937233 21.5780498715 0
1734 1.41649985313 11.9457 37.868652 0.60051086 43.9383830584 51.0500855873 -2.71575964389 34.6017623929 169.991696403 0
1737 1.40357995033 11.861848 37.85602 0.47073445 15.8026315795 39.3452820021 0.651357950325 4.21279913254 10.3489642495 0
1740 1.41467809677 11.68598 37.868337 0.32347919 9.59802592206 36.9243812405 0.423668813968 2.29141980168 5.74044260435 0
1743 1.40941882133 11.634663 37.834152 0.18688423 12.2109044631 35.9407757503 0.322124848812 1.97912299936 7.74871667666 0
1746 1.4042198658 11.546787 37.799316 0.059161186 14.5507725653 37.8751078416 0.0873597604692 3.00494154351 1.61565930537 0
1749 1.4137032032 11.461332 37.784444 -0.088384018 11.8711569349 39.6637296314 -0.173537248227 1.92345287487 -4.87892070394 0
1752 1.40972113609 11.353119 37.809133 -0.22428348 11.475109463 36.3973792915 -0.0598960451939 1.41701454002 9.41870621937 0
1755 1.41516900063 11.259101 37.929753 -0.36642208 16.6611296337 37.094114111 -0.0558980038682 5.466278964 17.7917189995 0
1758 1.41614699364 11.22919 38.083377 -0.50941267 13.7517372086 32.5007358446 -0.0611651059452 6.12610207961 25.6826935974 0
1761 1.41022205353 11.185129 38.110347 -0.64618684 13.8226348855 35.5919508963 -0.166108751065 3.64674597846 27.5064483327 0
1764 1.42012214661 11.588805 37.741111 -0.76036767 15.4042393689 35.8259804593 -0.40610177685 4.26910580935 20.2979405029 0
1767 1.42943310738 13.063467 36.224873 -0.77289998 14.3984853268 36.8771634989 -0.754916939601 1.48585222275 1.03035231767 0
1770 1.41592097282 14.493375 34.807156 -0.77803694 14.7972066759 36.0468659185 -0.720482266853 1.27639898512 3.29763986255 0
1773 1.41403007507 15.892318 33.28564 -0.77023756 20.6472975484 31.9221879337 -0.37523387599 4.94659802722 22.6320439859 0
1776 1.40886211395 17.405154 31.857105 -0.77891679 17.9252340171 33.6365256586 -0.67786522416 1.85386652818 5.7898282358 0
1779 1.40842986107 19.008966 30.381332 -0.78385491 25.567387237 28.2070943303 -0.638144228717 6.90942823733 8.34860706751 0
1782 1.41847801208 20.517371 28.856906 -0.78454873 18.8565837112 29.9515564655 -0.640825601987 1.9890887512 8.23472865357 0
1785 1.42589306831 22.037399 27.308602 -0.78653789 20.9031423507 26.8797921409 -0.687487649009 1.21260712586 5.67516076855 0
1788 1.3965280056 23.470866 25.802264 -0.78746834 25.1160099428 26.6315071344 -0.962873138016 1.84231994191 -10.0499546326 0
1791 1.41245388985 25.030138 24.239515 -0.79252133 25.2323411399 26.3993345359 -0.863961488751 2.16926405439 -4.09321958416 0
1794 1.40758895874 26.508975 22.80392 -0.79210599 25.7481899602 22.5761894665 -0.82356964651 0.794137943096 -1.80273472607 0
1797 1.40850186348 27.961008 21.312251 -0.79564812 26.7858269637 23.4007803677 -0.793991595525 2.3964568404 0.0949118610601 0
1800 1.40720200539 29.36401 19.750057 -0.78815021 26.6672241825 18.7351946001 -0.719293885659 2.88142316157 3.94517677753 0
1803 1.40987086296 31.016391 18.179875 -0.79578372 30.2626850426 20.1761225683 -0.799319678921 2.13379404445 -0.2025955227 0
1806 1.41093301773 32.405165 16.663972 -0.79079715 32.3653385189 17.4829343163 -0.77414632507 0.819930133713 0.954021993881 0
1809 1.40840101242 33.875627 15.226881 -0.79213801 32.5330793035 15.9092388709 -0.773272433185 1.50600351308 1.08091792956 0
1812 1.39634490013 34.400964 14.714584 -0.72873329 31.5139894808 14.5875046701 -0.736152810249 2.88977006537 -0.425107196303 0
1815 1.42585611343 34.541831 14.529671 -0.59347242 33.8064187833 14.2764418784 -0.691797288452 0.777789249423 -5.6335999835 0
1818 1.43845510483 34.648846 14.435796 -0.47955783 32.925664811 14.6481923094 -0.446275335243 1.73622164556 1.90694648121 0
1821 1.44796180725 34.668797 14.324629 -0.34405458 34.3871440382 14.3143218671 -0.347389651097 0.281841494261 -0.191085498239 0
1824 1.41480898857 34.864126 14.20779 -0.22615765 33.9534920291 13.9115519318 -0.270410347688 0.957607028983 -2.53549280962 0
1827 1.4495639801 35.017605 14.088235 -0.094353638 36.8369127903 15.0444898833 -0.253787677826 2.05531122647 -9.13489759275 0
1830 1.42352104187 36.599142 14.0692 -0.022879679 37.220085538 16.1425274963 0.00870120799874 2.16431462225 1.80945153831 0
1833 1.43316793442 38.63985 14.009333 -0.014813302 38.0340838882 14.1310677729 0.0102363066464 0.617876959553 1.43523685389 0
1836 1.42736697197 40.768535 13.925491 -0.0089087199 42.0846152133 13.7100321264 -0.198049401343 1.33360026019 -10.8369627809 0
1839 1.40775895119 42.905865 13.952369 -0.011506708 43.3521773463 14.6247545989 -0.0767138162132 0.807029803725 -3.73609209487 0
1842 1.40515899658 45.04117 13.838962 -0.010052037 47.0199117174 14.8338522177 -0.0490735098888 2.21477432924 -2.23576570691 0
1845 1.40863394737 47.095509 13.764363 -0.008210261 47.7099498728 14.8033129686 0.013418479411 1.20704375375 1.23923554174 0
1848 1.40816688538 49.256947 13.750747 -0.012245698 49.4406832817 15.5724737225 -0.00105291121569 1.83096894367 0.641299443731 0
1851 1.41845107079 51.347189 13.680192 -0.017629817 52.137671503 16.4201596197 0.039401360476 2.85171617528 3.26764577004 0
1854 1.41063308716 53.510554 13.649042 -0.0075411209 53.0046822231 14.7544108642 0.104388584406 1.2156260036 6.41309971618 0
1857 1.44736194611 55.608657 13.581194 -0.0077936973 55.5079777481 16.4087678692 0.00310781179326 2.82936570587 0.624610461367 0
1860 1.4088408947 57.666716 13.591636 -0.01411162 58.0739375892 14.8041302069 -0.0724669563842 1.27905106409 -3.34351448688 0
1863 1.410353899 59.905766 13.533857 -0.012519778 59.4183219416 13.9820639801 0.0300372659376 0.662186685927 2.43833900617 0
1866 1.40615987778 62.027534 13.447994 -0.021676244 59.6751080095 15.6852154931 0.0278086792642 3.24639308312 2.83527725256 0
1869 1.39699792862 64.181261 13.371995 -0.025327169 63.3993852348 15.7522285878 -0.0158409575942 2.50536257746 0.543519877121 0
1872 1.41394090652 66.241252 13.310079 -0.024907545 65.6535737181 14.0489683958 0.0239862915768 0.944099201496 2.80141048005 0
1875 1.41570401192 68.444119 13.24669 -0.026304862 66.3399203976 15.2850870406 -0.0144003415308 2.92962698201 0.682078780011 0
1878 1.41371893883 70.49734 13.123327 -0.017605166 68.448344423 16.2053035924 -0.0430899678505 3.70094077105 -1.46017158776 0
1881 1.40822601318 72.634932 13.039101 -0.019360635 72.4344682978 14.9186211301 0.0437877343467 1.89018031287 3.6181350467 0
1884 1.41605901718 74.720419 12.994859 -0.019347658 75.5707886409 14.0571246086 0.0413796159599 1.36071185388 3.47941649924 0
1887 1.40800499916 76.914825 12.90632 -0.036038761 75.7671118922 16.0231308944 -0.0243212521121 3.32140866641 0.671363805684 0
1890 1.41080784798 79.004774 12.78569 -0.032634565 78.3620028625 15.8049781587 0.0572276392864 3.08694925787 5.14872504335 0
1893 1.40748596191 81.177999 12.691712 -0.029848436 80.933895232 14.613030915 0.0273715063539 1.93676354331 3.27846120086 0
1896 1.40082216263 83.222919 12.597068 -0.02122413 80.7413856236 13.5225760418 -0.040558675499 2.64850392367 -1.1077878559 0
1899 1.41181087494 85.390174 12.538762 -0.021700441 84.9753307276 14.1630509403 -0.0303089447122 1.67642760123 -0.493230930634 0
1902 1.4088139534 87.449986 12.512039 -0.030894579 87.5796510471 14.1236368033 -0.0193176989777 1.61680564816 0.663306365205 0
1905 1.40770602226 89.572355 12.414566 -0.034322832 87.1976005655 15.8595454821 -0.0317427116105 4.18417760807 0.147830008952 0
1908 1.40529608727 91.713838 12.339838 -0.030338307 90.8641665837 13.9330501365 0.029349994173 1.80562078733 3.41988774352 0
1911 1.40276098251 93.866625 12.234111 -0.027880568 93.1435520854 15.0882657807 -0.0382901107288 2.94432232474 -0.596422865021 0
1914 1.40228509903 96.027017 12.118277 -0.016096141 94.3149608622 14.3936141514 -0.00361972160771 2.84750686942 0.714846174614 0
1917 1.41071891785 98.003729 12.063433 -0.023465033 98.0260001709 14.4315194908 0.0419770791748 2.36819121548 3.74955683004 0
1920 1.40265393257 100.1865 11.996018 -0.023536261 99.4728093963 14.1886379863 0.0205712593711 2.30584836492 2.52717476205 0
1923 1.39738702774 102.26857 11.921444 -0.023061579 102.077399013 15.9438155302 -0.0238282519354 4.02691185317 -0.0439271234655 0
1926 1.41304206848 104.50291 11.810699 -0.022632517 104.347718006 16.4363688052 -0.0130399247215 4.62827243166 0.549615052149 0
1929 1.41196703911 106.528 11.779433 -0.025937223 105.391612585 15.8568092185 0.0516683174334 4.23277369881 4.44646993366 0
1932 1.41599392891 108.61821 11.737233 -0.017267816 107.739164592 15.4042958975 -0.0204984249866 3.77095095746 -0.185100260191 0
1935 1.40844798088 110.65428 11.638117 -0.015586443 109.778483187 16.0474503139 -0.0250671910308 4.49546886672 -0.54320684879 0
1938 1.40822601318 112.94226 11.558687 -0.011710616 111.88088567 15.3764506227 -0.0626079126766 3.9625540434 -2.91620028819 0
1941 1.40392899513 114.89636 11.528856 -0.01668203 113.357782031 15.7637640891 -0.0309617975924 4.50573730819 -0.818170415474 0
1944 1.4080350399 117.03777 11.494892 -0.018548407 116.477895443 15.8743831999 -0.0341418589667 4.41513337174 -0.893438985732 0
1947 1.40438890457 119.07747 11.406331 -0.016261061 118.799827042 14.5075262864 0.0360954246427 3.1135988529 2.99980565746 0
1950 1.4099419117 121.291 11.334615 -0.012126455 119.535425032 15.691103128 -0.0549029361888 4.69691731644 -2.45091183454 0
1953 1.40825605392 123.43737 11.229443 0.0013807468 122.922399952 14.566942056 0.0203895105943 3.37699483254 1.08912193917 0
1956 1.40712499619 125.58554 11.258252 -0.0049853053 124.120282781 15.6264861741 -0.0342022467158 4.60743404906 -1.67400743341 0
1959 1.40625 127.50849 11.183265 -0.012828209 125.613224732 15.629134926 -0.0132104674296 4.83298974101 -0.0219017946985 0
1962 1.41911101341 130.28779 11.390648 -0.01314096 129.79469798 15.0174279095 -0.0554716568148 3.66014647959 -2.42537027133 0
1965 1.4089410305 132.78769 11.256475 0.0084755214 131.663407788 13.7895914503 -0.0241500295007 2.77140568009 -1.8693063709 0
1968 1.40539503098 125.9239 10.596074 0.27888777 132.132650906 14.0679840722 -0.0695535256881 7.11356080733 -19.964215651 0
1971 1.40507411957 93.936275 13.265891 0.84250578 132.468597352 13.238468144 -0.0391781451746 38.5323321103 -50.516767777 0
1974 1.41739583015 59.212281 6.4432491 1.3602712 133.367908471 13.0166178362 -0.119216046629 74.446398584 -84.7683750753 0
1977 1.41197705269 41.747696 3.5851691 1.5088422 133.433493351 9.89916949665 -0.286962837337 91.9029490109 -102.892049468 0
1980 1.41025900841 40.889782 2.6549702 1.6071612 135.554441315 5.41031345504 -0.231998530444 94.7047498266 -105.376090405 0
1983 1.41210484505 40.408125 3.8011614 1.6070032 136.846268912 11.0259511284 -0.236741898615 96.7083925408 -105.638812649 0
1986 1.412088871 40.388712 5.5337894 1.5172855 140.885472473 13.5238302155 -0.056247302145 100.813886037 -90.1567884883 0
1989 1.41004991531 40.44034 7.6724587 1.5542124 36.7806888078 94.9088963397 1.88961853602 87.313166813 19.2173560165 0
1992 1.4034318924 40.554207 9.7439313 1.5604739 34.6769677071 86.6851339769 -1.63394579179 77.1653459207 176.973233667 0
1995 1.39692807198 40.580821 11.876658 1.5652859 32.013001277 89.0376518927 -1.84960745485 77.6352143896 164.34102328 0
1998 1.4045920372 40.665042 14.024391 1.567666 35.1894430435 84.077558473 -1.77170316727 70.2668375333 168.668240479 0
2001 1.4060959816 40.771617 16.174621 1.5548315 29.2585120547 82.6014637639 -2.13353649716 67.417186422 148.672080472 0
2004 1.41239213943 40.847233 18.25792 1.5551713 93.3419212478 73.7305577548 0.45874113837 76.3734628893 -62.8208207922 0
2007 1.40606808662 40.88758 20.352438 1.5597309 30.7364868229 75.2601250241 -1.9153505497 55.8381481339 160.892499468 0
2010 1.41446876526 40.971014 22.508388 1.5678505 49.5002441976 79.0771506046 -0.353293635698 57.2081521321 -110.073450812 0
2013 1.40430021286 41.044823 24.54743 1.5705547 9.53299473992 78.0404145781 0.222230476995 62.0845771458 -77.2532873934 0
2016 1.41150999069 41.105608 26.696222 1.5717508 83.7952129081 32.3797734722 0.936106904274 43.066287564 -36.4197124984 0
2019 1.40315008163 41.160404 28.869777 1.5672714 90.8192912144 92.4424808381 1.50595507515 80.669038377 -3.51316662927 0
2022 1.40718793869 41.204205 31.003136 1.5608691 27.373303121 68.9574927716 -1.95400537508 40.3958790563 158.61252706 0
2025 1.40208005905 41.244227 33.116661 1.5660557 143.166500858 15.7232627541 -0.30909118264 103.395745613 -107.438002342 0
2028 1.41117501259 41.277887 35.228156 1.5643441 25.5491066523 104.662903592 2.52639786996 71.1939513191 55.1216206836 0
2031 1.40589284897 41.31792 37.33529 1.5797774 25.2899957881 7.14027880479 -0.205683380004 34.1852754212 -102.29936718 0
2034 1.4029481411 41.419072 39.474789 1.5713492 92.7116078328 71.8239795792 -1.34363976656 60.6415234249 -167.016565111 0
2037 1.39888691902 41.429937 41.518923 1.5745722 30.6347743176 38.9092191159 -2.81333427671 11.106128565 108.591477987 0
2040 1.40354895592 41.494048 43.684079 1.5737379 135.410293723 33.9356189158 -0.707932164495 94.4208328953 -130.730064937 0
2043 1.41056799889 41.508319 45.798644 1.5762653 68.540902427 84.3805375389 1.70182708804 47.1096919517 7.19416052309 0
2046 1.40214800835 41.512588 47.943477 1.5772604 38.0057008293 48.8951620814 1.60830319838 3.6337256531 1.77862133121 0
2049 1.41110706329 41.583607 50.107906 1.5744728 38.2921540093 47.938670624 1.53861300241 3.94198489425 -2.05461505613 0
2052 1.40945291519 41.632502 52.265699 1.5728612 38.6235965854 51.6631726582 1.85341869944 3.06863972904 16.0747606286 0
2055 1.40893006325 41.660201 54.305408 1.5732479 127.000974989 76.5698602617 1.70600838158 88.1972422441 7.60661528054 0
2058 1.41772294044 41.689009 56.508616 1.5685378 39.1543722952 57.4903688019 1.69980280675 2.71812836147 7.52093088448 0
2061 1.40443992615 41.794127 58.57462 1.5657057 16.2015722761 107.927106519 -0.132341259922 55.5935858072 -97.2909242186 0
2064 1.4079720974 41.856016 60.76704 1.5641567 117.178101757 111.849865962 -1.59599543524 91.0102835455 178.936620031 0
2067 1.40522313118 41.858156 62.785084 1.5639758 39.3706186105 61.3951233832 1.56600273967 2.84953202834 0.116135088324 0
2070 1.40676808357 41.958088 65.023529 1.5767642 38.2175403067 61.7041524595 1.59456964307 5.00099566725 1.02017674034 0
2073 1.40429806709 41.99726 67.044355 1.5737097 39.0682991838 65.5255645284 1.66490112315 3.2993235609 5.22488367437 0
2076 1.40998196602 42.044947 69.102812 1.5759217 37.4694415964 68.126599556 1.71522289255 4.67848698133 7.98137041453 0
2079 1.41375398636 42.097902 71.261122 1.5727544 38.3046058163 71.7912029947 1.61804939575 3.83015427867 2.59521208947 0
2082 1.40912413597 42.114798 73.459441 1.5684742 38.2628523854 72.8413797142 1.69174995465 3.90121580678 7.06318045756 0
2085 1.40740704536 42.172982 75.545483 1.5804547 39.2348934479 75.3073676549 1.59188508488 2.94772170621 0.654912812008 0
2088 1.41573596001 42.213453 77.648417 1.5799022 38.9786562503 78.6819377526 1.5784335271 3.39589092256 -0.084148758716 0
2091 1.41762113571 42.308345 79.80823 1.5843424 39.2404554279 79.2136196192 1.61433954423 3.12498126897 1.71870976184 0
2094 1.41524505615 42.259747 81.948131 1.5870316 37.8086218078 80.7488184827 1.65389978218 4.60986615755 3.83126462236 0
2097 1.41491103172 42.325886 84.065588 1.5841531 38.2373025895 84.2012927865 1.65909662667 4.09083488956 4.29394777995 0
2100 1.41933107376 42.338042 86.100283 1.5789413 38.7109893538 84.2473369961 1.63681743071 4.07294976541 3.31605802412 0
