3 5.31262588501 72.513547 45.80148 1.6808269 100.18756418 48.9821486933 3.06438674349 27.8562000314 79.2721397358 0
6 5.35162091255 72.505015 45.806851 1.6805552 32.9670400716 96.6261649966 -0.0957989387739 64.388307452 -101.777595072 0
9 5.36262989044 72.51553 45.801787 1.6811119 129.706047038 20.4034986261 -0.921643220386 62.5765794156 -149.126883504 0
12 5.37172913551 72.511327 45.798497 1.6805172 107.054903372 98.3698580258 -2.52862032726 62.9047428156 118.834184298 0
15 5.31660890579 72.518426 45.80176 1.6806948 124.223234141 40.7202230389 -2.3161538787 51.9539142197 130.997439358 0
18 5.37401986122 72.509508 45.806599 1.6825332 66.0123800938 35.6014540249 -2.29537485197 12.0978367898 132.082657331 0
21 5.34203195572 72.510969 45.800989 1.6811293 36.6179441147 35.3331367008 1.64268694872 37.3883025447 -2.20258448275 0
24 5.35875606537 72.522343 45.818169 1.6838228 34.2287979682 83.8755382955 1.72532611629 53.9885075623 2.37796485894 0
27 5.36331796646 72.508499 45.799812 1.6808804 109.512741114 84.9724725307 -1.86157887035 53.8870231826 157.032034712 0
30 5.41403102875 72.523901 45.815543 1.6832165 103.793359236 55.7851624496 -2.40147352075 32.82030363 125.964501192 0
33 5.41193509102 72.511009 45.802779 1.6808191 124.985279447 58.5438879808 1.91818065726 53.9989344061 13.5998154495 0
36 5.44390702248 72.527172 45.853315 1.6851825 53.3738096968 26.8629750407 2.83076060652 26.9719168634 65.6367906062 0
39 5.36994481087 72.188088 49.017093 1.6798669 131.388695001 57.6594641195 2.3147066855 59.8281075065 36.3736403763 0
42 5.39890503883 71.804616 53.279503 1.6643548 92.9967480602 122.394786586 -0.956687881711 72.2912780799 -150.174683586 0
45 5.39213395119 71.568933 57.324136 1.642571 73.4331762632 27.2019901818 -1.57725049901 30.1797791847 175.517817322 0
48 5.38858604431 71.37336 61.652431 1.6431927 61.1070029434 110.518906406 2.19950856841 49.9332605167 31.8745513361 0
51 5.37834692001 71.165072 65.844712 1.6344026 69.1220466944 120.953458324 2.86183485777 55.1466034657 70.3266880087 0
54 5.35845398903 70.960331 70.343426 1.6128178 55.3369382799 98.2456587223 1.06024085014 31.9785082669 -31.660327083 0
57 5.30173802376 70.885213 74.631613 1.6236159 56.8457859003 84.2043054048 -0.440782515259 16.9924086923 -118.281316428 0
60 5.30727505684 70.832043 79.069602 1.6124517 66.7459580735 79.2015051593 1.86203715686 4.08821335915 14.300193306 0
63 5.31707191467 70.841819 83.283634 1.5826474 68.1804074764 79.8440171319 -0.68485389808 4.34903155858 -129.91825442 0
66 5.31249499321 70.897044 87.066595 1.5142468 53.7522603229 108.761478561 -2.2342085567 27.6516108038 145.229328368 0
69 5.36045002937 70.898205 87.488163 1.2381173 55.6795709551 107.312492104 -2.60073629885 24.9922157201 140.049890617 0
72 5.32227087021 70.648486 87.373684 0.94938085 44.4285359476 131.853860033 2.1695277256 51.6330498876 69.9092663581 0
75 5.35236287117 70.490448 87.162959 0.64684814 54.8518649319 105.227090402 -3.14021956516 23.8930559718 143.017003764 0
78 5.34771299362 73.090524 88.460194 0.4660111 49.9466761286 69.4213563158 -3.03890390418 29.9685674443 159.183162709 0
81 5.3673889637 76.750616 90.291223 0.4640309 48.8706960553 107.58701702 2.92843405777 32.8090601343 141.199899959 0
84 5.37198400497 80.704264 92.172539 0.45240664 87.1784759908 88.6438995298 -2.08133626534 7.37337896846 -145.172774847 0
87 5.32231807709 84.637734 93.972859 0.42386385 43.4340239692 102.161533171 2.94699604496 42.0095239796 144.564825925 0
90 5.26749682426 88.678811 95.730817 0.41656148 65.9547970539 111.556357278 1.32699492535 27.6916690526 52.1639939461 0
93 5.3392791748 92.647535 97.41769 0.40779386 24.9885523978 71.8289956018 3.11126036072 72.336154223 154.897220546 0
96 5.32738494873 96.759828 99.128022 0.39320766 18.77291242 70.733398741 -3.02369520879 82.9952627064 164.225886612 0
99 5.32792901993 100.07577 100.58602 0.32958371 95.7909508028 101.801381128 0.443517846632 4.45384982051 6.52794517148 0
102 5.35643005371 100.12714 100.52966 0.1390585 93.8670156034 144.742881158 0.038765707549 44.6542056547 -5.74635372302 0
105 5.34321498871 100.08551 100.52401 -0.14356162 97.6061115645 103.854994421 -0.163636100406 4.15245395078 -1.15018300317 0
108 5.35319709778 99.772178 100.71077 -0.40700642 43.8128145417 29.1303687006 2.88088906382 90.8581543333 -171.617465297 0
111 5.31053590775 99.760338 100.7618 -0.66729138 13.910723506 69.6390035711 2.25750674417 91.3169467641 167.578588443 0
114 5.37891101837 99.638101 100.95548 -0.8821311 12.2869040867 71.7195868029 2.09873338149 92.1138917494 170.79095409 0
117 5.38309192657 99.549051 101.11221 -1.1251977 96.7397212375 104.179039097 -0.991957628821 4.15905932001 7.63409374061 0
120 5.33835291862 100.80276 98.46873 -1.1938854 71.8646778734 125.54604333 -0.295426252586 39.6307140273 51.4779172117 0
123 5.34019398689 102.35582 94.496879 -1.1822805 101.118723424 95.115592787 -1.21507335218 1.38319004106 -1.87889202805 0
126 5.33588290215 103.84912 90.431736 -1.1842505 102.234738694 92.5363883812 -1.19482361626 2.6525061066 -0.605794937808 0
129 5.36251783371 105.46668 86.336829 -1.1831903 102.748538504 89.0702016533 -1.16774402984 3.85481766808 0.885006089473 0
132 5.35599017143 106.96067 82.891423 -1.1821311 104.903865746 84.5844948015 -1.17707421691 2.6640074824 0.289738058777 0
135 5.32369589806 108.13488 79.987125 -1.1809983 106.489401056 81.3175619751 -1.15222767419 2.11604903067 1.64843543263 0
138 5.27422308922 109.11096 77.465416 -1.174964 106.732492269 79.8591960306 -1.18097586433 3.37450612448 -0.344454453056 0
141 5.30626296997 110.00241 75.115832 -1.1797573 108.02660225 77.5077769576 -1.14802171828 3.10245337511 1.81831489268 0
144 5.30023097992 110.9669 72.896666 -1.1819268 109.945371939 74.8374902428 -1.12965978465 2.19324378973 2.99467938743 0
147 5.32605910301 111.79529 70.750926 -1.1680053 109.327062336 74.1752356644 -1.17681298681 4.22114255623 -0.504643281638 0
150 5.34006595612 112.62755 68.634671 -1.166408 110.130980741 71.1207811416 -1.1398018011 3.52329415481 1.52442290605 0
153 5.35841584206 113.50263 66.493746 -1.1746568 111.97180928 69.1502726808 -1.15534166158 3.06603099809 1.10667591233 0
156 5.29768514633 114.39844 64.423702 -1.1690506 112.541026667 67.1661152574 -1.1434830191 3.31222202833 1.46491447775 0
159 5.30317616463 114.9392 62.935672 -1.1627449 113.427939097 66.4154929972 -1.12500544182 3.79381914302 2.16231167457 0
162 5.31849718094 115.58582 61.52951 -1.1720902 114.104692917 64.3336285085 -1.13477612659 3.17124865722 2.13793892288 0
165 5.29523897171 116.16312 60.165609 -1.1710096 114.189501827 63.6022978819 -1.14487120195 3.96307950511 1.49761989146 0
168 5.29897379875 116.71267 58.758483 -1.1690165 114.822851456 61.4088281218 -1.17409058101 3.25511035031 -0.290723426701 0
171 5.32436490059 117.29804 57.404001 -1.1730259 115.093612768 61.441754657 -1.17033725973 4.60032107767 0.154047740033 0
174 5.37726998329 117.3062 57.346669 -1.1782941 114.802983969 59.8600870285 -1.21088124567 3.54730329734 -1.86710591346 0
177 5.32811784744 117.30973 57.394113 -1.1925087 114.223271102 60.7889017708 -1.25770042738 4.5881171877 -3.73521083779 0
180 5.38035511971 117.3509 57.478875 -1.2542253 114.387152468 60.2403039774 -1.3040345259 4.05083811462 -2.85385842473 0
183 5.34139990807 117.31554 57.561663 -1.3141336 114.94458632 61.114105411 -1.35476840763 4.27097979811 -2.32820297865 0
186 5.32131719589 117.31761 57.625945 -1.389572 114.463816797 60.4901236224 -1.4123099251 4.04322332144 -1.30278714284 0
189 5.30619907379 117.34247 57.653648 -1.4539696 114.808813231 59.9049337588 -1.47176460425 3.38935158864 -1.01957863987 0
192 5.35403108597 117.36058 57.739095 -1.5147103 114.513488569 60.1302665565 -1.51059862299 3.71801439337 0.235581739531 0
195 5.34164190292 117.34118 57.80351 -1.5718326 115.240981506 59.8362920245 -1.58825090421 2.92284732303 -0.940699538074 0
198 5.3128991127 117.32521 57.826191 -1.6475747 115.288181373 59.9406160576 -1.66997310321 2.93603115677 -1.283333972 0
201 5.36082911491 117.28663 57.948056 -1.7072698 116.980818073 61.0037078721 -1.73368496577 3.07091668693 -1.51347751379 0
204 5.35130310059 117.37131 58.006137 -1.7818651 117.941025804 61.1884649245 -1.77219611639 3.23292238011 0.55399195291 0
207 5.36109089851 117.40314 57.989067 -1.8555926 116.275701087 59.4939271033 -1.82247821405 1.88035167775 1.89731455623 0
210 5.34458303452 117.02719 57.008887 -1.8977403 116.80378295 59.3457835572 -1.82548684411 2.34755111317 4.13981807783 0
213 5.35946798325 116.38504 55.250118 -1.9095407 116.306240552 57.3442836858 -1.86013082432 2.09564769764 2.83097734282 0
216 5.37488007545 115.67443 53.450651 -1.9075572 115.554769217 55.9713869555 -1.82532460031 2.52357454026 4.7115809009 0
219 5.38799118996 115.02136 51.574537 -1.9165104 114.754334482 53.0821198823 -1.93062047862 1.53104826 -0.808447953615 0
222 5.35041308403 114.35753 49.684701 -1.9233127 113.544012206 52.098639489 -1.90822823186 2.54733394562 0.864276360424 0
225 5.29493689537 113.59486 47.870819 -1.9110101 112.770890981 49.7424554475 -1.87300808793 2.04498115773 2.17735490443 0
228 5.27627182007 112.87829 45.986656 -1.9118326 112.41770268 47.1142219158 -1.86962824905 1.21800885605 2.41813118632 0
231 5.34678292274 112.17059 44.128463 -1.9122248 113.002111092 44.8381339688 -1.85609064474 1.09318809461 3.21625018293 0
234 5.29531598091 111.43202 42.277019 -1.9027456 110.638885672 44.3298831194 -1.93312816154 2.20075286113 -1.74079254731 0
237 5.36226797104 110.82393 40.37458 -1.9174412 110.110684479 42.6945754617 -1.949595407 2.42715844486 -1.84230035491 0
240 5.3433380127 110.14399 38.567468 -1.912432 109.422002792 41.0006484587 -1.88816776569 2.53803716943 1.39023821923 0
243 5.36382818222 109.42625 36.696167 -1.9074722 109.062673692 38.6393721368 -1.87713782915 1.97692537422 1.73803142414 0
246 5.31929206848 108.96452 35.308972 -1.917648 109.22796223 36.8364300951 -1.89755376808 1.55000969054 1.15131468158 0
249 5.36726784706 108.91335 35.330429 -1.9171391 109.157822785 37.035965098 -1.91640798482 1.72296846288 0.0418898141186 0
252 5.34746479988 108.9585 35.348205 -1.9450374 108.090717033 37.5627458402 -1.99357573627 2.37849498854 -2.78104181286 0
255 5.36643981934 108.97674 35.368834 -2.0165302 108.621992847 38.1765008072 -2.04163664965 2.82998912416 -1.43849360358 0
258 5.33155703545 108.99865 35.397074 -2.0803106 109.775136915 37.0779290872 -2.1062588052 1.85154145343 -1.48672264399 0
261 5.31657886505 109.05048 35.474836 -2.159245 109.634844474 36.9435084014 -2.14937125322 1.58065823678 0.565724018656 0
264 5.36880588531 109.09365 35.518169 -2.2238592 109.24421017 38.2706054949 -2.23903492376 2.75655129164 -0.869504922252 0
267 5.34046387672 109.14301 35.568827 -2.2920109 109.386861307 37.5050759504 -2.28921373385 1.95154386525 0.160265815132 0
270 5.36967182159 109.24021 35.586114 -2.3597618 109.650216462 37.5680282305 -2.37647167528 2.02387976807 -0.957405329931 0
273 5.32085800171 109.32691 35.57971 -2.4292889 108.031732219 38.0759637174 -2.3935314367 2.81225320799 2.0487517334 0
276 5.32305002213 109.34422 35.612178 -2.4970016 110.308991507 37.0629160572 -2.44077326002 1.74224710399 3.22164657007 0
279 5.33085203171 109.45255 35.562283 -2.5751384 109.972286425 36.6835924746 -2.54115191108 1.23590488687 1.94728237533 0
282 5.31103301048 109.51035 35.610832 -2.6455993 110.98139005 36.573807368 -2.5822381749 1.75820373895 3.63032505317 0
285 5.34398412704 109.52669 35.619453 -2.7060079 108.849972816 37.0507020966 -2.59775013193 1.58316774972 6.20271320984 0
288 5.35116291046 109.56751 35.667144 -2.7779359 109.439355536 36.6003693296 -2.63378463124 0.941983589351 8.25925931118 0
291 5.32709097862 109.58407 35.725569 -2.8421247 108.488899797 36.8139109873 -2.70483839614 1.54398382628 7.86592579622 0
294 5.35981917381 109.62066 35.728072 -2.9074408 108.862084524 36.7110152857 -2.84425663161 1.24161759614 3.62018618056 0
297 5.37764906883 108.40689 35.538158 -2.9474042 108.942191501 37.5261572744 -2.8785936432 2.05880761896 3.94255449064 0
300 5.33899402618 106.63579 35.154474 -2.9731605 104.94544852 36.8912918396 -2.91771759146 2.42359042037 3.17664466326 0
303 5.39721608162 104.74277 34.838538 -2.9724974 104.380569577 36.872267427 -2.90913792298 2.06573099126 3.63023062562 0
306 5.35735607147 102.71686 34.507066 -2.970186 103.343941073 36.4243101451 -2.89616686777 2.01719007126 4.24098388023 0
309 5.3418340683 100.87602 34.149296 -2.9774562 100.87713293 35.2805927929 -2.88364039188 1.13129734038 5.37524985691 0
312 5.32827711105 98.917573 33.856952 -2.9648121 98.7931760551 34.5425735788 -2.91560209529 0.696815290625 2.81952557978 0
315 5.37087392807 96.872255 33.519705 -2.9713846 95.8925460192 34.7599230789 -2.89200866577 1.58049693777 4.54790602632 0
318 5.36993598938 94.700759 33.157106 -2.9752463 94.399380047 33.6433743772 -2.90337303825 0.572089335598 4.11803455784 0
321 5.39156198502 92.656194 32.878926 -2.9695623 92.0018138156 33.771936639 -2.95260509361 1.10710497562 0.971576358299 0
324 5.35513210297 90.628889 32.525228 -2.9736018 89.973395175 33.4690104464 -2.9232556089 1.14908548887 2.88462426475 0
327 5.38545894623 88.510396 32.191288 -2.9695852 87.3666268636 33.7602445906 -2.93178997278 1.94160568101 2.16550700567 0
330 5.30548286438 87.334812 32.006658 -2.9896435 86.4499714532 33.9315578128 -2.96501738918 2.11853300253 1.41097221606 0
333 5.29630613327 87.328365 31.983283 -3.0015998 86.2960491227 33.6813900695 -3.03678356772 1.98727041189 -2.01588139783 0
336 5.36751198769 87.328448 32.00285 -3.0442403 86.7569831924 33.9214588113 -3.08290639825 2.00190704012 -2.21540423975 0
339 5.3273639679 87.480424 31.977098 -3.121648 86.3074083314 34.6950729239 -3.01735270897 2.96029617534 5.97567999889 0
342 5.38070201874 87.509332 32.088761 3.0972389 86.5055634049 34.0587325578 -3.10082851479 2.21095891664 4.87689599517 0
345 5.40069484711 87.537767 32.004513 3.0032565 86.5512934894 33.3314376548 2.98122738427 1.6534385464 -1.26217535787 0
348 5.39656615257 87.588829 31.971963 2.902116 86.5258835489 33.0409726092 2.97138809472 1.50752597874 3.96899866522 0
351 5.34745597839 87.696053 31.883789 2.7788249 86.3805081889 34.1021736412 2.91340698731 2.57912554297 7.71098560067 0
354 5.37662911415 87.777704 31.698119 2.6376296 85.5282378771 32.910501461 2.64497721697 2.5553804159 0.420987441805 0
357 5.37869286537 87.896098 31.65995 2.4917922 85.9051928308 34.0429667724 2.73611130513 3.10523305567 13.9984535783 0
360 5.39470386505 87.958395 31.594625 2.366513 86.882412416 33.4947243696 2.63654816745 2.18360164304 15.4718754147 0
363 5.42310714722 87.964094 31.460561 2.2184109 86.2254099279 33.0799037406 2.40981837548 2.37598257868 10.9668405125 0
366 5.39391207695 87.708527 31.831987 2.1125682 86.2872745895 35.062917855 2.32248624378 3.52971282178 12.0274179522 0
369 5.38040804863 86.721318 33.612273 2.0920166 84.9266612711 34.2493498496 2.13691104341 1.90437908173 2.57226213114 0
372 5.42075705528 85.724716 35.405361 2.0873093 83.6584547303 36.7708428597 2.07205526436 2.47668656556 -0.873991862691 0
375 5.39234685898 84.755772 37.248267 2.0862059 84.2384775862 38.4116520645 2.0595067086 1.2732078852 -1.52975098359 0
378 5.3548951149 83.690185 39.149374 2.0868314 81.9596334966 40.4605208707 2.13282984252 2.17115513548 2.6355166204 0
381 5.3050570488 82.666747 40.97523 2.090975 80.9043654174 42.1780221847 2.20516727106 2.13370520046 6.54273518449 0
384 5.32133603096 81.635815 42.877142 2.0910396 80.2770458403 43.5392490742 2.10438635293 1.51150236757 0.764712613251 0
387 5.33082318306 80.624097 44.699122 2.0805048 78.7695585138 45.4536983866 2.12972542034 2.002173449 2.82013381029 0
390 5.33885908127 79.602515 46.546403 2.0762437 78.414352196 47.3777308983 2.13222500073 1.45011617582 3.20749226324 0
393 5.37209606171 78.599692 48.40129 2.0808805 77.3825642398 49.0207093701 2.10977197141 1.36567944289 1.65535937572 0
396 5.33428502083 77.532669 50.298142 2.0919608 76.572822626 50.9127938645 2.1239294162 1.13978154756 1.83166678494 0
399 5.39951896667 76.53881 52.074716 2.0854653 74.7162466399 52.7230279142 2.0903865492 1.93443674999 0.281966809154 0
402 5.31315088272 75.533974 53.92833 2.0838411 73.9379802142 54.7389072522 2.10421083536 1.7900367723 1.16709986567 0
405 5.30343389511 74.451304 55.860797 2.0823704 73.1372522545 56.118554009 2.13611012143 1.33909322511 3.07905923005 0
408 5.32597613335 73.464188 57.689364 2.0801622 71.7131807333 57.992055326 2.16218864448 1.77697734564 4.69976907705 0
411 5.31330299377 72.461178 59.521835 2.0808323 69.9993328768 59.452826549 2.15799959579 2.46281212783 4.42136036525 0
414 5.29692196846 71.469371 61.42577 2.0898858 69.2602754363 62.1548974458 2.11192913578 2.32631254169 1.26299010683 0
417 5.33602905273 70.386885 63.322712 2.0827703 68.1579692833 63.3805792434 2.11999536358 2.22966676658 2.13283903517 0
420 5.31896185875 69.38246 65.186025 2.0922796 66.9446659065 65.3007090473 2.14844139455 2.44049021159 3.21783379787 0
423 5.31544995308 68.400253 67.014087 2.0893798 65.4249889674 67.4435991453 2.12492547756 3.00610657607 2.0366173042 0
426 5.32346892357 67.30799 68.901204 2.089526 64.236802356 68.9310612082 2.11701044964 3.0713327722 1.5747429664 0
429 5.31210899353 66.315197 70.741557 2.0869248 63.6302036037 70.7453466308 2.11525777938 2.68499607061 1.62336013933 0
432 5.3829369545 65.281228 72.464006 2.0745737 62.8297460481 72.1774191317 2.12720012597 2.46817661315 3.01527209885 0
435 5.33997702599 64.283593 74.421326 2.0918621 61.2549298047 74.7530343466 2.12536255421 3.04677389673 1.91943463788 0
438 5.35119605064 63.28447 76.191493 2.091939 60.0647757293 75.8564189591 2.12399563101 3.2370829167 1.83670966227 0
441 5.36986494064 62.204887 78.125252 2.0893553 58.6490934959 77.8213626234 2.13927525268 3.56875555299 2.86020260213 0
444 5.35351085663 61.273659 79.948227 2.0960183 58.0011848404 79.5284231534 2.13183834136 3.2992911958 2.0523371918 0
447 5.27682805061 60.19879 81.787566 2.089809 57.0850473388 81.6028674875 2.11734560189 3.11921575094 1.57773107025 0
450 5.31649804115 59.161438 83.629466 2.0974137 56.6603560854 83.2883662604 2.09155868816 2.52423449306 -0.335467467429 0
453 5.26063609123 58.11891 85.485673 2.0964985 55.4723845064 86.328666181 2.08579643544 2.77754112331 -0.613183131257 0
456 5.30749201775 57.036783 87.336936 2.0992423 54.4665899182 88.0425406973 2.09223261005 2.66528994042 -0.40162564959 0
459 5.30096006393 56.357629 88.602308 2.124456 54.4427618833 88.4636209685 2.10092374225 1.91988285248 -1.34829905143 0
462 5.28888392448 56.200217 88.720884 2.2094598 54.6567361119 88.6127724152 2.16858885201 1.54726253966 -2.34173282429 0
465 5.31605410576 56.199637 89.07416 2.3631742 52.94361816 88.5149503097 2.35114514945 3.30369099102 -0.689213828226 0
468 5.35520792007 56.109511 89.161307 2.4869631 52.5871859812 88.0227156579 2.43590725108 3.70177846208 -2.92528466239 0
471 5.36322498322 56.023191 89.233423 2.608836 52.3296453553 88.812227363 2.62131681087 3.71748371805 0.715097787812 0
474 5.34945201874 54.873312 89.789936 2.6823278 51.8685267853 89.5221630837 2.69692799789 3.01669297761 0.836529719087 0
477 5.34487295151 52.997249 90.667048 2.6986067 49.4151327174 89.9765680086 2.72730455002 3.64805697329 1.64426568736 0
480 5.32492208481 51.122563 91.609157 2.7018871 47.4209631801 90.4554244571 2.70663751628 3.87723355082 0.272178804042 0
483 5.30218505859 49.137432 92.566213 2.7007601 47.0474030935 91.7882213894 2.72186003944 2.23013268125 1.20893747767 0
486 5.34931302071 47.308569 93.452781 2.7003868 44.4719069286 92.4318752594 2.71244255395 3.01478029691 0.69074382046 0
489 5.32083201408 45.360782 94.336008 2.7008969 42.5835609812 93.6887143008 2.71530531324 2.85165666238 0.825541268044 0
492 5.32230997086 43.468079 95.251019 2.7064338 41.258389767 94.3163447211 2.71183912105 2.39923790275 0.30970208289 0
495 5.34967803955 41.590918 96.131677 2.7064065 38.0952993758 95.2091805914 2.71674192365 3.61529379022 0.592176154813 0
498 5.32110095024 39.606214 97.06058 2.704478 35.7627863177 96.3295120943 2.73839906986 3.91233902316 1.9435341398 0
501 5.33958101273 37.718719 97.944153 2.696243 34.106064215 96.2589526421 2.73057608099 3.98637364551 1.96714063827 0
504 5.31189584732 35.769603 98.891663 2.7044976 33.2309674106 97.2555053648 2.74128788858 3.0202123208 2.10792826275 0
507 5.30559301376 33.862509 99.822852 2.7013631 31.8040796087 98.730889127 2.70945345193 2.33013185783 0.463543020289 0
510 5.2843310833 31.979521 100.73965 2.7066945 29.5127161467 99.2780831003 2.75115584761 2.86728163714 2.54744756939 0
513 5.32089996338 30.015598 101.64307 2.7044148 27.5452037554 99.5262520639 2.73143236424 3.25327003155 1.54799240369 0
516 5.31021595001 28.083667 102.5122 2.7038251 25.9566074114 101.612524831 2.72198363658 2.30950165689 1.04040750816 0
519 5.31361603737 26.231599 103.44351 2.6987262 23.3029100886 102.136733108 2.69717297478 3.20700554791 -0.0889932497019 0
522 5.3071231842 24.326425 104.3449 2.7056645 21.2595571783 103.386677319 2.73290865658 3.21307779893 1.56097518819 0
525 5.33451986313 23.072168 104.95788 2.6888385 20.0153922555 103.632497782 2.6874097222 3.33174368404 -0.0818629375228 0
528 5.30347490311 23.059574 104.94595 2.6093304 19.1860288029 103.881253412 2.59175332166 4.01720440341 -1.00709240533 0
531 5.32240986824 23.148655 105.02795 2.4881616 18.9938911719 104.119024378 2.48027849558 4.25302342494 -0.451668612972 0
534 5.3291349411 23.15609 104.97342 2.3614352 18.3804740252 104.248325554 2.34892737303 4.83034883769 -0.716645696265 0
537 5.2783010006 23.189116 104.80794 2.2179164 18.8941885753 104.182141205 2.20977729316 4.34027945137 -0.466336470996 0
540 5.26083183289 23.170444 104.45908 2.0515088 18.6888890945 105.080112505 2.07695107226 4.52438015007 1.45773482166 0
543 5.28383708 23.203193 104.36781 1.9241471 19.3243739639 104.012296631 1.94915937752 3.89507726115 1.43309793789 0
546 5.29759097099 23.268475 104.40083 1.8086424 19.0379058626 104.23342944 1.75500540884 4.23387980155 -3.0731732191 0
549 5.29236078262 23.269141 104.3114 1.6661585 19.0632658111 105.359702287 1.68967361515 4.33455000998 1.34731685293 0
552 5.28238201141 23.273746 104.22596 1.531085 19.5378956147 105.351288744 1.55024002567 3.90165899112 1.09750212737 0
555 5.28432798386 23.201513 103.9692 1.3630267 19.2075130177 104.71233402 1.38737984998 4.06254649574 1.39533271199 0
558 5.30629181862 23.573375 105.47089 1.3112874 19.4449019966 106.121165275 1.32114625311 4.17937163614 0.564870674083 0
561 5.30979704857 24.091257 107.45193 1.3021436 19.5464842161 106.765257845 1.3329401887 4.5963548933 1.76451455596 0
564 5.3280069828 24.69734 109.54228 1.2971878 21.3750690953 107.873579834 1.32841930951 3.71780099095 1.78943368254 0
567 5.31592106819 25.24514 111.62222 1.291934 21.6539695378 111.423098138 1.33154794171 3.59668664252 2.26971166976 0
570 5.32828497887 25.838263 113.71051 1.2925571 21.9840285235 113.650018142 1.28652444688 3.85470915436 -0.345645562769 0
573 5.32464790344 26.485855 115.66064 1.2984976 22.4482870514 115.745554181 1.32235223486 4.03846076588 1.3667698992 0
576 5.32112693787 26.666562 116.70228 1.2516028 22.454437638 116.115421132 1.30653229962 4.25281024401 3.14722849889 0
579 5.33405184746 26.671044 116.66524 1.1445574 22.766681168 116.462247823 1.17284364304 3.90963616562 1.62068234427 0
582 5.37161397934 26.68282 116.71548 1.0360889 22.6602149607 115.862937595 0.992051764746 4.11195572142 -2.52314199189 0
585 5.24557805061 26.598988 116.54426 0.86252405 22.8126918121 115.790410913 0.867530079605 3.86061229193 0.286824368488 0
588 5.26723408699 26.490987 116.49462 0.72378221 22.6778109308 115.82863334 0.733864483979 3.87089782435 0.5776717469 0
591 5.25004887581 26.414554 116.44154 0.58967497 22.247781705 116.122784272 0.636692966745 4.17894682579 2.69393277465 0
594 5.24739193916 26.30131 116.37003 0.43724496 22.1056629697 116.41705442 0.519414719929 4.19591054467 4.70798044756 0
597 5.25736999512 26.176025 116.35464 0.31453037 21.6317939543 116.569066937 0.357641148604 4.54928727474 2.47006566554 0
600 5.27230095863 26.088883 116.46581 0.14702743 21.9020731779 115.566404541 0.235537077148 4.28232491358 5.07122922776 0
603 5.25154089928 25.977812 116.45377 0.019989929 21.9351921309 116.080149268 0.0967145815414 4.05984825542 4.39599877523 0
606 5.26425695419 25.890585 116.45549 -0.11586106 23.4169145706 116.20250883 0.0230707478768 2.48657291575 7.96020623146 0
609 5.30817604065 27.617035 116.21759 -0.13548047 24.8599927756 116.838838162 -0.0742276538668 2.82616898043 3.50952784773 0
612 5.26676011086 29.732468 115.90829 -0.14344069 26.5016491108 115.271337752 -0.046615269085 3.29300757083 5.54768796801 0
615 5.30778002739 31.744289 115.6014 -0.14068963 27.8815704932 114.678681921 -0.110295651177 3.97139810605 1.74144670917 0
618 5.29713606834 33.87565 115.27561 -0.13567301 30.2293033676 114.890542384 -0.149708266291 3.66662253752 -0.804160949835 0
621 5.2636449337 35.936054 114.9269 -0.14240112 33.0922659828 114.363103382 -0.0773848991693 2.8991372705 3.72515505349 0
624 5.29889297485 38.113735 114.67885 -0.14674677 34.5926238546 114.616855382 -0.113140867224 3.52165685878 1.92547639577 0
627 5.29861688614 40.163768 114.30534 -0.14012204 36.1524923361 114.133079278 -0.0772126573384 4.01497275312 3.60444211828 0
630 5.31019592285 42.346763 113.98058 -0.16006212 39.0908050429 114.34031681 -0.0762405593783 3.27577056443 4.80262165582 0
633 5.23418211937 44.341947 113.67079 -0.15507802 41.5509775822 114.36440223 -0.079265724301 2.87586651575 4.34372457875 0
636 5.26594400406 46.544067 113.30502 -0.15009707 42.6522094428 113.882178471 -0.0620896559419 3.93442081466 5.04245339139 0
639 5.20626997948 48.557097 112.97025 -0.14631805 45.5446863341 113.205109476 -0.0709785106858 3.0215520835 4.31663763316 0
642 5.25259900093 50.586062 112.64729 -0.14866611 48.0017661811 114.065643658 -0.087912879224 2.94793350997 3.48090371525 0
645 5.23294711113 52.747394 112.3225 -0.14488479 49.6849582259 114.253837743 -0.0574183556653 3.62057707385 5.01145753644 0
648 5.2690281868 54.919709 111.95097 -0.14565598 51.506830059 113.964178514 -0.0482104904183 3.96241734148 5.58321528562 0
651 5.26843309402 56.9199 111.70562 -0.14317608 53.8589532653 113.816829968 -0.0634523016541 3.71841396836 4.56783602606 0
654 5.32430005074 58.963864 111.32719 -0.14485493 56.5742728412 113.725902053 -0.0511694331273 3.38584781406 5.36778357239 0
657 5.27971887589 61.070196 111.0267 -0.15209978 57.8477553533 112.242322967 -0.138500330891 3.44410553253 0.779191037644 0
660 5.24047398567 63.25691 110.67843 -0.1447313 59.8150575128 112.037776185 -0.119889507176 3.70056355106 1.42332988435 0
663 5.26723384857 65.338645 110.4192 -0.14848438 61.3201969339 111.816228253 -0.136982144568 4.25436397106 0.659029545197 0
666 5.26201105118 67.412523 110.08404 -0.1445869 62.9499727837 111.304169734 -0.111244712608 4.62634531788 1.91036661728 0
669 5.28284907341 69.507235 109.73429 -0.15139682 65.7435516833 111.598435825 -0.108951983817 4.20004187639 2.43190997541 0
672 5.25194978714 71.647859 109.39116 -0.14906575 68.4259186996 111.27665267 -0.12068255447 3.73309280714 1.62623731295 0
675 5.27221512794 73.702975 109.06139 -0.1559357 70.1579103095 111.647384326 -0.0916344828803 4.38803490322 3.68418835851 0
678 5.24578404427 75.754203 108.72815 -0.15045699 72.1269460546 109.94073211 -0.119769815937 3.82457165217 1.758245559 0
681 5.27514410019 77.860742 108.43703 -0.15243836 74.2550744829 109.544020316 -0.150969106471 3.77177223657 0.0841820262469 0
684 5.26780295372 79.97813 108.08555 -0.15170568 76.1361061796 108.986811836 -0.168284997272 3.94631726208 -0.949924906912 0
687 5.26931810379 82.120618 107.73965 -0.14888428 78.3190636946 108.743812237 -0.137732948496 3.93194060682 0.638924231107 0
690 5.28184700012 84.192494 107.42985 -0.14593359 80.7506543323 108.082380152 -0.141001889222 3.50314942551 0.282565640409 0
693 5.25464010239 86.28045 107.15458 -0.15823172 82.0410233643 108.322484431 -0.118485373064 4.39735590547 2.27729793048 0
696 5.27080702782 88.385341 106.75858 -0.15035877 84.4991665462 108.620489002 -0.110595987864 4.3091828714 2.27823959812 0
699 5.29556584358 90.512184 106.42958 -0.15443508 87.2631528618 108.39797266 -0.100506492875 3.79878572734 3.08988043737 0
702 5.27210497856 92.541412 106.11165 -0.15857271 89.3281535629 108.493941892 -0.0937016427422 4.00004305534 3.71683836638 0
705 5.27354192734 94.624435 105.7799 -0.14991569 91.3408365536 108.019339632 -0.0983136887218 3.9745576637 2.95657688767 0
708 5.2836561203 96.812614 105.41142 -0.16008539 93.1241597054 107.021477644 -0.108521574505 4.02454726659 2.95438900347 0
711 5.29536604881 98.833392 105.05687 -0.15857643 94.5520947578 106.491339634 -0.150815910037 4.51521972961 0.444645040717 0
714 5.2429831028 100.9283 104.72764 -0.15390186 96.230901385 106.917678924 -0.110144849895 5.18283939913 2.50709200314 0
717 5.29918384552 103.02648 104.38009 -0.15580909 99.0341946708 106.909380329 -0.118594186607 4.72606090929 2.13225689942 0
720 5.31458997726 103.56436 104.3046 -0.21764658 99.4300736602 106.430055336 -0.187941994295 4.6486432348 1.70194739306 0
723 5.28871107101 103.46604 104.39779 -0.32798619 99.454312681 107.026283055 -0.301490705223 4.7961371772 1.51807945386 0
726 5.30051612854 103.43166 104.43448 -0.46455789 99.0216928481 107.466937143 -0.433104274242 5.35197221661 1.80215943338 0
729 5.27045893669 103.35806 104.51276 -0.60050128 99.0798014875 106.675884485 -0.550792330471 4.79401746339 2.84811301204 0
732 5.32447886467 103.30537 104.5712 -0.75278089 101.396100528 106.596440496 -0.686448913633 2.78332696302 3.8005422926 0
735 5.30786299706 103.24477 104.73622 -0.88717849 100.05141902 106.356160551 -0.78131947778 3.58073984936 6.06527462365 0
738 5.35025501251 103.11543 104.83266 -1.0218313 100.42492706 106.343608064 -0.911287830642 3.08573656059 6.33367424696 0
741 5.29628992081 103.3336 104.43355 -1.1359167 100.034467429 107.57050247 -1.07637135178 4.55244401661 3.41169714257 0
744 5.33432912827 104.18264 102.5184 -1.1499809 101.215513686 103.969559396 -1.06554678546 3.30298382622 4.83771840992 0
747 5.32729887962 105.02068 100.61649 -1.1544373 102.915956296 102.495534019 -1.06325751172 2.82146562895 5.22421704535 0
750 5.32346892357 105.97315 98.645528 -1.1675657 104.261884731 101.551202612 -1.05284673404 3.37214676 6.57291257968 0
753 5.30540299416 106.66644 96.709247 -1.154133 104.721114353 98.8810173167 -1.07656362261 2.91562655066 4.44439794368 0
756 5.23343205452 107.65453 94.805864 -1.1707179 105.128078744 97.2591384219 -1.13737399788 3.52157796127 1.91046486407 0
759 5.25547289848 108.36584 92.821603 -1.1639211 106.149262924 95.3347061374 -1.11903308467 3.35095528372 2.57189382915 0
762 5.27111506462 109.18739 90.932737 -1.1605274 106.872936611 92.2479009801 -1.10182543128 2.6620200573 3.36337505675 0
765 5.25115013123 110.00551 88.971931 -1.1631703 107.689267102 91.1196229845 -1.11783260495 3.1587279123 2.59765857906 0
768 5.2481648922 110.83946 87.051439 -1.1600004 109.593336951 88.6825590192 -1.12744598963 2.05265076686 1.86523031891 0
771 5.31475806236 111.68317 85.129972 -1.1502451 110.474107178 87.1584150955 -1.11083182322 2.36144326591 2.25821441604 0
774 5.27085900307 112.49307 83.177328 -1.1488654 111.117884437 86.343426391 -1.09009349193 3.45185665324 3.36738228616 0
777 5.2762029171 113.40329 81.226755 -1.149046 112.094141245 83.8619440089 -1.09474084204 2.94246352151 3.11145635666 0
780 5.26742291451 114.20236 79.347389 -1.1522317 111.9365949 81.8794424659 -1.1505072701 3.3977913772 0.0988025555826 0
783 5.3340318203 115.10134 77.33273 -1.146946 113.309329336 79.9468404634 -1.1247579791 3.16936519405 1.27127995336 0
786 5.30144882202 115.87569 75.433999 -1.1405871 114.125755582 78.4882565596 -1.13024134471 3.52005109463 0.592768113736 0
789 5.29098987579 116.74641 73.521868 -1.1514597 114.438037404 75.4924149186 -1.15282363961 3.0350682367 -0.0781479829177 0
792 5.3042910099 117.66191 71.592443 -1.1472421 115.736243291 74.0882626763 -1.11751894445 3.15234962043 1.70301136656 0
795 5.32813811302 118.47567 69.543126 -1.1411103 116.995272152 72.0022924759 -1.09157133585 2.87037933824 2.83837356719 0
798 5.32411313057 119.32773 67.660396 -1.1493947 116.906151752 69.9171432389 -1.13195643258 3.31012829216 0.999139125009 0
801 5.30063605309 120.23613 65.736718 -1.1477983 118.774378458 68.2681748355 -1.12102303634 2.92318170474 1.53410960288 0
804 5.284730196 121.05504 63.851108 -1.1435448 119.596590553 66.1401135927 -1.09140740849 2.71415205769 2.98725248826 0
807 5.22274804115 121.9387 61.889647 -1.1416966 120.060513667 64.4542787356 -1.13196127332 3.17882365672 0.55779313079 0
810 5.2810280323 122.75206 59.947854 -1.134592 121.643537962 62.2905437331 -1.13774590577 2.59172072084 -0.180705489333 0
813 5.25942397118 123.61313 58.017737 -1.1345099 122.485481937 61.067947162 -1.08819490999 3.25197973344 2.65365345599 0
816 5.31702399254 124.50226 56.14403 -1.1250591 122.846972877 59.2247269871 -1.1114812922 3.49723739355 0.777951082077 0
819 5.2545979023 125.37031 54.195354 -1.1346431 123.642972536 57.8856806773 -1.09680581979 4.07458043228 2.16791646409 0
822 5.32042217255 126.19009 52.293812 -1.120627 124.514779909 56.049152789 -1.10611709555 4.11208564371 0.83135628629 0
825 5.30139112473 127.09539 50.434417 -1.1252352 125.554495131 54.0287852578 -1.09461395101 3.91073396812 1.75446833057 0
828 5.27791500092 127.94916 48.435924 -1.125081 127.062231097 51.7363573975 -1.09659159127 3.41752885741 1.63232288079 0
831 5.28418111801 128.83417 46.49897 -1.1135569 127.599724004 49.9075088954 -1.12202946945 3.6251888667 -0.485442471293 0
834 5.28809499741 129.69028 44.561049 -1.1141866 127.556164539 47.7213102796 -1.1328460096 3.81335812092 -1.06910541818 0
837 5.23182892799 130.6504 42.689185 -1.1179531 129.52627852 45.2470693977 -1.14049509877 2.79399743974 -1.29156139158 0
840 5.26242613792 131.56218 40.752166 -1.1133477 130.55947522 43.259020622 -1.1402338835 2.69995129059 -1.54046484186 0
843 5.25239396095 131.80181 39.159633 -1.0655485 131.823951759 41.5617171588 -1.10343917525 2.402186205 -2.17097577483 0
846 5.3023378849 89.526265 39.287264 -0.26055386 132.832665551 40.7165380449 -1.07899483409 43.3299798408 -46.893213596 0
849 5.27153897285 49.129117 22.860079 0.57174269 133.49933765 40.3416654451 -1.09122410574 86.1622887186 -95.2809788662 0
852 5.38583803177 45.693587 19.436118 1.0035584 135.152489443 39.7550501746 -1.02019617112 91.7374200154 -115.952595695 0
855 5.34751296043 46.841947 21.209275 1.0214136 67.005584408 105.850070149 3.12232244491 87.009404532 120.373209955 0
858 5.36921691895 48.00008 22.972907 1.0079248 37.6066671986 89.7701762958 -2.4960826059 67.6010222929 159.235164259 0
861 5.36917304993 49.170996 24.731115 1.014741 67.1048911285 105.418074004 -0.48977299126 82.6559734546 -86.2023019176 0
864 5.32651400566 50.349541 26.532036 1.0144485 33.596285641 79.4004312426 -3.07486987282 55.4593434928 125.699316152 0
867 5.36533904076 51.518278 28.351001 1.0069992 85.2593881255 85.4354794136 0.482626091416 66.3106340511 -30.044366012 0
870 5.31716799736 52.642563 30.101924 1.0170679 58.1720833674 103.194147437 -2.8274035198 73.3010826827 139.728013187 0
873 5.26416993141 53.80357 31.912095 1.0183648 89.4649683427 87.4873541173 0.739931051582 66.0329066278 -15.9530786583 0
876 5.34038686752 54.946688 33.671099 1.0064723 36.6720849474 102.611855538 1.72884180424 71.3217290089 41.388723842 0
879 5.29964208603 56.161659 35.476636 1.0152563 104.694559056 39.2373567677 -1.86021993001 48.678387489 -164.75265207 0
882 5.32824802399 57.333476 37.252395 1.017552 73.8406989908 92.6095137176 -0.640805438112 57.7658982755 -95.0168821279 0
885 5.35368299484 58.434052 39.044555 1.0099164 87.2393695426 48.9555780133 3.07155706991 30.4626770967 118.123309258 0
888 5.35512804985 59.558673 40.733157 1.0155176 17.6770828029 24.1968293698 -2.69116701888 45.0279660758 147.622615352 0
891 5.31078004837 60.829575 42.673596 1.0256616 16.365142837 68.6394198908 -2.56975411485 51.4908704326 153.997853944 0
894 5.2982878685 61.938983 44.298725 1.0235902 36.1935046063 115.011060563 1.62621504311 75.253332541 34.52786014 0
897 5.29501891136 63.08776 46.123861 1.0214801 68.66057762 131.846979718 1.56286544129 85.9040707938 31.019095146 0
900 5.29351305962 64.233274 47.872937 1.026201 53.1472863245 117.558306264 -3.00096601019 70.5616738196 129.260326922 0
903 5.31039309502 65.367062 49.701179 1.0288308 21.5204972413 44.8112788175 -1.87051510987 44.1183903258 -166.120283984 0
906 5.34231901169 66.47055 51.411163 1.0247772 81.6923324619 74.8819034269 1.63123732752 27.974601293 34.7476057498 0
909 5.29743003845 67.601685 53.206336 1.0345375 109.499452378 121.990152882 -2.09695373814 80.5396571644 -179.421231527 0
912 5.36569595337 68.713633 54.989386 1.0321621 67.7106992923 55.287313431 0.989508702149 1.04624890739 -2.44385967876 0
915 5.32454895973 69.889939 56.860516 1.0335194 86.6534996594 9.48859445846 -2.91318115223 50.2505315048 133.870715356 0
918 5.30174589157 70.97178 58.665246 1.0279054 68.5523895774 59.4422553039 0.93277079944 2.54110083923 -5.45081109776 0
921 5.31968998909 72.083269 60.388926 1.0348295 68.5041023189 62.0106775672 1.05300483329 3.9294417258 1.04136988886 0
924 5.28149604797 73.21006 62.180545 1.0389104 69.8695234514 61.8958694818 0.986193892226 3.35264441648 -3.02043340611 0
927 5.31282496452 74.211219 63.966291 1.0279221 71.2588278079 64.8232790597 1.01360890627 3.07425475289 -0.820085592182 0
930 5.32432103157 75.394113 65.876292 1.0355825 71.6018232544 68.3295298385 0.97846948855 4.51661791685 -3.27233451139 0
933 5.29122400284 76.475569 67.55587 1.0353462 73.0609604817 69.4886105255 0.985721383797 3.92365101301 -2.84329252753 0
936 5.33432388306 77.652303 69.425792 1.0395167 76.0559091424 70.6557462897 0.91239107536 2.01525703158 -7.28376175985 0
939 5.35600590706 78.72098 71.209083 1.0347632 75.2878990864 72.2379873425 1.03239047034 3.58394875877 -0.135947395564 0
942 5.31134605408 79.923618 73.070281 1.0406815 77.1855292511 74.461742215 0.980411234934 3.07136684717 -3.4532318184 0
945 5.35419416428 80.886825 74.813727 1.0240856 79.8300788394 76.2376662357 0.958490093921 1.77322175571 -3.75834565334 0
948 5.38315486908 82.003807 76.66259 1.0354781 79.8761780608 78.3293546232 0.964983464247 2.70275955505 -4.03904510697 0
951 5.31426501274 83.149971 78.458347 1.0359732 81.2900617922 79.9122441604 0.97883197188 2.36073700658 -3.27395120744 0
954 5.251486063 84.209192 80.07724 1.046865 82.2178706969 81.0461960632 0.983950713552 2.21455105711 -3.60472308455 0
957 5.2562930584 84.421821 80.346791 1.1291589 81.386670418 80.789652366 1.04607559092 3.06728955997 -4.7603229585 0
960 5.27278399467 84.549549 80.462185 1.2384433 81.7867899714 81.3328685541 1.19856452052 2.89670973722 -2.28488575642 0
963 5.30384707451 84.477315 80.645515 1.377415 82.2747930125 80.454420695 1.29945003852 2.21079626806 -4.46706324286 0
966 5.29091000557 84.491575 80.745704 1.5042297 81.6213662055 80.1504344982 1.43549488561 2.93128714109 -3.9382147703 0
969 5.30911207199 84.58151 81.604236 1.6242617 81.2593879148 81.1395309373 1.55901671306 3.35446656628 -3.73826238596 0
972 5.28542089462 84.52138 83.606555 1.6450761 81.2451090143 82.7491885168 1.61510782902 3.38659546712 -1.71705544645 0
975 5.27861309052 84.450105 85.633891 1.6510189 81.548257807 86.8017983434 1.61077102729 3.12805445833 -2.30603324073 0
978 5.24009895325 84.288283 87.799076 1.6553182 81.1816150756 88.1197226839 1.62404457052 3.1231714472 -1.79184697948 0
981 5.29990291595 84.219899 89.940013 1.6574582 81.1261159123 90.3489455328 1.6035928722 3.12069216844 -3.08625594496 0
984 5.29442191124 84.085061 91.960688 1.6559816 80.8367443771 93.4229930772 1.61053400981 3.56228817215 -2.60395510672 0
987 5.29343485832 83.972707 94.061302 1.6546883 80.4143516419 94.7645450474 1.64936408927 3.62718122488 -0.305054803818 0
990 5.26630091667 83.850194 96.236204 1.650278 80.1980952869 96.9203891763 1.66024793459 3.71563377713 0.571235174246 0
993 5.33856296539 83.742141 98.372522 1.653672 79.6111130214 98.9367861806 1.65864964352 4.16938679251 0.285197965482 0
996 5.34355902672 83.558608 100.37046 1.6603574 80.0545247019 101.014344232 1.65700203177 3.56274987392 -0.192248438227 0
999 5.27872490883 83.448658 102.54165 1.6520527 79.4816959194 102.005623006 1.639241104 4.00301300117 -0.734050379649 0
1002 5.29586219788 83.308795 104.69204 1.6576029 79.6315715051 105.087807671 1.64664872292 3.69845977147 -0.627628114874 0
1005 5.32048201561 83.194681 106.76107 1.661421 78.6305561673 107.602063552 1.65487841566 4.64095956048 -0.374862469586 0
1008 5.33449006081 83.066158 108.84686 1.6653468 78.6541636739 108.927782066 1.67083819853 4.41273637487 0.31463395919 0
1011 5.31807112694 82.920912 111.09751 1.6564676 78.0996457084 111.523499096 1.66903235221 4.84004910766 0.719907272334 0
1014 5.29727101326 82.798446 113.12029 1.6519674 78.214787235 113.523356863 1.64262692878 4.60134660402 -0.53516957952 0
1017 5.25088310242 82.725101 115.25424 1.6521864 78.2614053473 116.313868767 1.64389715869 4.58774367244 -0.474938542654 0
1020 5.25239801407 82.605874 115.888 1.7134215 78.8992567528 117.557392484 1.70345582157 4.0652038921 -0.570991314007 0
1023 5.28207206726 82.650086 115.98425 1.8265292 78.7484634444 117.006417721 1.83407129101 4.03329708985 0.432129983761 0
1026 5.30818891525 82.697137 116.16336 1.9516157 78.3995851192 117.181094781 1.96390058945 4.41641667553 0.703872317093 0
1029 5.26788401604 82.611261 116.28116 2.0730733 78.7446064777 116.752671006 2.09537616974 3.89529714192 1.2778603073 0
1032 5.30553007126 82.517518 116.45008 2.1971216 79.0088154514 116.791126566 2.24995448428 3.52523847912 3.02710128854 0
1035 5.30337285995 82.418538 116.4581 2.3123831 78.7591875313 116.075826066 2.37388512735 3.67926340643 3.52380659869 0
1038 5.32988405228 82.414024 116.83182 2.4679277 78.955133943 117.554564957 2.50415177573 3.53359317121 2.07548665616 0
1041 5.30166316032 82.282962 116.94587 2.5874118 78.3249150795 117.19887419 2.57498487541 3.9661248776 -0.712010331191 0
1044 5.32116580009 82.208722 116.96752 2.707272 78.7894150423 116.349571193 2.78873389698 3.47469722411 4.66742288799 0
1047 5.31812906265 82.043289 117.20312 2.8493508 78.2652199076 118.172132106 2.91549938834 3.90035774373 3.79003493281 0
1050 5.34518814087 81.832352 117.28824 2.9891727 77.4720857916 116.070459393 2.99331807102 4.52713054972 0.237512263995 0
1053 5.31149983406 81.142386 117.29523 3.0875315 77.2032860699 115.580477575 3.11538345133 4.29614759275 1.5957992623 0
1056 5.35475993156 79.131234 117.37152 3.1037602 75.3123688374 116.296536932 -3.14049314238 3.9672811504 2.23063727121 0
1059 5.33303689957 77.094643 117.50841 3.1079346 74.6086502755 116.424001453 -3.13354623405 2.71221343591 2.38949029728 0
1062 5.3135368824 74.899205 117.59033 3.115912 71.4653703761 117.057232512 -3.12985436922 3.47496951865 2.14394721885 0
1065 5.30953717232 72.824078 117.69503 3.116944 69.4801305621 116.957644884 -3.12966150024 3.42428405318 2.09586855307 0
1068 5.29732108116 70.711208 117.83017 3.1174699 68.2733148137 116.950943921 -3.12182725969 2.59159442918 2.51460562186 0
1071 5.32863807678 68.550781 117.88294 3.1169773 65.3903858871 116.98031707 3.14114079062 3.28676519133 1.38446603075 0
1074 5.31675314903 66.454241 117.99143 3.11617 63.9145872533 117.165378094 3.13556475203 2.67061844989 1.11123743626 0
1077 5.30647087097 64.352032 118.06903 3.1139299 60.9935918458 117.104765395 3.13927232033 3.4941274302 1.4520137273 0
1080 5.27872204781 62.204954 118.16997 3.1178991 59.5257370021 117.675839757 3.12836224034 2.72440239663 0.599493781879 0
1083 5.28558397293 60.134729 118.2293 3.1166836 57.0241972193 116.989095884 3.12461072751 3.34865856842 0.45419094996 0
1086 5.30698084831 58.034017 118.36643 3.1239361 54.6662519237 116.915277842 3.13334432665 3.66710842401 0.539051679572 0
1089 5.25364208221 55.858025 118.47896 3.1251128 52.7680254414 116.565409716 3.13268995673 3.63452499799 0.434139101393 0
1092 5.29589605331 53.766425 118.55 3.1243401 50.7996852354 116.513251543 -3.11612192418 3.59859543549 2.44786380276 0
1095 5.30192399025 51.628528 118.603 3.1187628 48.1845279766 117.028356017 -3.13536869206 3.78690372635 1.66466098517 0
1098 5.30787110329 49.494235 118.64783 3.1200968 47.0388335106 117.247526708 3.12222580654 2.82663152621 0.121983089106 0
1101 5.26120901108 47.379245 118.80828 3.1260538 46.0792325128 117.77225149 -3.13073940105 1.66234399008 1.5121562939 0
1104 5.30361509323 45.313934 118.87713 3.1250737 42.1898347719 117.480598351 3.11338376434 3.42203106832 -0.669783976263 0
1107 5.31571507454 43.229975 118.9845 3.131291 41.1880649253 117.468914876 3.12221813731 2.54291073785 -0.519836740475 0
1110 5.30901098251 41.038059 119.03542 3.1300111 38.8110511529 116.951237097 3.11715924358 3.05014463998 -0.736357131812 0
1113 5.3462741375 38.877743 119.09254 3.1262084 36.2110262233 117.677965159 3.09359135791 3.01867526353 -1.86881885211 0
1116 5.35989904404 36.866989 119.17866 3.1252668 33.8154813308 118.15598752 3.08070616631 3.21831602806 -2.55313624293 0
1119 5.31848406792 34.67231 119.25843 3.1314701 32.2146635463 119.019569339 3.07000062293 2.46922670213 -3.52194160508 0
1122 5.35222887993 32.567479 119.34722 3.1353596 30.4750197889 118.54332129 3.1076587906 2.24157058474 -1.58713946753 0
1125 5.33464193344 30.502201 119.36971 3.1349527 27.1463849912 117.434257876 3.10585496868 3.87394837436 -1.66717719827 0
1128 5.34100914001 29.15421 119.31018 -3.13185 26.6621639961 117.138028372 -3.1335976544 3.30583362897 -0.100133221446 0
1131 5.33384394646 28.938717 119.39146 -3.028318 26.6510617582 117.797671292 -3.01901021344 2.78810490316 0.533296886392 0
1134 5.36724901199 28.80706 119.32785 -2.9089456 26.2703391836 117.100887322 -2.87779028746 3.37554666265 1.78506791791 0
1137 5.3420650959 28.607415 119.34948 -2.7753086 26.3067774782 117.803675063 -2.77209547554 2.77172255295 0.184098470774 0
1140 5.35758495331 28.309413 119.3977 -2.6319404 26.1825502718 117.8360609 -2.64450721243 2.63860981257 -0.720025314125 0
1143 5.35952877998 28.176965 119.31562 -2.5155106 25.6567611511 117.329113063 -2.45240080178 3.20899318316 3.61592508394 0
1146 5.32508707047 28.13257 119.1422 -2.3876282 25.8754487711 117.692558326 -2.38089011472 2.68254677956 0.386063848338 0
1149 5.30545711517 28.071656 119.10664 -2.2643471 26.0088928398 118.123379211 -2.26571645939 2.28512442418 -0.0784585135376 0
1152 5.31767201424 27.847582 119.05477 -2.1225081 25.9713622315 118.576925591 -2.13609258035 1.93611360691 -0.778333390889 0
1155 5.29903197289 27.651134 118.95518 -2.0012288 25.6208922446 119.298135515 -1.97162562591 2.059004631 1.6961369354 0
1158 5.35649490356 27.585975 118.8068 -1.8653126 25.1899009216 119.057951123 -1.89783385598 2.40920067159 -1.86333071184 0
1161 5.30820393562 27.545652 118.66047 -1.7395281 22.9722723947 119.112660799 -1.60976494288 4.59568031225 7.43488123908 0
1164 5.31808805466 27.426878 118.54472 -1.6078392 24.657948551 117.709179016 -1.59253867282 2.89224809268 0.876655632009 0
1167 5.32453894615 27.408113 118.27266 -1.4907581 25.7823189181 117.177732829 -1.47919750224 1.96012038053 0.662373460482 0
1170 5.34880399704 27.619078 117.43976 -1.368489 25.8478319439 116.216165559 -1.37237492626 2.15278794735 -0.222647174175 0
1173 5.32318377495 28.00462 115.50954 -1.3464267 27.3127671409 115.999717045 -1.26144788217 0.847899707445 4.86892760951 0
1176 5.35782694817 28.352772 113.43776 -1.3439724 27.2109228521 113.565600045 -1.38833250068 1.14898326955 -2.54164654775 0
1179 5.36947083473 28.777386 111.37552 -1.3470791 27.312238016 111.020274424 -1.38173195295 1.50760009095 -1.98546222224 0
1182 5.30127716064 29.292879 109.18718 -1.3487141 26.4870976108 109.830804103 -1.42087483679 2.87865614313 -4.13450566448 0
1185 5.30726313591 29.664866 107.14961 -1.3582731 27.5600842414 107.405573301 -1.40589457767 2.12028853293 -2.72850968473 0
1188 5.29786705971 30.155372 105.1583 -1.3627181 27.1190129363 105.104675735 -1.39008509799 3.03683254819 -1.5680134829 0
1191 5.31406211853 30.584999 103.08809 -1.3538609 26.5824436669 103.653300798 -1.45220573064 4.04226575576 -5.63474373241 0
1194 5.32203006744 30.932942 101.04272 -1.3388863 28.567251736 101.19173205 -1.37085640721 2.37037866515 -1.83175221373 0
1197 5.34192419052 31.46397 98.886394 -1.3633561 28.6485359946 98.7343025506 -1.38878086564 2.81953904884 -1.45673176644 0
1200 5.27230191231 31.761459 96.890841 -1.3338862 30.4879397082 96.2885503776 -1.33080628052 1.40876022819 0.176466387596 0
1203 5.30290102959 32.148779 94.808879 -1.340085 30.7925015517 94.2749098774 -1.35456004438 1.45760472716 -0.829358951101 0
1206 5.26560091972 32.63242 92.742465 -1.3409888 31.323745282 93.3254615651 -1.35451364771 1.43265994305 -0.774916692263 0
1209 5.31769299507 33.223163 90.635151 -1.3443959 31.3426706451 90.7650827209 -1.31236440564 1.88497579532 1.8352694386 0
1212 5.27983784676 33.480467 88.544154 -1.3400822 31.6851733014 88.7216719539 -1.33753095679 1.80404880423 0.146175468357 0
1215 5.31058216095 33.996344 86.523674 -1.3537744 31.9757436416 86.3418054629 -1.31826204091 2.02876858544 2.03470829627 0
1218 5.28003287315 34.391099 84.502242 -1.3500462 32.8228917114 84.3198534418 -1.34230168233 1.57877790909 0.443728176934 0
1221 5.3124871254 34.871654 82.311763 -1.3462417 33.1415498714 83.1952340455 -1.32951414374 1.94262229577 0.958418375435 0
1224 5.30441999435 35.319079 80.358924 -1.358939 34.8421235564 80.6641626227 -1.31596181425 0.566265937508 2.4624113589 0
1227 5.2960960865 35.776446 78.250756 -1.3606991 35.0235771553 78.4597296566 -1.34193300098 0.781333146899 1.07521827204 0
1230 5.29989004135 36.167733 76.160289 -1.3496683 34.1428147729 77.1267628906 -1.33149970842 2.24373920223 1.040983617 0
1233 5.31116008759 36.593873 74.026216 -1.3452321 35.7041139801 74.6515637963 -1.35532716016 1.08753435794 -0.57840434126 0
1236 5.27523112297 37.096668 72.068535 -1.358637 35.4107076102 72.2449360514 -1.38771665321 1.69516364019 -1.66614139842 0
1239 5.31439709663 37.456761 70.030489 -1.3570922 35.6373373781 69.6034564333 -1.39117768729 1.86886573329 -1.95295456424 0
1242 5.32119703293 37.942935 67.912468 -1.3598503 36.0874171433 67.8062373216 -1.38064607275 1.85855628741 -1.19151001041 0
1245 5.28627681732 38.381728 65.750541 -1.3597279 37.2696737836 65.2958179697 -1.35376753929 1.20143148558 0.341503512795 0
1248 5.29880595207 38.78715 63.709446 -1.3638712 37.5610917408 63.3596444283 -1.36341059177 1.27498235061 0.0263909077566 0
1251 5.31620693207 39.284372 61.704874 -1.358189 37.7157221957 61.4691032085 -1.3521768237 1.58626923148 0.344472327735 0
1254 5.30524897575 39.616785 59.610797 -1.3616912 38.2456386347 59.3730659081 -1.35274731054 1.39160282666 0.512447118684 0
1257 5.3399450779 40.0981 57.483375 -1.3627524 38.5622450347 57.8904497897 -1.34714197966 1.58888651543 0.894411202059 0
1260 5.2963218689 40.478176 55.366289 -1.371191 40.3263957008 56.4502598303 -1.35021263986 1.09454557698 1.20197149722 0
1263 5.28912901878 40.927924 53.368372 -1.3697355 40.2586921091 54.0584914762 -1.3447177566 0.961320037916 1.43341110979 0
1266 5.26205420494 41.311773 51.24524 -1.3687118 40.769338291 51.9940737247 -1.35369250424 0.92465526591 0.860542258431 0
1269 5.29959893227 41.752813 49.127024 -1.3690442 40.8227776811 50.0853905085 -1.3354502915 1.33545200548 1.92478917415 0
1272 5.317923069 42.124468 46.999249 -1.3746445 41.3745615356 47.7060654668 -1.34899754869 1.03050920572 1.46946206756 0
1275 5.28300094604 42.489069 45.000812 -1.3756167 41.3645828787 45.5067560305 -1.37331159999 1.233064637 0.132072501876 0
1278 5.27243995667 42.919623 42.847052 -1.3693623 41.536869731 43.8059539453 -1.3784892383 1.68270601816 -0.522935044686 0
1281 5.32527399063 43.26925 40.76156 -1.3849404 43.2543306545 42.028630736 -1.35401786692 1.2671585682 1.7717306373 0
1284 5.26812791824 43.723057 38.666685 -1.382086 43.5765279453 38.8063261515 -1.33969743545 0.202411499368 2.42868584812 0
1287 5.31779098511 44.069109 36.638541 -1.3748634 44.0410056687 37.1992401797 -1.33348528731 0.561403034682 2.37079122128 0
1290 5.32162117958 44.48264 34.512889 -1.372972 43.4284087615 35.7605461234 -1.37044109298 1.63341721607 0.145010290733 0
1293 5.31041884422 44.660959 33.544964 -1.3339999 44.7747670814 34.4239540727 -1.3168036888 0.886327155892 0.98527032552 0
1296 5.2888879776 44.654294 33.324157 -1.2074321 44.5349723495 33.7385929882 -1.19164175212 0.431271196119 0.904720290693 0
1299 5.30478405952 44.699557 33.107025 -1.0711259 44.0900683913 33.0634635379 -1.12146401029 0.611043341485 -2.88416126849 0
1302 5.3196349144 44.829945 32.953901 -0.95914547 43.7174330221 32.7920072943 -0.950843022989 1.12422972422 0.475695173362 0
1305 5.30593514442 44.914184 32.826307 -0.82117543 44.3917004162 33.6717411419 -0.790374931522 0.993855111987 1.76473856968 0
1308 5.27811002731 44.932468 32.690373 -0.70238554 43.2103451325 33.3954492767 -0.7280632738 1.86087069048 -1.47122577418 0
1311 5.28888297081 45.019913 32.619075 -0.56167342 42.9849225937 33.1818386959 -0.666757295817 2.11137133898 -6.02086257922 0
1314 5.29268193245 45.164806 32.47066 -0.44585332 44.4657677589 34.2006764078 -0.65210170427 1.86590761663 -11.8171619501 0
1317 5.32572507858 45.307079 32.373178 -0.30795343 42.5900272865 31.7769335355 -0.510598721074 2.78170405967 -11.6107199168 0
1320 5.32305192947 45.468859 32.25314 -0.19105128 44.2078315824 32.8621245848 -0.488826382311 1.4003757969 -17.0612566065 0
1323 5.3109600544 46.833289 32.057508 -0.10389315 44.827999878 33.3171363428 -0.35674413734 2.3680895306 -14.4872944203 0
1326 5.33096790314 48.863767 31.868312 -0.084237935 47.18496318 32.4889232768 -0.176048294932 1.78984374258 -5.26034613971 0
1329 5.31651711464 51.033972 31.691587 -0.08198003 48.8503281512 30.3473105629 -0.423579091081 2.56425029937 -19.5721844856 0
1332 5.26908993721 53.111195 31.42619 -0.084122232 50.4204037487 27.0129067381 -0.578642019518 5.16889027819 -28.3338967105 0
1335 5.31608200073 55.206155 31.249451 -0.082409142 53.9231406859 32.9835195603 -0.0521854824657 2.15710906124 1.73168813276 0
1338 5.3455657959 57.287235 31.07162 -0.080297126 55.8900962205 32.5332982128 0.00402021777338 2.02200394834 4.83102793797 0
1341 5.32752203941 59.516372 30.847745 -0.092608556 58.7493093257 32.9850284537 -0.0235519326581 2.27076324348 3.95665306491 0
1344 5.32910203934 61.567611 30.670937 -0.091677002 60.2967887547 33.0981380521 -0.0172489684772 2.73976169156 4.26441219832 0
1347 5.27589797974 63.68279 30.502969 -0.089332225 62.9532539586 32.1254878099 -0.0746109140731 1.77898570098 0.843468985013 0
1350 5.32093000412 65.773678 30.270465 -0.081918863 65.4722437672 32.6382042249 -0.0924876674827 2.38684973002 -0.605547891355 0
1353 5.30874300003 67.870787 30.052005 -0.080757136 67.7040335325 32.4234489689 -0.0776966948774 2.37729956388 0.175350359775 0
1356 5.34351110458 69.978421 29.855203 -0.080851998 69.5293607721 31.7232258419 -0.0737978552189 1.92124033539 0.404172609438 0
1359 5.27998304367 72.04312 29.748383 -0.089661546 70.5635310069 31.1637765859 -0.100140767661 2.04756503962 -0.600415173786 0
1362 5.29698109627 74.192216 29.503442 -0.097083695 72.3637261821 30.9469777547 -0.110005585718 2.32962883078 -0.740369801452 0
1365 5.33704090118 76.337484 29.313327 -0.092202589 75.0726132693 30.5572741746 -0.107816513161 1.77406384848 -0.894611956083 0
1368 5.32377099991 78.469083 29.072242 -0.088851811 77.8050838594 30.2002789967 -0.112984193002 1.30895466867 -1.38268363831 0
1371 5.25789904594 80.508884 28.860474 -0.08148585 79.2733100982 29.2586998152 -0.104967535739 1.29816280442 -1.34540148872 0
1374 5.3039791584 82.648681 28.706332 -0.092016755 81.5599667039 30.1932461006 -0.0643025988087 1.84288153743 1.58790418253 0
1377 5.25246691704 84.803463 28.469695 -0.089914919 83.5955847844 30.008976547 -0.0632550554741 1.9566188859 1.52749766243 0
1380 5.29011702538 86.909059 28.274418 -0.095059786 84.7147905316 30.2238170398 -0.0710148488191 2.93512703776 1.37767341912 0
1383 5.27473092079 88.999768 28.069648 -0.093100738 87.2234608532 30.5891349976 -0.0646020659093 3.08270689666 1.63285363252 0
1386 5.30307722092 91.148907 27.8824 -0.087682683 89.7165382245 30.144536411 -0.0542985334375 2.67748789937 1.91277087257 0
1389 5.29418992996 93.191686 27.680334 -0.085944106 91.1323883557 30.0363067826 -0.0488793484564 3.12910762675 2.12365417592 0
1392 5.29441308975 94.597595 27.536443 -0.026113958 93.3466870034 30.1151073196 -0.0560144911012 2.86605660957 -1.71317435189 0
1395 5.31125092506 66.734672 23.138609 0.64678418 94.5668563434 30.9244084945 -0.00695407685693 28.9006774851 -37.4564430241 0
1398 5.2465159893 41.954155 8.6979942 1.5862633 97.9809857252 32.1493490108 0.0139978206353 60.7369064373 -90.0841762417 0
1401 5.24361419678 40.498777 7.6026468 1.6671323 100.210233437 32.0360228092 0.0244606080215 64.5170356803 -94.118155076 0
1404 5.2521250248 40.36551 9.5759073 1.6613912 100.581028379 30.7698907558 -0.0183245042352 63.8364597105 -96.2406206345 0
1407 5.29381799698 40.15753 11.693798 1.6450717 102.295790438 30.6466784188 0.00239358203015 64.9644140009 -94.1185232582 0
1410 5.27174115181 40.017928 13.779826 1.6578436 103.201859834 30.5722071095 -0.0315393844905 65.3773149133 -96.7945149925 0
1413 5.28901600838 39.937066 15.922073 1.6651068 106.154888199 31.6804358994 0.0307779834183 68.0670697034 -93.6401435267 0
1416 5.31660604477 39.75755 17.953862 1.6630734 105.270100174 31.0929771565 0.0131162506694 66.8171428403 -94.5355810341 0
1419 5.34915208817 39.645384 20.177858 1.663423 107.358179947 30.7676617478 -0.00171428308227 68.5358787667 -95.4053386305 0
1422 5.34150505066 39.526919 22.292671 1.6684735 111.470468908 32.5018058797 0.0567861861848 72.6643021598 -92.3428809764 0
1425 5.33927297592 39.303781 24.413998 1.6572417 111.71098764 32.7868689337 0.0258891929166 72.8897011999 -93.469613554 0
1428 5.33326792717 39.21094 26.55624 1.6661167 116.380232093 35.0275885865 0.11895531497 77.6328756974 -88.6458175879 0
1431 5.33450007439 39.049874 28.673026 1.6660737 117.454479248 35.3662106531 0.144449670098 78.6897759874 -87.1826349191 0
1434 5.34447813034 38.816051 30.701859 1.6598041 120.604811049 35.4388860411 0.116238188908 81.9258243509 -88.4398121058 0
1437 5.33850502968 38.695572 32.853799 1.6647394 122.917222195 34.9403112166 0.121289172974 84.2474919197 -88.4331838971 0
1440 5.34314203262 38.58982 35.008607 1.6723781 124.38013399 35.6143792163 0.0825060431634 85.7924526664 -91.0929588225 0
1443 5.26231908798 38.393816 37.160762 1.6689022 126.494971665 35.6335297876 0.100255611069 88.1143919444 -89.8768290933 0
1446 5.24228286743 38.314928 39.264936 1.6781402 129.232289322 36.9640957671 0.171902240579 90.9464702756 -86.3010780172 0
1449 5.20796704292 38.042909 41.445131 1.6601298 130.669790171 38.46342461 0.154285210319 92.6748600674 -86.2785395913 0
1452 5.2472410202 37.893052 43.482766 1.6655679 134.841104928 27.5341267948 -0.0608884262649 98.2511275207 -98.9186610086 0
1455 5.30409407616 37.737395 45.529248 1.6663309 137.720179052 27.0416528914 -0.0770608957752 101.677668539 -99.8889919357 0
1458 5.32706999779 37.667375 47.706088 1.6735516 141.047207461 26.1860868265 -0.103671924458 105.595928947 -101.827407203 0
1461 5.23477506638 37.411337 49.793915 1.6717816 142.098138419 24.8750277024 -0.121074289623 107.61169702 -102.723075751 0
1464 5.32279396057 37.208006 51.943854 1.66906 27.3034082798 115.077222637 1.67031652951 63.9055810664 0.0719938376244 0
1467 5.33287501335 37.03196 53.963531 1.6741645 141.028941623 37.9726021251 0.172149945392 105.219209239 -86.0590947463 0
1470 5.29545903206 36.983983 56.143126 1.6856298 141.671925429 39.75172546 0.137712516251 105.963405483 -88.6891273942 0
1473 5.33489608765 36.720012 58.206076 1.6746777 32.5783436453 56.9047268917 2.19557952387 4.34130467276 29.8454760483 0
1476 5.31215786934 36.536888 60.398002 1.6787317 33.596373967 60.6980822743 1.63707227662 2.95578601209 -2.38690913683 0
1479 5.36573600769 36.401835 62.417273 1.6766351 32.5721921912 61.9178585823 1.81257514599 3.86206923856 7.78879090215 0
1482 5.33437204361 36.239068 64.615141 1.6886647 33.4549576779 64.5110995452 1.73816780676 2.78605364451 2.83631909021 0
1485 5.25907993317 35.99676 66.655908 1.678851 33.5378367242 66.2218319572 1.64981910953 2.49694326872 -1.66340479505 0
1488 5.29480910301 35.830181 68.859683 1.6854848 33.9447659763 69.0176796461 1.68124973111 1.89202345434 -0.242651573198 0
1491 5.32814788818 35.575227 70.898859 1.683738 33.3160370723 71.1522670092 1.6533251491 2.27335759362 -1.74252799955 0
1494 5.30039405823 35.463169 73.006353 1.6935188 32.6394946109 72.293304035 1.67516602677 2.91231452324 -1.05153644869 0
1497 5.31601595879 35.205801 75.07321 1.6913976 32.1822722848 74.4835962664 1.66192226266 3.0804821451 -1.68881242946 0
1500 5.30482792854 34.978045 77.287591 1.6912075 30.9488901719 75.5332124602 1.73102624542 4.39453441105 2.28144605794 0
1503 5.36515712738 34.814043 79.320098 1.7000185 31.0709466038 78.3539167202 1.69828371915 3.865782831 -0.0993956212844 0
1506 5.32360720634 34.580736 81.372215 1.6970036 30.9117127561 80.8895584178 1.69183969522 3.70063358638 -0.295869949515 0
1509 5.33818221092 34.345965 83.441951 1.6955247 30.3114711269 82.8656508663 1.70682392543 4.07544631371 0.647397928877 0
1512 5.3108921051 34.142398 85.698773 1.7034669 30.0621189852 84.8560328969 1.7069291659 4.16639985116 0.198373223431 0
1515 5.31411504745 33.910208 87.748137 1.7016389 30.421953717 87.0152149432 1.6734876422 3.56442038546 -1.61294825966 0
1518 5.32675600052 33.670818 89.737713 1.6967853 30.2321444334 89.3218648575 1.7040999673 3.46372712198 0.419099564833 0
1521 5.26890015602 33.472926 91.900649 1.7056804 30.0681419186 91.6869771513 1.67398504363 3.41148212658 -1.81601014997 0
1524 5.28418684006 33.217902 94.036516 1.7078464 29.4980535794 93.3120848517 1.67791811247 3.78973254477 -1.71476456361 0
1527 5.2412071228 33.034075 96.178482 1.7177188 28.7328836204 96.223019227 1.70470886889 4.30142195662 -0.745414144211 0
1530 5.27829122543 32.713254 98.174723 1.7080491 27.7110597019 97.4703410307 1.7032660082 5.05154449201 -0.274050973331 0
1533 5.28335690498 32.45653 100.24821 1.7068362 27.6020853618 99.3450861303 1.70851231736 4.93773890251 0.0960344504844 0
1536 5.2899119854 32.217075 102.39435 1.7082962 27.6702322508 102.129891468 1.68897314768 4.55452712153 -1.10712934496 0
1539 5.30444502831 31.955228 104.48204 1.7110577 27.5799464054 103.48314931 1.67764633292 4.48785824663 -1.9143303214 0
1542 5.28665804863 31.741377 106.6002 1.7198575 27.7612690826 105.736626087 1.67372961722 4.07271640765 -2.6429330012 0
1545 5.27253890038 31.439656 108.68741 1.7105287 27.4552305105 107.830323578 1.69665101352 4.07556666197 -0.795132864451 0
1548 5.24323701859 31.216018 110.75498 1.7177022 27.2519690143 110.234705497 1.6861799314 3.9980457625 -1.80609295144 0
1551 5.25132489204 30.916985 112.90957 1.719675 27.0986450864 112.73399902 1.68001397243 3.82237424452 -2.27240949105 0
1554 5.30489110947 30.668641 114.94646 1.716506 27.3000031603 114.4328938 1.68119229642 3.4075608779 -2.02332617423 0
1557 5.27698111534 30.419865 117.12266 1.716223 26.9486076797 115.671829291 1.66702465729 3.76225160397 -2.81885739625 0
1560 5.32109594345 30.132888 119.21343 1.725557 26.3606874267 116.624016247 1.69590653858 4.57543011628 -1.69884630021 0
1563 5.35590600967 29.88258 121.34383 1.72867 26.6215827808 120.15813146 1.70907391453 3.46986799345 -1.12277299251 0
1566 5.30131793022 29.981486 120.5055 1.7055843 25.8785212121 119.981766106 1.70471158051 4.13625642847 -0.0500031437441 0
1569 5.3186340332 30.170653 118.4575 1.6900862 27.456127089 117.375911915 1.70498979965 2.92206839531 0.853913359536 0
1572 5.41244912148 30.502618 115.6086 1.6745202 27.3160990814 114.109988922 1.6699150656 3.52132616812 -0.263854765058 0
1575 5.33619689941 30.699806 113.48782 1.6738205 27.5027006769 112.669935415 1.6654058241 3.30006327833 -0.482125415088 0
1578 5.35065293312 30.8492 111.36091 1.6697397 27.4953390474 111.059599293 1.67819411578 3.36736862124 0.484402342675 0
1581 5.31673312187 30.973164 109.37107 1.6787837 28.269360564 108.424811581 1.68193168341 2.86460433835 0.180366163514 0
1584 5.21896791458 31.204408 107.09871 1.665475 27.9915199041 107.560873821 1.71189024407 3.24595830446 2.65939759056 0
1587 5.25635504723 31.322843 104.96751 1.6587885 28.3764934165 105.260733594 1.71580818329 2.96090458207 3.26698720197 0
1590 5.30174612999 31.457099 102.91722 1.6541397 27.9745062605 102.73774955 1.67973057499 3.48721405014 1.46624913098 0
1593 5.25549983978 31.546684 101.34427 1.631357 28.6292472908 102.077848351 1.68334887955 3.0082510117 2.9789152674 0
1596 5.2597489357 31.536552 101.09899 1.5279681 28.4233473017 102.038172852 1.57623225997 3.25178534386 2.76533266806 0
1599 5.33113098145 31.522716 100.84711 1.3818466 28.9428539455 101.619753721 1.46434218989 2.6930775221 4.72664912904 0
1602 5.29210495949 31.33472 100.81397 1.2437751 27.7999928526 102.682522404 1.28616833478 3.99822261661 2.42895343254 0
1605 5.30896615982 31.335612 100.76499 1.1262837 28.1183683492 101.681362876 1.20426015625 3.34520492011 4.46772184445 0
1608 5.35796308517 30.238332 99.003137 0.9296569 28.3083437039 100.792504441 1.01102822297 2.63186068466 4.66223337975 0
1611 5.19602298737 28.772289 97.32743 0.78863198 26.346372428 98.7838715176 0.849851380091 2.82953938098 3.50761324953 0
1614 5.23617291451 27.005154 95.945316 0.6582802 24.280279356 97.7186723295 0.704533962551 3.25111280902 2.65014538079 0
1617 5.26470303535 26.209553 95.323497 0.64585939 24.1245141013 95.4668308993 0.722818825821 2.08995976413 4.40945086626 0
1620 5.29266285896 26.225548 95.299359 0.74214735 23.7472483575 95.0776181764 0.829648278804 2.48819977313 5.01343392392 0
1623 5.31644392014 26.287241 95.304851 0.87876564 23.0371748544 94.7978562257 0.882507337823 3.28937283565 0.214383493462 0
1626 5.30747294426 26.503119 95.525486 1.0159202 24.0227198787 94.3098091245 1.06501311179 2.76229072808 2.81281664985 0
1629 5.29522013664 26.584147 95.637624 1.1414331 24.4296494035 94.7227522727 1.19288586655 2.34069437787 2.94802636734 0
1632 5.33799099922 26.62792 95.717086 1.2595284 23.6543787018 95.7445060566 1.30029263175 2.97366772041 2.33561843431 0
1635 5.35028100014 26.756174 95.797181 1.3910555 23.6528283091 96.1249393384 1.42027124225 3.12060571136 1.6739387264 0
1638 5.34250497818 26.381693 93.77201 1.3952992 23.6777863422 93.4385475233 1.52466574054 2.72439138848 7.41215678309 0
1641 5.32821011543 26.011804 91.856332 1.39866 23.285666982 92.1032985788 1.51223909204 2.73730077486 6.50760261507 0
1644 5.3676378727 25.609249 89.727224 1.3968171 23.2353151645 90.2649189351 1.49121904128 2.43406608346 5.40883281328 0
1647 5.33221483231 25.2462 87.568251 1.3940659 23.5436585833 87.7846409265 1.47702512868 1.71623770962 4.75321367502 0
1650 5.33421993256 24.820481 85.505592 1.4017015 21.8433321535 85.8454321793 1.43909984238 2.99648237129 2.14276717939 0
1653 5.25301504135 24.493958 83.448062 1.398475 21.9257002941 84.1376740616 1.50061665123 2.65923155056 5.85228552795 0
1656 5.2699341774 24.080092 81.345956 1.3962744 20.869395849 81.7935326744 1.43159791299 3.24174253354 2.02388821175 0
1659 5.26416492462 23.622432 79.208855 1.3888608 20.4425045859 78.5755820323 1.46380507424 3.24237151024 4.29399061272 0
1662 5.28855800629 23.236261 77.182266 1.3737053 20.1799038021 77.3634830004 1.43218720444 3.06172482804 3.35076630207 0
1665 5.31320905685 22.741503 75.111069 1.3685019 19.36779478 75.4276618551 1.40814691055 3.38853038791 2.27149178324 0
1668 5.31639409065 22.23837 73.007777 1.3690406 19.6970408318 72.8738299339 1.45365463113 2.54485672635 4.84802687132 0
1671 5.32315611839 21.796618 70.8705 1.3677106 18.4161530249 71.5080762381 1.42015085491 3.44006495685 3.00460528298 0
1674 5.29134702682 21.306705 68.900927 1.3588762 20.1594663036 69.3299227251 1.49385876479 1.22482405215 7.73393127037 0
1677 5.3030769825 20.800373 66.796896 1.3509317 19.8891340252 66.8405544444 1.46697063955 0.912284236912 6.64854149558 0
1680 5.32171821594 20.180988 64.758154 1.3339286 19.9511539329 65.5200506897 1.48523727886 0.795807931685 8.66934870227 0
1683 5.29333305359 19.716632 62.635567 1.3210663 18.5241499742 62.82705053 1.44323735823 1.20775797412 6.99988601542 0
1686 5.25168204308 19.127208 60.642471 1.320188 16.8464276639 60.9510335801 1.37929396978 2.30155812602 3.38652261255 0
1689 5.2837600708 18.573484 58.538556 1.3117791 17.3012656102 58.3843030595 1.42139418171 1.2815356417 6.28048155276 0
1692 5.30757808685 18.03732 56.562177 1.3046299 16.9279365445 56.6087845865 1.42850642447 1.11036206636 7.0976020326 0
1695 5.27371501923 17.470308 54.449011 1.30616 16.6864447578 54.2901878026 1.43080662688 0.79979146686 7.14172565057 0
1698 5.29768013954 16.865167 52.414515 1.2995721 14.7278200246 51.9444058072 1.39069702152 2.18843659871 5.22107341141 0
1701 5.27455878258 16.322269 50.452679 1.2871313 14.5278855365 51.0462236052 1.33678831222 1.89000190801 2.84513722342 0
1704 5.35587787628 15.679585 48.421133 1.2791916 14.9131964643 48.6822830569 1.40999460452 0.809660879578 7.49446010661 0
1707 5.29671692848 15.049517 46.343459 1.2810584 13.5743754495 46.4292724155 1.37003746134 1.47763545444 5.09812467964 0
1710 5.32766008377 14.370513 44.264129 1.2685694 12.932964244 44.9518629144 1.34812426586 1.59358851741 4.55815805371 0
1713 5.26177000999 13.728985 42.398373 1.2622613 13.6069715266 42.0659625157 1.39242855034 0.354096057225 7.45803407511 0
1716 5.21143984795 13.116178 40.310007 1.2578142 13.5652418024 40.156811597 1.40642778673 0.474475636972 8.51493129809 0
1719 5.28336191177 12.482531 38.460523 1.239848 12.3344019263 39.0131811064 1.34463932056 0.572165365065 6.0041003977 0
1722 5.2959549427 12.331027 38.238303 1.1567887 10.4905811865 37.6035834248 1.26079641075 1.94682041582 5.95920286263 0
1725 5.24440312386 12.263795 38.100898 1.043782 11.3799689579 37.6570608283 1.12222610982 0.989009558969 4.49451642045 0
1728 5.28810811043 12.231882 38.075858 0.90529637 11.3074631283 37.4955993407 1.01360625642 1.09144416353 6.20569937168 0
1731 5.28048586845 12.170047 37.918491 0.7605547 11.1780311491 38.2296786161 0.898379213829 1.03967936448 7.89676295586 0
1734 5.37103486061 11.9457 37.868652 0.60051086 11.8103670826 37.5038744127 0.800552893525 0.389072855333 11.4615642462 0
1737 5.33237910271 11.861848 37.85602 0.47073445 11.7164976247 37.9935416808 0.621351342353 0.200097337002 8.62971225519 0
1740 5.26632404327 11.68598 37.868337 0.32347919 11.9911488287 37.6942706486 0.49191738735 0.351321944532 9.65079781698 0
1743 5.27593994141 11.634663 37.834152 0.18688423 11.7233310196 37.2475549631 0.136665459665 0.593260567835 -2.87732359253 0
1746 5.27378702164 11.546787 37.799316 0.059161186 12.6846129619 37.9011142978 0.113887122263 1.14237069858 3.13556517779 0
1749 5.26697993279 11.461332 37.784444 -0.088384018 10.8773391468 37.6513802685 -0.0490001403679 0.598960440436 2.25652996918 0
1752 5.34527182579 11.353119 37.809133 -0.22428348 10.9096249784 37.3274255532 -0.167791115994 0.654774015576 3.23677403225 0
1755 5.35287117958 11.259101 37.929753 -0.36642208 11.6556446729 37.5144323744 -0.265020334596 0.574228270445 5.8098920469 0
1758 5.3549220562 11.22919 38.083377 -0.50941267 13.0602598382 38.5783936885 -0.305542041171 1.89680211785 11.6809265986 0
1761 5.31078982353 11.185129 38.110347 -0.64618684 12.6487791407 38.4089571877 -0.475433689421 1.493800448 9.78343486675 0
1764 5.32197213173 11.588805 37.741111 -0.76036767 12.1852183068 37.8959977849 -0.744267969074 0.616197004742 0.92244491447 0
1767 5.32323122025 13.063467 36.224873 -0.77289998 13.1510005071 37.4512504727 -0.824544491065 1.22949738529 -2.95901251903 0
1770 5.35196399689 14.493375 34.807156 -0.77803694 12.9687683399 35.9541307373 -0.717373109437 1.90787224838 3.47578146036 0
1773 5.33277606964 15.892318 33.28564 -0.77023756 15.7174575981 33.6399331536 -0.736634267381 0.395094670775 1.92532684479 0
1776 5.35326004028 17.405154 31.857105 -0.77891679 17.9979199187 31.9753809639 -0.762533601584 0.604450691122 0.93868755123 0
1779 5.34541606903 19.008966 30.381332 -0.78385491 18.2771440069 30.768391329 -0.746990125201 0.827875808177 2.11219658167 0
1782 5.35947108269 20.517371 28.856906 -0.78454873 20.3742773249 29.4049158083 -0.765703203419 0.566383747825 1.07976913577 0
1785 5.32612991333 22.037399 27.308602 -0.78653789 21.6885012549 27.5581075704 -0.763994567759 0.428932006494 1.2916372206 0
1788 5.35102796555 23.470866 25.802264 -0.78746834 23.3545583337 25.9320764047 -0.755404648533 0.174294961654 1.83711419664 0
1791 5.37263202667 25.030138 24.239515 -0.79252133 25.0123994484 24.3955823395 -0.781433635126 0.157072182954 0.635278120811 0
1794 5.33076000214 26.508975 22.80392 -0.79210599 26.4720186436 23.2847480531 -0.783341783913 0.482246191212 0.50215201959 0
1797 5.318390131 27.961008 21.312251 -0.79564812 27.4100068956 21.3697514222 -0.752999528094 0.553993245113 2.4435843184 0
1800 5.36392807961 29.36401 19.750057 -0.78815021 29.3243225588 20.6385912452 -0.802904332201 0.889420147009 -0.845348932514 0
1803 5.33209300041 31.016391 18.179875 -0.79578372 30.9123186886 19.0247001516 -0.789301120075 0.851211244528 0.371425615962 0
1806 5.34107518196 32.405165 16.663972 -0.79079715 32.0259606217 17.209591641 -0.77710059052 0.664452220385 0.784755052066 0
1809 5.35213804245 33.875627 15.226881 -0.79213801 33.8407431834 15.5468704432 -0.822422097194 0.321885265971 -1.73515038263 0
1812 5.31361913681 34.400964 14.714584 -0.72873329 33.5225467693 15.0456360914 -0.754032008441 0.938729097468 -1.44950979374 0
1815 5.27132105827 34.541831 14.529671 -0.59347242 33.1376424853 14.4909540082 -0.692289008683 1.40472217552 -5.66177347742 0
1818 5.26600003242 34.648846 14.435796 -0.47955783 33.8644985893 15.2599424153 -0.520556132772 1.13772499945 -2.34902971603 0
1821 5.32438206673 34.668797 14.324629 -0.34405458 33.36795129 14.6777381948 -0.375573227763 1.34791901262 -1.80588549279 0
1824 5.33287286758 34.864126 14.20779 -0.22615765 34.3949580055 15.3712021797 -0.260641441432 1.25445067933 -1.97577571065 0
1827 5.35611009598 35.017605 14.088235 -0.094353638 34.9347140202 15.3019775619 -0.142087789205 1.21656973543 -2.73496540268 0
1830 5.29882311821 36.599142 14.0692 -0.022879679 36.1679034549 15.1316459596 -0.0674781067095 1.14662901584 -2.55530168068 0
1833 5.29650998116 38.63985 14.009333 -0.014813302 38.0035219612 14.5586913233 -0.0725361339949 0.840659229634 -3.30727465485 0
1836 5.35297107697 40.768535 13.925491 -0.0089087199 40.3252334527 14.0711561737 -0.0740700958669 0.466620407412 -3.73347183017 0
1839 5.3265941143 42.905865 13.952369 -0.011506708 42.3756495182 14.9579979537 -0.0302387102003 1.13684565777 -1.0732646679 0
1842 5.34434103966 45.04117 13.838962 -0.010052037 45.2937104339 15.2052287399 -0.0391485622752 1.38941047764 -1.66710809676 0
1845 5.34688520432 47.095509 13.764363 -0.008210261 46.3299128457 14.7848566363 0.00515101325756 1.27575261437 0.765544623875 0
1848 5.35757899284 49.256947 13.750747 -0.012245698 48.327049937 14.9403674071 -0.00717831009579 1.50993551547 0.290339940067 0
1851 5.30455899239 51.347189 13.680192 -0.017629817 50.9533718982 14.967200271 0.00195967470079 1.34591314703 1.12239519726 0
1854 5.34758615494 53.510554 13.649042 -0.0075411209 52.9630402812 14.9836450451 0.014269193166 1.44254516752 1.24963894584 0
1857 5.32923793793 55.608657 13.581194 -0.0077936973 54.9148438691 15.3720315726 0.00207057012328 1.92054051559 0.565180891342 0
1860 5.31768107414 57.666716 13.591636 -0.01411162 57.567631693 15.3235185505 -0.00199227190512 1.73471463607 0.694387496286 0
1863 5.2704269886 59.905766 13.533857 -0.012519778 59.2736212542 14.573510965 0.0169363356389 1.21675278777 1.68771099237 0
1866 5.29462814331 62.027534 13.447994 -0.021676244 60.5367352694 14.9115492815 0.00571672852513 2.08913257529 1.56950171401 0
1869 5.31117892265 64.181261 13.371995 -0.025327169 63.2919435255 14.9542225049 -0.00321856354572 1.81502877325 1.26672978345 0
1872 5.32598185539 66.241252 13.310079 -0.024907545 65.1236742135 15.0676294148 -0.00592405540917 2.08277784932 1.08767383398 0
1875 5.31121993065 68.444119 13.24669 -0.026304862 66.6963009464 14.8608607542 0.00414820171234 2.37916270401 1.74483202396 0
1878 5.34027600288 70.49734 13.123327 -0.017605166 69.2522575578 14.9874670809 -0.00262250653295 2.24170661088 0.858443153344 0
1881 5.30096292496 72.634932 13.039101 -0.019360635 71.782539978 15.4592519333 -0.0114185628978 2.56587269735 0.455047212046 0
1884 5.33746504784 74.720419 12.994859 -0.019347658 73.3863283856 15.2619011223 -0.00180201489461 2.63045200519 1.00529129878 0
1887 5.31869792938 76.914825 12.90632 -0.036038761 76.1279973584 14.9395189817 -0.0134582879545 2.18013665551 1.29376580492 0
1890 5.35586810112 79.004774 12.78569 -0.032634565 78.2048829696 15.0120034307 -0.00304664081876 2.36564941452 1.69526318014 0
1893 5.30853414536 81.177999 12.691712 -0.029848436 80.9133601649 14.6789822285 0.00881433757128 2.00481337635 2.2152137499 0
1896 5.30491995811 83.222919 12.597068 -0.02122413 82.1122231464 14.6427565348 -0.00443416356221 2.32776434822 0.961994215052 0
1899 5.29979300499 85.390174 12.538762 -0.021700441 84.3562345892 14.7313057522 0.0122297611459 2.4241037128 1.94405738098 0
1902 5.28953409195 87.449986 12.512039 -0.030894579 86.7025107091 14.7322437075 0.00997107066592 2.34265410459 2.34142925292 0
1905 5.30652999878 89.572355 12.414566 -0.034322832 88.4171317269 14.7650262815 -0.00235047091258 2.61900827518 1.83188135138 0
1908 5.32889604568 91.713838 12.339838 -0.030338307 90.689813168 14.7088755485 0.00444550893503 2.58088468607 1.99296584844 0
1911 5.30495214462 93.866625 12.234111 -0.027880568 92.8257552487 14.9798568739 0.00339660460728 2.93641452171 1.7920499855 0
1914 5.3306889534 96.027017 12.118277 -0.016096141 94.8250538249 14.5520727221 0.00414068098505 2.71442021271 1.1594844905 0
1917 5.31288194656 98.003729 12.063433 -0.023465033 96.8645065581 14.5603054044 0.0170066277681 2.7444853026 2.3188553519 0
1920 5.37341189384 100.1865 11.996018 -0.023536261 99.3585966773 14.8604010123 0.0115534833502 2.98162941241 2.01049425546 0
1923 5.30630517006 102.26857 11.921444 -0.023061579 101.988515072 14.8617201571 0.0156511088413 2.95358335627 2.21807362691 0
1926 5.34885215759 104.50291 11.810699 -0.022632517 103.913979133 15.2157588224 0.0228921281017 3.45561455616 2.60837002816 0
1929 5.3811519146 106.528 11.779433 -0.025937223 105.860846781 15.0501483196 0.0122902316603 3.33806412752 2.19027181356 0
1932 5.27806711197 108.61821 11.737233 -0.017267816 107.907814618 15.0254213502 -0.00997780040765 3.36405175716 0.417687126026 0
1935 5.25745677948 110.65428 11.638117 -0.015586443 109.129315285 14.889021583 0.0031116748908 3.59080742857 1.07132323998 0
1938 5.29161000252 112.94226 11.558687 -0.011710616 111.441829635 15.1025661124 -0.00908322589314 3.84842441066 0.150538364257 0
1941 5.28394293785 114.89636 11.528856 -0.01668203 114.022273165 15.0089392391 0.00568754274021 3.58817601938 1.28168210752 0
1944 5.30387997627 117.03777 11.494892 -0.018548407 116.349621287 15.0717419819 0.00525579738038 3.64244484429 1.36388044566 0
1947 5.28919196129 119.07747 11.406331 -0.016261061 118.037275937 15.1668531254 -0.0233550628449 3.90173427379 -0.406456365573 0
1950 5.3244509697 121.291 11.334615 -0.012126455 120.010922594 15.0863419189 0.00264788392558 3.96409548834 0.846507265531 0
1953 5.3217010498 123.43737 11.229443 0.0013807468 122.786664994 15.0416434397 0.00585645542584 3.86733618884 0.256439214591 0
1956 5.34505295753 125.58554 11.258252 -0.0049853053 124.046818377 14.7515568187 0.0119332583436 3.8171773328 0.969362292204 0
1959 5.30743598938 127.50849 11.183265 -0.012828209 126.507672413 14.7764331977 0.0117646038822 3.72994551423 1.40906438451 0
1962 5.34207606316 130.28779 11.390648 -0.01314096 128.645523815 14.9680560818 -0.00187081909396 3.93635450727 0.645731508434 0
1965 5.32626008987 132.78769 11.256475 0.0084755214 131.0559446 14.7323200222 0.00946214405715 3.88335431661 0.0565293142268 0
1968 5.35365509987 125.9239 10.596074 0.27888777 132.74325022 14.6939081752 0.004301782948 7.95586465119 -15.7326181715 0
1971 5.32854199409 93.936275 13.265891 0.84250578 132.897591526 14.753925567 -0.00417378467234 38.9897221368 -48.5111656557 0
1974 5.35583305359 59.212281 6.4432491 1.3602712 133.261489097 15.9033763519 -0.0220596097265 74.6510497412 -79.2017212882 0
1977 5.35654997826 41.747696 3.5851691 1.5088422 138.8511499 12.5026751767 -0.0124019258504 97.5120642482 -87.1608680203 0
1980 5.32865905762 40.889782 2.6549702 1.6071612 138.729399905 12.9180020826 0.0562765422059 98.3764232691 -88.8591454032 0
1983 5.26637005806 40.408125 3.8011614 1.6070032 66.8957494245 106.349743165 -2.5674135816 105.91414386 120.823536486 0
1986 5.28177690506 40.388712 5.5337894 1.5172855 79.0954040576 133.405183199 -0.947236063904 133.601277547 -141.206684131 0
1989 5.30077886581 40.44034 7.6724587 1.5542124 74.9239277183 135.936695405 -2.96012852517 132.818794753 101.347317705 0
1992 5.352216959 40.554207 9.7439313 1.5604739 62.5616571086 99.436395387 -1.36141650336 92.3529424235 -167.411988312 0
1995 5.31329393387 40.580821 11.876658 1.5652859 32.6564997055 93.3086830688 2.90024965063 81.8166827413 76.4877887138 0
1998 5.31413888931 40.665042 14.024391 1.567666 37.348920571 39.3055023705 -2.7755708019 25.4976715301 111.150861825 0
2001 5.36096405983 40.771617 16.174621 1.5548315 34.3900013324 37.1967282126 -2.96350548557 21.9693880249 101.118360309 0
2004 5.30271196365 40.847233 18.25792 1.5551713 25.7083928322 95.4490697221 2.71169857832 78.66166841 66.2641319397 0
2007 5.31676697731 40.88758 20.352438 1.5597309 139.46804931 136.529672923 0.0563188074505 152.365543492 -86.139167772 0
2010 5.35171318054 40.971014 22.508388 1.5678505 24.243065143 99.314739598 2.62851099233 78.606869412 60.7713697066 0
2013 5.326431036 41.044823 24.54743 1.5705547 107.863666147 124.74361536 0.116764899152 120.43269224 -83.2960198877 0
2016 5.27610206604 41.105608 26.696222 1.5717508 63.5325355795 74.8098335106 -0.403703256149 53.083770526 -113.185180039 0
2019 5.31498003006 41.160404 28.869777 1.5672714 74.8579519848 125.426953137 -1.33919980835 102.268338227 -166.528533515 0
2022 5.26618099213 41.204205 31.003136 1.5608691 71.2225969447 45.3946739431 2.83969960661 33.2899417139 73.2715907414 0
2025 5.30720901489 41.244227 33.116661 1.5660557 44.436404546 24.6707835569 -0.319808100643 9.02900012565 -108.052036513 0
2028 5.29681801796 41.277887 35.228156 1.5643441 59.099192827 131.017372397 2.11546994454 97.4329149687 31.5771848729 0
2031 5.34739613533 41.31792 37.33529 1.5797774 107.383952495 105.97945405 2.61146660905 95.2719366227 59.1114374479 0
2034 5.29168915749 41.419072 39.474789 1.5713492 40.8085462372 38.3902768043 1.84082091929 1.24455148936 15.4395922135 0
2037 5.29068779945 41.429937 41.518923 1.5745722 40.4169929185 42.1225814739 1.66045086066 1.17917736805 4.92048480614 0
2040 5.29817605019 41.494048 43.684079 1.5737379 40.6933133924 43.3385331623 1.72152804239 0.872111138434 8.46775141256 0
2043 5.32682490349 41.508319 45.798644 1.5762653 38.5169176719 45.7034896246 1.68691434069 2.99291434237 6.33972303883 0
2046 5.31804513931 41.512588 47.943477 1.5772604 39.5847693418 47.4259582154 1.63907450376 1.99607376404 3.54168725987 0
2049 5.29828596115 41.583607 50.107906 1.5744728 39.2937350239 50.1823100833 1.60919839383 2.29108045134 1.9896299673 0
2052 5.31295681 41.632502 52.265699 1.5728612 39.0056079649 51.3962345714 1.57609261783 2.76704547564 0.185146603486 0
2055 5.23412799835 41.660201 54.305408 1.5732479 39.0533867227 54.1337954704 1.59864181951 2.61245699228 1.45496441347 0
2058 5.31983089447 41.689009 56.508616 1.5685378 38.8748990465 56.7237759338 1.58443820065 2.82232326769 0.911025849999 0
2061 5.31088209152 41.794127 58.57462 1.5657057 39.3395307362 58.376826089 1.6257719008 2.46255258817 3.44153979745 0
2064 5.31337618828 41.856016 60.76704 1.5641567 39.650254841 60.0624360794 1.6045924467 2.31556666396 2.31679762754 0
2067 5.26740598679 41.858156 62.785084 1.5639758 38.9760115725 62.7207102563 1.58306433794 2.88286324335 1.09369266124 0
2070 5.29608488083 41.958088 65.023529 1.5767642 39.0116717254 64.3443691374 1.61428337878 3.02367772464 2.14969059469 0
2073 5.30955505371 41.99726 67.044355 1.5737097 38.8807274402 66.574250154 1.59653645501 3.15178897809 1.30787672227 0
2076 5.34048104286 42.044947 69.102812 1.5759217 38.6134668881 68.9456255232 1.59841417894 3.43507836106 1.28872411416 0
2079 5.33553910255 42.097902 71.261122 1.5727544 38.4986084548 71.1857739261 1.59547244798 3.60008213192 1.30164826791 0
2082 5.30117106438 42.114798 73.459441 1.5684742 38.0835133256 73.0385107208 1.62865255379 4.05320100983 3.4479656903 0
2085 5.23429989815 42.172982 75.545483 1.5804547 38.8407760959 74.8745899575 1.56290103963 3.39907247084 -1.00575065393 0
2088 5.30742788315 42.213453 77.648417 1.5799022 38.8194247725 77.9621714749 1.59198210335 3.40849959356 0.692127479163 0
2091 5.30165410042 42.308345 79.80823 1.5843424 38.7423798468 79.8991551815 1.60136389951 3.56712417259 0.975260082671 0
2094 5.30238199234 42.259747 81.948131 1.5870316 38.0985599583 82.1945301089 1.60706406558 4.16847575465 1.14777573117 0
2097 5.26268005371 42.325886 84.065588 1.5841531 39.1609015238 83.8221897335 1.60530505063 3.17432976396 1.21191749983 0
2100 5.33502101898 42.338042 86.100283 1.5789413 38.390907505 86.9585619552 1.63273953632 4.03937043192 3.08241188641 0
