3 1.33867907524 72.513547 45.80148 1.6808269 14.2489464837 37.5477211013 2.93794352225 58.8463100737 72.0274768109 0
6 1.33716988564 72.505015 45.806851 1.6805552 39.3062157651 102.689899684 -3.06106858497 65.8622919296 88.3249690825 0
9 1.33412694931 72.51553 45.801787 1.6811119 140.550949116 15.374974154 -1.65335083118 74.5292505952 168.94935856 0
12 1.37497997284 72.511327 45.798497 1.6805172 22.5039251533 18.8256863381 -2.53544300041 56.8178911476 118.443273921 0
15 1.33538508415 72.518426 45.80176 1.6806948 114.01436117 92.4900129181 -2.79131558961 62.4636341899 103.772678737 0
18 1.38780403137 72.509508 45.806599 1.6825332 82.6162690715 89.4421162913 -1.32100478781 44.7906797073 -172.090050309 0
21 1.3425090313 72.510969 45.800989 1.6811293 83.3757438221 137.978193358 -2.12893879118 92.8153022686 141.699178718 0
24 1.35132002831 72.522343 45.818169 1.6838228 20.7959817013 95.1223509806 -0.592881460451 71.4599105372 -130.445545323 0
27 1.34966492653 72.508499 45.799812 1.6808804 72.7513272493 113.184772405 -0.032138117981 67.3853979313 -98.1487313081 0
30 1.35726213455 72.523901 45.815543 1.6832165 44.6787471565 92.1924487628 -2.61081535812 54.0940845259 113.970097435 0
33 1.35380506516 72.511009 45.802779 1.6808191 41.0632706712 92.3424915542 -2.32712478685 56.1685418239 130.361730758 0
36 1.39836001396 72.527172 45.853315 1.6851825 26.142597307 40.9773020689 -2.37528636585 46.6401572849 127.352271143 0
39 1.46783995628 72.188088 49.017093 1.6798669 38.3707766537 94.3613837905 -1.41196434391 56.566025616 -177.148881243 0
42 1.39079713821 71.804616 53.279503 1.6643548 61.0500178329 106.486199032 -1.49099781221 54.2827217849 179.211612445 0
45 1.34454607964 71.568933 57.324136 1.642571 79.278498419 48.7956760647 -2.96770760611 11.4966094053 95.8504934905 0
48 1.34779381752 71.37336 61.652431 1.6431927 28.9187716643 85.3440128719 -2.72663496276 48.6177243642 109.627317724 0
51 1.38269305229 71.165072 65.844712 1.6344026 94.0518325035 137.154914874 1.40726632622 74.8929158217 -13.0139498618 0
54 1.33775305748 70.960331 70.343426 1.6128178 72.6436455047 144.358369568 2.64242383888 74.034082821 58.9920805891 0
57 1.39641809464 70.885213 74.631613 1.6236159 16.4334706907 62.226352421 -2.65073103154 55.8469581137 115.097960648 0
60 1.34061694145 70.832043 79.069602 1.6124517 64.2827594617 97.8954897988 0.378740607517 19.9325654716 -70.6864387378 0
63 1.35158586502 70.841819 83.283634 1.5826474 110.97887036 46.862755891 0.18169801118 54.198369478 -80.2684872908 0
66 1.38801407814 70.897044 87.066595 1.5142468 87.1711581937 61.3055526393 -2.6955203023 30.470938553 118.798112305 0
69 1.34364414215 70.898205 87.488163 1.2381173 59.7000444268 100.418489918 -2.32207684611 17.1053253239 156.015901181 0
72 1.35361790657 70.648486 87.373684 0.94938085 59.5665291852 96.247535446 -3.13754153237 14.1970069497 125.836596292 0
75 1.48700618744 70.490448 87.162959 0.64684814 24.7310326606 75.9475689822 -1.25653271397 47.1137884855 -109.055689739 0
78 1.39085507393 73.090524 88.460194 0.4660111 45.8176901734 71.0752521555 -2.92977532149 32.3425983476 165.435769921 0
81 1.34012508392 76.750616 90.291223 0.4640309 21.8669857653 132.866844624 1.13024559074 69.4614743901 38.1712900287 0
84 1.34220314026 80.704264 92.172539 0.45240664 24.2129164686 81.0839035964 2.20686218413 57.5693510562 100.522898022 0
87 1.39294981956 84.637734 93.972859 0.42386385 80.0697433223 79.452537524 -2.54865532952 15.2219011493 -170.312803508 0
90 1.35036587715 88.678811 95.730817 0.41656148 102.917877871 93.4919822446 0.702077303864 14.4140003609 16.3588516916 0
93 1.3378970623 92.647535 97.41769 0.40779386 93.3380327285 92.5888634066 2.97326659921 4.87794561087 146.990760413 0
96 1.36065101624 96.759828 99.128022 0.39320766 67.2679421093 89.6657086996 -1.29864767868 30.9726767714 -96.9361704533 0
99 1.38223290443 100.07577 100.58602 0.32958371 102.821081654 62.1247795961 -1.90848243644 38.5590942514 -128.231744462 0
102 1.33990120888 100.12714 100.52966 0.1390585 122.773897651 116.090169456 1.28673085598 27.4773558886 65.7567822615 0
105 1.34450507164 100.08551 100.52401 -0.14356162 92.374732741 50.887264697 1.13181828501 50.2320870581 73.0738858328 0
108 1.43780589104 99.772178 100.71077 -0.40700642 14.1422657691 70.9088047943 2.45996652871 90.6677395704 164.265449939 0
111 1.34324812889 99.760338 100.7618 -0.66729138 109.248179232 102.072937819 -0.235817410329 9.57800676693 24.7216374319 0
114 1.34303998947 99.638101 100.95548 -0.8821311 101.100366662 20.764066011 0.742903982935 80.2047448623 93.1076518129 0
117 1.52753591537 99.549051 101.11221 -1.1251977 89.7221562781 75.4916655683 2.12520507822 27.4404839034 -173.765639091 0
120 1.337692976 100.80276 98.46873 -1.1938854 68.9165046554 10.4247172636 -1.50613094442 93.6401701121 -17.890351867 0
123 1.38430500031 102.35582 94.496879 -1.1822805 117.799806438 63.2037576179 2.29444226664 34.8966497378 -160.798458935 0
126 1.35258412361 103.84912 90.431736 -1.1842505 118.543013236 96.3047832537 -0.853253031646 15.8241329138 18.9647579662 0
129 1.35020685196 105.46668 86.336829 -1.1831903 73.9422666383 83.5689887355 -2.9542674645 31.6456881349 -101.475246718 0
132 1.34617114067 106.96067 82.891423 -1.1821311 37.2689721286 100.316042237 -2.52374087822 71.8369689487 -76.8685780457 0
135 1.33638381958 108.13488 79.987125 -1.1809983 113.341369607 63.8775435356 -0.580785826901 16.9300368869 34.3896415197 0
138 1.32933497429 109.11096 77.465416 -1.174964 113.979511719 71.3337458153 2.31709976395 7.82944283404 -159.919484535 0
141 1.33190894127 110.00241 75.115832 -1.1797573 63.6782089071 105.007303564 -2.03913137326 55.1310409766 -49.2385074209 0
144 1.53401398659 110.9669 72.896666 -1.1819268 61.7791886638 106.707282693 -1.42206449486 59.6874253729 -13.7588764176 0
147 1.3842728138 111.79529 70.750926 -1.1680053 60.3638143592 103.464521241 -2.36643392605 60.953884209 -68.6649023204 0
150 1.44981694221 112.62755 68.634671 -1.166408 75.6961013499 141.005020833 2.0594016928 81.2489965133 -175.17471909 0
153 1.34278702736 113.50263 66.493746 -1.1746568 109.56936567 68.4194092935 -0.557264490112 4.37935467947 35.3739736604 0
156 1.3507668972 114.39844 64.423702 -1.1690506 134.244064465 71.8084366495 -1.0181668436 21.1750588248 8.64500243863 0
159 1.37686800957 114.9392 62.935672 -1.1627449 112.955176552 66.129880774 -1.18928126693 3.76022854833 -1.52042182867 0
162 1.33451294899 115.58582 61.52951 -1.1720902 86.5697589042 79.5559827199 2.75912165816 34.1597060911 -134.758152156 0
165 1.3823158741 116.16312 60.165609 -1.1710096 113.182037056 61.411011251 -1.10456506652 3.23077115999 3.80699134025 0
168 1.34207606316 116.71267 58.758483 -1.1690165 63.6659011619 107.691578409 -1.89080777285 72.1692975612 -41.3555936235 0
171 1.39308810234 117.29804 57.404001 -1.1730259 115.098366234 60.2610807901 -0.889704919649 3.60575506705 16.2330964216 0
174 1.35039997101 117.3062 57.346669 -1.1782941 116.500741097 64.4819934222 -1.37271880406 7.18064193891 -11.1397149755 0
177 1.34520196915 117.30973 57.394113 -1.1925087 63.485048552 107.435272081 -2.42168174761 73.492951602 -70.4264279192 0
180 1.34210300446 117.3509 57.478875 -1.2542253 114.566816208 64.4285458693 -1.3409104511 7.48659119704 -4.96669330445 0
183 1.38289093971 117.31554 57.561663 -1.3141336 55.7796241183 105.390985115 -0.435110216554 77.9378790922 50.3643299648 0
186 1.34393405914 117.31761 57.625945 -1.389572 66.3586810269 106.800039014 -1.67645648962 70.8159866427 -16.437270463 0
189 1.33415412903 117.34247 57.653648 -1.4539696 39.0583776095 82.1516247007 -2.98411430526 82.027739112 -87.6708336555 0
192 1.33585691452 117.36058 57.739095 -1.5147103 67.2983462022 107.076679614 -2.58901727597 70.2881534 -61.5532556243 0
195 1.33809185028 117.34118 57.80351 -1.5718326 34.5951307095 95.3950331445 -2.87552945611 90.8847142566 -74.6963276197 0
198 1.34276795387 117.32521 57.826191 -1.6475747 64.4465061907 110.0762956 -2.34272971645 74.3386221775 -39.82944855 0
201 1.38550496101 117.28663 57.948056 -1.7072698 63.9492703205 105.162337931 -1.25171308471 71.2324529683 26.1014771148 0
204 1.4159040451 117.37131 58.006137 -1.7818651 118.203675183 61.8164655228 -1.78018436852 3.90018400206 0.096298820565 0
207 1.36971116066 117.40314 57.989067 -1.8555926 65.4620504732 110.325415645 -1.50193916724 73.7358133522 20.2628491075 0
210 1.36268687248 117.02719 57.008887 -1.8977403 40.0087811582 91.5730630526 2.29704110274 84.4187038915 -119.656729643 0
213 1.3465359211 116.38504 55.250118 -1.9095407 60.0410772477 107.328752546 2.64028453381 76.7256561703 -99.3142165804 0
216 1.34671807289 115.67443 53.450651 -1.9075572 61.2485607924 103.164939097 -1.73201379789 73.7135379697 10.0578960621 0
219 1.35328102112 115.02136 51.574537 -1.9165104 115.137666476 54.7781884461 -0.876434285286 3.20576196632 59.5919717455 0
222 1.33955788612 114.35753 49.684701 -1.9233127 78.8450275917 128.39833948 -1.39615510162 86.3537764663 30.2039055254 0
225 1.57719397545 113.59486 47.870819 -1.9110101 77.1670216365 77.6355118885 -1.67557639295 47.0417298851 13.4893577694 0
228 1.35828113556 112.87829 45.986656 -1.9118326 116.095324697 43.9032939556 -1.86875518073 3.832715702 2.46815431666 0
231 1.35400509834 112.17059 44.128463 -1.9122248 27.5301476613 100.422329603 3.02565312701 101.651384134 -77.0804350315 0
234 1.34350800514 111.43202 42.277019 -1.9027456 34.0915858425 85.2714774501 1.7523024272 88.4876613607 -150.581174124 0
237 1.34221291542 110.82393 40.37458 -1.9174412 29.527103977 73.9971906336 -1.64784159031 87.9753025981 15.4469197936 0
240 1.34016990662 110.14399 38.567468 -1.912432 85.7545324828 88.1608554717 1.91050296552 55.26617156 -140.961961123 0
243 1.33634281158 109.42625 36.696167 -1.9074722 110.442628617 36.0894969065 -1.77689971474 1.18366975789 7.4812523257 0
246 1.33556985855 108.96452 35.308972 -1.917648 108.871544332 35.6904862486 -1.84874151251 0.39268001822 3.94805091429 0
249 1.34538698196 108.91335 35.330429 -1.9171391 68.7399821771 111.656962718 -1.47048300732 86.2533433067 25.5915090044 0
252 1.33537602425 108.9585 35.348205 -1.9450374 108.28356692 37.0467089295 -2.06066634374 1.82768987016 -6.62505046596 0
255 1.3349981308 108.97674 35.368834 -2.0165302 108.067446178 39.7179481408 -2.10738056198 4.44315305446 -5.20534230859 0
258 1.326431036 108.99865 35.397074 -2.0803106 78.0876839297 118.390655778 -1.24857582847 88.5630986342 47.6548920831 0
261 1.32833194733 109.05048 35.474836 -2.159245 108.924811077 36.4164434269 -2.4466789908 0.949956433008 -16.4687545616 0
264 1.33603906631 109.09365 35.518169 -2.2238592 50.9983643176 99.3597882109 1.09946768953 86.3181010101 -169.587395288 0
267 1.3337020874 109.14301 35.568827 -2.2920109 75.4684350675 112.259028241 -2.21208578127 83.7577695693 4.57937198007 0
270 1.33377289772 109.24021 35.586114 -2.3597618 37.0837800934 100.755025831 -2.51267068316 97.2293034329 -8.76103365523 0
273 1.34032392502 109.32691 35.57971 -2.4292889 30.1012946746 104.51140401 -2.37699801556 105.015601521 2.99604698557 0
276 1.34414100647 109.34422 35.612178 -2.4970016 69.9829290331 99.2154340598 1.816640131 74.797629695 -112.846534482 0
279 1.33880186081 109.45255 35.562283 -2.5751384 25.4922247658 30.3300902591 -2.70435051263 84.1231956973 -7.40330871557 0
282 1.34663891792 109.51035 35.610832 -2.6455993 79.8570597823 87.4585377441 -1.51939421006 59.7285711503 64.5267985195 0
285 1.34026408195 109.52669 35.619453 -2.7060079 64.0748708532 107.990593948 -2.21426894802 85.4602241151 28.1745665705 0
288 1.32987785339 109.56751 35.667144 -2.7779359 33.4611247431 94.8222941884 2.92828147003 96.392498 -33.0578277133 0
291 1.34260416031 109.58407 35.725569 -2.8421247 64.93452808 107.527034078 -2.28873163112 84.5519484165 31.7070872588 0
294 1.32782411575 109.62066 35.728072 -2.9074408 38.9781071263 84.0516877458 1.62625855213 85.5893808557 -100.238161542 0
297 1.33119106293 108.40689 35.538158 -2.9474042 42.027405097 98.1347663144 2.8747819692 91.2390891474 -26.4133049656 0
300 1.33898115158 106.63579 35.154474 -2.9731605 62.6627521844 109.552446544 -2.62266963192 86.4215619701 20.0816474989 0
303 1.34778594971 104.74277 34.838538 -2.9724974 66.6335837978 108.702040839 -2.61573128651 83.115143774 20.4411925763 0
306 1.34590697289 102.71686 34.507066 -2.970186 65.0877778549 103.389872061 0.907628764702 78.4906924035 -137.817580249 0
309 1.34636998177 100.87602 34.149296 -2.9774562 64.8468843807 104.645643231 -2.06595948095 79.1696506649 52.2249150416 0
312 1.33125090599 98.917573 33.856952 -2.9648121 61.2239186484 104.549459222 -2.72227331329 80.1139323446 13.8964488469 0
315 1.32332491875 96.872255 33.519705 -2.9713846 61.7216016482 102.588503914 -2.44698603718 77.4988220196 30.0458244321 0
318 1.3252851963 94.700759 33.157106 -2.9752463 59.4887212185 102.309518419 -2.27825692336 77.6011839347 39.9345496467 0
321 1.3358771801 92.656194 32.878926 -2.9695623 57.0130699537 100.368755351 -2.75338186046 76.3237142544 12.386226799 0
324 1.32238197327 90.628889 32.525228 -2.9736018 11.0535018107 41.0909266895 3.00979346379 80.0350763127 -17.1767042262 0
327 1.34228610992 88.510396 32.191288 -2.9695852 88.3432142588 31.2027462373 -2.59343640671 1.00257895007 21.5517383247 0
330 1.34178090096 87.334812 32.006658 -2.9896435 19.0260860545 108.431004702 -2.72045244813 102.502501478 15.4235111548 0
333 1.33479809761 87.328365 31.983283 -3.0015998 78.8328095609 73.113256638 -2.42112215224 41.9982046483 33.2589193184 0
336 1.32900619507 87.328448 32.00285 -3.0442403 47.3327267849 94.4238282289 0.287494949284 74.1352563803 -169.105631761 0
339 1.3422100544 87.480424 31.977098 -3.121648 43.9402589323 137.665535706 -2.87302994912 114.305694691 14.2447650262 0
342 1.33533787727 87.509332 32.088761 3.0972389 49.4929866494 94.2388029032 0.569768088669 72.8551317505 -144.813410332 0
345 1.33113503456 87.537767 32.004513 3.0032565 85.6118252711 56.3280325435 2.72158281177 24.3996486558 -16.1387135357 0
348 1.34139800072 87.588829 31.971963 2.902116 49.7497611281 93.0451303432 0.79235924115 71.8451586869 -120.880158081 0
351 1.34442400932 87.696053 31.883789 2.7788249 48.6626674034 96.0625760288 -0.498132252048 75.1167218109 172.244185542 0
354 1.34435510635 87.777704 31.698119 2.6376296 43.4543518214 71.9697331612 -1.45709244569 59.8862459626 125.389708503 0
357 1.34067797661 87.896098 31.65995 2.4917922 48.1963300104 91.8097702452 0.311502574115 72.0699136531 -124.921393679 0
360 1.3346259594 87.958395 31.594625 2.366513 59.0468452561 101.547823485 -2.72933472522 75.6923225091 68.0294323033 0
363 1.33446598053 87.964094 31.460561 2.2184109 51.1889257378 87.7276147772 0.593255785355 67.2190028302 -93.1145291232 0
366 1.33438396454 87.708527 31.831987 2.1125682 41.6400637327 106.954651249 0.0218886293994 88.1233112845 -119.78711571 0
369 1.34087109566 86.721318 33.612273 2.0920166 63.5677781074 105.335131142 -0.115911039627 75.36746506 -126.504935221 0
372 1.35168099403 85.724716 35.405361 2.0873093 99.6456000565 46.0949782347 1.99554781316 17.5516076056 -5.25754591752 0
375 1.33866906166 84.755772 37.248267 2.0862059 100.346494923 48.9822006229 1.69785026596 19.5129659334 -22.2511387804 0
378 1.33521199226 83.690185 39.149374 2.0868314 101.617998231 56.8652537228 0.985114822651 25.204342515 -63.1237101017 0
381 1.33062577248 82.666747 40.97523 2.090975 101.602419078 95.865355545 1.66433231492 58.0644948258 -24.4448252151 0
384 1.34280705452 81.635815 42.877142 2.0910396 21.7058797785 89.7836695832 -2.69218010873 76.1040042676 85.9416982058 0
387 1.34399700165 80.624097 44.699122 2.0805048 98.3518032386 88.6283212646 -2.18413307701 47.3713638869 115.654248496 0
390 1.3534309864 79.602515 46.546403 2.0762437 84.3467436075 78.7376871488 2.05826515464 32.5389993735 -1.03009477072 0
393 1.37377882004 78.599692 48.40129 2.0808805 39.924988447 86.3031590513 -2.64272563099 54.1505713035 89.3573046122 0
396 1.36187505722 77.532669 50.298142 2.0919608 86.1358746411 82.7803738436 1.74106970921 33.6022399974 -20.1045785708 0
399 1.36279797554 76.53881 52.074716 2.0854653 100.952222827 122.632547674 0.705684754308 74.6620541933 -79.0556019224 0
402 1.35975813866 75.533974 53.92833 2.0838411 28.9570766784 74.4420704241 -1.77842284593 50.8942129351 138.708576532 0
405 1.3447561264 74.451304 55.860797 2.0823704 86.4787499742 46.3268760417 -0.423469468575 15.3478045825 -143.574048605 0
408 1.34581708908 73.464188 57.689364 2.0801622 26.7864862365 76.5589678386 -1.59011816093 50.3474904136 149.708425689 0
411 1.36839985847 72.461178 59.521835 2.0808323 73.2558783637 57.4593715804 3.09848273708 2.21027238709 58.3070750644 0
414 1.3567340374 71.469371 61.42577 2.0898858 29.6927867886 71.228735926 -1.7518539871 42.9113170308 139.884524212 0
417 1.34713196754 70.386885 63.322712 2.0827703 57.0065628741 97.2525453568 0.224703516026 36.4728201791 -106.459384775 0
420 1.35768485069 69.38246 65.186025 2.0922796 51.3021232375 83.2339182566 -2.81862445462 25.5465267394 78.6259240765 0
423 1.35209608078 68.400253 67.014087 2.0893798 25.8338966588 64.2020360893 -1.88702791108 42.6591411363 132.168620532 0
426 1.37576913834 67.30799 68.901204 2.089526 62.6912992918 97.5629925283 -0.122566349943 29.0312237898 -126.743555545 0
429 1.34990501404 66.315197 70.741557 2.0869248 64.7446131627 95.8709232782 0.423266323725 25.1783991376 -95.3206092417 0
432 1.35040283203 65.281228 72.464006 2.0745737 60.5482393374 24.4671738824 1.75771309904 48.2296286011 -18.1547751292 0
435 1.32544803619 64.283593 74.421326 2.0918621 129.250847499 68.0001651903 -1.37838786512 65.2838070522 161.169323143 0
438 1.33975100517 63.28447 76.191493 2.091939 60.6579553191 76.8892951137 2.09554496843 2.71762895901 0.206606772289 0
441 1.34975600243 62.204887 78.125252 2.0893553 131.853633504 19.08794182 -1.14840677919 91.303624697 174.489897795 0
444 1.35098099709 61.273659 79.948227 2.0960183 18.6336526074 34.6708492635 -1.65759066525 62.1949441664 144.934048349 0
447 1.32790994644 60.19879 81.787566 2.089809 12.3728316776 142.487406223 3.04976555425 77.2773763309 55.0014590747 0
450 1.34496307373 59.161438 83.629466 2.0974137 56.4272414265 82.5239588447 2.2787676703 2.94923328563 10.3908170961 0
453 1.3449819088 58.11891 85.485673 2.0964985 56.1611733227 86.9120801116 1.91715918675 2.42226549861 -10.2753857498 0
456 1.34275698662 57.036783 87.336936 2.0992423 56.9882040732 86.5428740904 2.06810879576 0.795546496697 -1.78381839467 0
459 1.34846806526 56.357629 88.602308 2.124456 55.3132748002 87.2487703781 2.06443364505 1.70960223106 -3.4390276153 0
462 1.39465880394 56.200217 88.720884 2.2094598 55.26596453 86.1554928183 2.06400012958 2.73021237139 -8.33422520428 0
465 1.34528183937 56.199637 89.07416 2.3631742 56.1472847506 91.8984221069 2.35979195247 2.82474728184 -0.193788508607 0
468 1.34339594841 56.109511 89.161307 2.4869631 55.2541718875 87.078567187 2.66820842428 2.25153505994 10.3845921375 0
471 1.35910511017 56.023191 89.233423 2.608836 51.6829541542 88.9051619874 2.68699569833 4.35263267113 4.4782208421 0
474 1.36831784248 54.873312 89.789936 2.6823278 50.8611666178 89.6007200482 2.65071283185 4.01660469103 -1.81140424426 0
477 1.35518598557 52.997249 90.667048 2.6986067 48.2345873042 86.7257056027 2.463152349 6.18200018778 -13.4905405802 0
480 1.52588796616 51.122563 91.609157 2.7018871 48.6481224418 89.7058015271 2.70208238161 3.12179725999 0.0111888120076 0
483 1.39390015602 49.137432 92.566213 2.7007601 109.669507729 100.526808915 1.09056715604 61.0532822984 -92.2572598908 0
486 1.35296702385 47.308569 93.452781 2.7003868 43.7203407087 94.6043027578 2.73722977069 3.76847245299 2.11094672514 0
489 1.34389281273 45.360782 94.336008 2.7008969 41.1286344401 93.3541543682 2.65934161302 4.34454940393 -2.3809425605 0
492 1.36254000664 43.468079 95.251019 2.7064338 43.3036665831 95.3506223463 2.65157852667 0.192229730898 -3.14297564584 0
495 1.34885001183 41.590918 96.131677 2.7064065 38.4126730266 95.2764911605 2.80842151204 3.29128909871 5.84502963687 0
498 1.36663508415 39.606214 97.06058 2.704478 36.0229245021 97.4381913473 2.69034586179 3.60313113213 -0.809711874921 0
501 1.39893889427 37.718719 97.944153 2.696243 32.8797553645 97.0070115388 2.83465803641 4.9288744338 7.93059740733 0
504 1.35330605507 35.769603 98.891663 2.7044976 33.8699698516 97.8751083998 2.95789405638 2.15452764047 14.518547494 0
507 1.36269021034 33.862509 99.822852 2.7013631 29.6085276156 96.2551765675 2.68797012036 5.5519965427 -0.767361208252 0
510 1.40433096886 31.979521 100.73965 2.7066945 29.5718298978 101.257732456 2.75532637453 2.46280041315 2.78640116053 0
513 1.36116504669 30.015598 101.64307 2.7044148 28.463661672 98.4769561542 2.92619030795 3.52601520853 12.7068006051 0
516 1.32627987862 28.083667 102.5122 2.7038251 25.9317298664 102.611526085 2.70833466933 2.15422819081 0.258379289891 0
519 1.38363480568 26.231599 103.44351 2.6987262 23.8383563203 102.389504804 2.64503136327 2.61505974632 -3.07648752624 0
522 1.35351800919 24.326425 104.3449 2.7056645 21.1763573341 105.18273194 2.71154770944 3.25958412378 0.337083071179 0
525 1.33670210838 23.072168 104.95788 2.6888385 19.0095576851 104.570299856 2.58131623266 4.0810563509 -6.16057212231 0
528 1.34565782547 23.059574 104.94595 2.6093304 17.7874080042 105.674091277 2.58225022973 5.32221044364 -1.55157946505 0
531 1.57038617134 23.148655 105.02795 2.4881616 16.0436120338 104.75973657 2.45124779293 7.11010365577 -2.11500535073 0
534 1.37804317474 23.15609 104.97342 2.3614352 17.7357551191 105.315853492 2.47194617074 5.43114084867 6.33181221333 0
537 1.34378004074 23.189116 104.80794 2.2179164 17.6388255228 104.141366678 2.19463716116 5.59017391269 -1.33380213589 0
540 1.36133885384 23.170444 104.45908 2.0515088 17.5932325137 104.107361885 1.96007584474 5.58829075793 -5.23872244488 0
543 1.46516513824 23.203193 104.36781 1.9241471 19.1284387874 103.753532309 1.96889119548 4.1207959152 2.56364782938 0
546 1.42251777649 23.268475 104.40083 1.8086424 19.3074824847 103.905780931 1.73207784509 3.99180852338 -4.38682585682 0
549 1.36413502693 23.269141 104.3114 1.6661585 18.6071503596 105.921621067 1.65488211662 4.93223768856 -0.646089175709 0
552 1.36144399643 23.273746 104.22596 1.531085 20.7725885442 104.811262062 1.68223774474 2.56872869768 8.66041433536 0
555 1.51983618736 23.201513 103.9692 1.3630267 19.0749232902 105.04316295 1.30674993008 4.26405195233 -3.22442140121 0
558 1.37002396584 23.573375 105.47089 1.3112874 18.5770692683 106.002652736 1.30285084415 5.02452411393 -0.483379043754 0
561 1.37393307686 24.091257 107.45193 1.3021436 18.5677692393 107.883240017 1.36253091804 5.54030192077 3.45993845977 0
564 1.3338329792 24.69734 109.54228 1.2971878 20.5583094028 108.112296153 1.24519285648 4.37908986983 -2.97909081943 0
567 1.35945796967 25.24514 111.62222 1.291934 20.240789588 111.525319775 1.28817198448 5.00528847316 -0.215547611847 0
570 1.33808302879 25.838263 113.71051 1.2925571 21.9491363936 115.054323327 1.2147176676 4.11474665292 -4.45987095597 0
573 1.35622501373 26.485855 115.66064 1.2984976 21.6143247063 115.652534784 1.37176752996 4.8715370364 4.19805775183 0
576 1.38290715218 26.666562 116.70228 1.2516028 22.8334675982 117.76726181 1.23167382374 3.97829095839 -1.14184622963 0
579 1.34288191795 26.671044 116.66524 1.1445574 21.0303769062 116.323630346 1.14784309146 5.65100189516 0.188256253343 0
582 1.34324097633 26.68282 116.71548 1.0360889 21.6868843874 114.456864214 0.858363413149 5.48276553503 -10.1829203085 0
585 1.36269688606 26.598988 116.54426 0.86252405 23.5084177959 115.370235953 0.950559269213 3.30604849476 5.04404650941 0
588 1.33229589462 26.490987 116.49462 0.72378221 22.029425317 117.343782452 0.890872550532 4.54165273015 9.57357130987 0
591 1.38986897469 26.414554 116.44154 0.58967497 21.0575127252 115.316212324 0.722659694889 5.47396141732 7.61946347585 0
594 1.3883960247 26.30131 116.37003 0.43724496 21.2697013139 117.035522132 0.354359170309 5.07542764181 -4.7490059309 0
597 1.39988207817 26.176025 116.35464 0.31453037 19.8852836603 118.132382061 0.304595468588 6.537108951 -0.569227920808 0
600 1.37530112267 26.088883 116.46581 0.14702743 23.4144314036 118.871854735 0.220186613964 3.59746335721 4.19171247376 0
603 1.33716082573 25.977812 116.45377 0.019989929 17.9739928123 116.288253723 -0.0178230213699 8.00553041508 -2.16652246713 0
606 1.33372306824 25.890585 116.45549 -0.11586106 19.3467559801 115.526503216 -0.0224985091887 6.60944132933 5.34928012606 0
609 1.34724092484 27.617035 116.21759 -0.13548047 21.4650418618 116.694089349 -0.210111791583 6.17041904589 -4.2760597462 0
612 1.3885948658 29.732468 115.90829 -0.14344069 26.0871452951 115.610065742 0.0973058025543 3.65750124135 13.7937579559 0
615 1.33581209183 31.744289 115.6014 -0.14068963 27.7645812802 114.822341306 -0.122950669666 4.05524425696 1.01636756006 0
618 1.34818601608 33.87565 115.27561 -0.13567301 29.8219050548 113.912778202 0.0951921388818 4.27669949732 13.2275986676 0
621 1.33410716057 35.936054 114.9269 -0.14240112 31.7598707721 113.493309932 -0.0647270020226 4.41539203671 4.45039913751 0
624 1.32323789597 38.113735 114.67885 -0.14674677 37.0047708739 113.101682371 -0.207610984894 1.92801949243 -3.48726263679 0
627 1.32920598984 40.163768 114.30534 -0.14012204 36.9484355284 114.815596116 0.332904543974 3.25556818496 27.1024268592 0
630 1.32317113876 42.346763 113.98058 -0.16006212 38.3069500998 115.196579712 -0.0922691974464 4.21885571777 3.88424834318 0
633 1.3348441124 44.341947 113.67079 -0.15507802 40.4903198438 115.344252843 -0.120320585465 4.19946539917 1.99145430558 0
636 1.32847499847 46.544067 113.30502 -0.15009707 43.7383050927 113.939537636 -0.0829324040533 2.87661476582 3.84825189115 0
639 1.31930017471 48.557097 112.97025 -0.14631805 45.2123113821 114.612739558 -0.0903317866808 3.72630685508 3.2077765989 0
642 1.33248305321 50.586062 112.64729 -0.14866611 48.1989363371 114.002994072 -0.049703413001 2.7452326788 5.67014486728 0
645 1.34175992012 52.747394 112.3225 -0.14488479 51.4894245286 113.76606117 0.0197332911731 1.91477310483 9.43192128276 0
648 1.33841514587 54.919709 111.95097 -0.14565598 50.7316691631 114.628536709 0.00385340567736 4.97081896221 8.56625679691 0
651 1.34610795975 56.9199 111.70562 -0.14317608 54.7172750057 113.986635597 -0.0150869304992 3.17089719458 7.33896766782 0
654 1.34165906906 58.963864 111.32719 -0.14485493 56.3326282693 112.913039304 -0.032219975508 3.07218480665 6.45350751804 0
657 1.34191298485 61.070196 111.0267 -0.15209978 58.2969761952 112.738975166 -0.148804761071 3.2592383051 0.188790678046 0
660 1.34492111206 63.25691 110.67843 -0.1447313 61.4420956474 112.401114237 -0.19666692419 2.50223742179 -2.97569207247 0
663 1.9008409977 65.338645 110.4192 -0.14848438 60.9459388076 110.612451819 -0.0821722252043 4.39695507804 3.79940660021 0
666 1.33980607986 67.412523 110.08404 -0.1445869 62.649330327 111.679010467 -0.0909776153275 5.02313997709 3.07158575445 0
669 1.34507799149 69.507235 109.73429 -0.15139682 66.6043679752 110.17791659 -0.0165375493249 2.93656968511 7.72686703789 0
672 1.33552789688 71.647859 109.39116 -0.14906575 68.1505906365 111.590027228 -0.0686850061365 4.13108981894 4.6054773775 0
675 1.32339787483 73.702975 109.06139 -0.1559357 70.2564675333 112.322701172 -0.109099338618 4.744951452 2.68352583493 0
678 1.33387708664 75.754203 108.72815 -0.15045699 73.3251525107 109.896348433 -0.106932394921 2.69536154511 2.49377560305 0
681 1.33680605888 77.860742 108.43703 -0.15243836 74.5467908102 110.324320524 -0.164684399642 3.8136777538 -0.701646387234 0
684 1.31559205055 79.97813 108.08555 -0.15170568 75.9713570402 109.469713262 -0.177314647629 4.23911989536 -1.46728576283 0
687 1.33399009705 82.120618 107.73965 -0.14888428 78.9428702653 107.91357998 -0.115944505948 3.18250409322 1.88731003128 0
690 1.33075118065 84.192494 107.42985 -0.14593359 80.3464525992 108.245743942 -0.14397869321 3.93163037185 0.112007335472 0
693 1.35153985023 86.28045 107.15458 -0.15823172 82.5576569864 108.631993374 -0.131461919089 4.00523883192 1.53379661063 0
696 1.31822490692 88.385341 106.75858 -0.15035877 85.2864684349 108.271334897 -0.128504708318 3.44839651935 1.2521454996 0
699 1.32570695877 90.512184 106.42958 -0.15443508 86.3653210547 108.243102091 -0.102950153842 4.52607276346 2.9498689774 0
702 1.32343101501 92.541412 106.11165 -0.15857271 89.921475971 109.037552614 -0.159221883662 3.92746367297 -0.0371949110075 0
705 1.3502240181 94.624435 105.7799 -0.14991569 90.6653829724 106.969218383 -0.123055376908 4.13383250426 1.53898257656 0
708 1.34438085556 96.812614 105.41142 -0.16008539 91.9565930703 107.883378788 -0.108653912787 5.44899252345 2.94680657841 0
711 1.36823606491 98.833392 105.05687 -0.15857643 93.3105942859 107.18536912 -0.178103041778 5.91876702476 -1.11879244308 0
714 1.33099412918 100.9283 104.72764 -0.15390186 95.4326603142 106.525799841 -0.118436373639 5.78233814039 2.03202268689 0
717 1.33973479271 103.02648 104.38009 -0.15580909 97.6617597247 105.296244789 -0.239909613719 5.44238580302 -4.81860506394 0
720 1.33094406128 103.56436 104.3046 -0.21764658 97.833866668 104.766605876 -0.306429884571 5.74908716731 -5.08690864316 0
723 1.32494688034 103.46604 104.39779 -0.32798619 99.8118583324 106.579657967 -0.390110979522 4.25600651838 -3.55948824275 0
726 1.34121894836 103.43166 104.43448 -0.46455789 98.7690691601 107.897309033 -0.443019037737 5.80783421338 1.2340853302 0
729 1.35104894638 103.35806 104.51276 -0.60050128 98.1105297236 106.808392227 -0.61686922165 5.72769598722 -0.937813975873 0
732 1.3244740963 103.30537 104.5712 -0.75278089 97.7325987468 104.453465685 -0.702413316213 5.57401478378 2.88584940233 0
735 1.34191894531 103.24477 104.73622 -0.88717849 98.2053482754 106.291843354 -0.804652589773 5.27406250793 4.72838578354 0
738 1.33421802521 103.11543 104.83266 -1.0218313 96.1821732668 105.625650133 -0.896135370343 6.97845844572 7.2018462713 0
741 1.33662509918 103.3336 104.43355 -1.1359167 97.2006751841 103.267480899 -1.03454841177 6.2427945622 5.80797509222 0
744 1.52306294441 104.18264 102.5184 -1.1499809 100.174826771 103.342822615 -1.06430230052 4.09172818368 4.90902214461 0
747 1.33454704285 105.02068 100.61649 -1.1544373 102.989423662 103.26622043 -1.1439539074 3.33872335867 0.600654150788 0
750 1.75953102112 105.97315 98.645528 -1.1675657 104.579643772 102.810177579 -1.09972315125 4.3916017268 3.88709171451 0
753 1.51917600632 106.66644 96.709247 -1.154133 106.019438999 98.4117615685 -1.05430849217 1.82130891135 5.7195229904 0
756 1.33457303047 107.65453 94.805864 -1.1707179 104.413803767 98.3496280024 -1.05558776036 4.80214221212 6.59647109602 0
759 1.32820916176 108.36584 92.821603 -1.1639211 106.765206324 95.101410143 -1.17190985516 2.78559666407 -0.45772195396 0
762 1.33448004723 109.18739 90.932737 -1.1605274 108.264736922 90.6662328576 -1.1057812666 0.960371365514 3.13672238837 0
765 1.33660387993 110.00551 88.971931 -1.1631703 107.046202836 90.4194585261 -1.13277790031 3.29436410092 1.74135623173 0
768 1.32308697701 110.83946 87.051439 -1.1600004 109.857503573 87.2277424812 -1.11297100075 0.997657928449 2.69458609018 0
771 1.52040314674 111.68317 85.129972 -1.1502451 111.74020966 86.5005326947 -1.06315233337 1.37174711252 4.99004795373 0
774 1.34594488144 112.49307 83.177328 -1.1488654 111.60864847 86.2224946225 -1.07177877036 3.17100003166 4.41673853534 0
777 1.32976007462 113.40329 81.226755 -1.149046 111.282408936 83.0723903185 -1.11679863089 2.81149536994 1.84763815018 0
780 1.32384490967 114.20236 79.347389 -1.1522317 113.391085974 80.9895546143 -1.1714756759 1.83163136319 -1.10259860017 0
783 1.33734202385 115.10134 77.33273 -1.146946 114.028926539 79.7934443293 -1.10820724289 2.68424768628 2.21956728592 0
786 1.34576296806 115.87569 75.433999 -1.1405871 115.288369806 79.5241198609 -1.13468092458 4.13207377321 0.338398924712 0
789 1.34166908264 116.74641 73.521868 -1.1514597 115.641267401 75.9465517377 -1.09277450672 2.66466346678 3.36241389471 0
792 1.34485888481 117.66191 71.592443 -1.1472421 116.723139183 75.650856641 -1.06652905321 4.16557462156 4.62451693246 0
795 1.35998392105 118.47567 69.543126 -1.1411103 116.456055049 72.5228133399 -1.20394049543 3.59963625839 -3.59990502387 0
798 1.34361410141 119.32773 67.660396 -1.1493947 123.014933309 67.8016033808 -1.02796450701 3.68990620068 6.95743756382 0
801 1.33665013313 120.23613 65.736718 -1.1477983 130.045551099 65.5933087011 -0.927746355118 9.81046933292 12.6080477154 0
804 1.3284239769 121.05504 63.851108 -1.1435448 120.775529368 68.3782078307 -1.00641364571 4.53572034747 7.85703638041 0
807 1.3277759552 121.9387 61.889647 -1.1416966 119.797835389 66.3621396358 -1.14336726931 4.95847674804 -0.0957223002263 0
810 1.33285093307 122.75206 59.947854 -1.134592 120.480134091 62.4777919052 -1.01554908297 3.40032838734 6.82065672678 0
813 1.32493519783 123.61313 58.017737 -1.1345099 122.985646752 63.6865225704 -1.08850015134 5.7034081977 2.6361644147 0
816 1.33070611954 124.50226 56.14403 -1.1250591 122.689655555 59.8634643166 -1.11783496049 4.13759912379 0.41391270451 0
819 1.33266210556 125.37031 54.195354 -1.1346431 124.178337824 56.1873446784 -1.21908814555 2.32138418437 -4.83834471067 0
822 1.3295109272 126.19009 52.293812 -1.120627 124.769131939 55.6304352143 -1.12665104252 3.62659293059 -0.345152212021 0
825 1.33204698563 127.09539 50.434417 -1.1252352 126.973901412 54.1308197737 -1.08809755532 3.69839869973 2.12783030145 0
828 1.33593201637 127.94916 48.435924 -1.125081 126.27930663 52.3832006655 -0.959986168761 4.28595419377 9.45923704944 0
831 1.33274698257 128.83417 46.49897 -1.1135569 127.571453833 48.3401070904 -1.13749540336 2.23254068361 -1.37157521039 0
834 1.34034895897 129.69028 44.561049 -1.1141866 128.370703404 48.381932751 -1.17684512295 4.04233039603 -3.59006891557 0
837 1.34664082527 130.6504 42.689185 -1.1179531 128.542113742 45.7975102791 -1.0698437684 3.75586967104 2.75646165561 0
840 1.32501602173 131.56218 40.752166 -1.1133477 129.792219078 42.6603447088 -1.06108266204 2.60267317358 2.99456609112 0
843 1.33321690559 131.80181 39.159633 -1.0655485 132.314361468 43.9780953595 -1.06338858995 4.8456463467 0.12375372994 0
846 1.33757996559 89.526265 39.287264 -0.26055386 130.458110519 41.1426434496 -0.927164784098 40.9738747316 -38.1939925282 0
849 1.32616686821 49.129117 22.860079 0.57174269 135.324044672 39.7037646575 -0.956588582307 87.8252543576 -87.566931601 0
852 1.34513092041 45.693587 19.436118 1.0035584 134.452755284 39.2394374113 -0.872012091113 90.9415274454 -107.46227332 0
855 1.34103178978 46.841947 21.209275 1.0214136 132.180748272 41.3732581196 -0.855367691293 87.6886379062 -107.53164706 0
858 1.33565306664 48.00008 22.972907 1.0079248 121.947047694 32.3930067717 -0.736135448675 74.5445659381 -99.9272914656 0
861 1.33279395103 49.170996 24.731115 1.014741 33.166571278 96.180758257 1.25424777189 73.2201688897 13.7227271938 0
864 1.33154702187 50.349541 26.532036 1.0144485 67.2878619725 107.513475123 0.161325505496 82.7339120297 -48.8803469906 0
867 1.34236907959 51.518278 28.351001 1.0069992 116.787770064 57.7851575926 -1.03343776297 71.5994145833 -116.908426341 0
870 1.33537101746 52.642563 30.101924 1.0170679 42.8353208668 101.883862615 1.06657282967 72.4488006085 2.83642353502 0
873 1.32310509682 53.80357 31.912095 1.0183648 100.37784745 47.90539508 -2.12185554236 49.2437708493 -179.921372358 0
876 1.33593797684 54.946688 33.671099 1.0064723 82.7329075535 110.879439582 0.460510191251 82.0560896736 -31.2813246054 0
879 1.32506799698 56.161659 35.476636 1.0152563 95.0957779667 48.2390412056 3.0201777394 40.9724859673 114.873536733 0
882 1.32833790779 57.333476 37.252395 1.017552 131.57285645 74.4705449446 0.903335097301 83.046229866 -6.54414647372 0
885 1.32107400894 58.434052 39.044555 1.0099164 122.430401313 43.1068222548 -1.08393556292 64.1251490499 -119.968880401 0
888 1.32976198196 59.558673 40.733157 1.0155176 70.0395788317 21.6415635783 3.0947701721 21.7793095949 119.132396923 0
891 1.3286318779 60.829575 42.673596 1.0256616 59.0918236896 123.743867445 2.31585518428 81.0888937639 73.9226471341 0
894 1.3226211071 61.938983 44.298725 1.0235902 29.0237401387 33.4787200258 -3.0681379467 34.6480262102 125.561246279 0
897 1.33762288094 63.08776 46.123861 1.0214801 81.1399099955 49.7910337783 -2.45502047803 18.4208652252 160.811189404 0
900 1.32624793053 64.233274 47.872937 1.026201 9.81408960663 20.9520371389 -2.3621254851 60.7139397451 165.863192791 0
903 1.33134102821 65.367062 49.701179 1.0288308 10.7075162874 99.5446919217 0.48409767218 73.9732500157 -31.210909185 0
906 1.34205985069 66.47055 51.411163 1.0247772 85.9094172146 78.5431322587 2.48866782853 33.3768379935 83.8747546838 0
909 1.33258485794 67.601685 53.206336 1.0345375 126.353503213 14.1014638709 -0.579161694669 70.5759673513 -92.4581532582 0
912 1.32975101471 68.713633 54.989386 1.0321621 101.068560027 95.0182401116 -2.65328340384 51.4698986243 148.839527004 0
915 1.33922600746 69.889939 56.860516 1.0335194 68.8978893032 113.971970733 2.68850527598 57.1200702405 94.8237058473 0
918 1.33824896812 70.97178 58.665246 1.0279054 64.7884621018 73.1388792363 -1.90267250869 15.7391066864 -167.909745702 0
921 1.33305001259 72.083269 60.388926 1.0348295 99.0925981495 76.3652448442 1.0755645683 31.3806727926 2.33394749189 0
924 1.34481620789 73.21006 62.180545 1.0389104 119.182743201 112.944086575 0.00796360961322 68.4866757402 -59.0688999917 0
927 1.33304905891 74.211219 63.966291 1.0279221 72.5128993043 71.9226361643 -1.63333071905 8.13558345551 -152.478554749 0
930 1.33804917336 75.394113 65.876292 1.0355825 132.789600803 87.3088759021 1.4566656071 61.2666114038 24.126284861 0
933 1.32527399063 76.475569 67.55587 1.0353462 43.6730050341 140.745587641 -2.94884038851 80.204382493 131.722923686 0
936 1.32500100136 77.652303 69.425792 1.0395167 136.116437972 103.560615619 -1.04848057399 67.6996400395 -119.633431434 0
939 1.3214430809 78.72098 71.209083 1.0347632 33.2529819859 48.9537195976 -0.914161048186 50.6225250613 -111.665134012 0
942 1.32917284966 79.923618 73.070281 1.0406815 38.9755624352 114.286525368 -1.22031968744 58.0992431478 -129.545825514 0
945 1.33696198463 80.886825 74.813727 1.0240856 34.3857602756 18.7625478592 0.0610907330915 72.8291404835 -55.1755415666 0
948 1.32741808891 82.003807 76.66259 1.0354781 124.873803854 77.1053458003 1.12641470513 42.8722831554 5.21028367691 0
951 1.33372998238 83.149971 78.458347 1.0359732 74.4557029886 129.881037935 0.813597877263 52.1525017549 -12.7411674607 0
954 1.32700705528 84.209192 80.07724 1.046865 84.6958972414 85.1010304124 -1.48333450023 5.04731137334 -144.969752689 0
957 1.33255600929 84.421821 80.346791 1.1291589 81.0894617784 81.8128248149 1.49368931597 3.64058692086 20.8860543393 0
960 1.32731986046 84.549549 80.462185 1.2384433 104.80167398 95.5506267075 -1.93721371004 25.2548933747 178.048256143 0
963 1.33934497833 84.477315 80.645515 1.377415 58.7063741087 109.365845308 -0.607988735829 38.5875467917 -113.755254692 0
966 1.33861708641 84.491575 80.745704 1.5042297 109.960008223 59.4776303572 0.0658886106369 33.1808988318 -82.4108739208 0
969 1.32256889343 84.58151 81.604236 1.6242617 83.7556529913 81.5938666539 1.76782292884 0.825922104198 8.22545251445 0
972 1.33361911774 84.52138 83.606555 1.6450761 78.8406299648 133.258976413 0.617878233057 49.97633313 -58.8541025007 0
975 1.32964587212 84.450105 85.633891 1.6510189 81.852890629 88.0477909825 1.62944479189 3.54576305109 -1.2361053415 0
978 1.33728194237 84.288283 87.799076 1.6553182 79.8327167764 87.1717741102 1.46141524637 4.4995086436 -11.1098208781 0
981 1.35150814056 84.219899 89.940013 1.6574582 114.517524722 61.5021819053 2.47034281254 41.5530547828 46.5748575296 0
984 1.32509207726 84.085061 91.960688 1.6559816 41.4872363378 89.7299684594 -0.712739897654 42.6561926995 -135.717744657 0
987 1.34598493576 83.972707 94.061302 1.6546883 36.325712338 90.660208701 1.04879679612 47.768227264 -34.7150260153 0
990 1.34315991402 83.850194 96.236204 1.650278 35.4278773585 95.545339436 -0.54004360635 48.4272448399 -125.49618382 0
993 1.3514149189 83.742141 98.372522 1.653672 78.9824770554 98.3289863677 1.69227575907 4.75986304604 2.21183246787 0
996 1.3387491703 83.558608 100.37046 1.6603574 86.7363154617 70.3326805007 -2.03924254225 30.2053972323 148.028537422 0
999 1.34072184563 83.448658 102.54165 1.6520527 62.7575069545 74.3949281309 -2.26423934448 34.9336754946 135.612994511 0
1002 1.34160494804 83.308795 104.69204 1.6576029 96.1780207944 62.7044312 2.8522722193 43.9155583511 68.4495099099 0
1005 1.33480501175 83.194681 106.76107 1.661421 87.2492826561 133.370666422 2.08484001112 26.9167311598 24.2601223027 0
1008 1.33448004723 83.066158 108.84686 1.6653468 79.6295737042 107.528559906 1.42032884798 3.68076442611 -14.0384945558 0
1011 1.35307192802 82.920912 111.09751 1.6564676 78.3412668269 109.908700115 1.74858928015 4.73142883853 5.27818347437 0
1014 1.35325789452 82.798446 113.12029 1.6519674 78.7863016468 113.802738676 1.63545429266 4.06977130884 -0.946131357352 0
1017 1.34095001221 82.725101 115.25424 1.6521864 79.9870397872 113.077685543 2.03117391402 3.49776621723 21.7143850414 0
1020 1.35374689102 82.605874 115.888 1.7134215 79.0883402045 98.6791474984 -2.25010431145 17.5646704616 132.906699013 0
1023 1.33711910248 82.650086 115.98425 1.8265292 77.7161454558 116.42963339 1.97186636823 4.95400198407 8.32720634617 0
1026 1.34069299698 82.697137 116.16336 1.9516157 80.9026968079 115.493219478 1.76476923274 1.91549051743 -10.705513991 0
1029 1.32959198952 82.611261 116.28116 2.0730733 35.6349064982 87.6348809642 1.6780983303 55.0216974009 -22.6303987773 0
1032 1.33333301544 82.517518 116.45008 2.1971216 23.9057926387 127.248271519 -1.27102116818 59.5981148185 161.290056635 0
1035 1.32013988495 82.418538 116.4581 2.3123831 79.4060157362 115.053248659 2.39717439114 3.32398821885 4.85818312206 0
1038 1.33412694931 82.414024 116.83182 2.4679277 90.1748783734 68.943769183 -2.05914173855 48.5128464601 100.618027608 0
1041 1.45405292511 82.282962 116.94587 2.5874118 84.5447149015 111.393851849 0.723084085602 5.99503392305 -106.818109664 0
1044 1.33066797256 82.208722 116.96752 2.707272 20.7564704611 107.304267127 0.963140278022 62.2073763736 -99.9313865842 0
1047 1.33708810806 82.043289 117.20312 2.8493508 94.398911531 97.5679898179 -1.46688731186 23.1991324276 112.697772817 0
1050 1.32130503654 81.832352 117.28824 2.9891727 56.3206535895 93.3008116877 -1.08258342263 35.0177593919 126.705558967 0
1053 1.34797596931 81.142386 117.29523 3.0875315 89.4102053054 67.1167732226 -2.00700520629 50.8550327954 68.1045481552 0
1056 1.33019208908 79.131234 117.37152 3.1037602 29.6482923447 65.6847494207 3.04905767385 71.5547606227 -3.13422387684 0
1059 1.3479321003 77.094643 117.50841 3.1079346 50.0277879592 69.9673493115 -0.45980017345 54.7061888015 155.583855059 0
1062 1.33132696152 74.899205 117.59033 3.115912 25.4821600618 68.9667056701 -1.57145587411 69.3274921903 91.433603788 0
1065 1.33852386475 72.824078 117.69503 3.116944 70.7564705373 118.467036274 3.12538965398 2.20703291928 0.483900328461 0
1068 1.3429479599 70.711208 117.83017 3.1174699 67.9288397463 116.611788755 -3.06205277179 3.03743739968 5.93943150103 0
1071 1.33577895164 68.550781 117.88294 3.1169773 64.6967506507 115.722913966 3.07878048401 4.4180609324 -2.18851634697 0
1074 1.3672709465 66.454241 117.99143 3.11617 28.6800428842 78.721957417 0.370586695169 54.4883613283 -157.310335668 0
1077 1.32139778137 64.352032 118.06903 3.1139299 101.708173046 89.6078273702 -0.185864825903 46.9629782802 170.935688946 0
1080 1.3945991993 62.204954 118.16997 3.1178991 59.3931237004 118.22276618 3.07959190932 2.81232591823 -2.19484035086 0
1083 1.33100104332 60.134729 118.2293 3.1166836 55.5656156115 119.783807443 -3.13526233598 4.82631231341 1.78988412433 0
1086 1.32516813278 58.034017 118.36643 3.1239361 56.5220456983 117.872904992 -3.03832924343 1.59047922046 6.92820358199 0
1089 1.33451008797 55.858025 118.47896 3.1251128 51.611720225 119.220759432 -3.10769576829 4.31061139986 2.88637452377 0
1092 1.33192515373 53.766425 118.55 3.1243401 48.4667370421 117.756633827 -3.11964128457 5.35874260767 2.246219306 0
1095 1.32767701149 51.628528 118.603 3.1187628 49.3118084402 115.912445859 -3.11533928828 3.55053110141 2.81226128791 0
1098 1.33705306053 49.494235 118.64783 3.1200968 46.817441719 117.505268976 -3.11514075096 2.91044119713 2.7472040686 0
1101 1.33019518852 47.379245 118.80828 3.1260538 47.6095153677 117.916657932 -3.13532692636 0.920876948592 1.24931045488 0
1104 1.31817388535 45.313934 118.87713 3.1250737 45.2000243086 117.220778031 -3.11726267134 1.66026421451 2.34047162119 0
1107 1.33113312721 43.229975 118.9845 3.131291 44.042581804 116.811505482 3.01079297503 2.31996443824 -6.9040282707 0
1110 1.33368992805 41.038059 119.03542 3.1300111 39.4913011643 117.783178253 -3.10721612283 1.99011788505 2.63320426747 0
1113 1.32459712029 38.877743 119.09254 3.1262084 38.8178925604 119.959523563 3.02085830533 0.86904693422 -6.03611579571 0
1116 1.3412399292 36.866989 119.17866 3.1252668 33.625176263 119.191385033 3.09129162542 3.24183771155 -1.9466341117 0
1119 1.32978701591 34.67231 119.25843 3.1314701 31.9032961999 117.57506754 3.01746715593 3.24054726786 -6.53188754711 0
1122 1.34435606003 32.567479 119.34722 3.1353596 28.0064383243 118.220410591 -3.03771981593 4.69816895077 6.30860286826 0
1125 1.33364701271 30.502201 119.36971 3.1349527 30.2686145736 118.480676114 3.07892057642 0.919208283891 -3.2104041982 0
1128 1.34219694138 29.15421 119.31018 -3.13185 27.9466961055 117.595249612 -3.13807048781 2.09739744477 -0.356407698234 0
1131 1.33555912971 28.938717 119.39146 -3.028318 32.4926081824 120.665296045 -3.05447406428 3.77528817515 -1.4986320918 0
1134 1.34183382988 28.80706 119.32785 -2.9089456 25.4773308392 114.74348789 -2.95897341077 5.66599260822 -2.86638241519 0
1137 1.33254885674 28.607415 119.34948 -2.7753086 32.3159150779 120.468691125 -2.9979715926 3.8737070578 -12.7576497298 0
1140 1.34497308731 28.309413 119.3977 -2.6319404 32.9639853256 134.829946585 1.34108534154 16.1189105769 -132.362393113 0
1143 1.34345507622 28.176965 119.31562 -2.5155106 41.9548165191 140.403231637 -2.54045739702 25.1896120859 -1.42934618176 0
1146 1.32617902756 28.13257 119.1422 -2.3876282 52.9786376563 87.6294568553 1.95743907597 40.1295409703 -111.045983386 0
1149 1.31822514534 28.071656 119.10664 -2.2643471 60.159295453 92.962591628 -2.65810941936 41.3899489121 -22.5609190309 0
1152 1.32704305649 27.847582 119.05477 -2.1225081 58.5501494311 89.3126968403 2.62813075251 42.7462110917 -87.80844376 0
1155 1.32497501373 27.651134 118.95518 -2.0012288 28.9334635848 65.7003668457 2.72771757884 53.2702496077 -89.0513309488 0
1158 1.33359217644 27.585975 118.8068 -1.8653126 55.9098568797 96.2023456326 -1.73447922376 36.2381517462 7.49620027803 0
1161 1.33474898338 27.545652 118.66047 -1.7395281 54.3569824496 87.031053629 2.46340721665 41.4640497353 -119.18954479 0
1164 1.33842611313 27.426878 118.54472 -1.6078392 42.8302379847 135.907003906 -2.22150858979 23.2101788286 -35.1606660513 0
1167 1.31715202332 27.408113 118.27266 -1.4907581 57.7495877491 96.081434291 -1.74844547682 37.5906316577 -14.7643991255 0
1170 1.33374214172 27.619078 117.43976 -1.368489 38.2575457122 142.737184242 -1.4205328911 27.4433355943 -2.98189530972 0
1173 1.32671403885 28.00462 115.50954 -1.3464267 38.8660137405 136.028104717 2.150385292 23.2159723474 -159.647431107 0
1176 1.33688807487 28.352772 113.43776 -1.3439724 91.6545111572 46.7197580074 0.809559318679 91.9695708928 123.388278528 0
1179 1.33677816391 28.777386 111.37552 -1.3470791 38.7345701915 134.239936373 -2.24657667847 24.9384653317 -51.5374149284 0
1182 1.34236907959 29.292879 109.18718 -1.3487141 37.4824993667 135.783561954 -1.85996360633 27.8287156507 -29.2924389909 0
1185 1.3403840065 29.664866 107.14961 -1.3582731 48.0151378584 89.3423244837 -2.91784031761 25.5701367758 -89.3566194359 0
1188 1.35479712486 30.155372 105.1583 -1.3627181 82.689233413 56.2988510601 -1.8164429041 71.7429602517 -25.9965163355 0
1191 1.33935213089 30.584999 103.08809 -1.3538609 40.8532749147 95.0229776985 -3.04854115297 13.0569340466 -97.0980261191 0
1194 1.33112406731 30.932942 101.04272 -1.3388863 39.6358267953 89.6628806839 -2.80722863245 14.3262328133 -84.1298185297 0
1197 1.3230509758 31.46397 98.886394 -1.3633561 37.6190658374 88.0404194693 -2.96077935831 12.4707805805 -91.5256107974 0
1200 1.33166313171 31.761459 96.890841 -1.3338862 35.0865395979 93.4411756393 -3.02663517996 4.79127875239 -96.9873723268 0
1203 1.32347893715 32.148779 94.808879 -1.340085 47.3969918548 40.9005650979 0.853742023441 56.0233371287 125.697029425 0
1206 1.3264939785 32.63242 92.742465 -1.3409888 83.2146006266 46.2116412358 -0.743088946525 68.7289935698 34.2571381756 0
1209 1.45274496078 33.223163 90.635151 -1.3443959 28.7920119887 101.252347929 2.6450091915 11.5047803073 -131.423925489 0
1212 1.32768702507 33.480467 88.544154 -1.3400822 101.642498147 102.100773692 -2.8804259572 69.4970821509 -88.2551962871 0
1215 1.33272504807 33.996344 86.523674 -1.3537744 133.733184995 91.3313089011 1.77286099169 99.8526454584 179.14301202 0
1218 1.32949090004 34.391099 84.502242 -1.3500462 13.3384995537 115.432389293 -2.60871354296 37.4150498462 -72.1163265628 0
1221 1.32882905006 34.871654 82.311763 -1.3462417 60.7093583284 111.51452617 -0.988052798595 38.9921574384 20.5227123189 0
1224 1.34105300903 35.319079 80.358924 -1.358939 37.3479961048 80.7971698873 -0.90175416549 2.07570809028 26.1947614748 0
1227 1.32743215561 35.776446 78.250756 -1.3606991 24.4496699918 97.5879495712 2.08264723422 22.4103304293 -162.710787647 0
1230 1.33019995689 36.167733 76.160289 -1.3496683 82.7856742899 26.188935706 0.235672982366 68.3400951136 90.8333645674 0
1233 1.33752512932 36.593873 74.026216 -1.3452321 87.6814886039 43.6507677267 1.25965752001 59.4357832109 149.249181324 0
1236 1.34355592728 37.096668 72.068535 -1.358637 32.087863114 17.3183567365 2.74755509247 54.9788154316 -124.732523232 0
1239 1.33826422691 37.456761 70.030489 -1.3570922 35.9407899383 71.6696781703 1.94486477133 2.23273585448 -170.811801409 0
1242 1.33713698387 37.942935 67.912468 -1.3598503 142.88134286 139.706198185 0.673400628242 127.147194771 116.496696879 0
1245 1.33419108391 38.381728 65.750541 -1.3597279 33.6710927384 74.0027211963 1.84262360208 9.50202939167 -176.518774413 0
1248 1.35119199753 38.78715 63.709446 -1.3638712 88.6937775808 97.227020004 2.18717479004 60.1173788817 -156.540051914 0
1251 1.3342730999 39.284372 61.704874 -1.358189 36.6987650153 61.1744564824 -1.23579967201 2.63945187916 7.01239195133 0
1254 1.33574795723 39.616785 59.610797 -1.3616912 65.1003881153 10.5053262104 -1.33417790194 55.3241474332 1.57639585954 0
1257 1.33747792244 40.0981 57.483375 -1.3627524 79.9328902703 86.1339972511 -0.0839018438261 49.0680004815 73.2727394967 0
1260 1.33324193954 40.478176 55.366289 -1.371191 34.609695452 89.9958273385 2.04364647456 35.1232684908 -164.344224985 0
1263 1.33894300461 40.927924 53.368372 -1.3697355 46.5019607296 29.3317052576 0.467349292796 24.6745057407 105.257205235 0
1266 1.34839701653 41.311773 51.24524 -1.3687118 76.8677794716 31.6675234302 -2.65487447024 40.5896117535 -73.6916927722 0
1269 1.32781791687 41.752813 49.127024 -1.3690442 47.3477711274 63.2876508435 1.20278844285 15.2258631627 147.355156049 0
1272 1.31732201576 42.124468 46.999249 -1.3746445 93.9014994045 88.8110228387 2.20337395218 66.5513742352 -154.99464367 0
1275 1.3325510025 42.489069 45.000812 -1.3756167 43.0330800347 45.2614499159 -1.18854052271 0.603224774953 10.7186754062 0
1278 1.34469985962 42.919623 42.847052 -1.3693623 42.1879364918 47.0676906694 -1.33206571967 4.28359147492 2.13693664333 0
1281 1.33560204506 43.26925 40.76156 -1.3849404 45.7270149251 42.0273295689 -1.29896824551 2.76455801692 4.9258416077 0
1284 1.32520389557 43.723057 38.666685 -1.382086 46.0461079471 40.0649003368 -1.36863001446 2.71137821613 0.770971180639 0
1287 1.33284878731 44.069109 36.638541 -1.3748634 43.1939554147 37.1719490471 -1.31295768511 1.02489899143 3.54693619088 0
1290 1.32267308235 44.48264 34.512889 -1.372972 43.5717200865 35.9446329579 -1.37228419809 1.69695782204 0.0394081467453 0
1293 1.33056092262 44.660959 33.544964 -1.3339999 45.8778332745 32.9403389314 -1.0866683322 1.35880626787 14.1710549755 0
1296 1.3306491375 44.654294 33.324157 -1.2074321 45.6181755818 33.5670203453 -1.21688306589 0.994007197293 -0.541500457975 0
1299 1.33185005188 44.699557 33.107025 -1.0711259 45.4198005316 34.5005170118 -0.964578426484 1.56862064629 6.10472055026 0
1302 1.33758306503 44.829945 32.953901 -0.95914547 44.8004540257 33.2012211693 -0.899581285966 0.249072245975 3.41277635527 0
1305 1.31560397148 44.914184 32.826307 -0.82117543 43.8634699976 33.3560117848 -0.773401061523 1.17668478101 2.73726968263 0
1308 1.32403111458 44.932468 32.690373 -0.70238554 44.4031499264 33.7596611096 -0.677259389709 1.19312810895 1.43962236706 0
1311 1.33678817749 45.019913 32.619075 -0.56167342 41.6388873806 30.4848107421 -0.189068768491 3.99830190976 21.3486739584 0
1314 1.33416604996 45.164806 32.47066 -0.44585332 44.5263758327 33.7049989855 -0.612588094518 1.38967111568 -9.55319887795 0
1317 1.3218588829 45.307079 32.373178 -0.30795343 43.0848180139 32.9631804567 -0.599109752072 2.29924917945 -16.6820284333 0
1320 1.33632302284 45.468859 32.25314 -0.19105128 42.0371080081 33.3115661142 -0.405475948683 3.5912645001 -12.285628539 0
1323 1.33730888367 46.833289 32.057508 -0.10389315 67.9700025092 100.248228212 3.04657717358 71.3914209197 -179.491346978 0
1326 1.3142080307 48.863767 31.868312 -0.084237935 47.5911786587 32.1231948949 -0.202346811941 1.29786223327 -6.76714017175 0
1329 1.33281302452 51.033972 31.691587 -0.08198003 48.4407517374 30.2386433082 0.168911431493 2.97251353268 14.3750218594 0
1332 1.3311290741 53.111195 31.42619 -0.084122232 49.6268563033 35.9991630814 0.640131289818 5.74914767223 41.4966700977 0
1335 1.33302617073 55.206155 31.249451 -0.082409142 105.87154262 57.5156777765 2.92821861966 57.0692226315 172.496264428 0
1338 1.33988595009 57.287235 31.07162 -0.080297126 54.5431757979 31.3592299403 -0.0608692748227 2.75909049909 1.11313387747 0
1341 1.33576202393 59.516372 30.847745 -0.092608556 56.8074512233 33.8439205008 0.101236768669 4.03922262395 11.1065189819 0
1344 1.50495386124 61.567611 30.670937 -0.091677002 60.6635880328 33.0273280316 0.0627502388097 2.52385344637 8.84802914024 0
1347 1.33734607697 63.68279 30.502969 -0.089332225 64.6555558126 31.7124305431 -0.0252186004405 1.55211808524 3.67344009655 0
1350 1.32243013382 65.773678 30.270465 -0.081918863 65.3800282012 32.3502701227 -0.152471952809 2.11673085495 -4.04239427764 0
1353 1.32335495949 67.870787 30.052005 -0.080757136 65.7424945454 30.6735287756 -0.179784542724 2.21718753739 -5.67385246141 0
1356 1.33487391472 69.978421 29.855203 -0.080851998 68.9816997339 32.8612025996 -0.0327623728309 3.16693651268 2.75533256056 0
1359 1.3488008976 72.04312 29.748383 -0.089661546 71.3485309639 31.1372201763 -0.129169124162 1.5528434021 -2.26361748746 0
1362 1.33792996407 74.192216 29.503442 -0.097083695 73.0909790048 31.9779317959 -0.084893388682 2.70847238677 0.698453102992 0
1365 1.33063006401 76.337484 29.313327 -0.092202589 74.4332355324 31.0289656712 -0.0730401786819 2.56311885727 1.09792523652 0
1368 1.33799886703 78.469083 29.072242 -0.088851811 77.6695816601 28.31658066 -0.215995732701 1.10010292847 -7.2848101042 0
1371 1.33793616295 80.508884 28.860474 -0.08148585 78.2324075468 30.7603101972 -0.113649336743 2.96508391416 -1.84283204478 0
1374 1.32148909569 82.648681 28.706332 -0.092016755 80.808526545 31.5366315677 -0.0941465491526 3.37590936802 -0.122028216177 0
1377 1.31980895996 84.803463 28.469695 -0.089914919 82.5721543544 30.2319405235 -0.0265177503234 2.84328112522 3.63239019825 0
1380 1.34012818336 86.909059 28.274418 -0.095059786 85.8843659927 30.6155005684 -0.030300732491 2.55551625925 3.71042045133 0
1383 1.32452392578 88.999768 28.069648 -0.093100738 87.8094949554 29.695472098 -0.0281511713403 2.01495754755 3.72133605081 0
1386 1.33375716209 91.148907 27.8824 -0.087682683 90.6568876247 31.2969369495 -0.044407024311 3.44980371109 2.47951259853 0
1389 1.33584284782 93.191686 27.680334 -0.085944106 90.351686527 30.6195176245 -0.0605491655998 4.08710134267 1.45502290591 0
1392 1.32536315918 94.597595 27.536443 -0.026113958 92.1637514128 30.6626895023 -0.0654919210582 3.96194545646 -2.25619108906 0
1395 1.3356089592 66.734672 23.138609 0.64678418 95.5696074868 32.8069760202 -0.0266807246906 30.4126754062 -38.586696689 0
1398 1.32986688614 41.954155 8.6979942 1.5862633 99.0277136243 33.1061402799 0.0244148352919 62.0737359042 -89.4873252668 0
1401 1.51694512367 40.498777 7.6026468 1.6671323 101.950076693 31.6754037989 -0.0270236054532 65.9981807586 -97.0679832196 0
1404 1.31840610504 40.36551 9.5759073 1.6613912 101.330416144 32.4858569875 -0.0754764115823 65.1274563904 -99.5151837166 0
1407 1.33943200111 40.15753 11.693798 1.6450717 100.904991122 30.9575132472 -0.0317259314484 63.7286808105 -96.0734273795 0
1410 1.32045102119 40.017928 13.779826 1.6578436 103.247057179 29.7149743513 0.0651728793036 65.2062246237 -91.25331045 0
1413 1.33693814278 39.937066 15.922073 1.6651068 103.321424364 30.0739847354 0.0165064186216 64.9450035876 -94.4578439566 0
1416 1.32617902756 39.75755 17.953862 1.6630734 106.627811062 30.5133118586 0.172761257741 68.0394855597 -85.3885959086 0
1419 1.33888792992 39.645384 20.177858 1.663423 108.928003924 30.3206745148 -0.0366064307213 70.0211264578 -97.4045114284 0
1422 1.33382487297 39.526919 22.292671 1.6684735 110.152199923 32.9441942399 0.0973161451059 71.4239823359 -90.0206853864 0
1425 1.33421802521 39.303781 24.413998 1.6572417 110.568496936 35.6656413485 0.145753024191 72.1474823923 -86.6019219057 0
1428 1.32704901695 39.21094 26.55624 1.6661167 114.670478225 35.3902908036 0.1343742988 75.9748798143 -87.76237489 0
1431 1.32031607628 39.049874 28.673026 1.6660737 117.435574342 34.8522581892 0.14547530634 78.6288810075 -87.1238702911 0
1434 1.32385516167 38.816051 30.701859 1.6598041 118.554270347 33.7386025814 0.0935277803019 79.7960239375 -89.74102267 0
1437 1.32919192314 38.695572 32.853799 1.6647394 121.394174951 35.6298349468 0.250317376371 82.7451829756 -81.0404124043 0
1440 1.32511305809 38.58982 35.008607 1.6723781 125.401558634 34.7834998335 0.264322512272 86.8120304906 -80.6756424966 0
1443 1.32861304283 38.393816 37.160762 1.6689022 127.246866209 36.6008322881 0.214721005097 88.8548144596 -83.3184451152 0
1446 1.33241605759 38.314928 39.264936 1.6781402 128.729863599 37.1979192339 0.141557368075 90.4385600153 -88.0397111415 0
1449 1.33132004738 38.042909 41.445131 1.6601298 134.646173204 38.3682245943 0.172976287884 96.6522529897 -85.2076197323 0
1452 1.32165503502 37.893052 43.482766 1.6655679 118.260802823 47.7428854686 3.10326963776 80.4805814477 82.3742417724 0
1455 1.35024213791 37.737395 45.529248 1.6663309 138.926127771 27.0564241501 0.00323186584326 102.861094981 -95.2885555695 0
1458 1.32956600189 37.667375 47.706088 1.6735516 142.281240695 26.8307892561 0.0439346711384 106.676328177 -93.3701722468 0
1461 1.32277297974 37.411337 49.793915 1.6717816 140.811207124 24.8283151198 -0.143866467764 106.371116 -104.028971364 0
1464 1.31950116158 37.208006 51.943854 1.66906 45.4740452546 72.431997192 -0.275562863632 22.0927910508 -111.418682831 0
1467 1.32681918144 37.03196 53.963531 1.6741645 139.898207763 39.642541818 0.132200862772 103.8583442 -88.3480085758 0
1470 1.32081699371 36.983983 56.143126 1.6856298 47.8325700618 67.5750750145 0.32023438728 15.7601173697 -78.2313945154 0
1473 1.32599592209 36.720012 58.206076 1.6746777 72.6449550963 63.7844301947 -3.03830850766 36.3554613778 89.9657813978 0
1476 1.32158493996 36.536888 60.398002 1.6787317 136.096511942 55.45074042 0.268714950546 99.6824664451 -80.7880087864 0
1479 1.52496790886 36.401835 62.417273 1.6766351 122.672267099 102.985658451 -0.281165137935 95.333002432 -112.173690763 0
1482 1.32218813896 36.239068 64.615141 1.6886647 100.147256654 100.70453339 2.51793153048 73.3941470428 47.5134894769 0
1485 1.33364510536 35.99676 66.655908 1.678851 77.1287462397 76.8338489937 1.78631196177 42.3725238203 6.15705957159 0
1488 1.32459998131 35.830181 68.859683 1.6854848 87.681962189 25.5860926697 -2.68926976816 67.5367369107 109.345026839 0
1491 1.33606004715 35.575227 70.898859 1.683738 36.4991838987 38.108281473 -0.723173722972 32.8035923476 -137.905883387 0
1494 1.34375596046 35.463169 73.006353 1.6935188 63.9296821916 103.586834705 0.813599396378 41.7792799674 -50.4156681392 0
1497 1.33984398842 35.205801 75.07321 1.6913976 34.097793681 93.6876344225 1.45439111661 18.647371847 -13.5794712155 0
1500 1.33097887039 34.978045 77.287591 1.6912075 70.2654471713 134.177903509 -0.708431903714 66.9455630297 -137.489210186 0
1503 1.32348322868 34.814043 79.320098 1.7000185 31.7560649848 78.6505484932 2.16788913216 3.13041947401 26.807012581 0
1506 1.32934904099 34.580736 81.372215 1.6970036 31.7926049662 80.204568794 -2.81857498697 3.02275905816 101.276404907 0
1509 1.33040094376 34.345965 83.441951 1.6955247 63.3944215624 20.3482939386 2.31865136408 69.4595017981 35.7025279538 0
1512 1.33295798302 34.142398 85.698773 1.7034669 28.8135586733 84.1842914269 1.17846378843 5.53987211094 -30.0804625244 0
1515 1.32870483398 33.910208 87.748137 1.7016389 29.2289269681 85.3628613056 2.0868783273 5.25394444569 22.0725932862 0
1518 1.34327793121 33.670818 89.737713 1.6967853 75.7434883922 98.8020907168 1.8372900782 43.0380359371 8.05033079229 0
1521 1.33861494064 33.472926 91.900649 1.7056804 31.5570286694 90.311641198 1.83615931352 2.4890979041 7.47589105989 0
1524 1.3361260891 33.217902 94.036516 1.7078464 31.0073201741 94.5174386996 2.12249768789 2.26229057639 23.7577687656 0
1527 1.33892607689 33.034075 96.178482 1.7177188 26.8154364879 96.889496463 -3.12407359908 6.25915381751 82.5857302544 0
1530 1.32924985886 32.713254 98.174723 1.7080491 58.1092862531 104.683045454 -2.40678461302 26.2167258704 124.237394846 0
1533 1.33736801147 32.45653 100.24821 1.7068362 41.7084116596 78.3473783385 -0.754091629677 23.7748552406 -141.000778327 0
1536 1.33595013618 32.217075 102.39435 1.7082962 27.4963038838 101.87818515 1.59309522984 4.74890577758 -6.60052938602 0
1539 1.34356212616 31.955228 104.48204 1.7110577 25.8975444277 103.803641093 1.90029742292 6.09555209463 10.8426374394 0
1542 1.33555102348 31.741377 106.6002 1.7198575 28.7490048954 105.37674021 1.70031144398 3.23282301852 -1.11990651593 0
1545 1.33967089653 31.439656 108.68741 1.7105287 28.3675812593 108.653602471 1.67000239821 3.07226075744 -2.32198605198 0
1548 1.32497692108 31.216018 110.75498 1.7177022 25.5128038749 107.681770474 1.64354251234 6.47852360871 -4.24903711305 0
1551 1.31571316719 30.916985 112.90957 1.719675 27.2455660112 114.786421258 1.67140575529 4.12333457708 -2.76562400202 0
1554 1.3395512104 30.668641 114.94646 1.716506 26.7060366473 112.724926206 1.63947489348 4.54284554584 -4.41355729483 0
1557 1.33070898056 30.419865 117.12266 1.716223 28.1836050463 114.150138882 1.65942523433 3.71977692584 -3.25427225855 0
1560 1.32725691795 30.132888 119.21343 1.725557 28.605845632 115.033371889 1.78630111571 4.45025215053 3.48038146051 0
1563 1.33963489532 29.88258 121.34383 1.72867 25.5604646346 118.257040578 1.75310786775 5.31120985908 1.40018668238 0
1566 1.33876800537 29.981486 120.5055 1.7055843 24.0895645112 118.840175001 1.77487799904 6.12274825401 3.97023650195 0
1569 1.32527303696 30.170653 118.4575 1.6900862 27.0363255346 115.124779671 1.60077931975 4.57504463941 -5.11690731972 0
1572 1.32035422325 30.502618 115.6086 1.6745202 123.786438488 104.595298174 1.55212602285 93.9316984936 -7.01266978777 0
1575 1.34184098244 30.699806 113.48782 1.6738205 28.1024627921 111.690349628 1.71769783634 3.15865342782 2.51398618834 0
1578 1.33988118172 30.8492 111.36091 1.6697397 26.1365115798 111.59393432 1.5497833136 4.71844598147 -6.8729946665 0
1581 1.32817292213 30.973164 109.37107 1.6787837 125.504854453 96.1666090324 1.6557093855 95.4494541074 -1.32206083588 0
1584 1.33540511131 31.204408 107.09871 1.665475 120.211528434 94.9689376193 1.60092955047 89.8298328286 -3.69818184471 0
1587 1.3347568512 31.322843 104.96751 1.6587885 122.133454209 92.3826591307 1.51472297117 91.6784902775 -8.25434677543 0
1590 1.33757185936 31.457099 102.91722 1.6541397 114.434446217 96.5044712973 -2.88385156027 83.2247769425 99.9922533193 0
1593 1.33922314644 31.546684 101.34427 1.631357 28.6946800401 103.082658134 1.66292435408 3.34004788772 1.8086761589 0
1596 1.33867383003 31.536552 101.09899 1.5279681 26.9230217913 102.106509399 1.49098822273 4.72226178082 -2.11879089451 0
1599 1.33802986145 31.522716 100.84711 1.3818466 26.6978313488 102.864855136 1.45771099961 5.22979993237 4.34670991311 0
1602 1.3329539299 31.33472 100.81397 1.2437751 27.5804394212 103.324354407 1.40406684069 4.51626533032 9.18404023228 0
1605 1.3341588974 31.335612 100.76499 1.1262837 28.1097724053 103.439512893 1.25375144071 4.19035962587 7.30336356684 0
1608 1.32480597496 30.238332 99.003137 0.9296569 116.03428838 98.639176692 -3.04577735419 85.7967283662 132.224395503 0
1611 1.39156317711 28.772289 97.32743 0.78863198 26.2970990849 97.8119817332 0.758193785382 2.52217277322 -1.74398008761 0
1614 1.31146287918 27.005154 95.945316 0.6582802 24.8411620885 99.0281560532 0.711417285344 3.76653206368 3.04453072583 0
1617 1.33050608635 26.209553 95.323497 0.64585939 123.914138743 90.2141725361 2.49023050868 97.8380870193 105.674680956 0
1620 1.32800197601 26.225548 95.299359 0.74214735 25.9618848742 93.8784023414 0.846162150169 1.44521142726 5.9596090566 0
1623 1.33241081238 26.287241 95.304851 0.87876564 22.571034432 93.2464774055 0.886175961235 4.24818703806 0.424580131577 0
1626 1.33327198029 26.503119 95.525486 1.0159202 24.5999897382 93.9039434333 1.04055512586 2.50026024301 1.41147728023 0
1629 1.32635807991 26.584147 95.637624 1.1414331 24.4435350638 92.2612673581 1.38543871173 3.99774982143 13.9804917294 0
1632 1.33817100525 26.62792 95.717086 1.2595284 13.6878704504 33.6424686104 1.63515056292 63.4090136054 21.5215646269 0
1635 1.33324599266 26.756174 95.797181 1.3910555 31.4532504557 67.1933960103 -0.234127936923 28.986877082 -93.1161518703 0
1638 1.32968592644 26.381693 93.77201 1.3952992 16.5198660605 93.8382567534 1.29053348297 9.862049443 -6.00263342337 0
1641 1.33814001083 26.011804 91.856332 1.39866 128.212994681 88.9848522738 2.96270521622 102.241521763 89.6131898573 0
1644 1.34373092651 25.609249 89.727224 1.3968171 70.7284675572 92.5619073113 0.211166090057 45.2081774979 -67.9327988451 0
1647 1.33260297775 25.2462 87.568251 1.3940659 24.3085820862 87.8205408348 1.50091258394 0.970967307941 6.12186404468 0
1650 1.31928110123 24.820481 85.505592 1.4017015 21.7899108528 25.6511936736 2.58011954837 59.9310716944 67.5183806738 0
1653 1.33102488518 24.493958 83.448062 1.398475 18.748393378 85.5733131114 1.74193557342 6.12602686184 19.6788412863 0
1656 1.31229114532 24.080092 81.345956 1.3962744 19.7381520178 82.7664205935 1.26238442831 4.56838729427 -7.67133029694 0
1659 1.32923316956 23.622432 79.208855 1.3888608 19.277380998 80.4822194855 1.44963399983 4.52779475277 3.48204785783 0
1662 1.33493995667 23.236261 77.182266 1.3737053 19.0856970911 78.4835090896 1.27638372887 4.34976026235 -5.57611528154 0
1665 1.34139084816 22.741503 75.111069 1.3685019 16.5752415688 75.2858222066 1.15131532597 6.16873720636 -12.4438740588 0
1668 1.33074903488 22.23837 73.007777 1.3690406 22.056768006 71.8649434635 1.62361339738 1.15717231926 14.5859468686 0
1671 1.33504796028 21.796618 70.8705 1.3677106 19.3444309308 70.9825620993 1.38453720891 2.45474628758 0.964093673985 0
1674 1.33684706688 21.306705 68.900927 1.3588762 18.4038434037 69.671525883 1.42603575367 3.00340275114 3.84795897932 0
1677 1.32937788963 20.800373 66.796896 1.3509317 22.417017876 68.3411971241 1.61792965142 2.23571165787 15.2978557551 0
1680 1.33502912521 20.180988 64.758154 1.3339286 23.7284780192 64.9050783902 1.67227203817 3.55053125782 19.3856510328 0
1683 1.33630084991 19.716632 62.635567 1.3210663 19.1044335071 64.3700919641 1.45870709699 1.83939224899 7.88623675625 0
1686 1.31574392319 19.127208 60.642471 1.320188 18.9056007412 61.2278089853 1.50843405046 0.625883642748 10.7857042013 0
1689 1.33118891716 18.573484 58.538556 1.3117791 14.5171480191 59.8064946341 1.61300665228 4.24988587727 17.2590674188 0
1692 1.33523392677 18.03732 56.562177 1.3046299 17.0352923346 57.2631558644 1.44455403824 1.22287808496 8.0170625732 0
1695 1.32366085052 17.470308 54.449011 1.30616 17.7433839131 55.1868878911 1.47237108706 0.786786350138 9.52319379704 0
1698 1.32647013664 16.865167 52.414515 1.2995721 8.40057931196 52.9776969648 0.58783803053 8.48330234367 -40.7793583163 0
1701 1.3314678669 16.322269 50.452679 1.2871313 13.1781102401 52.5997678217 1.44220421281 3.80732513917 8.88502342065 0
1704 1.33401489258 15.679585 48.421133 1.2791916 14.380698621 47.9869326373 1.42925346633 1.36953852832 8.59791160635 0
1707 1.33387804031 15.049517 46.343459 1.2810584 13.2487855904 47.4425036085 1.3283783303 2.10962855993 2.71123229308 0
1710 1.32725811005 14.370513 44.264129 1.2685694 12.9512311328 45.9708134728 1.29415357004 2.21971460059 1.46586496581 0
1713 1.34869003296 13.728985 42.398373 1.2622613 11.9757795529 41.0100551252 1.41380285011 2.23632642103 8.68269124201 0
1716 1.32968115807 13.116178 40.310007 1.2578142 12.9873103451 38.5612000596 1.50962682164 1.75354856997 14.4278004484 0
1719 1.35119581223 12.482531 38.460523 1.239848 15.7778386891 39.6644374971 1.73546100071 3.50834189929 28.3965332126 0
1722 1.33197617531 12.331027 38.238303 1.1567887 14.3434398346 38.3334984494 1.36017928815 2.01466314563 11.6534222936 0
1725 1.32335805893 12.263795 38.100898 1.043782 10.1713826695 36.6679831693 1.19703226027 2.53602726183 8.78059312272 0
1728 1.3350481987 12.231882 38.075858 0.90529637 19.8139009335 36.4131905239 1.44197183711 7.76218231196 30.7492392335 0
1731 1.32685899734 12.170047 37.918491 0.7605547 48.0860538558 138.784406164 1.18790662375 107.069567993 24.4854615976 0
1734 1.32746696472 11.9457 37.868652 0.60051086 11.495468552 36.229302555 0.794710675899 1.70005145791 11.1268298332 0
1737 1.33338904381 11.861848 37.85602 0.47073445 65.7565502094 69.5794960339 -1.38431417315 62.5381312313 -106.286456898 0
1740 1.32008099556 11.68598 37.868337 0.32347919 12.3023890801 39.6173750097 0.417440278166 1.85447947239 5.38357379036 0
1743 1.33060503006 11.634663 37.834152 0.18688423 93.2922009675 63.7611791021 2.38927095289 85.6747584838 126.187464077 0
1746 1.43382906914 11.546787 37.799316 0.059161186 11.8616195277 36.7825934785 0.33375999771 1.06435154262 15.7333529703 0
1749 1.33253502846 11.461332 37.784444 -0.088384018 13.8853988661 38.9931390145 0.277958889543 2.70869780694 20.9899024568 0
1752 1.32992291451 11.353119 37.809133 -0.22428348 13.2010047798 33.9155426139 0.32164773271 4.30984082653 31.2795543927 0
1755 1.3271381855 11.259101 37.929753 -0.36642208 14.2542568928 35.8086582258 0.0779699225701 3.67015011455 25.4617861966 0
1758 1.34025406837 11.22919 38.083377 -0.50941267 13.4630033977 39.3071282688 -0.349904786637 2.54705505708 9.13912851577 0
1761 1.32367014885 11.185129 38.110347 -0.64618684 13.1211664884 34.8315600866 -0.324333318269 3.80771385215 18.4408484166 0
1764 1.33070397377 11.588805 37.741111 -0.76036767 12.7199378286 40.3126550616 -0.905414154146 2.80932382196 -8.3105513748 0
1767 1.32335591316 13.063467 36.224873 -0.77289998 17.5468771578 32.7917315552 -0.330183132483 5.64689532606 25.3658068821 0
1770 1.34163498878 14.493375 34.807156 -0.77803694 16.3309792294 34.1994629442 -0.494067264111 1.93547930863 16.2702639381 0
1773 1.32507801056 15.892318 33.28564 -0.77023756 19.1725685796 31.7687723155 -0.442470230131 3.61399106769 18.7796846638 0
1776 1.32413101196 17.405154 31.857105 -0.77891679 24.6402681594 29.2109993564 -0.567980874385 7.70381411873 12.0857377125 0
1779 1.32732510567 19.008966 30.381332 -0.78385491 19.8500185167 29.8419772565 -0.758868591807 0.999136064448 1.43161057804 0
1782 1.32946109772 20.517371 28.856906 -0.78454873 21.0926370801 29.263160387 -0.699554706473 0.70425399531 4.86979883195 0
1785 1.34176707268 22.037399 27.308602 -0.78653789 20.0273167436 25.3214055622 -0.802481167709 2.82654919644 -0.913482524308 0
1788 1.33899617195 23.470866 25.802264 -0.78746834 22.5050849639 23.3518304835 0.377078252334 2.63388637351 66.7236047871 0
1791 1.324477911 25.030138 24.239515 -0.79252133 25.1787221975 25.1920861438 -0.949715330026 0.96408975084 -9.00655276627 0
1794 1.34974217415 26.508975 22.80392 -0.79210599 30.1672270878 24.9071280123 0.0415205158609 4.21975026287 47.7632804761 0
1797 1.33732914925 27.961008 21.312251 -0.79564812 25.8547937704 20.8998612439 -0.684977387879 2.14620681482 6.34096586616 0
1800 1.3293569088 29.36401 19.750057 -0.78815021 27.693326649 19.762756112 -0.736745805401 1.67073161425 2.94525543189 0
1803 1.33088994026 31.016391 18.179875 -0.79578372 28.8151298339 15.3212232622 -0.719998275346 3.60796902412 4.3421861272 0
1806 1.32735419273 32.405165 16.663972 -0.79079715 31.256629721 16.0246598783 -0.73066839124 1.3144783285 3.44512410433 0
1809 1.3349750042 33.875627 15.226881 -0.79213801 31.3506863272 15.0288034033 -0.741637620046 2.53269819269 2.89345920811 0
1812 1.33299088478 34.400964 14.714584 -0.72873329 33.6338044857 13.2985137269 -0.741889908799 1.6105243676 -0.753818729855 0
1815 1.34013700485 34.541831 14.529671 -0.59347242 33.8068783735 14.3662254588 -0.701751348529 0.752907569486 -6.2039256149 0
1818 1.34147405624 34.648846 14.435796 -0.47955783 33.8520874664 16.1154376149 -0.526744140552 1.85903741634 -2.70357644542 0
1821 1.33317089081 34.668797 14.324629 -0.34405458 33.9013824497 15.5568056163 -0.471965794835 1.4516143792 -7.32877276241 0
1824 1.64456510544 34.864126 14.20779 -0.22615765 33.7670985981 18.0967193613 -0.318301190414 4.04069804585 -5.27943597513 0
1827 1.34637188911 35.017605 14.088235 -0.094353638 36.2436629918 13.2036070795 -0.200139307094 1.511881198 -6.06107237208 0
1830 1.33238887787 36.599142 14.0692 -0.022879679 37.5653812616 14.6377337832 -0.0117275572478 1.12109275851 0.638969509018 0
1833 1.35186600685 38.63985 14.009333 -0.014813302 38.7793063353 13.4673114108 -0.121636391099 0.559674434501 -6.1205121599 0
1836 1.3275411129 40.768535 13.925491 -0.0089087199 40.4867685376 15.097653862 -0.0784231405343 1.20555303258 -3.98288291764 0
1839 1.33705210686 42.905865 13.952369 -0.011506708 44.0732186045 14.2444223366 -0.116447771855 1.20333270099 -6.01268005653 0
1842 1.34047698975 45.04117 13.838962 -0.010052037 44.7132300027 13.6901554022 -0.00744157605522 0.360122264465 0.14956839472 0
1845 1.33498501778 47.095509 13.764363 -0.008210261 46.5342679766 16.2196990123 0.0377491834231 2.51866361785 2.63328219421 0
1848 1.33194804192 49.256947 13.750747 -0.012245698 47.8023371873 14.8781114997 0.0505718092024 1.84033704045 3.59917804223 0
1851 1.33170008659 51.347189 13.680192 -0.017629817 51.4575966833 17.0683706137 -0.0741363250467 3.38997701689 -3.2375844261 0
1854 1.34828495979 53.510554 13.649042 -0.0075411209 56.1193815449 16.182292197 0.234263964112 3.63639075457 13.854410836 0
1857 1.33852910995 55.608657 13.581194 -0.0077936973 54.1544653686 15.9676583505 0.0588400677445 2.79461721832 3.81783351012 0
1860 1.33756899834 57.666716 13.591636 -0.01411162 58.2309782611 15.0853424106 0.0368789426674 1.59673126744 2.92154403584 0
1863 1.31729197502 59.905766 13.533857 -0.012519778 59.0255095247 14.2746970834 0.0305192969691 1.1505196615 2.46595734987 0
1866 1.33778500557 62.027534 13.447994 -0.021676244 59.8986869192 15.2076737776 -0.0293610820636 2.76196719988 -0.440308787287 0
1869 1.31922388077 64.181261 13.371995 -0.025327169 64.3490339531 15.0390171674 -0.0255722820339 1.67544342503 -0.0140439423445 0
1872 1.31906795502 66.241252 13.310079 -0.024907545 65.7988831889 14.9736298152 0.0167635380169 1.721363262 2.38757718461 0
1875 1.32653594017 68.444119 13.24669 -0.026304862 65.5836655397 15.6902691597 0.0064271061111 3.76208361262 1.87540362792 0
1878 1.31783008575 70.49734 13.123327 -0.017605166 69.1855243838 14.312262338 0.0988172268457 1.77043143018 6.67051175087 0
1881 1.32558202744 72.634932 13.039101 -0.019360635 72.6041117796 14.0010677782 0.084603099787 0.962460372384 5.95668322571 0
1884 1.34152507782 74.720419 12.994859 -0.019347658 73.6834966877 15.6387932751 -0.0158836630684 2.83999935435 0.198472289836 0
1887 1.33859395981 76.914825 12.90632 -0.036038761 75.9740365481 14.3744460827 0.0386393248312 1.74369639156 4.27873914024 0
1890 1.33305096626 79.004774 12.78569 -0.032634565 77.8105990609 15.287327573 -0.0358121751992 2.77204695702 -0.182063653353 0
1893 1.33956503868 81.177999 12.691712 -0.029848436 80.7185933487 15.2022520544 -0.027185815941 2.55222744227 0.152556891827 0
1896 1.32093501091 83.222919 12.597068 -0.02122413 80.9047880096 14.0438972709 -0.0634088266136 2.73258965596 -2.417005076 0
1899 1.33917808533 85.390174 12.538762 -0.021700441 84.540921878 15.2426894624 -0.0156703056528 2.83415823277 0.345501305285 0
1902 1.32339501381 87.449986 12.512039 -0.030894579 87.6472448489 15.4559541454 -0.0123172331202 2.95051646947 1.06440351347 0
1905 1.33619403839 89.572355 12.414566 -0.034322832 89.2406037875 15.3448538787 -0.0154169290314 2.94900761593 1.08322844799 0
1908 1.33099389076 91.713838 12.339838 -0.030338307 90.5474410075 13.8673636097 0.0519763800773 1.92193039219 4.71628416147 0
1911 1.33091711998 93.866625 12.234111 -0.027880568 92.2580170104 15.5511206799 0.0401470616369 3.68648516622 3.89769606847 0
1914 1.32317209244 96.027017 12.118277 -0.016096141 94.3361422704 15.0445918138 -0.0255583356007 3.37970054012 -0.54214381555 0
1917 1.33584904671 98.003729 12.063433 -0.023465033 98.309382001 14.8632456169 -0.00223070878066 2.81644713185 1.21663715858 0
1920 1.33225798607 100.1865 11.996018 -0.023536261 98.6180772001 15.9068003469 -0.024812919775 4.21356958458 -0.0731471596853 0
1923 1.33825302124 102.26857 11.921444 -0.023061579 103.259417635 14.3521268803 0.0155412629079 2.62488062593 2.21177991853 0
1926 1.34359908104 104.50291 11.810699 -0.022632517 104.156463728 15.9423734656 -0.00515273917136 4.14617400853 1.00151749641 0
1929 1.33834791183 106.528 11.779433 -0.025937223 104.983996163 16.6351931512 0.0303481281283 5.09532673087 3.22491306806 0
1932 1.32298493385 108.61821 11.737233 -0.017267816 108.457371802 15.4455026349 0.00164951783817 3.71175600096 1.08388338857 0
1935 1.32194590569 110.65428 11.638117 -0.015586443 109.952769963 16.2279175292 0.0373749252267 4.6431008206 3.03446287663 0
1938 1.32424879074 112.94226 11.558687 -0.011710616 111.31079788 15.1475501727 0.0315098867135 3.94228455628 2.47635239392 0
1941 1.32288002968 114.89636 11.528856 -0.01668203 114.022596331 13.4974849072 -0.0298955628739 2.1538251378 -0.757079666129 0
1944 1.32216119766 117.03777 11.494892 -0.018548407 116.630453197 14.6380021673 -0.00218297622843 3.16939244989 0.937670113125 0
1947 1.33456397057 119.07747 11.406331 -0.016261061 118.957827445 14.6423947212 0.0798117244433 3.23827465615 5.50456513197 0
1950 1.34099984169 121.291 11.334615 -0.012126455 120.456570503 15.1885731011 -0.0252975065695 3.94325571467 -0.754645666681 0
1953 1.33574199677 123.43737 11.229443 0.0013807468 122.873925687 14.8445782877 -0.0268407034212 3.6587802123 -1.61696998941 0
1956 1.33519482613 125.58554 11.258252 -0.0049853053 123.619443872 14.6010776981 -0.0327715504927 3.87814615907 -1.59203457806 0
1959 1.33964586258 127.50849 11.183265 -0.012828209 125.752414522 15.6131338757 -0.0247743055049 4.76524284166 -0.684460911387 0
1962 1.32083702087 130.28779 11.390648 -0.01314096 128.245485274 15.010190867 -0.0221334362386 4.15597150603 -0.515230935842 0
1965 1.32444810867 132.78769 11.256475 0.0084755214 130.744937819 14.3129068423 -0.0129851668357 3.67622252844 -1.22960686135 0
1968 1.32806706429 125.9239 10.596074 0.27888777 132.208788553 13.7112839686 -0.0364870197034 7.01458175992 -18.0696444148 0
1971 1.33955812454 93.936275 13.265891 0.84250578 132.894913144 14.5554992842 -0.0170840261545 38.9799765978 -49.2508680051 0
1974 1.33770298958 59.212281 6.4432491 1.3602712 133.202582144 13.804110756 -0.0447117717007 74.3555441621 -80.4995945662 0
1977 1.32451200485 41.747696 3.5851691 1.5088422 132.981895088 10.6319217169 -0.0629614573631 91.5059331719 -90.0577157901 0
1980 1.34797811508 40.889782 2.6549702 1.6071612 136.415678979 8.09396757526 -0.272309625317 95.6806129058 -107.685746009 0
1983 1.33457803726 40.408125 3.8011614 1.6070032 138.627290127 12.250060508 0.00591985244887 98.5818862385 -91.7353184634 0
1986 1.35298204422 40.388712 5.5337894 1.5172855 137.748312285 12.5572434955 -0.23859922075 97.6126051037 -100.60478381 0
1989 1.3319940567 40.44034 7.6724587 1.5542124 116.247754871 62.476329462 1.93435727906 93.5426555101 21.7806971737 0
1992 1.32211995125 40.554207 9.7439313 1.5604739 39.6061998214 88.6686428066 0.837150968986 78.9304048134 -41.4433511721 0
1995 1.33101201057 40.580821 11.876658 1.5652859 35.2332776167 82.826686207 -1.60432545175 71.1512664877 178.394646848 0
1998 1.34094214439 40.665042 14.024391 1.567666 110.573507613 65.5561134574 -1.41307043214 86.8487880383 -170.783617402 0
2001 1.33297610283 40.771617 16.174621 1.5548315 86.9293741502 124.160000219 1.62260280761 117.43670921 3.88300989785 0
2004 1.33029294014 40.847233 18.25792 1.5551713 56.989745404 79.4625548279 -0.366531740095 63.2976147349 -110.105473675 0
2007 1.34072303772 40.88758 20.352438 1.5597309 52.7555631656 77.4586113219 -0.527676646429 58.3263581573 -119.599642534 0
2010 1.34835600853 40.971014 22.508388 1.5678505 84.4166138017 35.0837919923 0.823780902901 45.2289832707 -42.6320475778 0
2013 1.32783794403 41.044823 24.54743 1.5705547 53.9913884217 73.3126810295 -0.686802855827 50.4545663363 -129.337060801 0
2016 1.34280395508 41.105608 26.696222 1.5717508 63.0415346282 76.09865139 -0.45224088619 54.0535374113 -115.966181388 0
2019 1.33212208748 41.160404 28.869777 1.5672714 116.567647243 28.949788385 0.907945595786 75.4072856912 -37.7765859055 0
2022 1.33346104622 41.204205 31.003136 1.5608691 108.933740831 84.1004863058 2.12151292424 86.0617140975 32.1225249392 0
2025 1.34295701981 41.244227 33.116661 1.5660557 78.5319981364 31.4695993998 -0.648485015547 37.3241301069 -126.883836561 0
2028 1.33729505539 41.277887 35.228156 1.5643441 10.0887333274 101.136313748 0.746435547654 72.9153520496 -46.8627080771 0
2031 1.34837794304 41.31792 37.33529 1.5797774 131.611073948 45.877017208 -0.811033090076 90.6962775071 -136.983350697 0
2034 1.33736610413 41.419072 39.474789 1.5713492 58.8809463562 127.828323998 -0.450460652051 90.0625571629 -115.8411715 0
2037 1.3296251297 41.429937 41.518923 1.5745722 75.4401637859 66.2169954968 -2.10277773882 42.0320153108 149.303368713 0
2040 1.33145213127 41.494048 43.684079 1.5737379 108.623661945 140.874607289 0.426716806985 118.120209352 -65.7194676422 0
2043 1.33291506767 41.508319 45.798644 1.5762653 123.759456529 18.1079287425 -0.0753325574408 86.787241783 -94.6295866842 0
2046 1.33680391312 41.512588 47.943477 1.5772604 72.3395419838 120.344459332 -0.953196025093 78.6905542902 -144.9844734 0
2049 1.34017205238 41.583607 50.107906 1.5744728 93.4463863062 133.906794569 1.66739435271 98.5494880896 5.32401279623 0
2052 1.3402121067 41.632502 52.265699 1.5728612 46.3255249442 53.2193599438 -1.37484829939 4.78893866641 -168.891313546 0
2055 1.34362006187 41.660201 54.305408 1.5732479 75.3837048296 84.6928407485 0.0815134574459 45.3946117902 -85.4700877126 0
2058 1.34310102463 41.689009 56.508616 1.5685378 50.5934619341 124.219378555 2.96293337265 68.2937526267 79.8929812848 0
2061 1.33402585983 41.794127 58.57462 1.5657057 93.4912162093 67.7341233118 0.995744635625 52.5022431295 -32.6563634755 0
2064 1.32778000832 41.856016 60.76704 1.5641567 40.0473150823 61.2895682748 1.95925229018 1.8826669402 22.6373098213 0
2067 1.34780502319 41.858156 62.785084 1.5639758 40.0888136657 62.5288462906 1.63697053686 1.7878003411 4.18229034851 0
2070 1.32704401016 41.958088 65.023529 1.5767642 39.4835358156 64.2085516672 1.52468311609 2.60530162674 -2.98402630029 0
2073 1.34361600876 41.99726 67.044355 1.5737097 38.6106014457 67.6321071573 1.56946311396 3.43728217662 -0.243311457408 0
2076 1.3365688324 42.044947 69.102812 1.5759217 39.5175082467 69.5765300605 1.74862632205 2.57145006807 9.89524594597 0
2079 1.33582305908 42.097902 71.261122 1.5727544 38.7904702828 71.5482708739 1.7165845013 3.31987334695 8.24085777124 0
2082 1.34207510948 42.114798 73.459441 1.5684742 39.4946536253 72.2896466119 1.72133253765 2.86942075245 8.75813761068 0
2085 1.34392285347 42.172982 75.545483 1.5804547 39.262694668 75.8882411871 1.67003894783 2.93040193993 5.13279931127 0
2088 1.35584211349 42.213453 77.648417 1.5799022 40.2249075935 79.2411350479 1.75775719413 2.54775658448 10.190340529 0
2091 1.3286550045 42.308345 79.80823 1.5843424 37.4627820526 81.3498858848 1.59968518258 5.0848975549 0.879076687706 0
2094 1.34466314316 42.259747 81.948131 1.5870316 37.7842445894 82.5401590079 1.61603444975 4.51448989249 1.66174088457 0
2097 1.32719802856 42.325886 84.065588 1.5841531 38.2336673573 84.3986756532 1.60564493909 4.10575216058 1.23139167399 0
2100 1.32363700867 42.338042 86.100283 1.5789413 37.9537567312 85.9367832661 1.66189219022 4.38733284364 4.75273591617 0
