3 1.35818314552 72.513547 45.80148 1.6808269 89.8566213029 24.2689854382 2.61713589736 27.6483371712 53.6465538687 0
6 1.34568810463 72.505015 45.806851 1.6805552 65.0846595071 20.6359856049 -2.6267548315 26.2418395007 113.20931414 0
9 1.33315896988 72.51553 45.801787 1.6811119 52.8270626294 74.9099922376 2.38658719131 35.1414763429 40.4207567427 0
12 1.3439540863 72.511327 45.798497 1.6805172 102.460529124 77.3855653763 0.298661992169 43.5281242011 -79.1744713069 0
15 1.35144615173 72.518426 45.80176 1.6806948 115.562165618 41.0270572851 -0.0714190989971 43.3077511111 -100.388731639 0
18 1.33092594147 72.509508 45.806599 1.6825332 73.9449316533 131.871394397 0.649330746387 86.0767648547 -59.1981399746 0
21 1.3338508606 72.510969 45.800989 1.6811293 101.641505622 55.117097825 2.82783370188 30.5839508163 65.7013225769 0
24 1.34325408936 72.522343 45.818169 1.6838228 63.2689891816 123.377687059 -2.74793480481 78.1095602246 106.078993419 0
27 1.3474919796 72.508499 45.799812 1.6808804 70.270028965 103.009274721 3.09868563242 57.2532389732 81.234255989 0
30 1.33017206192 72.523901 45.815543 1.6832165 39.1979971224 84.2942232019 2.67581251256 50.9040735044 56.8715622811 0
33 1.34473514557 72.511009 45.802779 1.6808191 65.5259596995 108.571880929 -2.10305885409 63.1565599971 143.199763038 0
36 1.35152983665 72.527172 45.853315 1.6851825 64.060450599 96.9251318893 2.23098358891 51.7688695227 31.2720988484 0
39 1.35112810135 72.188088 49.017093 1.6798669 66.6081667655 102.356537167 -2.63789030343 53.630512071 112.610735281 0
42 1.34210801125 71.804616 53.279503 1.6643548 81.5900066621 82.1271567189 -1.82199489227 30.4621239492 160.246876726 0
45 1.35303115845 71.568933 57.324136 1.642571 88.0504050403 80.5420874162 -0.330818133116 28.4730080704 -113.066868665 0
48 1.34494614601 71.37336 61.652431 1.6431927 54.8802351067 98.2180939021 -2.55295342824 40.1132256521 119.578536632 0
51 1.33286309242 71.165072 65.844712 1.6344026 74.1033861096 118.406108258 -1.93043004404 52.6434617633 155.750134826 0
54 1.34736800194 70.960331 70.343426 1.6128178 95.7198818321 136.299270592 0.261241083683 70.4500446642 -77.4396415331 0
57 1.34272789955 70.885213 74.631613 1.6236159 101.441284013 93.4393692305 1.34919953829 35.8804287901 -15.7228993554 0
60 1.33486509323 70.832043 79.069602 1.6124517 68.1378627765 140.110742959 2.17534753301 61.1005687095 32.2515555367 0
63 1.33508205414 70.841819 83.283634 1.5826474 73.3868345332 73.8106659243 -2.40326129747 9.80888516735 131.62425411 0
66 1.33907604218 70.897044 87.066595 1.5142468 57.2337741175 55.8450558662 2.47743703494 34.0803381697 55.1867353302 0
69 1.33542394638 70.898205 87.488163 1.2381173 48.663386327 68.7686536417 -2.3335922833 29.0655671205 155.35611523 0
72 1.33812499046 70.648486 87.373684 0.94938085 120.079217247 105.632415554 0.00882365138842 52.6951465463 -53.8899578711 0
75 1.3431699276 70.490448 87.162959 0.64684814 49.0598911324 69.2228225746 -2.84942543664 27.9484751394 159.678280035 0
78 1.34322690964 73.090524 88.460194 0.4660111 109.579069084 21.0173312355 -2.15380257802 76.6808558915 -150.104266861 0
81 1.35992503166 76.750616 90.291223 0.4640309 77.7261241274 15.4811964476 -1.49569780284 74.8163864997 -112.284183664 0
84 1.35671806335 80.704264 92.172539 0.45240664 64.7405010485 100.665376353 2.0882001407 18.082312183 93.7240637451 0
87 1.3471288681 84.637734 93.972859 0.42386385 73.8181453537 87.3863244764 -1.05856298576 12.6667255242 -84.9368011259 0
90 1.35377812386 88.678811 95.730817 0.41656148 14.4719935601 81.2248046285 2.18802379511 75.611349343 101.497314223 0
93 1.34469509125 92.647535 97.41769 0.40779386 109.380015616 133.801885915 1.55035573801 40.0472922918 65.4639734423 0
96 1.34358787537 96.759828 99.128022 0.39320766 17.2780452792 74.0508127699 3.09893875665 83.3439872291 155.026972336 0
99 1.33431410789 100.07577 100.58602 0.32958371 70.3425221263 124.949865602 1.3927234704 38.4403824335 60.9134213037 0
102 1.36259388924 100.12714 100.52966 0.1390585 132.865551719 78.1483078184 0.79131189218 39.6576414749 37.371366545 0
105 1.34483194351 100.08551 100.52401 -0.14356162 69.6970356976 126.265309398 1.02132429052 39.825542873 66.7430462872 0
108 1.37490200996 99.772178 100.71077 -0.40700642 72.9082022436 127.992148512 0.831220058846 38.2876847949 70.9451513192 0
111 1.36392498016 99.760338 100.7618 -0.66729138 13.388335631 72.1876367153 2.28747609697 90.9758517445 169.295705873 0
114 1.3317489624 99.638101 100.95548 -0.8821311 127.209944209 23.8985458337 -1.02731997456 81.8411732628 -8.3187097444 0
117 1.3255469799 99.549051 101.11221 -1.1251977 16.3592500978 71.0263433734 1.97060670027 88.4629998634 177.376526333 0
120 1.34358906746 100.80276 98.46873 -1.1938854 40.2262280803 43.2065282987 2.99637368783 81.9965069762 -119.915839201 0
123 1.33703994751 102.35582 94.496879 -1.1822805 38.9674913724 36.8479100992 3.05350569118 85.6824592407 -117.307328325 0
126 1.33227205276 103.84912 90.431736 -1.1842505 118.212544714 37.7265749453 1.2576374914 54.6273006042 139.909875951 0
129 1.33549904823 105.46668 86.336829 -1.1831903 121.643711522 63.267803698 0.130581384105 28.1758101434 75.273572743 0
132 1.33639502525 106.96067 82.891423 -1.1821311 122.774261334 62.5938815004 0.0357690327721 25.7305239315 69.7805374763 0
135 1.3715069294 108.13488 79.987125 -1.1809983 108.367188508 33.726720736 3.11633494805 46.2609875588 -113.780941726 0
138 1.34762692451 109.11096 77.465416 -1.174964 127.728951697 63.9300491713 -0.0863398286419 23.0181617431 62.3735704947 0
141 1.34495210648 110.00241 75.115832 -1.1797573 35.2667127141 93.9081963989 2.74735187406 77.0621658696 -134.993218639 0
144 1.3439810276 110.9669 72.896666 -1.1819268 59.5975192146 105.371144074 2.84086525368 60.7733906285 -129.510993465 0
147 1.36431908607 111.79529 70.750926 -1.1680053 109.141826581 74.5915529351 -1.21751337283 4.6681134703 -2.83660362502 0
150 1.32949590683 112.62755 68.634671 -1.166408 126.479347587 70.441120829 0.768475186158 13.9690929332 110.860640418 0
153 1.31799602509 113.50263 66.493746 -1.1746568 64.7038533228 92.2908985086 -1.16837609953 55.1979499868 0.359857629133 0
156 1.33306598663 114.39844 64.423702 -1.1690506 111.966365097 66.8814325011 -0.991454919727 3.45766215074 10.1754829394 0
159 1.33771896362 114.9392 62.935672 -1.1627449 115.854698942 66.9825484641 -1.08278161548 4.14913815494 4.58155871906 0
162 1.3306658268 115.58582 61.52951 -1.1720902 113.088022648 65.3469542455 -0.999807344704 4.56200308865 9.87108049093 0
165 1.33965110779 116.16312 60.165609 -1.1710096 114.170442263 63.2647905093 -1.1619769563 3.68452040165 0.51753236213 0
168 1.34955406189 116.71267 58.758483 -1.1690165 114.360171385 62.525381765 -0.944098253207 4.44114580234 12.8868662767 0
171 1.34365010262 117.29804 57.404001 -1.1730259 114.402461624 63.6284068066 -1.10121625881 6.86495460865 4.11438936837 0
174 1.33656191826 117.3062 57.346669 -1.1782941 113.167218943 60.6990797641 -1.0648354565 5.326332896 6.50070142195 0
177 1.35449695587 117.30973 57.394113 -1.1925087 114.715206923 62.8954536859 -1.21611658424 6.0824583302 -1.3526321304 0
180 1.3439810276 117.3509 57.478875 -1.2542253 116.201535857 62.7444807296 -1.14014513103 5.38958640646 6.53631220805 0
183 1.33306097984 117.31554 57.561663 -1.3141336 112.88105473 59.4688450471 -0.544504789069 4.82721482496 44.096482658 0
186 1.34532213211 117.31761 57.625945 -1.389572 113.742267643 59.6375286781 -1.34425332998 4.10238246201 2.59656852542 0
189 1.33385920525 117.34247 57.653648 -1.4539696 114.246123542 60.6321729445 -1.43350060074 4.29639060523 1.17278726857 0
192 1.33819508553 117.36058 57.739095 -1.5147103 61.5199093978 109.378648818 -1.24112826123 76.0580305542 15.6750961723 0
195 1.33907318115 117.34118 57.80351 -1.5718326 68.1318079522 103.302188703 -2.88930809908 67.0200869971 -75.485785709 0
198 1.3485751152 117.32521 57.826191 -1.6475747 118.365189644 62.6096324534 -1.66898129596 4.89518843343 -1.22650760246 0
201 1.34048104286 117.28663 57.948056 -1.7072698 61.5471157886 111.904345562 -1.56790132275 77.5768949353 7.98522554353 0
204 1.35272216797 117.37131 58.006137 -1.7818651 76.9226766275 130.203815409 1.25058861034 82.756248763 173.746799171 0
207 1.34298610687 117.40314 57.989067 -1.8555926 114.505602006 69.7292934877 -1.64005063934 12.0925036451 12.3496446537 0
210 1.35087895393 117.02719 57.008887 -1.8977403 65.3640688818 106.963807268 3.06966439885 71.8649576821 -75.3886756225 0
213 1.34301781654 116.38504 55.250118 -1.9095407 62.8017615044 101.220860839 -2.71683903621 70.6008281221 -46.2547874729 0
216 1.35211110115 115.67443 53.450651 -1.9075572 57.6717264588 104.186743454 -2.38244059092 77.0614345545 -27.2088140607 0
219 1.33730888367 115.02136 51.574537 -1.9165104 55.5529070592 107.81046701 -0.440555986815 81.8472767978 84.5659586292 0
222 1.34691405296 114.35753 49.684701 -1.9233127 113.895614614 50.7527305866 -1.90440087975 1.16363783967 1.08356748335 0
225 1.32835412025 113.59486 47.870819 -1.9110101 6.7873039997 125.285027816 2.08404923435 131.912144041 -131.099961237 0
228 1.33716797829 112.87829 45.986656 -1.9118326 19.6637785674 22.0216135822 -3.05743661194 96.2458747153 -65.6382748772 0
231 1.33218693733 112.17059 44.128463 -1.9122248 46.0908569856 110.079152014 3.12647398288 93.3596513312 -71.3038255031 0
234 1.3392739296 111.43202 42.277019 -1.9027456 113.734871984 40.4350112713 -1.39374648039 2.94891840035 29.1635013293 0
237 1.33852005005 110.82393 40.37458 -1.9174412 112.448398413 40.3690842028 -1.73463929547 1.62447770933 10.4737776163 0
240 1.34044313431 110.14399 38.567468 -1.912432 109.49345709 37.6008360383 -1.11710711677 1.16514823808 45.5687591508 0
243 1.34653615952 109.42625 36.696167 -1.9074722 109.240014495 38.8898862287 -1.89203644415 2.20161025563 0.88440366383 0
246 1.35394191742 108.96452 35.308972 -1.917648 128.099413666 36.4500798084 0.173395505819 19.1688884035 119.807967662 0
249 1.34484505653 108.91335 35.330429 -1.9171391 38.2977708499 99.6207697458 -3.07719403391 95.4976854793 -66.4662517166 0
252 1.34814214706 108.9585 35.348205 -1.9450374 87.139624684 81.3451212939 -2.35105139829 50.9095239479 -23.2628885254 0
255 1.35238909721 108.97674 35.368834 -2.0165302 107.829170032 37.2745464672 -1.84461259494 2.22455767279 9.85015319415 0
258 1.35024595261 108.99865 35.397074 -2.0803106 36.201510062 85.7487567151 -3.02532094422 88.5139284824 -54.1451043202 0
261 1.32251310349 109.05048 35.474836 -2.159245 59.6609567573 112.686131123 -1.57185476682 91.6564733159 33.6549812885 0
264 1.34200191498 109.09365 35.518169 -2.2238592 33.708018904 85.9559035751 0.594333409704 90.7025823492 161.470542391 0
267 1.33636689186 109.14301 35.568827 -2.2920109 107.418439426 38.5471263445 -2.13480236043 3.4415709569 9.00738582079 0
270 1.336810112 109.24021 35.586114 -2.3597618 113.38024818 36.4381352517 -2.35366461081 4.22680214181 0.349343207205 0
273 1.34717702866 109.32691 35.57971 -2.4292889 108.554573992 35.9465988886 -2.59378444586 0.855049920358 -9.42490052666 0
276 1.35194587708 109.34422 35.612178 -2.4970016 33.4363608291 85.3364851182 0.187970802215 90.7441998273 153.837586756 0
279 1.33420395851 109.45255 35.562283 -2.5751384 110.995885608 38.0839107717 -2.39126720509 2.95643221106 10.5350434422 0
282 1.35216808319 109.51035 35.610832 -2.6455993 79.1200118654 86.0509700295 -0.310290389903 58.8878610273 133.803344408 0
285 1.34494495392 109.52669 35.619453 -2.7060079 112.702278697 36.4591872208 -2.70354544391 3.2847400407 0.141088341382 0
288 1.34222006798 109.56751 35.667144 -2.7779359 111.423847055 35.878680742 -2.4617446855 1.86835089219 18.11642211 0
291 1.34080004692 109.58407 35.725569 -2.8421247 29.6244053457 87.0579372448 0.0504156027925 95.0187350013 165.730351422 0
294 1.35742402077 109.62066 35.728072 -2.9074408 60.9201556629 112.739951833 -1.81278725325 91.1184325924 62.719028258 0
297 1.35866093636 108.40689 35.538158 -2.9474042 36.1306404574 85.2405360315 -2.66401056443 87.7164900685 16.2372592592 0
300 1.36984205246 106.63579 35.154474 -2.9731605 64.1355523178 98.372817344 1.51272155436 76.1763029964 -102.977890892 0
303 1.35363316536 104.74277 34.838538 -2.9724974 64.0331124363 106.711169807 -2.05095434792 82.6011587194 52.8005275238 0
306 1.35307693481 102.71686 34.507066 -2.970186 41.476295915 93.772002304 2.29255733379 85.2217071207 -58.467018313 0
309 1.34700298309 100.87602 34.149296 -2.9774562 32.4637630039 96.9221930732 -2.13265738091 92.847582167 48.4034068717 0
312 1.33864092827 98.917573 33.856952 -2.9648121 63.0936438415 105.973187221 -1.33850962636 80.5239422951 93.1802679511 0
315 1.34875893593 96.872255 33.519705 -2.9713846 62.7856810217 102.644588884 -3.1346410617 77.0723302977 -9.35390623369 0
318 1.34849500656 94.700759 33.157106 -2.9752463 43.6071858401 87.9413403448 0.0261759556239 74.9123858317 171.968827784 0
321 1.32238292694 92.656194 32.878926 -2.9695623 42.7628794295 87.4617554479 0.0673358559709 73.9501731531 174.001447148 0
324 1.33589315414 90.628889 32.525228 -2.9736018 23.6316225629 94.7299636932 -2.69358199491 91.4224417346 16.0439530116 0
327 1.33840203285 88.510396 32.191288 -2.9695852 65.1723345585 110.850157003 1.68888874231 82.0480516807 -93.089104134 0
330 1.3348429203 87.334812 32.006658 -2.9896435 89.4373523073 27.7517315892 -2.91319500607 4.74605883918 4.38017605204 0
333 1.35426092148 87.328365 31.983283 -3.0015998 17.8199598647 103.482559383 2.45959924436 99.7174252967 -47.0963436773 0
336 1.34222102165 87.328448 32.00285 -3.0442403 63.4059047375 83.2078410263 -1.63159631007 56.5176006404 80.9385385775 0
339 1.3456299305 87.480424 31.977098 -3.121648 140.607388944 130.653178751 -0.52058727501 112.068922171 149.029801799 0
342 1.33974790573 87.509332 32.088761 3.0972389 59.5025218655 93.9094293123 -2.26224016987 67.8688179099 52.9244689075 0
345 1.35829496384 87.537767 32.004513 3.0032565 44.8692106333 70.0787607184 -1.26683848634 57.1861350481 115.341579163 0
348 1.35256099701 87.588829 31.971963 2.902116 59.8115914464 92.0972072256 -2.98274279218 66.2315628631 22.8224281774 0
351 1.33078694344 87.696053 31.883789 2.7788249 59.5156402149 94.1414325857 -2.62337615679 68.3384946394 50.476679365 0
354 1.33739113808 87.777704 31.698119 2.6376296 61.1351695772 94.4680731888 -2.16306976269 68.1901150412 84.9401878065 0
357 1.3471288681 87.896098 31.65995 2.4917922 59.2534781455 92.4029229501 2.94197353247 67.1573408865 25.7934903661 0
360 1.34824490547 87.958395 31.594625 2.366513 61.098798958 96.2641901345 2.85383682846 70.0256421193 27.9215986268 0
363 1.35679292679 87.964094 31.460561 2.2184109 59.5187878914 97.9698104816 -2.94022646309 72.3368212338 64.4318510565 0
366 1.351541996 87.708527 31.831987 2.1125682 91.3632747957 86.8070392006 -0.143567102587 55.0964022955 -129.267030849 0
369 1.35016298294 86.721318 33.612273 2.0920166 61.9450308494 95.7355011203 1.74127653033 66.8816856625 -20.0959256982 0
372 1.34454584122 85.724716 35.405361 2.0873093 36.0211148311 66.0797044283 -1.73085362358 58.4068772827 141.235378985 0
375 1.35979390144 84.755772 37.248267 2.0862059 87.4706508658 65.6993564427 2.02484037579 28.5803264105 -3.51598554482 0
378 1.35171508789 83.690185 39.149374 2.0868314 89.9018937079 105.387271833 -2.77879980826 66.5285234648 81.2198670996 0
381 1.36278295517 82.666747 40.97523 2.090975 105.218229573 17.8978644872 1.82898525078 32.2666106873 -15.010906906 0
384 1.3513507843 81.635815 42.877142 2.0910396 86.7050065485 76.4988401238 1.77331202393 34.0016953648 -18.2044491437 0
387 1.35521578789 80.624097 44.699122 2.0805048 9.4954325397 80.3078162764 1.44129906485 79.5441136475 -36.6237908644 0
390 1.35663104057 79.602515 46.546403 2.0762437 70.0451838273 111.04889553 -1.98354977172 65.206703043 127.390968376 0
393 1.35516095161 78.599692 48.40129 2.0808805 99.5375386228 40.6573172352 -0.265176302686 22.3240349261 -134.419153292 0
396 1.32892608643 77.532669 50.298142 2.0919608 116.873398298 62.832472343 2.113705968 41.2892530672 1.24590635145 0
399 1.33535885811 76.53881 52.074716 2.0854653 108.419753183 71.7935706198 -1.18187974834 37.4863677326 172.794918517 0
402 1.32766485214 75.533974 53.92833 2.0838411 33.0142493053 31.5392665779 -1.86436073647 48.0541064742 133.784698105 0
405 1.3378469944 74.451304 55.860797 2.0823704 81.9039736728 106.516373863 -1.28473530306 51.2008764823 167.07905404 0
408 1.34144592285 73.464188 57.689364 2.0801622 99.8893805765 45.9073497163 -1.34494181032 28.9327956355 163.755995815 0
411 1.34512114525 72.461178 59.521835 2.0808323 104.551794333 66.7370902455 2.0966065014 32.891755272 0.903795165245 0
414 1.34932398796 71.469371 61.42577 2.0898858 85.759002151 108.249974767 -1.13615070718 48.9560998297 175.161723584 0
417 1.35375380516 70.386885 63.322712 2.0827703 91.5019888215 90.3336219944 -2.20159296363 34.2846447862 114.524067093 0
420 1.3393061161 69.38246 65.186025 2.0922796 88.9456241651 89.0989432923 -2.65434980783 30.8957125408 88.0381680185 0
423 1.35740208626 68.400253 67.014087 2.0893798 59.440471048 96.9485699702 -0.297155008372 31.2466152298 -136.738372181 0
426 1.35534191132 67.30799 68.901204 2.089526 27.1847742854 142.603694605 2.75510528375 83.9162055906 38.1348838902 0
429 1.33905911446 66.315197 70.741557 2.0869248 29.7825772344 14.27661837 -1.26746420275 67.2526698461 167.807667297 0
432 1.33948802948 65.281228 72.464006 2.0745737 17.2912338955 47.8333181025 -1.71197475253 53.9417307884 143.046754748 0
435 1.34360194206 64.283593 74.421326 2.0918621 77.9770827162 38.1453800066 0.658658298076 38.7744235073 -82.1165290324 0
438 1.3360490799 63.28447 76.191493 2.091939 47.0300883785 106.012304854 -2.43692096142 33.9630054842 100.515438205 0
441 1.35046696663 62.204887 78.125252 2.0893553 93.614179269 121.578158162 2.58900743619 53.6162167146 28.6279586284 0
444 1.35412096977 61.273659 79.948227 2.0960183 11.7551425863 63.5725028292 -3.08482937366 52.1559949567 63.1592939993 0
447 1.34645414352 60.19879 81.787566 2.089809 86.3179686221 41.2090230401 0.231820905586 48.2579489892 -106.454876195 0
450 1.3373901844 59.161438 83.629466 2.0974137 56.7015122922 81.3437057136 2.09762265528 3.35796583884 0.0119722554091 0
453 1.35585904121 58.11891 85.485673 2.0964985 77.4557731781 65.1521979832 -1.21495899569 28.0600157489 170.26746146 0
456 1.35345196724 57.036783 87.336936 2.0992423 55.0913671759 87.4589236869 2.0922877939 1.949236703 -0.398463847887 0
459 1.33694815636 56.357629 88.602308 2.124456 55.6364088046 87.8213726236 2.17312728719 1.06302334522 2.78865933943 0
462 1.34272694588 56.200217 88.720884 2.2094598 56.992687921 92.5063157211 2.16819659595 3.8674931772 -2.3642074412 0
465 1.34965419769 56.199637 89.07416 2.3631742 54.6887517716 93.9075723594 2.24913296374 5.06405462151 -6.53408152837 0
468 1.35131001472 56.109511 89.161307 2.4869631 53.4506622811 90.474871672 2.50263529179 2.96562449707 0.897950445572 0
471 1.33995509148 56.023191 89.233423 2.608836 98.2980295693 43.1129639254 0.6217526442 62.5640369647 -113.851489828 0
474 1.35519385338 54.873312 89.789936 2.6823278 94.1080674906 46.5984014538 0.618928603638 58.3513041402 -118.224065402 0
477 1.34042787552 52.997249 90.667048 2.6986067 48.7617454222 89.3857147971 2.70975204707 4.42507687324 0.638581348288 0
480 1.34447407722 51.122563 91.609157 2.7018871 22.2087807046 60.9604429451 -1.39661786149 42.1349080911 125.172963393 0
483 1.33701109886 49.137432 92.566213 2.7007601 97.0342768 49.5673881685 0.793383999399 64.3661920475 -109.284600509 0
486 1.32925701141 47.308569 93.452781 2.7003868 43.7283071329 92.536462088 2.57000243075 3.69566169794 -7.47047407239 0
489 1.33649206161 45.360782 94.336008 2.7008969 103.200808906 54.8937624361 0.989749376544 70.0082812786 -98.0415312183 0
492 1.33984589577 43.468079 95.251019 2.7064338 40.4434196936 95.1973035464 3.02648289132 3.02513623988 18.3374621698 0
495 1.34044909477 41.590918 96.131677 2.7064065 41.6428897295 92.9637251647 2.70919034253 3.16837811687 0.159502427656 0
498 1.33501815796 39.606214 97.06058 2.704478 108.863503034 59.2875254669 0.741924820888 78.8883751457 -112.446014233 0
501 1.34367084503 37.718719 97.944153 2.696243 33.0783324371 97.0532278595 2.94637444555 4.72513862859 14.3314761537 0
504 1.36643910408 35.769603 98.891663 2.7044976 32.0064745073 94.9114408871 2.79808023127 5.47752719031 5.36188980747 0
507 1.34496808052 33.862509 99.822852 2.7013631 33.63612781 97.3797649816 2.59697736516 2.45355306087 -5.98086204755 0
510 1.33106803894 31.979521 100.73965 2.7066945 29.24786344 96.3190338002 -2.67888885986 5.1965181238 51.4288032644 0
513 1.33303189278 30.015598 101.64307 2.7044148 27.5733454411 100.719749577 2.79140055735 2.61096115743 4.98391677414 0
516 1.33824896812 28.083667 102.5122 2.7038251 25.0402513667 100.529260994 2.75767549914 3.63241322223 3.0854005958 0
519 1.33726119995 26.231599 103.44351 2.6987262 22.6101077278 102.097623221 2.57019407014 3.86349715368 -7.3643485726 0
522 1.35046386719 24.326425 104.3449 2.7056645 20.1644736489 96.0703342117 2.88100575372 9.26230414282 10.0463138124 0
525 1.35151600838 23.072168 104.95788 2.6888385 16.9167218444 106.728572327 2.57314380363 6.40506586171 -6.62881781392 0
528 1.35273599625 23.059574 104.94595 2.6093304 18.9978027783 103.037942291 2.50959263606 4.48759165648 -5.71455293195 0
531 1.35604500771 23.148655 105.02795 2.4881616 18.2425347628 104.265149372 2.37540022907 4.96506601966 -6.4607506465 0
534 1.343957901 23.15609 104.97342 2.3614352 16.8552834648 105.228502041 2.30654015394 6.30596779585 -3.14525445544 0
537 1.33410692215 23.189116 104.80794 2.2179164 19.0380473983 106.431620907 2.30832953867 4.45732096947 5.18029125814 0
540 1.33825993538 23.170444 104.45908 2.0515088 17.4883077211 105.322256979 1.97041604538 5.74732522046 -4.64627258894 0
543 1.32220101357 23.203193 104.36781 1.9241471 19.0421205178 106.097093763 2.14692679759 4.50610103485 12.764336433 0
546 1.3409268856 23.268475 104.40083 1.8086424 17.0104911216 107.578214135 1.6238582701 7.01841379246 -10.5873507641 0
549 1.35059905052 23.269141 104.3114 1.6661585 18.3868719303 100.881790172 1.75447118631 5.96647088636 5.05994420294 0
552 1.34343600273 23.273746 104.22596 1.531085 19.6325333404 105.669465588 1.56183177686 3.91690413656 1.76166054793 0
555 1.34862804413 23.201513 103.9692 1.3630267 17.7561943987 105.693673516 1.24032120661 5.71185640383 -7.03050689443 0
558 1.34936189651 23.573375 105.47089 1.3112874 21.9734301553 106.075281591 1.5807883278 1.71029608587 15.4412657375 0
561 1.33663988113 24.091257 107.45193 1.3021436 21.0602709295 112.370764343 1.46463533913 5.77769918362 9.31009085806 0
564 1.35462093353 24.69734 109.54228 1.2971878 19.7652018234 107.186561304 1.13491425093 5.46583914595 -9.2975894883 0
567 1.34559893608 25.24514 111.62222 1.291934 21.8425197585 110.781238732 1.29421531757 3.50500699005 0.130709868292 0
570 1.35822296143 25.838263 113.71051 1.2925571 21.363929472 114.855139319 1.22214208677 4.61842362688 -4.03448307263 0
573 1.34309506416 26.485855 115.66064 1.2984976 24.3024902511 115.224972545 1.25367388544 2.22640691654 -2.56820966611 0
576 1.3491101265 26.666562 116.70228 1.2516028 22.6786019063 116.502912039 1.28016697074 3.99294043198 1.63660642891 0
579 1.35158205032 26.671044 116.66524 1.1445574 21.9022471025 115.516085502 1.13954700891 4.9053012049 -0.287074263278 0
582 1.36327600479 26.68282 116.71548 1.0360889 24.0266967657 114.556691087 1.10447979541 3.42277083777 3.91850966383 0
585 1.35269784927 26.598988 116.54426 0.86252405 24.0482080928 114.964265944 0.893440396181 3.00047652061 1.77137615413 0
588 1.35967493057 26.490987 116.49462 0.72378221 22.3301633266 116.160770667 0.694204830093 4.17419561328 -1.69465903774 0
591 1.3470261097 26.414554 116.44154 0.58967497 21.4138913077 116.467507212 0.626510120226 5.00073011255 2.1104986457 0
594 1.34952902794 26.30131 116.37003 0.43724496 23.0113124689 119.707975379 0.158806103264 4.68678601037 -15.9533713434 0
597 1.33844280243 26.176025 116.35464 0.31453037 54.1670223581 97.9107844811 1.95945600427 33.5212132761 94.2472964567 0
600 1.35830593109 26.088883 116.46581 0.14702743 21.4473087208 117.036379902 0.357784105547 4.67651171306 12.0754680131 0
603 1.34616708755 25.977812 116.45377 0.019989929 20.3264876621 117.233598163 0.0323106938855 5.70487499738 0.70592782831 0
606 1.35673093796 25.890585 116.45549 -0.11586106 21.4719215023 116.962531699 0.348609467502 4.44765987795 26.6122009341 0
609 1.34468889236 27.617035 116.21759 -0.13548047 25.1642882804 115.168435338 0.0224141167526 2.66771287335 9.04669342889 0
612 1.35261392593 29.732468 115.90829 -0.14344069 119.560533884 105.34789688 -0.941291791268 90.4466877407 -45.7135007825 0
615 1.32117700577 31.744289 115.6014 -0.14068963 26.612215547 115.021478592 -0.153931331639 5.1647349173 -0.758693617467 0
618 1.33741593361 33.87565 115.27561 -0.13567301 30.419966506 113.71716396 -0.0393496645197 3.79084455886 5.5189211646 0
621 1.34753799438 35.936054 114.9269 -0.14240112 34.5466875684 113.008218779 -0.179788033247 2.36889778319 -2.14211233807 0
624 1.33956503868 38.113735 114.67885 -0.14674677 36.3563868578 114.165595424 -0.164186865694 1.83076561925 -0.999243877551 0
627 1.33617997169 40.163768 114.30534 -0.14012204 38.2003180704 115.49000073 -0.114903359275 2.29315430579 1.44492397046 0
630 1.34749794006 42.346763 113.98058 -0.16006212 40.3580912435 115.153437039 -0.038577594532 2.3087678509 6.96055058547 0
633 1.35049700737 44.341947 113.67079 -0.15507802 42.4676257185 113.04778265 -0.0372944845978 1.97515022841 6.74849947468 0
636 1.35122299194 46.544067 113.30502 -0.15009707 45.9696384558 113.596117669 -0.154199389964 0.643976711728 -0.235045620131 0
639 1.34137701988 48.557097 112.97025 -0.14631805 46.8592257075 111.980458027 -0.0356874950908 1.96531297127 6.33866388149 0
642 1.32797193527 50.586062 112.64729 -0.14866611 47.3866544156 114.574299737 -0.0262691485143 3.73491304029 7.01282931836 0
645 1.33449411392 52.747394 112.3225 -0.14488479 49.0515320156 114.292040865 -0.0572227204539 4.18789768594 5.02266660837 0
648 1.34826588631 54.919709 111.95097 -0.14565598 50.2022097882 114.292099258 0.0457648965542 5.26646798298 10.9676083372 0
651 1.34135890007 56.9199 111.70562 -0.14317608 54.1049615854 112.144585754 -0.00917434844713 2.84895932081 7.67773366542 0
654 1.33981204033 58.963864 111.32719 -0.14485493 56.7827718249 111.657891655 0.0269238742739 2.20602054867 9.8422004947 0
657 1.33729696274 61.070196 111.0267 -0.15209978 58.7492364032 111.269102716 0.00602784725339 2.33358362332 9.06004566604 0
660 1.35318899155 63.25691 110.67843 -0.1447313 60.3356966027 111.278168703 -0.0648849385748 2.98214255598 4.57485951914 0
663 1.33376288414 65.338645 110.4192 -0.14848438 63.0415078079 112.104969578 -0.0775935243975 2.84932594663 4.06174683209 0
666 1.33084392548 67.412523 110.08404 -0.1445869 63.6435368794 111.425271881 -0.0921477821507 4.00051988318 3.00454013416 0
669 1.33258008957 69.507235 109.73429 -0.15139682 65.6851616586 110.717509941 -0.0117081221863 3.94651315458 8.0035728304 0
672 1.33132696152 71.647859 109.39116 -0.14906575 67.4927894857 110.568834839 -0.0501535431404 4.3187406377 5.66725199538 0
675 1.33304405212 73.702975 109.06139 -0.1559357 68.7760793163 111.990540314 -0.127560185278 5.73186031237 1.62579723507 0
678 1.32697296143 75.754203 108.72815 -0.15045699 72.6378108752 110.769370463 -0.141178931949 3.72538331664 0.531593568423 0
681 1.33326792717 77.860742 108.43703 -0.15243836 74.3375342855 108.526729364 -0.119521653038 3.52434938332 1.88598838438 0
684 1.35452890396 79.97813 108.08555 -0.15170568 74.4349011226 109.631297491 -0.198143408644 5.75471299832 -2.66068586146 0
687 1.34766817093 82.120618 107.73965 -0.14888428 77.8414627666 107.064334475 -0.129545218109 4.33211502274 1.10804662609 0
690 1.35125398636 84.192494 107.42985 -0.14593359 81.1203030788 106.532216079 -0.110453535199 3.20064114072 2.03285739701 0
693 1.34999513626 86.28045 107.15458 -0.15823172 83.2810416111 108.520004234 -0.0945615809914 3.29557794975 3.6480302462 0
696 1.3299331665 88.385341 106.75858 -0.15035877 83.6923823949 109.017036763 -0.107355074588 5.20811745443 2.46393025058 0
699 1.32423305511 90.512184 106.42958 -0.15443508 87.2097022807 107.97951487 -0.098423420146 3.6481068523 3.20923171316 0
702 1.33595895767 92.541412 106.11165 -0.15857271 90.4074175325 107.943260346 -0.148562403068 2.81224622824 0.573548338861 0
705 1.33933711052 94.624435 105.7799 -0.14991569 91.9782455589 108.441568245 -0.0833986147393 3.75323812288 3.81114767799 0
708 1.32544779778 96.812614 105.41142 -0.16008539 93.3678637742 107.111344718 -0.129124190051 3.84136019737 1.77394608573 0
711 1.33930516243 98.833392 105.05687 -0.15857643 92.9758624531 106.862648885 -0.137010793013 6.12955869318 1.23561998184 0
714 1.33725404739 100.9283 104.72764 -0.15390186 94.679474027 106.727030201 -0.140653934175 6.56089835437 0.759050237087 0
717 1.33495783806 103.02648 104.38009 -0.15580909 99.347117334 105.468556834 -0.118814893308 3.83698705709 2.11961133695 0
720 1.34172296524 103.56436 104.3046 -0.21764658 98.8271262451 106.009632674 -0.197083794458 5.03473138005 1.17816082658 0
723 1.34336781502 103.46604 104.39779 -0.32798619 99.5505592349 108.665878677 -0.286521918183 5.79202646519 2.3757277757 0
726 1.3362569809 103.43166 104.43448 -0.46455789 97.8042040553 107.256225859 -0.437291508078 6.29527680886 1.56224860671 0
729 1.34166288376 103.35806 104.51276 -0.60050128 98.1601467186 107.234823989 -0.59689926403 5.86753226177 0.206380312796 0
732 1.3335750103 103.30537 104.5712 -0.75278089 101.112690955 107.264881066 -0.681742556036 3.47329225337 4.07019671977 0
735 1.35208797455 103.24477 104.73622 -0.88717849 100.826151543 108.498824329 -0.785608696976 4.4729080666 5.8195204663 0
738 1.34368395805 103.11543 104.83266 -1.0218313 99.027258338 104.97347015 -0.83498026893 4.09059592681 10.705775478 0
741 1.34322404861 103.3336 104.43355 -1.1359167 99.1263707351 106.293523844 -0.99868802698 4.60003052023 7.86262379225 0
744 1.35068583488 104.18264 102.5184 -1.1499809 101.064437423 104.632731383 -1.11521898111 3.76743739331 1.99171124039 0
747 1.3563079834 105.02068 100.61649 -1.1544373 103.81973456 102.623781578 -1.03441916673 2.33912150831 6.8765325014 0
750 1.34612607956 105.97315 98.645528 -1.1675657 105.899734541 100.771150411 -1.0966556872 2.12688985698 4.06284445876 0
753 1.35484409332 106.66644 96.709247 -1.154133 105.021383022 99.5234624812 -1.07210237368 3.25975784905 4.70000867868 0
756 1.34502792358 107.65453 94.805864 -1.1707179 103.494539132 97.3174544632 -0.994498799888 4.85938377499 10.096610706 0
759 1.34722590446 108.36584 92.821603 -1.1639211 105.903662052 94.8593692426 -1.055218378 3.19606187483 6.22820719197 0
762 1.33864593506 109.18739 90.932737 -1.1605274 107.436362226 91.3055496167 -1.12561454322 1.79027581979 2.00035934413 0
765 1.33747696877 110.00551 88.971931 -1.1631703 108.560349205 89.3398319279 -1.06174876449 1.49125477949 5.81102593636 0
768 1.327064991 110.83946 87.051439 -1.1600004 109.682654699 88.7737588829 -1.08676742298 2.07474920983 4.19594050457 0
771 1.3387658596 111.68317 85.129972 -1.1502451 109.276691334 88.4434555557 -1.06331248505 4.09515724261 4.98087193846 0
774 1.33857798576 112.49307 83.177328 -1.1488654 112.779755278 85.852156322 -1.05014965328 2.69014776565 5.65599565861 0
777 1.33731102943 113.40329 81.226755 -1.149046 111.574407862 83.8135848991 -1.16116887328 3.16804337097 -0.694589474491 0
780 1.33713912964 114.20236 79.347389 -1.1522317 111.649032263 82.6954781912 -1.25044394044 4.21060372894 -5.62714687358 0
783 1.34609293938 115.10134 77.33273 -1.146946 113.731382096 79.5589038904 -1.18047301823 2.61393091883 -1.92095664413 0
786 1.3445520401 115.87569 75.433999 -1.1405871 119.087224397 75.9779853498 -0.960194362047 3.25728020423 10.3357425395 0
789 1.34479403496 116.74641 73.521868 -1.1514597 115.587720799 76.2646478384 -1.07511507426 2.97748247797 4.37422484321 0
792 1.333329916 117.66191 71.592443 -1.1472421 115.008184228 75.518516928 -1.13102365594 4.73880965647 0.92924839496 0
795 1.34012913704 118.47567 69.543126 -1.1411103 117.258304268 71.5581885044 -0.907695715355 2.35424217554 13.373670577 0
798 1.33671212196 119.32773 67.660396 -1.1493947 116.615591066 70.762700266 -1.11655362329 4.12067826438 1.8816550903 0
801 1.3414850235 120.23613 65.736718 -1.1477983 118.563829046 68.535025818 -0.890316177188 3.25992593875 14.7526389372 0
804 1.35219192505 121.05504 63.851108 -1.1435448 118.603039127 66.6290223464 -1.05014740396 3.70528222929 5.3512766108 0
807 1.36241698265 121.9387 61.889647 -1.1416966 120.237686158 63.8054986314 -1.03240857595 2.56201786936 6.26174252943 0
810 1.35023403168 122.75206 59.947854 -1.134592 123.023051904 62.6382921444 -1.1603807435 2.70405140869 -1.47758616154 0
813 1.3698220253 123.61313 58.017737 -1.1345099 122.300283774 62.9440276827 -0.979936273616 5.09822568189 8.85641641583 0
816 1.38489794731 124.50226 56.14403 -1.1250591 122.433591952 59.8241199813 -1.14316651762 4.22166433576 -1.03747860736 0
819 1.3657310009 125.37031 54.195354 -1.1346431 122.80684116 58.5976116741 -1.10680341995 5.09423646148 1.59509617007 0
822 1.35618901253 126.19009 52.293812 -1.120627 124.692985482 54.6711569201 -1.03745396678 2.8094645055 4.76546377288 0
825 1.3650829792 127.09539 50.434417 -1.1252352 126.689888002 55.179864926 -1.18006102586 4.76274163566 -3.1412884303 0
828 1.36675000191 127.94916 48.435924 -1.125081 126.674154068 49.8992181931 -1.12421289994 1.94084260601 0.0497384696695 0
831 1.35102200508 128.83417 46.49897 -1.1135569 127.378730437 50.7304501294 -1.0709497128 4.47478808516 2.44121200374 0
834 1.38576292992 129.69028 44.561049 -1.1141866 127.26986229 48.5058822777 -1.20417359154 4.62818879019 -5.15587482627 0
837 1.33557701111 130.6504 42.689185 -1.1179531 128.86606311 44.590811404 -1.13803331168 2.60768884573 -1.15051138072 0
840 1.32825899124 131.56218 40.752166 -1.1133477 129.008602731 46.8070357965 -1.08664359559 6.57131684839 1.53003247843 0
843 1.33104109764 131.80181 39.159633 -1.0655485 128.691021456 42.1585298198 -1.07522671793 4.32092438051 -0.554521040613 0
846 1.34325695038 89.526265 39.287264 -0.26055386 133.72545916 41.21926651 -1.13627344951 44.2413991427 -50.1750365161 0
849 1.34923791885 49.129117 22.860079 0.57174269 134.433740038 40.6679706625 -0.960728331935 87.1435580926 -87.8041217829 0
852 1.35046601295 45.693587 19.436118 1.0035584 135.184094214 40.3935322366 -1.19016608322 91.9117190181 -125.691154303 0
855 1.34166288376 46.841947 21.209275 1.0214136 37.2345014408 97.6018058211 0.322656210252 76.9942970318 -40.0358493361 0
858 1.33065605164 48.00008 22.972907 1.0079248 35.4631401163 92.0593978438 0.435259086816 70.2147995707 -32.8113284373 0
861 1.34357619286 49.170996 24.731115 1.014741 36.8993910493 93.279744074 -2.76255880956 69.6384005847 143.576662956 0
864 1.34401082993 50.349541 26.532036 1.0144485 35.7029592838 88.0679699883 -0.272017124217 63.2549881652 -73.7090507563 0
867 1.3342859745 51.518278 28.351001 1.0069992 26.9062899654 93.5452353712 2.72346806093 69.6852792939 98.3464213968 0
870 1.3333439827 52.642563 30.101924 1.0170679 59.7537048754 101.257355762 -2.82760010189 71.5098860855 139.716749863 0
873 1.34718799591 53.80357 31.912095 1.0183648 51.6048356731 90.7629637851 0.249406608751 58.8919280496 -44.0580589806 0
876 1.34107613564 54.946688 33.671099 1.0064723 24.0355010664 74.2034664108 -2.18684651768 50.9742512017 177.036309107 0
879 1.34404110909 56.161659 35.476636 1.0152563 47.8631290834 100.751394645 -2.88926899462 65.8001498094 136.287179616 0
882 1.33720803261 57.333476 37.252395 1.017552 91.8253056674 115.321544092 0.663866669446 85.3491555542 -20.2646767164 0
885 1.33281803131 58.434052 39.044555 1.0099164 79.1319336923 82.1398646697 -1.99104278639 47.8080330287 -171.942295871 0
888 1.33560609818 59.558673 40.733157 1.0155176 129.658986331 15.4233094144 -0.704428856367 74.5294727871 -98.5456729383 0
891 1.34061789513 60.829575 42.673596 1.0256616 126.857482783 37.6260263928 -1.23924998982 66.2205599881 -129.769875067 0
894 1.35093021393 61.938983 44.298725 1.0235902 134.405669347 11.7169895089 -1.52221300542 79.4543272438 -145.863779141 0
897 1.33429980278 63.08776 46.123861 1.0214801 125.747357708 33.7121123215 -1.0033874298 63.8770435301 -116.016363531 0
900 1.32302498817 64.233274 47.872937 1.026201 78.1117254404 68.6411466436 -1.92593793722 24.9785897557 -169.145101639 0
903 1.3319849968 65.367062 49.701179 1.0288308 122.872379552 143.39163162 0.2106949742 109.93071663 -46.8757298868 0
906 1.32552790642 66.47055 51.411163 1.0247772 100.517364466 117.521114071 2.54248563913 74.3620279842 86.9582880935 0
909 1.33355307579 67.601685 53.206336 1.0345375 35.6150944947 19.3876082957 -2.58306533133 46.5494179952 152.72662581 0
912 1.34766697884 68.713633 54.989386 1.0321621 13.8944950909 123.904210228 2.40319677701 88.0590192964 78.5545005585 0
915 1.34173798561 69.889939 56.860516 1.0335194 128.760309134 103.454455915 -2.62385815544 75.0780641497 150.447701988 0
918 1.33384990692 70.97178 58.665246 1.0279054 33.9966089214 44.805282573 -1.94751264074 39.4874899493 -170.478896021 0
921 1.34384608269 72.083269 60.388926 1.0348295 70.4332800348 62.3397057926 1.49635420143 2.55499616132 26.4434175327 0
924 1.34523892403 73.21006 62.180545 1.0389104 12.6757356968 65.8751763461 -2.10866844594 60.6469679343 179.657016443 0
927 1.36583685875 74.211219 63.966291 1.0279221 110.772673258 100.786148757 1.5760585332 51.8887450479 31.4059042196 0
930 1.3627409935 75.394113 65.876292 1.0355825 68.4883571737 70.0549909823 2.03365728589 8.07161623949 57.1854728701 0
933 1.34254193306 76.475569 67.55587 1.0353462 71.3824571454 69.2293861909 -2.55196871901 5.36101154682 154.461995356 0
936 1.34697794914 77.652303 69.425792 1.0395167 35.512510556 62.442914914 1.26901079166 42.7144317488 13.1490428755 0
939 1.33531689644 78.72098 71.209083 1.0347632 116.226648026 109.510022692 0.972437662203 53.6063160023 -3.57099027164 0
942 1.33069801331 79.923618 73.070281 1.0406815 50.1264588863 62.4680290835 0.201663849431 31.62717877 -48.0721703146 0
945 1.3351521492 80.886825 74.813727 1.0240856 78.0257533325 75.3630664175 1.09424388247 2.91333226427 4.01977348368 0
948 1.33940386772 82.003807 76.66259 1.0354781 80.5140988902 78.4550761844 0.988168861891 2.33071597876 -2.71061967562 0
951 1.33480119705 83.149971 78.458347 1.0359732 83.2005131412 82.701976701 1.07216898348 4.24393067186 2.0738656298 0
954 1.3345849514 84.209192 80.07724 1.046865 81.2068799364 80.3525395712 1.11229953987 3.01490755766 3.74912296868 0
957 1.3491461277 84.421821 80.346791 1.1291589 81.4499926034 80.4434893868 1.08199649686 2.97340118327 -2.70220665168 0
960 1.33769798279 84.549549 80.462185 1.2384433 82.9590692069 80.3428986637 1.28005794138 1.594946771 2.38434331697 0
963 1.34340190887 84.477315 80.645515 1.377415 82.4976110227 79.7033072482 1.26298132356 2.19248336028 -6.55656669437 0
966 1.3453772068 84.491575 80.745704 1.5042297 80.4705842082 79.8825037871 1.17960458523 4.11260033981 -18.5996490003 0
969 1.3464949131 84.58151 81.604236 1.6242617 81.6353767417 78.0627288372 1.63424555579 4.60673139654 0.572032799892 0
972 1.33786988258 84.52138 83.606555 1.6450761 82.1345211644 81.8070034204 1.70770217157 2.98922749029 3.58820958833 0
975 1.34635305405 84.450105 85.633891 1.6510189 82.8102973104 86.9456557616 1.78209245794 2.0999276294 7.50996167559 0
978 1.33463406563 84.288283 87.799076 1.6553182 82.1975074397 88.7649895917 1.57850949592 2.30311343847 -4.40081457382 0
981 1.3548181057 84.219899 89.940013 1.6574582 80.8559802465 89.1488752941 1.51036704546 3.45569793963 -8.42770235888 0
984 1.33104300499 84.085061 91.960688 1.6559816 79.3744717568 92.9769321349 1.50534302339 4.81896287181 -8.63095467186 0
987 1.35910701752 83.972707 94.061302 1.6546883 80.4193135316 95.902070206 1.50996550531 4.00187865005 -8.29200533524 0
990 1.34280610085 83.850194 96.236204 1.650278 103.281844986 85.1316656887 1.69650657268 22.380791567 2.64870210721 0
993 1.34097599983 83.742141 98.372522 1.653672 79.3901426015 98.8139117177 1.6886138869 4.37432451282 2.0020226478 0
996 1.32740712166 83.558608 100.37046 1.6603574 82.0075948581 100.880532574 1.62834689876 1.63273261664 -1.83406662143 0
999 1.33674383163 83.448658 102.54165 1.6520527 81.2631525876 100.888599912 1.74250441986 2.74025701352 5.18250179743 0
1002 1.34176516533 83.308795 104.69204 1.6576029 79.4066700294 106.28403442 1.64091170875 4.21438317176 -0.956334813393 0
1005 1.33326005936 83.194681 106.76107 1.661421 77.1663230608 108.735962923 1.57482089856 6.34360319551 -4.96182031763 0
1008 1.33167099953 83.066158 108.84686 1.6653468 79.4843645676 109.141902678 1.71091925348 3.59392464787 2.61110924655 0
1011 1.34672617912 82.920912 111.09751 1.6564676 78.1169781246 111.405440386 1.74366232932 4.81379287069 4.99588998566 0
1014 1.35555005074 82.798446 113.12029 1.6519674 78.1845532319 114.1871519 1.6639064178 4.73563098114 0.684055331588 0
1017 1.34814500809 82.725101 115.25424 1.6521864 79.2971576673 114.363008098 1.61546685144 3.54190482598 -2.10387515828 0
1020 1.34279799461 82.605874 115.888 1.7134215 78.3776962678 116.497824505 1.663953552 4.27192847108 -2.83430464153 0
1023 1.34994888306 82.650086 115.98425 1.8265292 78.8525440732 118.24748691 1.82584969028 4.42081055872 -0.0389330390474 0
1026 1.34167790413 82.697137 116.16336 1.9516157 78.2937271027 117.12071807 1.90386928513 4.50627930763 -2.73566805918 0
1029 1.32711601257 82.611261 116.28116 2.0730733 78.0343133966 116.348717868 2.06584601266 4.57744616898 -0.414093061737 0
1032 1.32894420624 82.517518 116.45008 2.1971216 80.5550928476 116.126730624 2.37248970203 1.98888594385 10.0478521077 0
1035 1.34867501259 82.418538 116.4581 2.3123831 79.1345583851 114.02240434 2.50714330624 4.08865937182 11.1589378346 0
1038 1.3498749733 82.414024 116.83182 2.4679277 78.9284329262 113.762764996 2.49043975865 4.64418386256 1.28984594882 0
1041 1.34733891487 82.282962 116.94587 2.5874118 76.7613231545 111.973055587 2.63419257914 7.43083970558 2.68034120712 0
1044 1.34402608871 82.208722 116.96752 2.707272 75.9307669747 113.049403979 2.77403512146 7.40029407877 3.82524508663 0
1047 1.35044908524 82.043289 117.20312 2.8493508 79.267412527 118.63744011 -2.94338873203 3.12454226585 28.1004729961 0
1050 1.3580019474 81.832352 117.28824 2.9891727 76.3074350241 113.879444537 3.08655207295 6.49188679052 5.57942708151 0
1053 1.35724687576 81.142386 117.29523 3.0875315 77.1331680906 116.45079089 3.01738249514 4.09718264852 -4.01924191549 0
1056 1.34756994247 79.131234 117.37152 3.1037602 76.4466750509 115.53436657 -3.09339026886 3.25299699941 4.92943312697 0
1059 1.34280109406 77.094643 117.50841 3.1079346 73.1048319507 114.238066909 3.09248173501 5.15885027349 -0.885383945585 0
1062 1.3226788044 74.899205 117.59033 3.115912 72.801333594 116.219705511 3.06354388861 2.50592815663 -3.00047176389 0
1065 1.33974289894 72.824078 117.69503 3.116944 70.4920699323 115.341846459 3.12278382315 3.31296459464 0.334597219797 0
1068 1.34602594376 70.711208 117.83017 3.1174699 67.7045731981 116.670809121 -3.12418163552 3.22241686939 2.37970982362 0
1071 1.36805391312 68.550781 117.88294 3.1169773 67.1320960974 115.433846922 -3.13441997348 2.83032220045 1.82132017002 0
1074 1.34300804138 66.454241 117.99143 3.11617 63.3650954178 116.953710709 -3.08711036702 3.25878531883 4.57821583337 0
1077 1.34861803055 64.352032 118.06903 3.1139299 63.0541182187 116.626406469 3.10433438503 1.94055219871 -0.549782509768 0
1080 1.356153965 62.204954 118.16997 3.1178991 60.0477433973 118.499034965 3.13923163738 2.18216436958 1.22226435802 0
1083 1.36985588074 60.134729 118.2293 3.1166836 56.8920736162 116.945629195 3.13240398686 3.48749547303 0.900711819244 0
1086 1.35210800171 58.034017 118.36643 3.1239361 55.1186965162 117.823890328 -3.08075676396 2.9653739763 4.49728571987 0
1089 1.35118985176 55.858025 118.47896 3.1251128 54.0024531765 115.946907253 -3.11840729489 3.13917790325 2.27264925764 0
1092 1.35594701767 53.766425 118.55 3.1243401 50.0915240465 117.181828934 -3.09349265393 3.92132491425 3.74442548136 0
1095 1.35468482971 51.628528 118.603 3.1187628 49.3782907108 115.973804371 -3.13459957957 3.4606700962 1.70872788453 0
1098 1.35613799095 49.494235 118.64783 3.1200968 47.843273405 117.500996626 -3.0994257295 2.01019923762 3.64760847289 0
1101 1.33073401451 47.379245 118.80828 3.1260538 45.2322561524 117.239547835 3.10183115879 2.65903774264 -1.38785511013 0
1104 1.33708882332 45.313934 118.87713 3.1250737 43.618116112 116.048218474 3.0373459731 3.29826298725 -5.02642849768 0
1107 1.33459711075 43.229975 118.9845 3.131291 42.8068960202 117.187931902 3.12963704821 1.84571199087 -0.0947644572057 0
1110 1.34396004677 41.038059 119.03542 3.1300111 41.3384118748 116.512544114 -3.05633922141 2.54069175342 5.54823599356 0
1113 1.34013390541 38.877743 119.09254 3.1262084 35.7718354027 117.94289941 3.05349058415 3.31184774533 -4.16642394341 0
1116 1.34840583801 36.866989 119.17866 3.1252668 33.6034137248 119.026513831 3.08707063982 3.26711983764 -2.18847877214 0
1119 1.3423910141 34.67231 119.25843 3.1314701 31.7307770955 119.748351911 3.05618922004 2.98205286795 -4.31327669958 0
1122 1.34001684189 32.567479 119.34722 3.1353596 28.5812603781 117.495326521 -3.12101695814 4.39538944318 1.53602817384 0
1125 1.3463640213 30.502201 119.36971 3.1349527 27.6747049948 115.955245275 3.09489786653 4.43320459877 -2.294972907 0
1128 1.34427905083 29.15421 119.31018 -3.13185 26.3872807577 116.90379294 3.11210146279 3.66696006469 -2.24793369774 0
1131 1.34030890465 28.938717 119.39146 -3.028318 27.1613654055 119.34825733 -2.91577580394 1.77787658773 6.44819285135 0
1134 1.34748697281 28.80706 119.32785 -2.9089456 33.3522723984 121.119053888 -3.05123927991 4.88542394418 -8.15282730998 0
1137 1.34704399109 28.607415 119.34948 -2.7753086 97.2984589128 96.3226559635 -1.52794197146 72.4478718738 71.468843321 0
1140 1.34385418892 28.309413 119.3977 -2.6319404 33.1545071074 123.082278121 -2.69439590816 6.08695760154 -3.57843702468 0
1143 1.33496379852 28.176965 119.31562 -2.5155106 27.3290804896 114.171336081 -2.6189578054 5.21369016967 -5.92708827169 0
1146 1.33425688744 28.13257 119.1422 -2.3876282 53.0713151871 88.2736894238 2.18236100112 39.6838248749 -98.1589063556 0
1149 1.33409309387 28.071656 119.10664 -2.2643471 40.6003869613 141.283139888 -1.93418411654 25.4708901841 18.9169455038 0
1152 1.35187101364 27.847582 119.05477 -2.1225081 23.5511695297 64.7159484699 1.53505097697 54.508409309 -150.43730157 0
1155 1.34576392174 27.651134 118.95518 -2.0012288 36.0098973708 132.283452594 1.99277258611 15.7325069657 -131.160577206 0
1158 1.33968091011 27.585975 118.8068 -1.8653126 29.4419070582 74.199741777 -2.16602940773 44.6456507077 -17.2298039114 0
1161 1.35062289238 27.545652 118.66047 -1.7395281 51.72739997 102.078411616 -0.852545823398 29.3210094493 50.8203409522 0
1164 1.34934616089 27.426878 118.54472 -1.6078392 57.0953545841 93.9670964122 -2.62120798097 38.5263297505 -58.0617542401 0
1167 1.35242295265 27.408113 118.27266 -1.4907581 16.9202387811 71.9619231282 0.415791211865 47.4834692839 109.237229003 0
1170 1.34190201759 27.619078 117.43976 -1.368489 42.3682278113 139.831690566 -2.04483469609 26.8129814574 -38.7517538779 0
1173 1.35250687599 28.00462 115.50954 -1.3464267 25.8804617801 75.4783226243 -1.28625402678 40.0875343807 3.44764021734 0
1176 1.33887481689 28.352772 113.43776 -1.3439724 23.6311050667 74.7340530448 1.97584432933 38.9906536326 -169.788512653 0
1179 1.34095191956 28.777386 111.37552 -1.3470791 39.4291413524 134.60759435 -2.12977769728 25.5575658207 -44.8453262548 0
1182 1.34295320511 29.292879 109.18718 -1.3487141 18.9010588254 75.532149214 1.75773978629 35.2228764264 177.986696936 0
1185 1.34556102753 29.664866 107.14961 -1.3582731 23.8680918969 81.0407515116 1.90855736511 26.7446271533 -172.824401965 0
1188 1.3485648632 30.155372 105.1583 -1.3627181 44.9330748875 95.9162411465 2.89490229609 17.4297491227 -116.056320535 0
1191 1.34849905968 30.584999 103.08809 -1.3538609 43.4456285412 96.1676402542 2.77898482894 14.6043971762 -123.205382353 0
1194 1.33688998222 30.932942 101.04272 -1.3388863 40.4726080354 97.0996503467 2.98450601133 10.322452536 -112.287867381 0
1197 1.34401202202 31.46397 98.886394 -1.3633561 38.9647329134 95.6991922074 -2.9400216977 8.14982819144 -90.336284452 0
1200 1.34908890724 31.761459 96.890841 -1.3338862 42.5950377141 95.3232592099 -2.84268863134 10.9464030815 -86.448011435 0
1203 1.32536411285 32.148779 94.808879 -1.340085 116.524738987 35.455194213 -0.0554600859871 103.160857507 73.6035858303 0
1206 1.33536696434 32.63242 92.742465 -1.3409888 14.0646908298 77.5580571356 -1.69167962912 23.9859710817 -20.0931044225 0
1209 1.33174204826 33.223163 90.635151 -1.3443959 20.7426759189 123.473846633 -2.07388289073 35.1303641981 -41.7965257787 0
1212 1.33184099197 33.480467 88.544154 -1.3400822 91.4094734844 85.3907229088 -0.423417417551 58.0147732902 52.5210232626 0
1215 1.34130907059 33.996344 86.523674 -1.3537744 124.375423147 58.9773850241 2.25710702816 94.483733964 -153.111733844 0
1218 1.36751484871 34.391099 84.502242 -1.3500462 15.4536268395 117.117512891 -2.39409722489 37.71450314 -59.8197173227 0
1221 1.34493303299 34.871654 82.311763 -1.3462417 62.1024244387 109.484950759 -1.1325984097 38.4694293134 12.2408588555 0
1224 1.35816407204 35.319079 80.358924 -1.358939 49.0441639636 27.1725703545 1.5618851908 54.9287372089 167.350898833 0
1227 1.34313297272 35.776446 78.250756 -1.3606991 99.3725037273 52.7515265873 1.24161224896 68.51765655 149.101457274 0
1230 1.38490104675 36.167733 76.160289 -1.3496683 81.0465116856 51.7199187868 -0.327154497393 51.1022159252 58.5857253833 0
1233 1.34646511078 36.593873 74.026216 -1.3452321 33.7021989583 75.67565021 -0.92615058624 3.32902567976 24.0116020104 0
1236 1.35122799873 37.096668 72.068535 -1.358637 33.3185156712 72.5642989993 -1.46958428421 3.81054024551 -6.35681113357 0
1239 1.3581058979 37.456761 70.030489 -1.3570922 36.3491541009 69.5986515441 -1.37043139258 1.18881311877 -0.764279437197 0
1242 1.34722399712 37.942935 67.912468 -1.3598503 34.6151246532 68.3984189058 -1.29455931113 3.36310421891 3.74089810225 0
1245 1.3306210041 38.381728 65.750541 -1.3597279 39.2525832092 66.2707510437 -1.34300540171 1.01439996299 0.958128575127 0
1248 1.34997606277 38.78715 63.709446 -1.3638712 39.0620527285 64.3077887206 -1.2641443794 0.658472111384 5.71392592467 0
1251 1.34438896179 39.284372 61.704874 -1.358189 37.9359461648 62.9250357704 -1.32951875046 1.81852879517 1.64268429622 0
1254 1.34173893929 39.616785 59.610797 -1.3616912 39.2695333966 59.2385133274 -1.48379872548 0.509096070473 -6.99624585688 0
1257 1.35179591179 40.0981 57.483375 -1.3627524 38.324377138 58.1382177498 -1.39534985721 1.89074372087 -1.86769672081 0
1260 1.32561016083 40.478176 55.366289 -1.371191 40.4525028479 57.3446467458 -1.46281110552 1.97852431906 -5.24944536473 0
1263 1.34125494957 40.927924 53.368372 -1.3697355 39.7000816194 55.1183138224 -1.28528818084 2.13773087491 4.83847497907 0
1266 1.33827495575 41.311773 51.24524 -1.3687118 39.2829045652 53.4464393884 -1.36965259655 2.9935907992 -0.0539036719492 0
1269 1.34847402573 41.752813 49.127024 -1.3690442 40.5619709046 50.4897424816 -1.33983397654 1.80972554719 1.67362252302 0
1272 1.35039782524 42.124468 46.999249 -1.3746445 42.3734194004 47.4715201294 -1.37514052595 0.533869665262 -0.0284201936534 0
1275 1.3345580101 42.489069 45.000812 -1.3756167 41.7531717251 45.1968610243 -1.28990567196 0.761564192428 4.91088016427 0
1278 1.35032105446 42.919623 42.847052 -1.3693623 39.690301271 42.9343214081 -1.42353832298 3.23050070094 -3.10405746766 0
1281 1.34630799294 43.26925 40.76156 -1.3849404 43.4447197358 41.3474989348 -1.31790456222 0.611648643857 3.84087058073 0
1284 1.34018516541 43.723057 38.666685 -1.382086 43.5215604731 39.3830528117 -1.34955597069 0.744166441042 1.86383338694 0
1287 1.35379910469 44.069109 36.638541 -1.3748634 44.0301311809 37.9042502298 -1.34084846219 1.26630925317 1.94891237668 0
1290 1.34787201881 44.48264 34.512889 -1.372972 43.0734669281 35.756586091 -1.36569376862 1.87950823376 0.417011940173 0
1293 1.33829689026 44.660959 33.544964 -1.3339999 44.6661258127 34.3300469734 -1.27840193044 0.785099975211 3.18552900539 0
1296 1.33680796623 44.654294 33.324157 -1.2074321 44.7840629009 35.4495048232 -1.1640690396 2.12930583455 2.48452034762 0
1299 1.33380389214 44.699557 33.107025 -1.0711259 43.2645363423 32.80288481 -0.935377532025 1.46689656872 7.77780856077 0
1302 1.3459880352 44.829945 32.953901 -0.95914547 43.4609914258 34.9631457553 -0.782867977215 2.43127505134 10.0999563597 0
1305 1.34552001953 44.914184 32.826307 -0.82117543 45.3191693951 34.3633600757 -0.858430630044 1.58951103419 -2.13456572742 0
1308 1.37284588814 44.932468 32.690373 -0.70238554 44.2574386171 33.0690121064 -0.868394848082 0.773971731141 -9.51163271298 0
1311 1.3514790535 45.019913 32.619075 -0.56167342 44.3438051955 35.0505177488 -0.602756997591 2.52369483175 -2.35391560324 0
1314 1.36634802818 45.164806 32.47066 -0.44585332 45.3377323458 34.0481055495 -0.575983545542 1.58689570635 -7.45591271063 0
1317 1.37228178978 45.307079 32.373178 -0.30795343 42.2401846676 28.6610624547 -0.0437454079792 4.81514721145 15.1380045753 0
1320 1.36554884911 45.468859 32.25314 -0.19105128 44.5038125013 32.547106103 -0.424030584305 1.00882645406 -13.3487308506 0
1323 1.38623595238 46.833289 32.057508 -0.10389315 44.5799385252 33.0603163927 -0.198773243856 2.46641704395 -5.43622893773 0
1326 1.33941197395 48.863767 31.868312 -0.084237935 47.8122445525 32.1135381074 -0.154449378842 1.07973853377 -4.02281940569 0
1329 1.34017896652 51.033972 31.691587 -0.08198003 47.4893198197 33.0710110371 -0.0260896518434 3.80359957848 3.20228278376 0
1332 1.33899903297 53.111195 31.42619 -0.084122232 50.9273584246 34.5078915357 -0.202140115878 3.77703938861 -6.76192665326 0
1335 1.35326004028 55.206155 31.249451 -0.082409142 52.8613234371 32.0076998713 -0.0342281628503 2.46438154696 2.76056675808 0
1338 1.35608386993 57.287235 31.07162 -0.080297126 54.6160324866 32.5381514786 -0.191292867922 3.04730002548 -6.35958755607 0
1341 1.34080195427 59.516372 30.847745 -0.092608556 57.5864055651 32.1982449812 0.0888602259135 2.35555102658 10.397395317 0
1344 1.33808207512 61.567611 30.670937 -0.091677002 61.4457989444 32.9834395496 -0.0631535353465 2.3157085781 1.63427425633 0
1347 1.3419148922 63.68279 30.502969 -0.089332225 63.1751172986 34.2694194399 -0.0386000177505 3.80051055622 2.90674136078 0
1350 1.34626603127 65.773678 30.270465 -0.081918863 66.4194653855 31.7563080698 -0.0501623209383 1.62011449448 1.81951583206 0
1353 1.34033489227 67.870787 30.052005 -0.080757136 68.3572547047 31.2261080311 -0.0496003309137 1.27089289694 1.78515343456 0
1356 1.34392404556 69.978421 29.855203 -0.080851998 68.6259279612 29.4759762192 0.0168033129101 1.40465311419 5.59523716219 0
1359 1.34175515175 72.04312 29.748383 -0.089661546 68.1168453709 30.4585558908 -0.0388649133478 3.9899847115 2.91043266444 0
1362 1.34562587738 74.192216 29.503442 -0.097083695 71.9360487206 31.2356849021 0.0164783373315 2.84446062806 6.50662516552 0
1365 1.33100700378 76.337484 29.313327 -0.092202589 75.6230728544 29.7471235081 -0.0858295211001 0.835800631382 0.365149893213 0
1368 1.3437640667 78.469083 29.072242 -0.088851811 79.0627827994 30.5352740412 -0.208455863241 1.57890538201 -6.85280740609 0
1371 1.33165311813 80.508884 28.860474 -0.08148585 79.3398426961 29.0768833369 -0.0671525744455 1.18890309588 0.82123619587 0
1374 1.34334111214 82.648681 28.706332 -0.092016755 81.5960974306 30.1975679065 -0.080197444076 1.82529907124 0.677196632697 0
1377 1.34189391136 84.803463 28.469695 -0.089914919 83.5400895379 30.385534816 -0.0593168151562 2.29489753695 1.75314221135 0
1380 1.34370183945 86.909059 28.274418 -0.095059786 83.8620410137 29.7715368358 -0.0617382661952 3.39494969291 1.90918245178 0
1383 1.33951807022 88.999768 28.069648 -0.093100738 86.3384505377 30.757211499 -0.0797301592576 3.78227553155 0.766077731584 0
1386 1.34140205383 91.148907 27.8824 -0.087682683 90.469936921 29.6557355616 -0.0332200637292 1.89887318753 3.12047822544 0
1389 1.31708097458 93.191686 27.680334 -0.085944106 91.3806276416 30.5158175182 -0.0924857542684 3.36450578233 -0.374808836841 0
1392 1.33481502533 94.597595 27.536443 -0.026113958 93.0681811366 30.4021880237 -0.031523118653 3.24832284517 -0.309922076126 0
1395 1.34580397606 66.734672 23.138609 0.64678418 94.9059145997 30.6704036988 -0.0107615437373 29.1607071415 -37.674594807 0
1398 1.346118927 41.954155 8.6979942 1.5862633 99.7438915162 31.8183042009 0.0627438738287 62.2430910315 -87.2912331258 0
1401 1.34111118317 40.498777 7.6026468 1.6671323 97.3895749586 31.9851812221 -0.0193007595313 61.8956450585 -96.6254967425 0
1404 1.34679603577 40.36551 9.5759073 1.6613912 99.6909435253 32.4278595659 -0.0367949456702 63.574513646 -97.2988989745 0
1407 1.33345293999 40.15753 11.693798 1.6450717 101.970912929 32.3048606753 -0.066655278434 65.1591145866 -98.0747315429 0
1410 1.34386706352 40.017928 13.779826 1.6578436 103.634226881 29.0706936129 0.0234509064576 65.4281599591 -93.643803407 0
1413 1.34224390984 39.937066 15.922073 1.6651068 105.342916694 32.3320301244 -0.00649941015986 67.4330186022 -95.77598085 0
1416 1.34640097618 39.75755 17.953862 1.6630734 105.265645443 30.3695791951 0.0295466006946 66.674287413 -93.5941913217 0
1419 1.3366189003 39.645384 20.177858 1.663423 108.490604657 31.8662738755 -0.0209553294131 69.8303907547 -96.5077693787 0
1422 1.35305809975 39.526919 22.292671 1.6684735 109.135117314 32.200586 0.0974154108304 70.3098005417 -90.0149978793 0
1425 1.34019207954 39.303781 24.413998 1.6572417 111.284160209 32.6525586476 0.0499294843496 72.4503200311 -92.0922063166 0
1428 1.33830785751 39.21094 26.55624 1.6661167 117.688026324 30.1729100296 -0.0384866428526 78.5603804724 -97.6665772893 0
1431 1.3299767971 39.049874 28.673026 1.6660737 117.426758805 32.8791759097 0.0531489664764 78.489666637 -92.4137799032 0
1434 1.3291258812 38.816051 30.701859 1.6598041 119.266629012 33.5435965321 0.170718598343 80.5007513919 -85.3183145791 0
1437 1.34578585625 38.695572 32.853799 1.6647394 121.843872053 33.8532169974 0.277673300492 83.1543061904 -79.4730334075 0
1440 1.3517408371 38.58982 35.008607 1.6723781 124.263300882 32.5107617609 0.0824078512974 85.7098859953 -91.098584802 0
1443 1.3382101059 38.393816 37.160762 1.6689022 125.657993265 37.7318370628 0.112639099981 87.2660458627 -89.1673074431 0
1446 1.33389806747 38.314928 39.264936 1.6781402 128.280447826 38.6839979152 0.179163738298 89.9673954642 -85.885024845 0
1449 1.34868884087 38.042909 41.445131 1.6601298 131.090948406 37.4206148472 0.258742447887 93.1350329762 -80.2935807391 0
1452 1.34202384949 37.893052 43.482766 1.6655679 136.406123528 29.6558079222 -0.0550849470156 99.4786913439 -98.5861461412 0
1455 1.33890914917 37.737395 45.529248 1.6663309 139.223805015 26.9696265001 -0.130613308425 103.169525384 -102.957319163 0
1458 1.34696602821 37.667375 47.706088 1.6735516 141.364850214 24.434828478 -0.084700734962 106.276610247 -100.740438112 0
1461 1.34612298012 37.411337 49.793915 1.6717816 137.623419275 33.5175116048 0.829745579875 101.525281292 -48.2451101512 0
1464 1.33938694 37.208006 51.943854 1.66906 87.423376771 139.685134178 1.75717186504 101.094587931 5.04843799186 0
1467 1.33826994896 37.03196 53.963531 1.6741645 141.676121181 38.1647404411 0.459169053452 105.830063084 -69.6141112148 0
1470 1.34402108192 36.983983 56.143126 1.6856298 11.9016550758 36.8019884808 -2.13465740759 31.6733764325 141.113666477 0
1473 1.34176683426 36.720012 58.206076 1.6746777 90.1681254353 42.9452805991 -2.88862165535 55.5841047968 98.5422062836 0
1476 1.36300206184 36.536888 60.398002 1.6787317 27.7770787649 60.2397926155 -2.33624086243 8.76123781464 129.959017312 0
1479 1.34575915337 36.401835 62.417273 1.6766351 5.82554206752 59.4457216408 2.13577077369 30.7203484188 26.3065363261 0
1482 1.34914803505 36.239068 64.615141 1.6886647 144.281513258 118.247239069 1.07125526883 120.621606359 -35.3749546378 0
1485 1.3339099884 35.99676 66.655908 1.678851 50.7273401808 52.1857416374 -1.48517061358 20.6488669671 178.714915254 0
1488 1.34730100632 35.830181 68.859683 1.6854848 32.0143239591 69.196825231 1.59908232258 3.83072184325 -4.95049729542 0
1491 1.34335613251 35.575227 70.898859 1.683738 33.440211808 72.3998071186 1.66349223777 2.60981515147 -1.15999672875 0
1494 1.34909892082 35.463169 73.006353 1.6935188 33.3053841 72.9682476012 1.67885369685 2.15812133493 -0.840248516564 0
1497 1.33887696266 35.205801 75.07321 1.6913976 29.0315250885 75.1256200323 1.59209359531 6.1744983475 -5.68970035752 0
1500 1.33926010132 34.978045 77.287591 1.6912075 61.733008677 101.633615222 1.77068819822 36.1739820419 4.55390856051 0
1503 1.35728621483 34.814043 79.320098 1.7000185 31.9062176665 78.1603871637 2.23789304817 3.13055544497 30.8179415175 0
1506 1.35475087166 34.580736 81.372215 1.6970036 31.1391420884 81.0800193374 1.60396964789 3.45397552934 -5.3304528071 0
1509 1.34126114845 34.345965 83.441951 1.6955247 29.0553198066 82.8807074312 1.76413687167 5.32033090188 3.93118786 0
1512 1.32891702652 34.142398 85.698773 1.7034669 30.734814991 85.5557307893 1.76969891034 3.41058397304 3.79481466138 0
1515 1.36674213409 33.910208 87.748137 1.7016389 30.1531869606 88.9531308994 1.59680516678 3.94553131885 -6.00653046428 0
1518 1.33923411369 33.670818 89.737713 1.6967853 30.5336515153 88.782362246 1.61080297678 3.27940674752 -4.92642423332 0
1521 1.34206819534 33.472926 91.900649 1.7056804 32.5745642317 91.9751399691 1.72310590521 0.90144482431 0.998407904583 0
1524 1.33921599388 33.217902 94.036516 1.7078464 30.038910524 92.729716263 1.70657265921 3.43710813868 -0.072979971613 0
1527 1.34431481361 33.034075 96.178482 1.7177188 28.2234259172 95.3264790522 1.73559418744 4.88551467308 1.02418425732 0
1530 1.35169816017 32.713254 98.174723 1.7080491 27.9219512481 97.4432175618 1.64470668567 4.84682187281 -3.62925300513 0
1533 1.36232495308 32.45653 100.24821 1.7068362 27.734955408 99.3092988703 1.69667409574 4.81402334201 -0.582245685267 0
1536 1.34954595566 32.217075 102.39435 1.7082962 28.8831188927 101.648955053 1.67890318435 3.41626652251 -1.68409574363 0
1539 1.34629106522 31.955228 104.48204 1.7110577 28.6868514239 103.072716147 1.69355218105 3.55928070899 -1.0029923543 0
1542 1.35394787788 31.741377 106.6002 1.7198575 27.2722280292 105.867161908 1.6229086242 4.52886711748 -5.55476141177 0
1545 1.34442591667 31.439656 108.68741 1.7105287 28.0886067267 107.99827214 1.60839038801 3.42117556149 -5.8520942038 0
1548 1.34454083443 31.216018 110.75498 1.7177022 26.6299055252 110.692853367 1.75792013933 4.5865332605 2.30431818442 0
1551 1.36575508118 30.916985 112.90957 1.719675 26.4056810306 113.934520717 1.70433468823 4.62627144438 -0.878935120979 0
1554 1.31946802139 30.668641 114.94646 1.716506 27.2713787562 113.93618721 1.63663250051 3.54429709 -4.57641441557 0
1557 1.33149218559 30.419865 117.12266 1.716223 27.0344173581 116.064100992 1.70583046074 3.54708371907 -0.595448637747 0
1560 1.33963012695 30.132888 119.21343 1.725557 27.6342339708 116.265656768 1.65701663262 3.86427729147 -3.927073777 0
1563 1.33723711967 29.88258 121.34383 1.72867 27.144948847 120.381264477 1.64662379672 2.90192293414 -4.70090117291 0
1566 1.33129787445 29.981486 120.5055 1.7055843 27.4426681538 119.005838572 1.70056770277 2.9486573988 -0.287429848963 0
1569 1.33708310127 30.170653 118.4575 1.6900862 27.1163534557 117.698954399 1.72500087543 3.14708390967 2.00046354543 0
1572 1.33357715607 30.502618 115.6086 1.6745202 28.8247962037 114.244932038 1.74881640887 2.16209997222 4.25685920196 0
1575 1.32887792587 30.699806 113.48782 1.6738205 27.7662657037 112.049161151 1.6450430337 3.26732275036 -1.64882736414 0
1578 1.34977006912 30.8492 111.36091 1.6697397 26.5848340646 110.442203802 1.60367535302 4.36220562439 -3.78520825851 0
1581 1.33799386024 30.973164 109.37107 1.6787837 27.1347881881 108.59626086 1.53574171596 3.91579596972 -8.19570197856 0
1584 1.35105419159 31.204408 107.09871 1.665475 28.0528563452 107.228538804 1.64756481381 3.1542246831 -1.02617807902 0
1587 1.33837389946 31.322843 104.96751 1.6587885 27.4428593787 105.384787835 1.64322700721 3.90235745322 -0.891607859723 0
1590 1.34092187881 31.457099 102.91722 1.6541397 28.2630357467 103.131867338 1.67029482788 3.20126749053 0.925620645075 0
1593 1.34034800529 31.546684 101.34427 1.631357 27.8824557993 103.354827453 1.67203452686 4.17958246464 2.33065061001 0
1596 1.3411989212 31.536552 101.09899 1.5279681 29.0973380454 101.385443666 1.60649179128 2.45597646948 4.49907610191 0
1599 1.33262610435 31.522716 100.84711 1.3818466 28.2459223528 101.769930742 1.4332904579 3.40425832288 2.94751593965 0
1602 1.34871506691 31.33472 100.81397 1.2437751 28.4212805001 100.852348109 1.35016034772 2.9136922622 6.09542569685 0
1605 1.34772014618 31.335612 100.76499 1.1262837 29.2385157152 101.782796328 1.23902420401 2.33103894202 6.4595550601 0
1608 1.33367800713 30.238332 99.003137 0.9296569 28.7020718869 101.746054519 1.02544551915 3.1438339094 5.48828360272 0
1611 1.33158993721 28.772289 97.32743 0.78863198 26.6152993688 97.7187293813 0.923792887156 2.19219512699 7.74414953521 0
1614 1.34711194038 27.005154 95.945316 0.6582802 22.2632171835 96.4128626833 0.659859384722 4.76493071015 0.0904806196384 0
1617 1.34144806862 26.209553 95.323497 0.64585939 23.179142151 95.4149800983 0.650592935448 3.03179139638 0.271212176294 0
1620 1.3480618 26.225548 95.299359 0.74214735 22.0205652083 93.0870648767 0.768447399415 4.75143405363 1.50688183244 0
1623 1.34234213829 26.287241 95.304851 0.87876564 22.5576375596 94.8284630579 0.844774712476 3.75990522405 -1.94753668887 0
1626 1.34558606148 26.503119 95.525486 1.0159202 23.9577751655 94.0344932929 1.07878614969 2.94988719929 3.60195359223 0
1629 1.34070086479 26.584147 95.637624 1.1414331 23.5515693221 96.3700017726 0.948350448588 3.11976033919 -11.0628210231 0
1632 1.35292482376 26.62792 95.717086 1.2595284 26.0032868612 96.2011684216 1.383656317 0.790254610226 7.11200576407 0
1635 1.35079216957 26.756174 95.797181 1.3910555 20.6568490963 93.5607669567 1.51018326332 6.49640762687 6.82551806126 0
1638 1.34754896164 26.381693 93.77201 1.3952992 25.0792589441 93.5965159255 1.59352925253 1.3142041851 11.3577453828 0
1641 1.33125305176 26.011804 91.856332 1.39866 23.0180465006 93.9109848447 1.45955997935 3.63100293 3.48931178918 0
1644 1.32941508293 25.609249 89.727224 1.3968171 22.994396924 90.0799324315 1.42804867696 2.63853266366 1.78943754716 0
1647 1.3305990696 25.2462 87.568251 1.3940659 25.0122808509 88.9743377532 1.55202665093 1.42541156366 9.0504843571 0
1650 1.34662699699 24.820481 85.505592 1.4017015 20.5704900051 86.4494552469 1.31994532798 4.35353893806 -4.68428360594 0
1653 1.3411989212 24.493958 83.448062 1.398475 18.3269110154 87.6655503594 1.34772204189 7.47125669297 -2.90793029744 0
1656 1.34138202667 24.080092 81.345956 1.3962744 20.8449788485 82.61534107 1.48601015484 3.47524035986 5.14148002382 0
1659 1.33744597435 23.622432 79.208855 1.3888608 20.3896651148 79.5085861815 1.51099712506 3.24663218042 6.99789595139 0
1662 1.35320782661 23.236261 77.182266 1.3737053 18.2932274332 78.2609311319 1.38581531658 5.0593575985 0.693852839941 0
1665 1.34284806252 22.741503 75.111069 1.3685019 20.027754322 74.6217381149 1.44832556606 2.75751275654 4.57355917051 0
1668 1.35328412056 22.23837 73.007777 1.3690406 19.7169243811 72.6839604932 1.45203854573 2.54215364192 4.75543199849 0
1671 1.34369897842 21.796618 70.8705 1.3677106 18.6042775041 72.8871611392 1.45387224605 3.77597139715 4.9366986746 0
1674 1.35557603836 21.306705 68.900927 1.3588762 19.854740678 68.8006567455 1.52736534941 1.45542245288 9.65371715488 0
1677 1.33474206924 20.800373 66.796896 1.3509317 18.4231981449 67.6630076577 1.39056409489 2.5300414414 2.27076895893 0
1680 1.33556818962 20.180988 64.758154 1.3339286 19.4845044005 65.7811884187 1.35514645731 1.23761416697 1.21569367429 0
1683 1.34995412827 19.716632 62.635567 1.3210663 16.9957563428 62.2859841355 1.40224998362 2.74324124368 4.65148243649 0
1686 1.33685684204 19.127208 60.642471 1.320188 16.0810353327 59.8277815678 1.34159059867 3.1532343379 1.22627857437 0
1689 1.33434104919 18.573484 58.538556 1.3117791 17.1505809637 58.5928002328 1.46644181901 1.42393661639 8.86152104753 0
1692 1.33954787254 18.03732 56.562177 1.3046299 18.1453977088 56.3648758203 1.4908081896 0.224963433998 10.6672302312 0
1695 1.33759617805 17.470308 54.449011 1.30616 15.3792814269 54.9571913453 1.37149806719 2.1518920495 3.74359549182 0
1698 1.33810305595 16.865167 52.414515 1.2995721 15.3878276974 51.2587031654 1.48052518514 1.87574849384 10.3678480683 0
1701 1.34254097939 16.322269 50.452679 1.2871313 18.5503242278 46.8154445638 1.56604223354 4.26540788697 15.9804193517 0
1704 1.34807395935 15.679585 48.421133 1.2791916 13.0897154745 48.3486323179 1.37969856285 2.59088411709 5.75862478324 0
1707 1.34031009674 15.049517 46.343459 1.2810584 15.8534934704 47.1778064416 1.51446511754 1.15866898562 13.3732198253 0
1710 1.33768010139 14.370513 44.264129 1.2685694 14.9200146388 44.211902673 1.46577940448 0.551977934562 11.2993009345 0
1713 1.33459115028 13.728985 42.398373 1.2622613 13.8697286153 42.3466798286 1.46123597848 0.149936483968 11.4004093069 0
1716 1.34341216087 13.116178 40.310007 1.2578142 14.4298840073 40.7075384985 1.46051281572 1.37253588877 11.6137751941 0
1719 1.34817790985 12.482531 38.460523 1.239848 11.8691831728 39.5256953822 1.25520590946 1.22914106634 0.879943394314 0
1722 1.35513806343 12.331027 38.238303 1.1567887 11.0573894499 38.9489644813 1.2636872393 1.45848974971 6.12483513781 0
1725 1.36938595772 12.263795 38.100898 1.043782 15.6466485709 37.8665547921 1.28967576018 3.39096078148 14.0886746671 0
1728 1.35500216484 12.231882 38.075858 0.90529637 16.9529058344 37.5437468737 1.15237962365 4.75091657431 14.1568276226 0
1731 1.36282420158 12.170047 37.918491 0.7605547 19.6292002661 37.0197892226 1.26488503556 7.51309738597 28.8959997079 0
1734 1.33777689934 11.9457 37.868652 0.60051086 11.5376856668 37.8384739815 0.868672998031 0.409128841472 15.3645587344 0
1737 1.3377737999 11.861848 37.85602 0.47073445 9.34052270725 40.6624164087 0.34982365661 3.77265715835 -6.92767815881 0
1740 1.33898711205 11.68598 37.868337 0.32347919 11.3457712638 36.5510198862 0.614242733307 1.36053899709 16.6595238678 0
1743 1.34351491928 11.634663 37.834152 0.18688423 13.0191866357 38.4448768826 0.335483439863 1.51323844125 8.51410756414 0
1746 1.33585500717 11.546787 37.799316 0.059161186 11.5207784403 36.7278597913 0.39654336396 1.07177182847 19.33057488 0
1749 1.33852005005 11.461332 37.784444 -0.088384018 13.9401401734 38.0692072222 -0.0187434691973 2.49511123066 3.99010952937 0
1752 1.35328793526 11.353119 37.809133 -0.22428348 15.0073371327 38.2226797723 -0.210608885468 3.67754416617 0.78349655323 0
1755 1.33565402031 11.259101 37.929753 -0.36642208 14.5897633056 36.1332466457 0.0731437167063 3.78427621552 25.1852649696 0
1758 1.35003399849 11.22919 38.083377 -0.50941267 11.8871411636 36.1910041182 -0.328421051914 2.00349066815 10.3700558436 0
1761 1.35072207451 11.185129 38.110347 -0.64618684 13.1011246131 38.7972730567 -0.274771616636 2.03541312678 21.2805247456 0
1764 1.35095000267 11.588805 37.741111 -0.76036767 12.2450638932 39.1869621267 -0.722500586413 1.58781649304 2.16962407203 0
1767 1.34990000725 13.063467 36.224873 -0.77289998 15.1162046553 34.5883834644 -0.366545351089 2.62522949118 23.2824052222 0
1770 1.34956502914 14.493375 34.807156 -0.77803694 14.1883904552 38.1863633268 -0.862140009047 3.39294234114 -4.81875090051 0
1773 1.34143209457 15.892318 33.28564 -0.77023756 19.5931090723 32.2940365448 -0.539421064385 3.83133553385 13.2248110407 0
1776 1.3555059433 17.405154 31.857105 -0.77891679 18.0899013395 33.8414116612 -0.932426310849 2.0991312119 -8.79544765972 0
1779 1.32920312881 19.008966 30.381332 -0.78385491 18.7753319253 31.6489198606 -0.719674277256 1.28893904635 3.67727938268 0
1782 1.36693286896 20.517371 28.856906 -0.78454873 20.0191104793 29.3303498418 -0.626648097987 0.687322790146 9.04703979682 0
1785 1.3446419239 22.037399 27.308602 -0.78653789 22.225792013 27.4233455799 -0.701670186796 0.220585621639 4.86256121055 0
1788 1.34088182449 23.470866 25.802264 -0.78746834 22.9449011935 26.0858256857 -0.792519854548 0.597533436115 -0.289430463734 0
1791 1.33843994141 25.030138 24.239515 -0.79252133 25.3740784524 24.2708135088 -0.782462741537 0.345361595215 0.576314666814 0
1794 1.34350705147 26.508975 22.80392 -0.79210599 27.177494529 21.9368126389 -0.63664569711 1.09489430368 8.90721866447 0
1797 1.34986305237 27.961008 21.312251 -0.79564812 27.7298366122 22.5544643904 -0.686884350241 1.26354039026 6.23170497114 0
1800 1.34866404533 29.36401 19.750057 -0.78815021 29.7019725591 20.2354238464 -0.781378127958 0.591438641794 0.388011719527 0
1803 1.36337709427 31.016391 18.179875 -0.79578372 32.2942740307 20.5309147628 -0.911487065756 2.67588733067 -6.62931338737 0
1806 1.360891819 32.405165 16.663972 -0.79079715 32.0256696246 15.6637113601 -0.798809930812 1.06983086875 -0.45909852271 0
1809 1.38019895554 33.875627 15.226881 -0.79213801 31.4511432445 14.7049561006 -0.746305114141 2.48002562106 2.6260314956 0
1812 1.34849500656 34.400964 14.714584 -0.72873329 33.129695825 13.6643454653 -0.818472657406 1.64897657731 -5.14168700853 0
1815 1.33091688156 34.541831 14.529671 -0.59347242 33.8191218334 14.0244524034 -0.675764993235 0.88179043422 -4.71501713162 0
1818 1.33308291435 34.648846 14.435796 -0.47955783 33.2734092331 16.8081652675 -0.622447076763 2.74225495549 -8.18695077734 0
1821 1.32597899437 34.668797 14.324629 -0.34405458 33.826150355 14.1692470279 -0.401482830929 0.856852919471 -3.29039640307 0
1824 1.35541582108 34.864126 14.20779 -0.22615765 34.8381191815 15.8645852849 -0.360665285217 1.65699938764 -7.70671981024 0
1827 1.32846093178 35.017605 14.088235 -0.094353638 35.2849843967 14.7607757432 -0.225501482697 0.723742214488 -7.51421799336 0
1830 1.33342385292 36.599142 14.0692 -0.022879679 37.1799333392 14.4119129157 -0.0544226686714 0.674366904734 -1.8072801814 0
1833 1.3493950367 38.63985 14.009333 -0.014813302 39.4813535199 14.0908278497 -0.104387261124 0.845440467724 -5.13220981209 0
1836 1.34548807144 40.768535 13.925491 -0.0089087199 40.9579270466 15.0695355411 -0.0564670635622 1.15961513416 -2.72489237248 0
1839 1.33394503593 42.905865 13.952369 -0.011506708 43.8381652094 13.9606281867 -0.0529833327736 0.932336792484 -2.37643554798 0
1842 1.34409499168 45.04117 13.838962 -0.010052037 47.092966568 12.6653599066 -0.0158924954352 2.36372820566 -0.33463361876 0
1845 1.34447002411 47.095509 13.764363 -0.008210261 46.4255416112 13.9628061562 0.140828924499 0.698738855609 8.53931631117 0
1848 1.3548169136 49.256947 13.750747 -0.012245698 48.9379832384 14.5901050588 0.119574021148 0.897919724748 7.5527135638 0
1851 1.34444999695 51.347189 13.680192 -0.017629817 52.3470882618 16.3267607193 0.0284865503761 2.82915614973 2.64227321712 0
1854 1.34752702713 53.510554 13.649042 -0.0075411209 52.0228478775 15.8988182998 0.026986967441 2.69717683994 1.97831373659 0
1857 1.33976507187 55.608657 13.581194 -0.0077936973 54.810921054 16.648907805 -0.0123897355156 3.16973983616 -0.263333592236 0
1860 1.34855079651 57.666716 13.591636 -0.01411162 58.2856493324 16.7657142528 0.00701659672313 3.23386011215 1.21055764687 0
1863 1.34361195564 59.905766 13.533857 -0.012519778 59.6346423734 16.9019766769 -0.0281922043679 3.37901437981 -0.897963885612 0
1866 1.34940004349 62.027534 13.447994 -0.021676244 59.95062852 14.8712576834 -0.0170275847115 2.5177799517 0.266348557624 0
1869 1.3412899971 64.181261 13.371995 -0.025327169 64.0112811926 15.6803189949 -0.0677353840261 2.31457399973 -2.42981173768 0
1872 1.33442521095 66.241252 13.310079 -0.024907545 65.7801593388 14.8971056164 -0.0145240919484 1.65265239034 0.594928036627 0
1875 1.3522310257 68.444119 13.24669 -0.026304862 66.8925700093 14.7599654578 -0.00559447107242 2.16732712845 1.18661799222 0
1878 1.33553814888 70.49734 13.123327 -0.017605166 68.4942033187 15.4861811719 0.0159096910129 3.0976824243 1.92025985782 0
1881 1.33381485939 72.634932 13.039101 -0.019360635 72.0339598598 14.6903167551 0.00765025879029 1.75717983806 1.54761021506 0
1884 1.3374068737 74.720419 12.994859 -0.019347658 74.0127822402 15.3673253529 -0.0107799148259 2.47575167966 0.490895523829 0
1887 1.34310007095 76.914825 12.90632 -0.036038761 76.7044314318 15.951503361 -0.0397550028297 3.05244281776 -0.21292497249 0
1890 1.34228992462 79.004774 12.78569 -0.032634565 76.9745600473 15.138358776 -0.00895244466288 3.10754228665 1.35688554524 0
1893 1.34042811394 81.177999 12.691712 -0.029848436 80.6692461893 14.4486387312 -0.0147297801513 1.82910386837 0.866235172044 0
1896 1.34212517738 83.222919 12.597068 -0.02122413 81.5793861769 14.1563906014 -0.0414327852871 2.26554344821 -1.15787065759 0
1899 1.35921311378 85.390174 12.538762 -0.021700441 84.2144566213 15.4589586163 -0.00882406879266 3.14799295305 0.73776178292 0
1902 1.35800099373 87.449986 12.512039 -0.030894579 87.870217532 14.8488322049 -0.0291305275672 2.37427821091 0.101072701944 0
1905 1.36570096016 89.572355 12.414566 -0.034322832 89.3851461669 14.0667646665 -0.00256972896365 1.66277105485 1.81931879043 0
1908 1.34666895866 91.713838 12.339838 -0.030338307 90.0127965405 15.3395332137 0.0119674943413 3.44843637354 2.42394386578 0
1911 1.36824798584 93.866625 12.234111 -0.027880568 92.4241902241 14.5816421214 -0.0210247653703 2.75527139294 0.392808555856 0
1914 1.35464596748 96.027017 12.118277 -0.016096141 93.3925601192 14.8364848235 -0.0286044883179 3.78536878371 -0.716675509997 0
1917 1.36517095566 98.003729 12.063433 -0.023465033 96.7076622125 14.6487199501 0.0075830803985 2.89197125369 1.77892585958 0
1920 1.35906410217 100.1865 11.996018 -0.023536261 98.9096016307 15.193410689 -0.00234765331247 3.44293326292 1.21401779425 0
1923 1.34037899971 102.26857 11.921444 -0.023061579 102.029603198 14.6400455851 0.0446836983392 2.72908404248 3.88151847348 0
1926 1.36215114594 104.50291 11.810699 -0.022632517 103.098606295 16.2985822895 0.0117434428028 4.70246374951 1.96959741341 0
1929 1.32935881615 106.528 11.779433 -0.025937223 105.591198253 16.394350786 0.019478161128 4.70904063313 2.6021098355 0
1932 1.33205199242 108.61821 11.737233 -0.017267816 108.167559937 15.5211793127 -0.0112249721074 3.81068696916 0.346229451304 0
1935 1.32898497581 110.65428 11.638117 -0.015586443 109.126510858 15.2487088611 -0.00540144022785 3.92051682052 0.583557673173 0
1938 1.33606505394 112.94226 11.558687 -0.011710616 111.171918436 15.2649212994 -0.0147755354222 4.10734487657 -0.17560694744 0
1941 1.34250807762 114.89636 11.528856 -0.01668203 114.201914127 15.2294208598 -0.0384070042894 3.765160734 -1.24474933682 0
1944 1.32892394066 117.03777 11.494892 -0.018548407 116.38804138 15.1362705886 -0.0113213992134 3.69888973953 0.414077044678 0
1947 1.33558797836 119.07747 11.406331 -0.016261061 118.075116367 15.6606644033 0.0236098213958 4.37081977573 2.28443328674 0
1950 1.34061598778 121.291 11.334615 -0.012126455 120.815182263 14.7823268996 0.0292418610091 3.48039076278 2.37022991288 0
1953 1.3355050087 123.43737 11.229443 0.0013807468 123.650617611 14.7329307401 -0.0197838806552 3.5099716364 -1.21264382815 0
1956 1.33017897606 125.58554 11.258252 -0.0049853053 124.919726258 15.7739810426 -0.0121877841652 4.56455000256 -0.412671641008 0
1959 1.36248087883 127.50849 11.183265 -0.012828209 126.412449897 14.9737954263 0.0114202546827 3.94581104718 1.3893346287 0
1962 1.33800196648 130.28779 11.390648 -0.01314096 129.377727183 15.9440634352 -0.0386634407845 4.64346922632 -1.46233043166 0
1965 1.34395289421 132.78769 11.256475 0.0084755214 131.886064814 15.0889510521 -0.0353859185709 3.93710562033 -2.5130753937 0
1968 1.34587001801 125.9239 10.596074 0.27888777 132.59867866 14.4879544163 -0.0144895870577 7.72653889782 -16.8092843641 0
1971 1.35452890396 93.936275 13.265891 0.84250578 132.216750158 14.8831601383 -0.00824012918014 38.3146230282 -48.744150034 0
1974 1.35155010223 59.212281 6.4432491 1.3602712 133.215858873 12.8887209904 -0.00927541342468 74.2837374253 -78.4692407957 0
1977 1.3498711586 41.747696 3.5851691 1.5088422 133.163609437 13.116332351 -0.0964230972821 91.9114372776 -91.9749265331 0
1980 1.36102485657 40.889782 2.6549702 1.6071612 137.987861271 12.5701293238 -0.0552457297514 97.603009065 -95.2489009081 0
1983 1.36095809937 40.408125 3.8011614 1.6070032 137.2762047 12.0134929989 -0.15316661679 97.2155710525 -100.850301728 0
1986 1.35363698006 40.388712 5.5337894 1.5172855 140.320727353 9.42211206314 -0.038652126592 100.007633437 -89.1486591893 0
1989 1.34997701645 40.44034 7.6724587 1.5542124 137.130494714 9.70347397922 -0.110898280978 96.7114835046 -95.4038144422 0
1992 1.35393309593 40.554207 9.7439313 1.5604739 109.103816655 80.9660025747 2.19652404492 98.8515676179 36.4429888626 0
1995 1.35306811333 40.580821 11.876658 1.5652859 34.6770238795 85.0607789993 -1.3355069049 73.4218658635 -166.203184963 0
1998 1.35149908066 40.665042 14.024391 1.567666 104.127505115 85.7256846049 1.49883856548 95.7525964623 -3.94352151296 0
2001 1.34604096413 40.771617 16.174621 1.5548315 37.0649140541 37.3301812828 -2.9060903206 21.4778345652 104.408006942 0
2004 1.32608604431 40.847233 18.25792 1.5551713 131.083394391 61.5523493717 -0.0997141021687 100.084826209 -94.8179491221 0
2007 1.34057712555 40.88758 20.352438 1.5597309 135.615916383 56.0139248939 0.0735900757881 101.218572215 -85.1495969894 0
2010 1.32911205292 40.971014 22.508388 1.5678505 109.550662501 95.7847235822 2.82978939456 100.362291449 72.3037726619 0
2013 1.3345310688 41.044823 24.54743 1.5705547 91.9390530429 47.0516579937 -1.09091020581 55.6476677791 -152.490706425 0
2016 1.35690188408 41.105608 26.696222 1.5717508 108.616348184 142.242454302 2.31651485219 133.823136413 42.6718369235 0
2019 1.35434389114 41.160404 28.869777 1.5672714 106.39534791 87.755957106 1.83157663737 87.8816255788 15.1435746045 0
2022 1.34926915169 41.204205 31.003136 1.5608691 15.3195877004 114.682867702 -1.46570286391 87.5917285503 -173.409799925 0
2025 1.33323001862 41.244227 33.116661 1.5660557 15.5867469475 106.707196584 -1.30339234969 77.9350576449 -164.407262779 0
2028 1.35577392578 41.277887 35.228156 1.5643441 80.0155294639 70.0165964522 -2.29902432082 52.0657328073 138.645294783 0
2031 1.34039497375 41.31792 37.33529 1.5797774 108.627713552 49.7286581473 2.1716484568 68.4412440129 33.9117135707 0
2034 1.35501790047 41.419072 39.474789 1.5713492 136.837638876 94.7969193669 -0.822645942741 110.296151397 -137.165817854 0
2037 1.35277605057 41.429937 41.518923 1.5745722 60.4642680717 69.7978318406 2.53681289869 34.0881569547 55.1323309108 0
2040 1.34952402115 41.494048 43.684079 1.5737379 83.6609575957 67.1000049487 -2.50710673991 48.2322905623 126.184825285 0
2043 1.33953309059 41.508319 45.798644 1.5762653 79.078525274 34.3522080541 1.11743193325 39.2751994945 -26.2892154147 0
2046 1.33221507072 41.512588 47.943477 1.5772604 115.048626012 44.5904243791 -1.42087656116 73.6124435701 -171.780594276 0
2049 1.35733604431 41.583607 50.107906 1.5744728 64.6619417807 16.6878696258 -2.21607184797 40.6141399946 142.817789616 0
2052 1.33167386055 41.632502 52.265699 1.5728612 55.7293388899 42.4702775024 -3.10034028401 17.1659865029 92.245278152 0
2055 1.32161211967 41.660201 54.305408 1.5732479 38.6718443457 53.615860063 1.73794197438 3.06687982335 9.43627537306 0
2058 1.34523701668 41.689009 56.508616 1.5685378 57.4307762225 123.179868685 1.21613278109 68.5044463512 -20.191320263 0
2061 1.35793018341 41.794127 58.57462 1.5657057 67.8701834676 11.2434739744 -1.82097603435 54.0388573621 165.957430067 0
2064 1.33842611313 41.856016 60.76704 1.5641567 96.7487070286 102.070501602 -0.623291717758 68.696313356 -125.33156224 0
2067 1.33526611328 41.858156 62.785084 1.5639758 9.22139923069 78.5727630016 -3.10818464315 36.2547748673 92.3049253997 0
2070 1.34676003456 41.958088 65.023529 1.5767642 46.2703014826 23.7379665567 -1.20958400153 41.5101535938 -159.645992201 0
2073 1.343323946 41.99726 67.044355 1.5737097 75.7148405455 68.6389044888 -0.302558441565 33.7552636772 -107.502245747 0
2076 1.33775901794 42.044947 69.102812 1.5759217 119.31080623 10.572632498 -1.22304360927 96.9319086527 -160.368899224 0
2079 1.33195996284 42.097902 71.261122 1.5727544 36.9621671621 73.0968125915 1.71695550173 5.45394648611 8.26211453016 0
2082 1.3403429985 42.114798 73.459441 1.5684742 35.8870124455 72.1218631897 1.7301158385 6.36980590845 9.26138367973 0
2085 1.34747815132 42.172982 75.545483 1.5804547 38.7774554774 76.0869338709 1.6944681303 3.43842542614 6.53248836384 0
2088 1.3411450386 42.213453 77.648417 1.5799022 39.6866078435 78.2988834122 1.6496096883 2.6092245971 3.99394488009 0
2091 1.33733797073 42.308345 79.80823 1.5843424 39.8832478405 80.1066758325 1.73843385686 2.44339234429 8.82879013709 0
2094 1.33898019791 42.259747 81.948131 1.5870316 38.137729528 83.2892785997 1.67881241072 4.33470932405 5.25865309433 0
2097 1.34628200531 42.325886 84.065588 1.5841531 36.2548809648 84.8879574029 1.70482377568 6.12645032394 6.91392042752 0
2100 1.33235096931 42.338042 86.100283 1.5789413 36.195412173 86.6678224517 1.70572218938 6.16879260644 7.26400988432 0
