3 5.6809489727 72.513547 45.80148 1.6808269 36.967849441 96.9863454438 0.496918286111 62.3168281082 -67.832966905 0
6 5.67767715454 72.505015 45.806851 1.6805552 107.683780647 54.93994833 -1.24244860842 36.3449999216 -167.475781723 0
9 5.88152909279 72.51553 45.801787 1.6811119 101.219201458 134.014208287 2.4393033185 92.7649288498 43.4411683434 0
12 5.71411204338 72.511327 45.798497 1.6805172 57.794946547 131.489474352 2.90986686594 86.9454740238 70.4365474043 0
15 5.63407611847 72.518426 45.80176 1.6806948 71.6954065091 7.96396594021 -0.228772325716 37.8467438546 -109.404407423 0
18 5.80532407761 72.509508 45.806599 1.6825332 106.276310671 69.8156435003 -1.67850099847 41.4322480737 167.426925629 0
21 5.5944788456 72.510969 45.800989 1.6811293 37.2402246747 46.5502145417 1.89505902532 35.278700999 12.2572703734 0
24 5.64780402184 72.522343 45.818169 1.6838228 32.813704426 88.5053309006 2.56286265275 58.3006841172 50.3652735866 0
27 5.51018214226 72.508499 45.799812 1.6808804 39.2502732752 97.8435761491 2.15281791558 61.7629578725 27.0400278364 0
30 6.13285017014 72.523901 45.815543 1.6832165 36.4915843609 89.6133808247 0.347634927165 56.7148872916 -76.5231873189 0
33 5.62952589989 72.511009 45.802779 1.6808191 112.686658913 63.4416048634 -0.0751919248703 43.8772267097 -100.612020504 0
36 5.35607004166 72.527172 45.853315 1.6851825 111.712977839 55.7496877644 0.923874695737 40.4161548531 -43.6197240946 0
39 5.37872314453 72.188088 49.017093 1.6798669 63.71075649 107.534688963 -1.92697873806 59.1284549673 153.342967584 0
42 5.34511590004 71.804616 53.279503 1.6643548 109.97479446 75.0200012279 -1.67770513427 43.9273466856 168.514070886 0
45 5.36153507233 71.568933 57.324136 1.642571 61.0338712386 104.785535984 1.35265664956 48.6165816856 -16.6108687003 0
48 5.33231306076 71.37336 61.652431 1.6431927 110.679429584 66.5800948841 2.96456367764 39.6137473297 75.7089801898 0
51 5.34389519691 71.165072 65.844712 1.6344026 71.306514001 120.701179756 -1.98554714466 54.8566501029 152.592157582 0
54 5.3310790062 70.960331 70.343426 1.6128178 108.003516732 66.1605417162 1.76855016907 37.2786015041 8.92280748142 0
57 5.35820603371 70.885213 74.631613 1.6236159 90.9035575896 105.852889249 -0.54417166988 37.0877636254 -124.205078635 0
60 5.67382407188 70.832043 79.069602 1.6124517 117.483977496 135.724519973 0.502850844711 73.3906174031 -63.5754459522 0
63 5.39042592049 70.841819 83.283634 1.5826474 52.1737949465 130.423895652 2.55447988248 50.702064955 55.6818996398 0
66 5.32970499992 70.897044 87.066595 1.5142468 105.780177397 100.739477282 -1.07391265608 37.4670616073 -148.29061354 0
69 5.38360500336 70.898205 87.488163 1.2381173 42.3472716709 50.4500523074 -1.88221985899 46.7651305744 -178.782149868 0
72 5.37019205093 70.648486 87.373684 0.94938085 56.0313240387 107.078049803 -2.96293535878 24.534128383 135.840793116 0
75 5.41931700706 70.490448 87.162959 0.64684814 52.1028954005 69.3856481389 -2.92324437522 25.5760605264 155.448766406 0
78 5.39918899536 73.090524 88.460194 0.4660111 95.0134751359 89.3110937024 0.830303821374 21.939457988 20.8724354421 0
81 5.37252807617 76.750616 90.291223 0.4640309 72.8391278919 92.2812403631 0.559728629425 4.38861120688 5.48307600503 0
84 5.37510299683 80.704264 92.172539 0.45240664 42.4302027328 110.204775883 -2.99301435968 42.3091636986 162.591918073 0
87 5.40563511848 84.637734 93.972859 0.42386385 77.821581092 97.8605257415 0.675826260634 7.84690341207 14.4363827253 0
90 5.39502382278 88.678811 95.730817 0.41656148 30.7509847993 71.7256209264 3.07210493479 62.7047245977 152.151432273 0
93 6.11773991585 92.647535 97.41769 0.40779386 68.0903925401 114.777438554 1.32681841101 30.0734786093 52.6562280415 0
96 6.14699006081 96.759828 99.128022 0.39320766 26.4601127974 111.760670059 2.9022911625 71.4257219393 143.759895139 0
99 5.69570493698 100.07577 100.58602 0.32958371 96.7973860551 102.223613724 0.371358350443 3.66463019901 2.39351058806 0
102 5.39221596718 100.12714 100.52966 0.1390585 96.5799226803 102.925561253 0.121957060065 4.2805482743 -0.979840331868 0
105 5.47743010521 100.08551 100.52401 -0.14356162 13.4016983793 68.1951989263 2.68911551316 92.5161349308 162.300444453 0
108 6.11472296715 99.772178 100.71077 -0.40700642 96.7727033711 104.90184791 -0.484893491966 5.15383178792 -4.46260050228 0
111 5.57193779945 99.760338 100.7618 -0.66729138 97.58015673 103.862551423 -0.576963677086 3.79049465871 5.17539615011 0
114 5.51142501831 99.638101 100.95548 -0.8821311 97.4251978351 101.647664182 -0.587083494669 2.31863307979 16.9049825409 0
117 5.49305915833 99.549051 101.11221 -1.1251977 97.0630036813 104.14797549 -1.11700789788 3.92381235297 0.469241096755 0
120 5.32586503029 100.80276 98.46873 -1.1938854 98.1187596298 100.978804979 -1.1131602898 3.67482440222 4.62520811546 0
123 5.26444387436 102.35582 94.496879 -1.1822805 100.303790053 97.4743785147 -1.13170599949 3.61612088636 2.89770543042 0
126 5.28473591805 103.84912 90.431736 -1.1842505 101.829471606 92.9304620115 -1.16447192255 3.2128820885 1.13322901258 0
129 5.29176402092 105.46668 86.336829 -1.1831903 103.352606944 88.1324598244 -1.17794134131 2.77373303389 0.300743179632 0
132 5.29629778862 106.96067 82.891423 -1.1821311 105.049917083 85.3270532121 -1.16660003186 3.0956859077 0.889864655919 0
135 5.24733781815 108.13488 79.987125 -1.1809983 106.491792579 81.9303035655 -1.17341741266 2.54473558734 0.434352849391 0
138 5.31478595734 109.11096 77.465416 -1.174964 108.04251115 78.6974637025 -1.1490304209 1.6308048582 1.48588463006 0
141 5.29240989685 110.00241 75.115832 -1.1797573 108.741593611 77.6013295721 -1.15301126891 2.78699769406 1.53243470024 0
144 5.28573107719 110.9669 72.896666 -1.1819268 110.656412664 74.4378560963 -1.13262854202 1.57215434962 2.82458211956 0
147 5.30567216873 111.79529 70.750926 -1.1680053 109.192866042 73.7557897562 -1.1597180223 3.97514989022 0.474826035753 0
150 5.61566114426 112.62755 68.634671 -1.166408 110.800059622 71.7029209163 -1.16007053098 3.57125728985 0.363110227592 0
153 5.7256231308 113.50263 66.493746 -1.1746568 111.200448268 69.2734271088 -1.16804281269 3.60924753837 0.378953558859 0
156 5.52288794518 114.39844 64.423702 -1.1690506 111.936490426 67.9177264189 -1.17135565319 4.27427214192 -0.132069819251 0
159 5.32275700569 114.9392 62.935672 -1.1627449 113.96761777 65.3842348458 -1.13172155214 2.63428017478 1.77750689891 0
162 5.31091380119 115.58582 61.52951 -1.1720902 113.748756644 64.8238426358 -1.12879731822 3.77192646935 2.48049940889 0
165 5.31562590599 116.16312 60.165609 -1.1710096 114.781257333 62.9699220668 -1.15720852214 3.12629432511 0.790743513852 0
168 5.33001184464 116.71267 58.758483 -1.1690165 115.045107144 61.7910027483 -1.16400363586 3.46077186529 0.287215958459 0
171 5.32597208023 117.29804 57.404001 -1.1730259 115.199940178 61.0925830275 -1.17717812634 4.24354335889 -0.237905044848 0
174 5.34646320343 117.3062 57.346669 -1.1782941 114.879854217 60.6646481309 -1.22939475887 4.11049137865 -2.92785208349 0
177 5.33128404617 117.30973 57.394113 -1.1925087 114.778778737 60.9638359852 -1.25558256194 4.37591550266 -3.61386608654 0
180 5.35087418556 117.3509 57.478875 -1.2542253 115.148224081 60.5081919647 -1.31851341302 3.74546959371 -3.6834375487 0
183 5.28158998489 117.31554 57.561663 -1.3141336 115.192284442 61.013988865 -1.3723032856 4.05299494739 -3.3328774802 0
186 5.38746094704 117.31761 57.625945 -1.389572 114.487171449 60.5736049798 -1.40699834789 4.08657335054 -0.998456186464 0
189 5.33625602722 117.34247 57.653648 -1.4539696 115.298706192 60.7936057228 -1.48142050352 3.74650570612 -1.57282091568 0
192 5.33822989464 117.36058 57.739095 -1.5147103 115.878657374 61.1358270673 -1.51741789247 3.7059254453 -0.155133621296 0
195 5.27411699295 117.34118 57.80351 -1.5718326 115.777585684 60.0369494049 -1.57979731925 2.72636731947 -0.456344797857 0
198 5.36519217491 117.32521 57.826191 -1.6475747 114.463702262 59.5508618336 -1.59999165371 3.34106510281 2.72630772907 0
201 5.32234787941 117.28663 57.948056 -1.7072698 115.455872708 59.742819413 -1.6595548678 2.56375661315 2.73386423508 0
204 5.33175492287 117.37131 58.006137 -1.7818651 116.999204161 60.113809239 -1.76040016229 2.14026751183 1.22985033801 0
207 5.37892603874 117.40314 57.989067 -1.8555926 116.254410184 60.1719172959 -1.79147753023 2.46666082095 3.67352290089 0
210 5.34687399864 117.02719 57.008887 -1.8977403 116.783063278 59.1916581086 -1.87192259812 2.19638056103 1.4792453543 0
213 5.36122107506 116.38504 55.250118 -1.9095407 115.289237144 57.1832821779 -1.84091517464 2.22214032822 3.93195296987 0
216 5.43325710297 115.67443 53.450651 -1.9075572 116.012960952 55.4105028406 -1.81309795415 1.9888746674 5.41211612302 0
219 5.68029785156 115.02136 51.574537 -1.9165104 115.034198015 53.5371679639 -1.90118331495 1.96267295166 0.878177285784 0
222 5.61736798286 114.35753 49.684701 -1.9233127 113.756190234 51.8321686476 -1.86342161944 2.23007327496 3.43150614643 0
225 5.32991886139 113.59486 47.870819 -1.9110101 113.177369818 49.8030539989 -1.85191011283 1.97682324535 3.38617983428 0
228 5.28891897202 112.87829 45.986656 -1.9118326 112.019897771 47.6655399185 -1.89060375397 1.88560028391 1.21632328156 0
231 5.31567311287 112.17059 44.128463 -1.9122248 113.119760685 44.691875276 -1.82434116674 1.10379272638 5.03536127387 0
234 5.31174707413 111.43202 42.277019 -1.9027456 110.96672548 44.6174456108 -1.91772646777 2.38623043961 -0.858340496859 0
237 5.27816200256 110.82393 40.37458 -1.9174412 109.7382804 42.4982125619 -1.93303905326 2.38504723495 -0.893691161344 0
240 5.37689614296 110.14399 38.567468 -1.912432 109.934513867 40.7672977382 -1.89146737771 2.20978078719 1.20118437637 0
243 5.27987504005 109.42625 36.696167 -1.9074722 108.936373446 39.0043057397 -1.88408076316 2.3595515421 1.34023060783 0
246 5.32580089569 108.96452 35.308972 -1.917648 109.071078904 37.0526687907 -1.90171672349 1.74694971249 0.912794906156 0
249 5.30603814125 108.91335 35.330429 -1.9171391 108.681142942 37.0121729034 -1.92564658776 1.69769922962 -0.487443142931 0
252 5.29203796387 108.9585 35.348205 -1.9450374 109.207568025 37.0137994491 -2.01253030059 1.68411393626 -3.86705835072 0
255 5.25425410271 108.97674 35.368834 -2.0165302 109.045627807 37.8920430501 -2.04961296617 2.52414925085 -1.89550287617 0
258 5.24267697334 108.99865 35.397074 -2.0803106 107.881351318 38.6451705577 -2.11733007325 3.43489266091 -2.12105957695 0
261 5.28415107727 109.05048 35.474836 -2.159245 109.471139029 37.2565496343 -2.13295312392 1.83069863526 1.50641353493 0
264 5.28288197517 109.09365 35.518169 -2.2238592 107.67767627 38.1321360289 -2.23383752661 2.97284463632 -0.571716001244 0
267 5.2945151329 109.14301 35.568827 -2.2920109 109.900640864 38.1755377686 -2.25800066936 2.71458018056 1.94864267575 0
270 5.30385088921 109.24021 35.586114 -2.3597618 110.232183675 37.0877203003 -2.32693824638 1.79967587422 1.88065109094 0
273 5.28229594231 109.32691 35.57971 -2.4292889 109.989992461 37.0145846257 -2.38264827188 1.58067819052 2.6723111453 0
276 5.24005389214 109.34422 35.612178 -2.4970016 109.856967182 37.8822751634 -2.43516476521 2.32728399738 3.54298965178 0
279 5.28847002983 109.45255 35.562283 -2.5751384 110.661790908 37.3586438483 -2.4881896824 2.16545050061 4.98179455271 0
282 5.26654100418 109.51035 35.610832 -2.6455993 111.042504921 35.9675667934 -2.55991960329 1.57313648923 4.90908501126 0
285 5.32311201096 109.52669 35.619453 -2.7060079 110.331505723 36.8090926338 -2.58538964668 1.43630456591 6.91091684773 0
288 5.27364397049 109.56751 35.667144 -2.7779359 111.13024618 36.100216514 -2.63602424541 1.6216337971 8.13093887151 0
291 5.29465794563 109.58407 35.725569 -2.8421247 108.893689591 36.5487015655 -2.68417926702 1.07432412709 9.04960670306 0
294 5.32549190521 109.62066 35.728072 -2.9074408 108.893826071 37.2291047818 -2.80178930935 1.66774907359 6.05338451363 0
297 5.32462882996 108.40689 35.538158 -2.9474042 107.999407299 37.2906346548 -2.87750204745 1.79922666089 4.00509832009 0
300 5.31555294991 106.63579 35.154474 -2.9731605 106.198531017 36.8102102565 -2.85872292558 1.71250050197 6.55679003188 0
303 5.31067013741 104.74277 34.838538 -2.9724974 104.358717402 37.2172038632 -2.85066494665 2.40947041631 6.9804853844 0
306 5.2711019516 102.71686 34.507066 -2.970186 101.267952392 36.3942551985 -2.83694520167 2.37924700856 7.63413540353 0
309 5.36766791344 100.87602 34.149296 -2.9774562 100.192094419 35.7164983639 -2.84497150351 1.70993492567 7.59081395885 0
312 5.29259705544 98.917573 33.856952 -2.9648121 98.0524875322 34.6956360204 -2.8617227801 1.20489159377 5.90658294299 0
315 5.3302321434 96.872255 33.519705 -2.9713846 96.3115838377 34.1520038373 -2.93303054712 0.84507631125 2.19752535752 0
318 5.31306290627 94.700759 33.157106 -2.9752463 93.9023101081 34.5052684146 -2.89908778677 1.56686391531 4.36356138232 0
321 5.24734210968 92.656194 32.878926 -2.9695623 92.6167969023 34.083226087 -2.93925346842 1.20494432687 1.73656813151 0
324 5.26648807526 90.628889 32.525228 -2.9736018 90.1859388981 33.307770921 -2.92904332649 0.899209773097 2.5530124736 0
327 5.25979614258 88.510396 32.191288 -2.9695852 87.3091751948 33.261024402 -2.94703620533 1.60849849009 1.29196222662 0
330 5.27098798752 87.334812 32.006658 -2.9896435 86.5071376119 33.2556317029 -2.98170185374 1.49832580007 0.455022812901 0
333 5.32995986938 87.328365 31.983283 -3.0015998 86.3893468974 33.1570780942 -3.08415617996 1.50317993608 -4.7301321437 0
336 5.28011894226 87.328448 32.00285 -3.0442403 86.2409208884 34.1419952724 -3.08387837853 2.39972034095 -2.27109460786 0
339 5.30024814606 87.480424 31.977098 -3.121648 86.8303491775 34.2246290561 -3.02087352031 2.33965662496 5.77395236911 0
342 5.30923199654 87.509332 32.088761 3.0972389 86.6218299833 33.1770798941 3.0905166858 1.40431401221 -0.385154502548 0
345 5.3339278698 87.537767 32.004513 3.0032565 85.9348831516 33.177831651 3.03242523125 1.98643230142 1.67124519423 0
348 5.28688001633 87.588829 31.971963 2.902116 86.1189863268 33.3005124378 2.93698985702 1.98128268871 1.99812482248 0
351 5.29275012016 87.696053 31.883789 2.7788249 86.5243371321 34.6046989255 2.92601353065 2.96247681808 8.43328732877 0
354 5.28764796257 87.777704 31.698119 2.6376296 85.8476950711 32.5915481604 2.78404988535 2.12676988181 8.38926438586 0
357 5.30789613724 87.896098 31.65995 2.4917922 85.5213231647 31.8847375431 2.61138234482 2.38538989644 6.85201056974 0
360 5.28535199165 87.958395 31.594625 2.366513 87.0810034344 34.7514513744 2.68596231329 3.27648725272 18.30309742 0
363 5.29498004913 87.964094 31.460561 2.2184109 86.5888345373 33.3817707282 2.56565034929 2.36270722043 19.8953549249 0
366 5.31991004944 87.708527 31.831987 2.1125682 85.6819068733 35.6091773016 2.41854731616 4.28653189804 17.5313119749 0
369 5.2870361805 86.721318 33.612273 2.0920166 85.2439491945 35.6764975181 2.33644369528 2.5384328726 14.0046409581 0
372 5.27341604233 85.724716 35.405361 2.0873093 84.400831687 36.5114001232 2.07946481682 1.7251064362 -0.449455778937 0
375 5.28541302681 84.755772 37.248267 2.0862059 83.3242793202 38.242294712 2.04591638496 1.74277433552 -2.30841917063 0
378 5.29361987114 83.690185 39.149374 2.0868314 82.1130623514 39.8400702985 2.11839403334 1.72173668882 1.80840568069 0
381 5.30994701385 82.666747 40.97523 2.090975 81.0498953581 41.7695730565 2.13307915033 1.80144112403 2.41239011373 0
384 5.28835105896 81.635815 42.877142 2.0910396 80.4431753129 43.6625305105 2.11470795947 1.42801419314 1.35609710542 0
387 5.28441691399 80.624097 44.699122 2.0805048 79.1503851227 44.8928207481 2.10839759954 1.48638686163 1.59813969236 0
390 5.31330180168 79.602515 46.546403 2.0762437 77.9631764141 47.4564369085 2.12699814685 1.87499139033 2.90801559603 0
393 5.30655384064 78.599692 48.40129 2.0808805 77.0134952925 48.4513920484 2.11012112427 1.58698777878 1.67536436102 0
396 5.29379606247 77.532669 50.298142 2.0919608 76.5093081567 50.9576977073 2.1214179928 1.21748969052 1.68777282372 0
399 5.24778819084 76.53881 52.074716 2.0854653 75.2024756153 52.5788881996 2.08253516222 1.42827840232 -0.167884527974 0
402 5.23494386673 75.533974 53.92833 2.0838411 74.7714051473 54.3288698456 2.09935182487 0.861361377708 0.888699072504 0
405 5.2732489109 74.451304 55.860797 2.0823704 74.1005505141 55.8143334975 2.07802213426 0.353817558858 -0.249137274913 0
408 5.23623800278 73.464188 57.689364 2.0801622 71.3961853215 58.3253025619 2.14836916385 2.16357411078 3.90797116216 0
411 5.3106098175 72.461178 59.521835 2.0808323 70.2616390179 60.3421717721 2.15823603939 2.34753576189 4.43490758537 0
414 5.27950978279 71.469371 61.42577 2.0898858 69.4440695819 61.6230254576 2.11873414396 2.03488465271 1.65288835467 0
417 5.2939209938 70.386885 63.322712 2.0827703 67.7368831303 63.4088528213 2.0976469703 2.65140154458 0.852370421543 0
420 5.26619195938 69.38246 65.186025 2.0922796 66.7379859815 65.2515775293 2.12624280762 2.64528636802 1.94594845508 0
423 5.27185297012 68.400253 67.014087 2.0893798 65.3670887651 67.694223209 2.13934588596 3.10848363979 2.8628458442 0
426 5.26639294624 67.30799 68.901204 2.089526 64.3504017803 68.7536010001 2.13020300109 2.96126910684 2.33062048552 0
429 5.31201100349 66.315197 70.741557 2.0869248 63.7147240613 70.6657464332 2.13038024853 2.60157774184 2.48981379761 0
432 5.24574708939 65.281228 72.464006 2.0745737 62.6344861565 72.2185417083 2.11584692755 2.6580999049 2.3647817457 0
435 5.2655441761 64.283593 74.421326 2.0918621 61.3285844522 74.6050445565 2.12972065766 2.9607141074 2.16913557249 0
438 5.28353595734 63.28447 76.191493 2.091939 59.9512589375 76.381083599 2.14227301628 3.33859859555 2.88392669897 0
441 5.31674599648 62.204887 78.125252 2.0893553 59.0082417855 78.0762731309 2.13609064548 3.1970204186 2.67773805004 0
444 5.30610799789 61.273659 79.948227 2.0960183 57.8767225925 79.9146328166 2.12779259303 3.39710251921 1.82053288752 0
447 5.26687884331 60.19879 81.787566 2.089809 57.0618805197 81.8721442992 2.10218148793 3.138049486 0.708891340688 0
450 5.26541781425 59.161438 83.629466 2.0974137 56.8994810179 83.8508373955 2.10505534941 2.27276366643 0.437834259887 0
453 5.29889702797 58.11891 85.485673 2.0964985 55.4652164271 86.0114281804 2.07547018816 2.70527412447 -1.20483351859 0
456 5.25766801834 57.036783 87.336936 2.0992423 54.2307741848 88.0109781681 2.09007693001 2.88583061101 -0.52513701802 0
459 5.26697587967 56.357629 88.602308 2.124456 54.7443046569 88.7132383911 2.08107544877 1.61713357138 -2.48552249825 0
462 5.30427098274 56.200217 88.720884 2.2094598 54.2546367295 88.5270963561 2.20581638242 1.95520746725 -0.208752450437 0
465 5.29091501236 56.199637 89.07416 2.3631742 53.0464895144 87.7310994702 2.33262244359 3.42726576921 -1.75048669892 0
468 5.30007696152 56.109511 89.161307 2.4869631 53.2368161237 87.8708266557 2.45569205159 3.1492404436 -1.79169909499 0
471 5.30038404465 56.023191 89.233423 2.608836 52.8288950984 88.9112169647 2.61672011785 3.21050510606 0.451726677979 0
474 5.29668211937 54.873312 89.789936 2.6823278 51.9615255561 89.5480196176 2.70266003853 2.92181858285 1.1649514558 0
477 5.34338188171 52.997249 90.667048 2.6986067 49.4147318594 89.8138767578 2.70059210962 3.68270691627 0.113755591907 0
480 5.30160593987 51.122563 91.609157 2.7018871 47.6926392019 91.3685579408 2.71768154988 3.43835210063 0.904955317878 0
483 5.2907538414 49.137432 92.566213 2.7007601 46.6454038241 91.8557753241 2.72445529232 2.59131744887 1.35763451471 0
486 5.30486106873 47.308569 93.452781 2.7003868 44.7122503936 92.6464436275 2.70309405779 2.7186486099 0.155114445379 0
489 5.33497405052 45.360782 94.336008 2.7008969 42.5596180456 93.5764582501 2.71982482367 2.90231551038 1.08449014109 0
492 5.28562498093 43.468079 95.251019 2.7064338 40.923971883 93.6610163005 2.70819244516 3.00009826624 0.100762945535 0
495 5.89439678192 41.590918 96.131677 2.7064065 38.3331742519 95.2930405936 2.70624304748 3.3639567997 -0.00936513982416 0
498 5.32143712044 39.606214 97.06058 2.704478 36.3626915739 96.3574550765 2.72826116654 3.31885859701 1.36267506614 0
501 5.31101179123 37.718719 97.944153 2.696243 34.9275499073 96.692468699 2.72055296531 3.05897670691 1.39285841238 0
504 5.28160190582 35.769603 98.891663 2.7044976 33.0006208974 97.0871551933 2.74535969171 3.30507341967 2.34122539724 0
507 5.24894595146 33.862509 99.822852 2.7013631 31.7428533818 98.6620768923 2.72102192744 2.41667928989 1.12636784234 0
510 5.29821705818 31.979521 100.73965 2.7066945 29.6175247834 99.908784635 2.73049591263 2.50386968156 1.36372048994 0
513 5.30274295807 30.015598 101.64307 2.7044148 27.8456165458 100.695084123 2.72596406696 2.36801535785 1.23468204862 0
516 5.31732106209 28.083667 102.5122 2.7038251 25.7472214305 101.826856387 2.70674016176 2.43488680776 0.167020735752 0
519 5.27117300034 26.231599 103.44351 2.6987262 23.165261684 102.967101776 2.73723366251 3.1031257357 2.20631508183 0
522 5.28507208824 24.326425 104.3449 2.7056645 21.1788720692 103.487367714 2.69686132259 3.26227697692 -0.504384912115 0
525 5.36001086235 23.072168 104.95788 2.6888385 19.7754811974 103.797674852 2.67639013432 3.49488481373 -0.713238815474 0
528 5.29022884369 23.059574 104.94595 2.6093304 19.7843862992 103.82874691 2.59401805484 3.4604908928 -0.877332752341 0
531 5.38317012787 23.148655 105.02795 2.4881616 18.7594408117 104.82446064 2.45985919705 4.39392866466 -1.62160823918 0
534 5.33242678642 23.15609 104.97342 2.3614352 18.7345967618 104.363962013 2.35171593932 4.46329939545 -0.556872616847 0
537 5.30731415749 23.189116 104.80794 2.2179164 19.084758603 104.06617399 2.19850529195 4.17084721083 -1.11217456697 0
540 5.27126312256 23.170444 104.45908 2.0515088 19.2942685942 105.765349335 2.08120889935 4.09036371873 1.7016903441 0
543 5.30682301521 23.203193 104.36781 1.9241471 18.8657047061 104.948829584 1.95174205097 4.37622993637 1.58107422618 0
546 5.33269715309 23.268475 104.40083 1.8086424 19.3241971224 104.316265813 1.78573710362 3.94518428939 -1.31237681093 0
549 5.33520698547 23.269141 104.3114 1.6661585 19.1293791682 105.203783092 1.67238628602 4.2348524894 0.356825854927 0
552 5.35877108574 23.273746 104.22596 1.531085 19.2344331218 105.101649628 1.54052966729 4.13314418476 0.5411395746 0
555 5.29669594765 23.201513 103.9692 1.3630267 19.2868056696 104.855450682 1.39012256191 4.01377300734 1.55247852972 0
558 5.31741189957 23.573375 105.47089 1.3112874 20.0568206729 105.964657099 1.3647821393 3.55105058865 3.06502278788 0
561 5.46372199059 24.091257 107.45193 1.3021436 19.5056858985 106.979364049 1.30546591896 4.60985692886 0.19035485442 0
564 5.44937705994 24.69734 109.54228 1.2971878 20.828123254 109.294124328 1.27053209911 3.87716642219 -1.52725916111 0
567 6.01450896263 25.24514 111.62222 1.291934 21.2522000002 111.477804307 1.32314692003 3.99555074231 1.78836858386 0
570 5.53218793869 25.838263 113.71051 1.2925571 22.5798504369 113.48674856 1.34301646839 3.26608659003 2.89110884571 0
573 6.65289616585 26.485855 115.66064 1.2984976 22.1049973758 115.443751308 1.31225158163 4.38622323052 0.788045098956 0
576 6.43588280678 26.666562 116.70228 1.2516028 22.9246613084 117.027645513 1.31242227622 3.75601963556 3.48469929948 0
579 5.72755384445 26.671044 116.66524 1.1445574 23.19625892 116.693131953 1.15325216642 3.47489702199 0.498173419638 0
582 5.38725209236 26.68282 116.71548 1.0360889 22.5712983273 115.852927032 1.01403154212 4.20102464725 -1.26379351368 0
585 5.33073806763 26.598988 116.54426 0.86252405 23.1174305329 115.643283764 0.897296985216 3.59624812466 1.99234242917 0
588 5.30714583397 26.490987 116.49462 0.72378221 22.7993791945 115.564596178 0.773076495426 3.80695580475 2.82435450902 0
591 5.31820297241 26.414554 116.44154 0.58967497 22.1682086569 116.665788906 0.616402935793 4.25226249714 1.53139963493 0
594 5.39736700058 26.30131 116.37003 0.43724496 22.4784974353 116.199505269 0.519407366467 3.82661398479 4.70755912518 0
597 5.40072011948 26.176025 116.35464 0.31453037 21.9503359232 116.12601259 0.368719348146 4.23186940567 3.10479974391 0
600 5.36518311501 26.088883 116.46581 0.14702743 21.159659597 116.15681553 0.203529156665 4.93889875771 3.23731047313 0
603 5.31276202202 25.977812 116.45377 0.019989929 21.9725591815 114.939195805 0.178957572947 4.28205384507 9.10817507733 0
606 5.34610700607 25.890585 116.45549 -0.11586106 23.5525735095 116.405289446 0.0311597728639 2.33855036835 8.4236732236 0
609 5.35460400581 27.617035 116.21759 -0.13548047 24.7071496177 115.575943517 -0.0665584296583 2.97978911118 3.94894202701 0
612 5.37175297737 29.732468 115.90829 -0.14344069 25.8156226891 116.158796821 -0.116276844529 3.92484787689 1.55637370082 0
615 5.35322403908 31.744289 115.6014 -0.14068963 28.029772976 114.922390239 -0.138330694979 3.77606720654 0.135157020857 0
618 5.38632297516 33.87565 115.27561 -0.13567301 30.308742677 115.017093398 -0.114036095672 3.57626322918 1.23970387269 0
621 5.47439098358 35.936054 114.9269 -0.14240112 33.1748189509 114.583464384 -0.0830022150428 2.78251091983 3.40330656175 0
624 5.38117003441 38.113735 114.67885 -0.14674677 34.4978272001 114.855103518 -0.127487920595 3.620200895 1.10345078918 0
627 5.31960487366 40.163768 114.30534 -0.14012204 36.5906487574 114.59770188 -0.0782941525996 3.58506019347 3.54247700425 0
630 5.40045595169 42.346763 113.98058 -0.16006212 38.8955491103 114.34539518 -0.0726144185882 3.47044196431 5.01038421902 0
633 5.36042618752 44.341947 113.67079 -0.15507802 40.7002208424 114.059918805 -0.0638008275038 3.66245691218 5.22979789584 0
636 5.32854008675 46.544067 113.30502 -0.15009707 42.9175752021 114.004937366 -0.0627667747457 3.69341672159 5.0036573417 0
639 5.42610192299 48.557097 112.97025 -0.14631805 44.7920211193 114.228178313 -0.0834935441848 3.96965741943 3.59957903321 0
642 5.44971394539 50.586062 112.64729 -0.14866611 47.2657102516 113.81461741 -0.0840192896837 3.51957227717 3.70398996307 0
645 5.47934293747 52.747394 112.3225 -0.14488479 50.0401373208 114.114719154 -0.0450343995371 3.2467350098 5.72100595626 0
648 5.59560394287 54.919709 111.95097 -0.14565598 51.6287527147 113.941422367 -0.0518640822644 3.84607512876 5.37387989277 0
651 5.4450609684 56.9199 111.70562 -0.14317608 53.9694152444 113.785879227 -0.0656177639107 3.61010231763 4.44376417806 0
654 5.45912694931 58.963864 111.32719 -0.14485493 56.7177183587 114.316078603 -0.0404892400076 3.7387999841 5.97971356253 0
657 5.8283188343 61.070196 111.0267 -0.15209978 57.7038750451 112.041390442 -0.128778686793 3.51592284668 1.33620021438 0
660 5.40852999687 63.25691 110.67843 -0.1447313 59.6039199215 112.409275068 -0.15125949498 4.04229652115 -0.374038020212 0
663 5.46258091927 65.338645 110.4192 -0.14848438 61.7483480995 111.61406051 -0.132425224877 3.78390320607 0.920121811112 0
666 5.54164481163 67.412523 110.08404 -0.1445869 63.3538151528 111.511607708 -0.116438340489 4.30244801813 1.61279365938 0
669 5.6049451828 69.507235 109.73429 -0.15139682 65.9308335633 111.291737828 -0.101144846462 3.90080645154 2.87922599591 0
672 5.48960208893 71.647859 109.39116 -0.14906575 68.0802929454 111.202122558 -0.112298614229 4.00088901862 2.10660170444 0
675 5.39755010605 73.702975 109.06139 -0.1559357 69.825044022 111.638336874 -0.112967333259 4.65607171989 2.46190606684 0
678 5.39351987839 75.754203 108.72815 -0.15045699 72.3965435058 110.098922225 -0.115107748689 3.62669184966 2.0253623361 0
681 5.38000512123 77.860742 108.43703 -0.15243836 74.2007909796 109.25266624 -0.138201794303 3.74973385033 0.815695129206 0
684 5.33573508263 79.97813 108.08555 -0.15170568 75.5705223213 108.965902679 -0.155799874598 4.49466642688 -0.234580070988 0
687 5.35926795006 82.120618 107.73965 -0.14888428 78.2471696391 109.122060931 -0.158820507115 4.11274387565 -0.56930387796 0
690 5.43734812737 84.192494 107.42985 -0.14593359 80.6762159976 108.48267277 -0.13094378379 3.67051042431 0.858852631529 0
693 5.38843297958 86.28045 107.15458 -0.15823172 82.2739213628 108.741877991 -0.128979424856 4.30949958037 1.67603305282 0
696 5.3488919735 88.385341 106.75858 -0.15035877 84.5184915089 109.047675777 -0.134857018599 4.49360484055 0.888184930328 0
699 5.35846209526 90.512184 106.42958 -0.15443508 87.0132940575 108.404072545 -0.085462215696 4.01756787624 3.95185402555 0
702 5.31937909126 92.541412 106.11165 -0.15857271 89.1241315328 108.863281939 -0.104538101102 4.38740061065 3.0959550375 0
705 5.50485301018 94.624435 105.7799 -0.14991569 91.1088437317 108.401101309 -0.0919563512237 4.38521131418 3.32082549525 0
708 5.24484300613 96.812614 105.41142 -0.16008539 93.2810131661 107.298617252 -0.126663643097 4.00421252172 1.9149250415 0
711 5.47699785233 98.833392 105.05687 -0.15857643 94.2394447381 106.921100977 -0.154949296514 4.95779271266 0.207819440469 0
714 5.60937309265 100.9283 104.72764 -0.15390186 96.6899662137 107.114081581 -0.114918722773 4.86400829609 2.23356923527 0
717 5.42303299904 103.02648 104.38009 -0.15580909 98.8947326389 106.857652626 -0.129312182373 4.81763975644 1.51816097715 0
720 5.4127779007 103.56436 104.3046 -0.21764658 99.8443207692 106.482135544 -0.180802053362 4.31049335066 2.1110358745 0
723 5.52454304695 103.46604 104.39779 -0.32798619 99.6320956385 106.658306986 -0.29313149009 4.45073773798 1.99702720105 0
726 5.47917914391 103.43166 104.43448 -0.46455789 99.7080640413 107.213000807 -0.440403365462 4.64600309263 1.3839523122 0
729 6.1377081871 103.35806 104.51276 -0.60050128 99.739302572 107.261676865 -0.574232001544 4.54444157791 1.50511878639 0
732 6.13892698288 103.30537 104.5712 -0.75278089 100.495187573 106.556491474 -0.646259734322 3.44071322678 6.10321264923 0
735 6.11991000175 103.24477 104.73622 -0.88717849 100.055862318 107.137972646 -0.771193964053 3.99218586418 6.6454238256 0
738 5.63908314705 103.11543 104.83266 -1.0218313 100.424949442 106.292132387 -0.905303976583 3.06084061715 6.67652382974 0
741 5.39098191261 103.3336 104.43355 -1.1359167 99.8989688934 107.136477921 -1.08453712842 4.37064185067 2.94383260492 0
744 5.45317697525 104.18264 102.5184 -1.1499809 101.548530901 104.702944956 -1.04631383033 3.42209985428 5.93968556659 0
747 5.40314793587 105.02068 100.61649 -1.1544373 102.535358836 102.681115046 -1.04556217957 3.23102117981 6.23808489484 0
750 5.4971101284 105.97315 98.645528 -1.1675657 104.237371839 101.538643115 -1.06145344637 3.37387624096 6.07978428738 0
753 5.36502790451 106.66644 96.709247 -1.154133 105.063210428 98.9116070858 -1.11755672648 2.72410260617 2.09566610322 0
756 5.36921715736 107.65453 94.805864 -1.1707179 104.571433899 97.2149371022 -1.09205838802 3.9126863888 4.50685805478 0
759 5.36970806122 108.36584 92.821603 -1.1639211 106.362795878 95.7440384335 -1.09843175446 3.54299514806 3.75226310268 0
762 5.46180605888 109.18739 90.932737 -1.1605274 106.720955987 92.754325547 -1.09687006873 3.06618355179 3.64729641679 0
765 5.46559596062 110.00551 88.971931 -1.1631703 108.01286867 90.2146504105 -1.13811922924 2.34839753914 1.43532062701 0
768 5.49057602882 110.83946 87.051439 -1.1600004 108.528837562 89.032634648 -1.10758441474 3.04370041976 3.00321473437 0
771 5.49159622192 111.68317 85.129972 -1.1502451 110.432341113 86.9394850965 -1.10285793228 2.19975238398 2.71508471316 0
774 5.40756106377 112.49307 83.177328 -1.1488654 111.018374997 86.4060558436 -1.09267247157 3.54956459853 3.2196176373 0
777 5.47804403305 113.40329 81.226755 -1.149046 111.616236667 83.3694943013 -1.12663829983 2.79014181179 1.28386664821 0
780 5.41434693336 114.20236 79.347389 -1.1522317 111.782713927 81.6255623934 -1.14241386302 3.32336593344 0.562520622638 0
783 5.37841105461 115.10134 77.33273 -1.146946 113.03021078 80.3231751007 -1.11525569234 3.63762809366 1.81572088027 0
786 5.42625498772 115.87569 75.433999 -1.1405871 113.973531158 78.3384745488 -1.12288079935 3.47191394984 1.01449629779 0
789 5.38900208473 116.74641 73.521868 -1.1514597 114.693033292 75.6864626889 -1.15470169734 2.98359281276 -0.185752764861 0
792 5.41525101662 117.66191 71.592443 -1.1472421 115.415197036 74.2785213167 -1.12866359009 3.50181893664 1.0644702077 0
795 5.38741397858 118.47567 69.543126 -1.1411103 116.874537027 72.2426174459 -1.12773889082 3.13861129518 0.766125312065 0
798 5.37737894058 119.32773 67.660396 -1.1493947 117.303736413 70.3825524872 -1.13664951437 3.39215064273 0.730245345479 0
801 5.39638805389 120.23613 65.736718 -1.1477983 118.802849311 68.3135316318 -1.11064155835 2.9486034027 2.12892447672 0
804 5.51088190079 121.05504 63.851108 -1.1435448 119.699996061 66.0983679449 -1.10772724331 2.62418012671 2.05219483098 0
807 5.43997097015 121.9387 61.889647 -1.1416966 120.258999183 64.5389703745 -1.14183018066 3.13692670881 -0.00765360813375 0
810 5.50234007835 122.75206 59.947854 -1.134592 121.813877471 62.4678561691 -1.10265795003 2.68897701556 1.82968628594 0
813 5.63781094551 123.61313 58.017737 -1.1345099 122.694491098 61.4081367286 -1.10181403725 3.51264967684 1.87333494284 0
816 5.77775597572 124.50226 56.14403 -1.1250591 123.164414301 59.552459491 -1.12265889591 3.66158745743 0.137521564115 0
819 5.59561705589 125.37031 54.195354 -1.1346431 123.620535668 57.8274045635 -1.10993766747 4.03156315929 1.41551701491 0
822 5.64372587204 126.19009 52.293812 -1.120627 124.925486174 55.7325475646 -1.11048957279 3.66389480211 0.580831794124 0
825 5.57169103622 127.09539 50.434417 -1.1252352 125.474456235 54.3689399236 -1.10253479718 4.25533746116 1.3006372751 0
828 5.59556484222 127.94916 48.435924 -1.125081 126.883254248 51.7196402187 -1.11949329155 3.45238284054 0.320152111054 0
831 5.42577695847 128.83417 46.49897 -1.1135569 126.949069553 49.3346506115 -1.11623890888 3.40509738859 -0.153667789346 0
834 5.44890499115 129.69028 44.561049 -1.1141866 127.949219684 47.9294606129 -1.13920808628 3.79176579156 -1.43362556122 0
837 5.41793680191 130.6504 42.689185 -1.1179531 129.094322492 45.436581778 -1.13926708726 3.1574619977 -1.22120151463 0
840 5.50201010704 131.56218 40.752166 -1.1133477 130.165051846 43.6141314747 -1.11724523312 3.18477840001 -0.223312198186 0
843 5.65016293526 131.80181 39.159633 -1.0655485 131.404956633 42.4506733232 -1.06501883396 3.31488144646 0.0303476285669 0
846 6.13440489769 89.526265 39.287264 -0.26055386 132.589916802 40.9069527716 -1.08809705544 43.0941005037 -47.4147324637 0
849 6.48669600487 49.129117 22.860079 0.57174269 133.937134328 40.0482914397 -1.06206853983 86.5322740366 -93.6104879902 0
852 5.67338514328 45.693587 19.436118 1.0035584 135.532637128 39.922078006 -1.04188164002 92.1451544316 -117.19508154 0
855 5.46075487137 46.841947 21.209275 1.0214136 134.07572124 38.9592886869 -0.967326975894 89.021314044 -113.946441545 0
858 5.3852519989 48.00008 22.972907 1.0079248 65.7311764789 104.849440549 2.48905316588 83.7744503318 84.8624042819 0
861 5.38012003899 49.170996 24.731115 1.014741 37.3725774928 88.4263713148 2.64041620308 64.7787647017 93.1443279953 0
864 5.50968408585 50.349541 26.532036 1.0144485 142.995490507 30.3322709833 -0.891482135909 92.7238574805 -109.201781482 0
867 5.63617110252 51.518278 28.351001 1.0069992 42.3972436051 101.81188805 0.76719458742 74.0249633206 -13.7397922086 0
870 5.40437984467 52.642563 30.101924 1.0170679 59.5070302654 101.497246185 -2.18592257505 71.7245630223 176.482163959 0
873 5.58267092705 53.80357 31.912095 1.0183648 99.4673264478 99.776017266 1.89254053323 81.7966417296 50.0865800669 0
876 5.48925209045 54.946688 33.671099 1.0064723 36.1994352431 102.438503365 1.60811476577 71.2770326895 34.4715740644 0
879 5.36646485329 56.161659 35.476636 1.0152563 121.786131715 50.6510308191 2.65462737532 67.3560218335 93.9290436714 0
882 5.31658983231 57.333476 37.252395 1.017552 39.4361900069 64.7997521404 -2.51327960294 32.8507188862 157.69825098 0
885 5.36151003838 58.434052 39.044555 1.0099164 58.1121181825 91.0391397525 -0.183996860056 51.9955813985 -68.4061909059 0
888 5.31557607651 59.558673 40.733157 1.0155176 41.361709956 27.6431707845 0.528665861934 22.4160032822 -27.8945498398 0
891 5.36267113686 60.829575 42.673596 1.0256616 130.554342528 51.9377915594 -0.423611907392 70.3375328412 -83.0372553337 0
894 5.43395709991 61.938983 44.298725 1.0235902 36.8555521987 113.513921434 1.67722434617 73.620118977 37.4504779213 0
897 5.48844099045 63.08776 46.123861 1.0214801 112.684760512 37.7364293076 0.626707373929 50.3012074429 -22.6188110708 0
900 5.44144892693 64.233274 47.872937 1.026201 60.4646086226 45.3388220367 1.72528059631 4.54142900134 40.0543104124 0
903 5.48639988899 65.367062 49.701179 1.0288308 62.2158558669 50.5514032309 0.949358711106 3.26389052143 -4.55341528271 0
906 5.4503030777 66.47055 51.411163 1.0247772 63.5483559871 52.0702042293 1.09649848229 2.99558895562 4.10932677643 0
909 5.44124698639 67.601685 53.206336 1.0345375 64.4488457592 54.7092146719 1.04917626507 3.49271235299 0.838739455977 0
912 5.32497811317 68.713633 54.989386 1.0321621 66.3275153878 55.6713833043 0.99185886235 2.4816683063 -2.30920541808 0
915 5.39122986794 69.889939 56.860516 1.0335194 67.0029635011 57.661371584 1.05502025182 2.99599686207 1.23190806512 0
918 5.39146995544 70.97178 58.665246 1.0279054 67.777496481 60.4348060163 1.02730721688 3.65168315315 -0.0342733682036 0
921 5.39762711525 72.083269 60.388926 1.0348295 69.4150142864 62.5939952699 0.963587502034 3.46149009843 -4.08186580754 0
924 5.39348697662 73.21006 62.180545 1.0389104 70.5758627224 62.5768423355 1.01225041081 2.66384062495 -1.52750486223 0
927 5.35928797722 74.211219 63.966291 1.0279221 72.1430193594 65.3434714475 1.047471949 2.48476874948 1.12012383784 0
930 5.4066119194 75.394113 65.876292 1.0355825 72.5411055813 67.3943729338 1.07668725373 3.23175200983 2.35512890674 0
933 5.36489081383 76.475569 67.55587 1.0353462 74.0516645406 68.6867407876 1.03479866122 2.67473018572 -0.0313716610396 0
936 5.37878298759 77.652303 69.425792 1.0395167 75.3008460945 70.2925947775 1.06014378299 2.50613180693 1.1818447992 0
939 5.40072607994 78.72098 71.209083 1.0347632 75.2176451583 72.0873291317 1.05868343944 3.61174075497 1.37052876487 0
942 5.4024310112 79.923618 73.070281 1.0406815 76.4352342416 74.2321553696 1.02139750028 3.67678844867 -1.10489179611 0
945 5.374366045 80.886825 74.813727 1.0240856 78.3789267872 75.7657739746 1.01291573354 2.68252621379 -0.639986205995 0
948 5.28669095039 82.003807 76.66259 1.0354781 80.5955908812 77.591394599 0.993696803081 1.68693527447 -2.39389197604 0
951 5.32995295525 83.149971 78.458347 1.0359732 81.5244510983 80.1950988918 0.972700172373 2.37878584247 -3.62527744003 0
954 5.36102986336 84.209192 80.07724 1.046865 81.4908146465 80.8791109187 1.01991039449 2.8341793179 -1.54438513441 0
957 5.34518003464 84.421821 80.346791 1.1291589 82.065654114 80.8946761875 1.08749330072 2.41902884922 -2.38726298967 0
960 5.36024618149 84.549549 80.462185 1.2384433 82.2485200042 80.9824059815 1.22826202901 2.35910243714 -0.583343857961 0
963 5.41185998917 84.477315 80.645515 1.377415 82.0642901722 80.2486710792 1.33321201073 2.44543941187 -2.5326447272 0
966 5.36453294754 84.491575 80.745704 1.5042297 82.2106828345 80.3154643686 1.48240334718 2.32111507921 -1.25055789883 0
969 5.3427491188 84.58151 81.604236 1.6242617 81.430234279 81.4621223038 1.60912181513 3.15447855795 -0.867451505632 0
972 5.37997889519 84.52138 83.606555 1.6450761 81.3282855568 83.5276284742 1.63303802665 3.19406974244 -0.689730796581 0
975 5.28598809242 84.450105 85.633891 1.6510189 80.9992083786 86.4593354434 1.62570505157 3.54824548483 -1.4503766784 0
978 5.34134292603 84.288283 87.799076 1.6553182 80.7227962764 87.8266785465 1.63623348268 3.56559356581 -1.09347375555 0
981 5.32893395424 84.219899 89.940013 1.6574582 81.106400662 90.5091144915 1.63450673579 3.16508268583 -1.31502203295 0
984 5.29583692551 84.085061 91.960688 1.6559816 81.1629491791 92.8606902572 1.62895826169 3.05757118589 -1.54832323326 0
987 5.36287307739 83.972707 94.061302 1.6546883 80.5549768638 95.2304971858 1.66184080147 3.6121872413 0.409808147421 0
990 5.39005804062 83.850194 96.236204 1.650278 80.4167007933 96.6121415381 1.64793552991 3.45401283042 -0.134213649573 0
993 5.63004899025 83.742141 98.372522 1.653672 80.4632554869 98.9128540932 1.66506883785 3.32310833091 0.652990708372 0
996 5.77349591255 83.558608 100.37046 1.6603574 79.5249728667 100.832004396 1.65922795065 4.05995512514 -0.064712680976 0
999 5.56997609138 83.448658 102.54165 1.6520527 79.6310893471 102.53213665 1.66840319363 3.81758050651 0.936814277956 0
1002 5.59527516365 83.308795 104.69204 1.6576029 79.3080859653 105.232971548 1.65376763035 4.03711279507 -0.21974476408 0
1005 5.48515486717 83.194681 106.76107 1.661421 78.958148264 107.962359465 1.67680602667 4.40355606326 0.881497095668 0
1008 5.93271613121 83.066158 108.84686 1.6653468 78.651227116 109.064110392 1.68419257146 4.4202728924 1.07978316619 0
1011 5.55008792877 82.920912 111.09751 1.6564676 78.6394239494 111.865278246 1.6662910321 4.34978252412 0.562841199527 0
1014 5.43060803413 82.798446 113.12029 1.6519674 78.4981200964 113.939122398 1.68952033178 4.37758944784 2.15162449957 0
1017 5.62326407433 82.725101 115.25424 1.6521864 78.6453857204 116.580236846 1.66994117356 4.28979537971 1.01727359139 0
1020 5.55085706711 82.605874 115.888 1.7134215 78.8431763024 117.308110023 1.71398994311 4.02176658196 0.032569391108 0
1023 5.92378401756 82.650086 115.98425 1.8265292 78.6632838768 117.55491105 1.83663578332 4.28503994204 0.579064569546 0
1026 5.86524009705 82.697137 116.16336 1.9516157 78.0475891088 117.322826809 1.96631226733 4.7919368603 0.842051281121 0
1029 5.81357502937 82.611261 116.28116 2.0730733 78.3639613125 116.939660574 2.10441892227 4.29804346669 1.79597186255 0
1032 5.53248381615 82.517518 116.45008 2.1971216 78.7005383197 117.164354029 2.22243212483 3.88323592745 1.45018625025 0
1035 5.57743000984 82.418538 116.4581 2.3123831 78.1821916951 116.620701074 2.33945313912 4.2394656649 1.55099899308 0
1038 5.45794987679 82.414024 116.83182 2.4679277 78.7998443818 115.928807173 2.54261460183 3.72528206704 4.27924425992 0
1041 5.66387987137 82.282962 116.94587 2.5874118 78.271491955 115.724687444 2.63490036877 4.19323011016 2.72089456555 0
1044 5.45671200752 82.208722 116.96752 2.707272 78.6288834366 116.292463346 2.75246619278 3.64293091156 2.58943650463 0
1047 5.52603006363 82.043289 117.20312 2.8493508 78.3011271485 117.486022899 2.88753324829 3.75284017414 2.18769313855 0
1050 5.40051102638 81.832352 117.28824 2.9891727 78.199449319 117.587610262 3.00052851625 3.64521665243 0.650640344329 0
1053 5.85738301277 81.142386 117.29523 3.0875315 77.8482157087 115.679271149 3.11451313365 3.66917986969 1.54593373267 0
1056 5.73896312714 79.131234 117.37152 3.1037602 75.4044004664 116.341444431 -3.10395102855 3.86656745244 4.32434616795 0
1059 5.9679582119 77.094643 117.50841 3.1079346 74.1717776206 116.803367146 -3.12985139988 3.00669710022 2.60118870086 0
1062 5.4020781517 74.899205 117.59033 3.115912 71.6821935043 117.027800041 -3.12836826994 3.26582346716 2.22909443582 0
1065 5.58163809776 72.824078 117.69503 3.116944 69.8891555452 116.202489416 3.13615973001 3.29263529854 1.10098022989 0
1068 5.42851901054 70.711208 117.83017 3.1174699 68.3151759946 116.685494894 -3.1150129319 2.65541907596 2.90503784466 0
1071 5.71700596809 68.550781 117.88294 3.1169773 66.0341398764 117.094362386 -3.14046006998 2.6372973283 1.47524813279 0
1074 5.51796507835 66.454241 117.99143 3.11617 63.4804063971 117.193231692 -3.13259204097 3.0790928509 1.97230787098 0
1077 5.50590205193 64.352032 118.06903 3.1139299 60.5415594368 116.928633303 -3.13918271226 3.97746222891 1.72303849773 0
1080 5.4332010746 62.204954 118.16997 3.1178991 59.8317000123 117.425773068 3.12284515828 2.48719994458 0.283388264552 0
1083 5.4249048233 60.134729 118.2293 3.1166836 56.8175029874 116.975299022 3.12406623051 3.54633710628 0.422993569862 0
1086 5.41448307037 58.034017 118.36643 3.1239361 54.8774666748 116.920709655 3.13249138596 3.47187518077 0.490181777823 0
1089 5.3864569664 55.858025 118.47896 3.1251128 52.1786722287 117.689381247 -3.13735661059 3.76311990546 1.18693344322 0
1092 5.40737700462 53.766425 118.55 3.1243401 49.5328610659 117.108329735 3.13508223365 4.47230105605 0.615478921228 0
1095 5.42085194588 51.628528 118.603 3.1187628 48.6277577036 117.349410668 -3.13546032255 3.25209295471 1.65941094479 0
1098 5.58195185661 49.494235 118.64783 3.1200968 47.342118461 117.265335153 3.13843207077 2.55790883344 1.0505336313 0
1101 5.6706571579 47.379245 118.80828 3.1260538 44.7597065258 117.389044967 3.13024600279 2.97929687976 0.240195526863 0
1104 5.60390210152 45.313934 118.87713 3.1250737 43.1064093654 117.162770559 3.12276645366 2.79503010816 -0.132195477456 0
1107 5.6804921627 43.229975 118.9845 3.131291 41.3664548444 117.761081994 -3.1403783122 2.22922833909 0.659817908987 0
1110 5.88909912109 41.038059 119.03542 3.1300111 38.8871497977 116.666764768 3.11899795891 3.19952152726 -0.631006503447 0
1113 5.67431402206 38.877743 119.09254 3.1262084 36.1087516113 117.857324079 3.1084543575 3.03200786308 -1.01723170447 0
1116 5.78857707977 36.866989 119.17866 3.1252668 33.8151684897 118.740097878 3.09070604426 3.08317128323 -1.98018544083 0
1119 5.73738384247 34.67231 119.25843 3.1314701 32.1770990479 119.141112735 3.07231354069 2.49796738092 -3.38942117916 0
1122 5.74619984627 32.567479 119.34722 3.1353596 31.1226261738 118.561622868 3.06885240352 1.64461622996 -3.81058166538 0
1125 5.47363781929 30.502201 119.36971 3.1349527 26.9704516884 117.689693425 3.14147703656 3.91097288326 0.373816949 0
1128 5.38376617432 29.15421 119.31018 -3.13185 26.4470897867 117.944038249 -3.12124328137 3.03229997429 0.60772021174 0
1131 5.84293889999 28.938717 119.39146 -3.028318 26.6874772589 117.555353103 -3.02688177402 2.90505919215 0.0822896871175 0
1134 5.90752482414 28.80706 119.32785 -2.9089456 26.3918151217 117.199627968 -2.89998415394 3.21912050729 0.513453037481 0
1137 5.47570109367 28.607415 119.34948 -2.7753086 25.8385620972 117.086835361 -2.76245928826 3.57576665373 0.736211332441 0
1140 6.43723917007 28.309413 119.3977 -2.6319404 26.2214983883 116.704803118 -2.64661899804 3.40750363777 -0.841021716888 0
1143 5.85111308098 28.176965 119.31562 -2.5155106 26.1725683063 117.486970763 -2.4951534558 2.71322025233 1.16637844548 0
1146 5.42887687683 28.13257 119.1422 -2.3876282 26.461481253 117.685308848 -2.38301189654 2.21699558637 0.264494705016 0
1149 5.70037293434 28.071656 119.10664 -2.2643471 25.9722501368 117.989250531 -2.27496845668 2.37824813742 -0.608558910214 0
1152 5.68236613274 27.847582 119.05477 -2.1225081 24.7663819785 119.226620055 -2.09632264448 3.08598866072 1.50031608577 0
1155 5.38215994835 27.651134 118.95518 -2.0012288 25.1474433926 118.751118845 -2.00638526929 2.51199275725 -0.295443927648 0
1158 5.78653788567 27.585975 118.8068 -1.8653126 24.7082249413 118.862027671 -1.90032943219 2.87827995442 -2.00631669626 0
1161 6.14048290253 27.545652 118.66047 -1.7395281 24.9699819139 118.7029085 -1.77451362364 2.57601968525 -2.00452284884 0
1164 5.63105893135 27.426878 118.54472 -1.6078392 23.8357745564 117.615009852 -1.61431015875 3.70949927903 -0.370758625593 0
1167 5.7094399929 27.408113 118.27266 -1.4907581 26.6590451533 116.645842576 -1.53004044531 1.79098787582 -2.25071259576 0
1170 5.41813707352 27.619078 117.43976 -1.368489 26.6299037973 117.219292112 -1.36999014905 1.01344545622 -0.086009504755 0
1173 5.44626402855 28.00462 115.50954 -1.3464267 27.553399048 115.857292706 -1.30877518313 0.569677357885 2.15727300886 0
1176 5.53642511368 28.352772 113.43776 -1.3439724 26.7744756755 113.527333829 -1.3623472031 1.58083609486 -1.052798667 0
1179 5.38605499268 28.777386 111.37552 -1.3470791 26.8246069795 110.626219603 -1.35463506817 2.09160153658 -0.432925086444 0
1182 5.35828185081 29.292879 109.18718 -1.3487141 26.4678052267 110.255998573 -1.41365847479 3.02049912522 -3.72103857846 0
1185 5.43400883675 29.664866 107.14961 -1.3582731 26.4293912953 107.433262236 -1.38453867337 3.24788472022 -1.50490650071 0
1188 5.39551901817 30.155372 105.1583 -1.3627181 27.0199242441 106.136092615 -1.43251628597 3.28437376502 -3.99914147393 0
1191 5.40657091141 30.584999 103.08809 -1.3538609 27.6155415836 102.986171841 -1.40320063973 2.97120592669 -2.82695884874 0
1194 5.42876911163 30.932942 101.04272 -1.3388863 28.1463228467 101.327446198 -1.38076887433 2.80112750756 -2.39969474452 0
1197 5.41754817963 31.46397 98.886394 -1.3633561 29.2643132451 99.0197290795 -1.40097178799 2.20369418994 -2.15522016544 0
1200 5.41018295288 31.761459 96.890841 -1.3338862 30.280890311 96.3904869025 -1.32012863159 1.5628300822 0.78825060602 0
1203 5.35671615601 32.148779 94.808879 -1.340085 30.4888008234 94.1606986534 -1.35797496374 1.78203964839 -1.02501941768 0
1206 5.43700695038 32.63242 92.742465 -1.3409888 31.4376464478 92.3418154946 -1.32826140814 1.26016025459 0.72922583771 0
1209 5.47249913216 33.223163 90.635151 -1.3443959 31.6368081851 91.0323392641 -1.30723946101 1.63532263358 2.12890713571 0
1212 5.44158792496 33.480467 88.544154 -1.3400822 32.0273666413 89.3344314643 -1.35920798106 1.65409767636 -1.09582653491 0
1215 5.58754205704 33.996344 86.523674 -1.3537744 31.7981220446 86.3345347605 -1.34716802195 2.20634390277 0.378517580085 0
1218 5.67645406723 34.391099 84.502242 -1.3500462 32.6586092078 84.3014614954 -1.34832849635 1.74408534517 0.0984171698039 0
1221 5.64772891998 34.871654 82.311763 -1.3462417 33.2956967964 83.2435587491 -1.32799810254 1.83081523519 1.04528113766 0
1224 5.55853295326 35.319079 80.358924 -1.358939 34.2483739781 80.7361080119 -1.33563193746 1.13519911147 1.33539631632 0
1227 5.51371788979 35.776446 78.250756 -1.3606991 34.6120037684 78.0219465149 -1.34405071834 1.18670952267 0.953882004928 0
1230 5.46852183342 36.167733 76.160289 -1.3496683 34.9341494547 76.6393004817 -1.35409869406 1.32332171559 -0.253842881431 0
1233 5.43746900558 36.593873 74.026216 -1.3452321 34.7215161428 74.6567163766 -1.36064557043 1.97566467948 -0.883126803297 0
1236 5.4410469532 37.096668 72.068535 -1.358637 34.6248655318 72.1619167817 -1.36673021833 2.47356576609 -0.4637072529 0
1239 5.34117484093 37.456761 70.030489 -1.3570922 35.1859380971 70.1568712108 -1.38703671605 2.27433707253 -1.71569438903 0
1242 5.34940814972 37.942935 67.912468 -1.3598503 36.2844534365 68.0055706666 -1.38569144748 1.6610927737 -1.48058868844 0
1245 5.41064810753 38.381728 65.750541 -1.3597279 37.2925724398 65.574370272 -1.34593018377 1.10331136116 0.790550907091 0
1248 5.46287417412 38.78715 63.709446 -1.3638712 37.7669054164 63.241271469 -1.36811612887 1.12253570182 -0.243216508531 0
1251 5.56905698776 39.284372 61.704874 -1.358189 37.73963848 61.8640012272 -1.37393584419 1.55290795676 -0.902227712993 0
1254 5.46833395958 39.616785 59.610797 -1.3616912 38.485579103 59.4831722076 -1.36714088361 1.1383825671 -0.312243870709 0
1257 5.38455414772 40.0981 57.483375 -1.3627524 39.0532138413 58.1766209374 -1.34585146147 1.2539445818 0.968352447302 0
1260 5.41254687309 40.478176 55.366289 -1.371191 39.4484576837 56.0192363293 -1.30405199973 1.21928668731 3.84678135622 0
1263 5.41486406326 40.927924 53.368372 -1.3697355 39.7854394485 53.7242525705 -1.33269496934 1.1966294041 2.12226607791 0
1266 5.34748888016 41.311773 51.24524 -1.3687118 40.3549980726 51.3272530776 -1.34284922729 0.960283503279 1.48181626347 0
1269 5.4228348732 41.752813 49.127024 -1.3690442 41.2049429665 49.8378014194 -1.35081242335 0.897421926156 1.04460385514 0
1272 5.36429715157 42.124468 46.999249 -1.3746445 41.5712686912 47.8953088163 -1.3437363488 1.05306821697 1.77090661647 0
1275 5.357172966 42.489069 45.000812 -1.3756167 41.6710316371 45.7967038955 -1.34596754554 1.14132775158 1.69877141672 0
1278 5.41094112396 42.919623 42.847052 -1.3693623 41.3213446612 44.3311206833 -1.37594363448 2.18104413184 -0.377082689369 0
1281 5.43327498436 43.26925 40.76156 -1.3849404 43.0937661256 41.8801979744 -1.33882522833 1.13231864246 2.64220470806 0
1284 5.5472369194 43.723057 38.666685 -1.382086 43.4978468183 39.1341198402 -1.35378101385 0.518859283234 1.62175624564 0
1287 5.30073308945 44.069109 36.638541 -1.3748634 44.3107005418 36.8576500018 -1.34143742525 0.326152154302 1.91516727928 0
1290 5.37673211098 44.48264 34.512889 -1.372972 43.6745427313 35.3019350901 -1.35000101794 1.12943124093 1.31614032313 0
1293 5.65008711815 44.660959 33.544964 -1.3339999 44.8281792446 33.6999001412 -1.32394408361 0.227964510502 0.57615583889 0
1296 5.59613394737 44.654294 33.324157 -1.2074321 44.8103606677 34.051634036 -1.21830584982 0.744029329161 -0.623019972309 0
1299 5.68063497543 44.699557 33.107025 -1.0711259 44.2418252446 33.3483951433 -0.982439344446 0.517472613773 5.0813653328 0
1302 5.65178894997 44.829945 32.953901 -0.95914547 43.7153727956 33.3044767979 -1.02733487422 1.16840685932 -3.90696506925 0
1305 5.55347800255 44.914184 32.826307 -0.82117543 43.4621085065 32.9096327551 -0.769702012118 1.45446430695 2.94920960177 0
1308 5.64406013489 44.932468 32.690373 -0.70238554 43.3997040919 33.6722771788 -0.791931213541 1.82030245137 -5.13058916756 0
1311 5.57799196243 45.019913 32.619075 -0.56167342 44.9426082937 33.1858417681 -0.831289667876 0.572014499003 -15.4478730915 0
1314 5.68965101242 45.164806 32.47066 -0.44585332 43.0824322949 32.0661005358 -0.546784688267 2.1213082303 -5.78294142217 0
1317 5.64752602577 45.307079 32.373178 -0.30795343 43.5036307594 32.1358285473 -0.49416094273 1.81899981282 -10.6689045931 0
1320 5.62416911125 45.468859 32.25314 -0.19105128 42.7743326049 32.6181511295 -0.451999815685 2.71913692532 -14.9512497649 0
1323 5.6935300827 46.833289 32.057508 -0.10389315 44.4095893105 32.8422460299 -0.22869322628 2.5475741325 -7.15051765376 0
1326 5.6611468792 48.863767 31.868312 -0.084237935 46.8102938646 30.4503372948 -0.440274186493 2.49547674449 -20.3993745642 0
1329 5.55266094208 51.033972 31.691587 -0.08198003 49.2553423673 33.7430012371 0.0365768620313 2.7151102634 6.79280954558 0
1332 5.60557293892 53.111195 31.42619 -0.084122232 51.0669255379 33.2032976477 -0.00520769489574 2.70871726559 4.5214699183 0
1335 5.55964016914 55.206155 31.249451 -0.082409142 53.9731346467 32.9708725119 -0.0603317104986 2.11745866862 1.26494364752 0
1338 6.15217614174 57.287235 31.07162 -0.080297126 56.3969784743 32.9585810643 -0.024383217294 2.08642726684 3.20363098493 0
1341 7.03687787056 59.516372 30.847745 -0.092608556 58.4769944996 33.2235011023 -0.0117292194919 2.59316845696 4.63404463173 0
1344 6.69783711433 61.567611 30.670937 -0.091677002 60.7618359433 33.4210866886 -0.0455658228396 2.86576285687 2.64197595426 0
1347 5.99076914787 63.68279 30.502969 -0.089332225 63.4883819642 32.4349949272 -0.088694108189 1.94178234307 0.0365614001074 0
1350 5.79676008224 65.773678 30.270465 -0.081918863 65.8590280907 31.5691153212 -0.0898479066839 1.30145199474 -0.454300738665 0
1353 5.56592416763 67.870787 30.052005 -0.080757136 68.3666013251 32.0351177851 -0.0859204468169 2.04415463293 -0.295835918121 0
1356 6.20123100281 69.978421 29.855203 -0.080851998 69.311768086 31.7216759308 -0.0939983133493 1.98195542563 -0.75322838566 0
1359 5.5748090744 72.04312 29.748383 -0.089661546 70.32563157 30.9144138106 -0.0858143777391 2.07590808042 0.220426504425 0
1362 5.42842292786 74.192216 29.503442 -0.097083695 72.8065434367 30.8120479221 -0.0902370013859 1.90592180118 0.39228664771 0
1365 5.40946006775 76.337484 29.313327 -0.092202589 75.1700894782 30.3243966242 -0.0944440311573 1.54436775241 -0.128425175639 0
1368 5.40138196945 78.469083 29.072242 -0.088851811 77.2550368455 30.3279467448 -0.0881217433749 1.74662602502 0.041829793678 0
1371 5.37624311447 80.508884 28.860474 -0.08148585 79.517361525 30.4626073784 -0.0932934116929 1.88413061667 -0.676523451343 0
1374 5.42711806297 82.648681 28.706332 -0.092016755 81.0452567184 30.326898753 -0.0672527158626 2.27973814895 1.41887492627 0
1377 5.35011005402 84.803463 28.469695 -0.089914919 83.4019153365 30.7768347665 -0.0849207391043 2.69948694291 0.286145430152 0
1380 5.34686398506 86.909059 28.274418 -0.095059786 85.0559729252 30.2107772171 -0.0698359100118 2.68018936234 1.44522163709 0
1383 5.29292798042 88.999768 28.069648 -0.093100738 87.0503363234 30.2994325263 -0.0545075237247 2.96179386446 2.21122829582 0
1386 5.40533494949 91.148907 27.8824 -0.087682683 90.0838278268 29.8727186044 -0.0470351588584 2.2573794081 2.32893158097 0
1389 5.36383295059 93.191686 27.680334 -0.085944106 91.1582996983 30.0741447511 -0.0647117241878 3.14085812538 1.21652586685 0
1392 5.31624102592 94.597595 27.536443 -0.026113958 93.3868400235 29.6988142665 -0.0413189421129 2.47826090378 -0.871181417234 0
1395 5.2677230835 66.734672 23.138609 0.64678418 95.0860391049 31.2795651936 -0.0288280135787 29.497036876 -38.7097272796 0
1398 5.31902909279 41.954155 8.6979942 1.5862633 98.079550703 31.8251096916 0.0325119678575 60.7035708487 -89.0233937446 0
1401 5.30862998962 40.498777 7.6026468 1.6671323 99.8450817809 31.7295316463 0.0148576098524 64.0631755655 -94.6683663417 0
1404 5.30431604385 40.36551 9.5759073 1.6613912 100.904677959 30.6896312505 -0.0087918246782 64.1153663037 -95.6944383285 0
1407 5.30215907097 40.15753 11.693798 1.6450717 102.662440335 30.5290216077 -0.02912907953 65.2811570389 -95.9246387246 0
1410 5.30734419823 40.017928 13.779826 1.6578436 103.292654279 31.073830649 -0.05020351605 65.5955302024 -97.8638909592 0
1413 5.3982629776 39.937066 15.922073 1.6651068 105.6787107 31.607711816 0.00516579278004 67.5870040237 -95.1076139544 0
1416 5.36671686172 39.75755 17.953862 1.6630734 105.498000673 30.1635407939 -0.0257808697648 66.8646626473 -96.7642218702 0
1419 5.38390684128 39.645384 20.177858 1.663423 107.4733334 30.9895600312 0.0108524441873 68.6842312374 -94.6853181957 0
1422 5.38222408295 39.526919 22.292671 1.6684735 110.967125179 33.1748464192 0.0828580429086 72.2642705679 -90.849073622 0
1425 5.35795617104 39.303781 24.413998 1.6572417 112.377210032 32.7671814027 0.0762237330529 73.5493147726 -90.5856568404 0
1428 5.39939117432 39.21094 26.55624 1.6661167 115.027913893 34.2036101545 0.207476109428 76.2016784633 -83.5739496662 0
1431 5.374325037 39.049874 28.673026 1.6660737 117.371940232 33.8717931522 0.117248623364 78.4944153348 -88.7411400952 0
1434 5.40785598755 38.816051 30.701859 1.6598041 120.149184127 34.6649030643 0.12630992945 81.4296276701 -87.8627438804 0
1437 5.51137018204 38.695572 32.853799 1.6647394 123.354842518 35.203343229 0.132327855503 84.6918676305 -87.8007139768 0
1440 5.41197395325 38.58982 35.008607 1.6723781 124.331003233 35.1315734754 0.107880800883 85.7412714095 -89.639092299 0
1443 5.46346592903 38.393816 37.160762 1.6689022 126.617085559 36.0714005336 0.105713215637 88.2299948998 -89.5641313853 0
1446 5.38765096664 38.314928 39.264936 1.6781402 129.254967684 36.741152017 0.154060967706 90.9750531922 -87.323307654 0
1449 5.56569886208 38.042909 41.445131 1.6601298 130.415169906 36.9646791425 0.194804981278 92.4808576611 -83.9569277285 0
1452 5.60743999481 37.893052 43.482766 1.6655679 135.272588485 27.1565386768 -0.0546152673707 98.7386440288 -98.5592354798 0
1455 5.47696900368 37.737395 45.529248 1.6663309 138.513606274 27.3851379173 -0.0381339956872 102.396550183 -97.6586448511 0
1458 5.44920110703 37.667375 47.706088 1.6735516 140.576130212 26.4887118188 -0.0902779747316 105.073255166 -101.059990412 0
1461 5.4348590374 37.411337 49.793915 1.6717816 141.75330902 25.2960752022 -0.10960317841 107.179248364 -102.065829492 0
1464 5.46702694893 37.208006 51.943854 1.66906 137.469964646 36.9714006785 0.0849500004422 101.373737773 -90.7628172591 0
1467 5.42465901375 37.03196 53.963531 1.6741645 140.889607915 39.0961947215 0.189056588762 104.916389179 -85.0904154354 0
1470 5.59680485725 36.983983 56.143126 1.6856298 28.0685366163 118.288666778 1.78353560278 62.7817921283 5.60958928922 0
1473 5.51098704338 36.720012 58.206076 1.6746777 71.5752227682 13.1646667415 2.79695729327 56.952737122 64.3018841279 0
1476 5.34910297394 36.536888 60.398002 1.6787317 33.9289704297 54.8218555112 -1.36200201841 6.15586254866 -174.221208688 0
1479 5.35443377495 36.401835 62.417273 1.6766351 34.2977709021 62.6947159921 1.7725666463 2.12227715953 5.49647272518 0
1482 5.45118999481 36.239068 64.615141 1.6886647 24.3826821253 100.855003168 1.40123290485 38.1300602669 -16.4686287601 0
1485 5.37709784508 35.99676 66.655908 1.678851 32.7709324056 66.0790030498 1.7622715691 3.27700823773 4.77964653408 0
1488 5.77532100677 35.830181 68.859683 1.6854848 33.0545415274 68.8308973185 1.70863899681 2.7757887343 1.32663775522 0
1491 5.53349018097 35.575227 70.898859 1.683738 34.4335400993 71.5005059092 1.70134567397 1.29051461925 1.00884540559 0
1494 5.64976501465 35.463169 73.006353 1.6935188 32.9986480154 72.9194134145 1.70753156953 2.46605396836 0.802872553531 0
1497 5.55500602722 35.205801 75.07321 1.6913976 32.1446845633 74.4147499684 1.72565446934 3.13113453116 1.96277403237 0
1500 5.62271595001 34.978045 77.287591 1.6912075 32.8266698134 75.1236887022 1.77785985158 3.05137482914 4.96481403028 0
1503 5.41842079163 34.814043 79.320098 1.7000185 30.996761977 78.1085589797 1.76603646492 4.00492961314 3.7825507621 0
1506 5.43662691116 34.580736 81.372215 1.6970036 30.9558202721 81.1256892982 1.73081312684 3.6332889998 1.93714319522 0
1509 5.57731389999 34.345965 83.441951 1.6955247 30.5697191002 83.1130085118 1.73503966673 3.79054564102 2.26404082122 0
1512 5.47385406494 34.142398 85.698773 1.7034669 29.9734038357 85.0037667383 1.71153076445 4.22652884126 0.462025399344 0
1515 5.42925405502 33.910208 87.748137 1.7016389 30.6368221633 87.1464665356 1.70136332261 3.32822207543 -0.0157894216514 0
1518 5.53650403023 33.670818 89.737713 1.6967853 30.2085767648 89.2946497815 1.68546380445 3.4904755244 -0.648673912759 0
1521 5.44495987892 33.472926 91.900649 1.7056804 30.3661606917 91.9527727362 1.69668449234 3.10720253035 -0.515427542015 0
1524 5.39991688728 33.217902 94.036516 1.7078464 29.1740267869 93.4255049284 1.71296166239 4.08977521004 0.293082945997 0
1527 5.45645189285 33.034075 96.178482 1.7177188 29.014310828 96.0897377425 1.72721631614 4.02074365527 0.544167590394 0
1530 5.48115086555 32.713254 98.174723 1.7080491 28.2651708227 97.509364137 1.71226675444 4.49757116324 0.2416537988 0
1533 5.38115406036 32.45653 100.24821 1.7068362 27.7588194503 99.3110361907 1.72782902065 4.79027965339 1.20280002319 0
1536 5.35448718071 32.217075 102.39435 1.7082962 28.3176994243 102.135364109 1.72000286043 3.90796668001 0.670742234893 0
1539 5.62498092651 31.955228 104.48204 1.7110577 27.8487771643 103.33820496 1.69490472793 4.26278043831 -0.925497126468 0
1542 5.55700302124 31.741377 106.6002 1.7198575 28.0908322241 105.536105168 1.69629552478 3.80246958851 -1.35000173702 0
1545 5.55140209198 31.439656 108.68741 1.7105287 27.6094440177 108.077633089 1.68347367249 3.87844707455 -1.55013889075 0
1548 5.42859196663 31.216018 110.75498 1.7177022 27.7151214903 110.318513664 1.70682379277 3.52799932448 -0.623286821888 0
1551 5.33634805679 30.916985 112.90957 1.719675 26.8301527431 112.606289221 1.7137475752 4.09806992704 -0.339616424239 0
1554 5.39477300644 30.668641 114.94646 1.716506 27.2857844705 114.323437796 1.67003567291 3.43974925921 -2.66255361506 0
1557 5.34661316872 30.419865 117.12266 1.716223 27.1433995568 115.697048376 1.67978436916 3.57317705997 -2.08777975853 0
1560 5.31177806854 30.132888 119.21343 1.725557 26.3089526539 116.217880448 1.68879752307 4.85755068438 -2.10616288523 0
1563 5.34973287582 29.88258 121.34383 1.72867 26.7026955773 120.169682761 1.73901823666 3.38973253822 0.592910285813 0
1566 5.31905317307 29.981486 120.5055 1.7055843 25.4643353903 119.836336345 1.70625327809 4.56644606101 0.0383296213635 0
1569 5.377409935 30.170653 118.4575 1.6900862 26.4047162859 117.544282263 1.7032844575 3.87508012436 0.756204451461 0
1572 5.3484890461 30.502618 115.6086 1.6745202 27.2311001288 114.315033488 1.69429739458 3.51797434642 1.13314977989 0
1575 5.3407728672 30.699806 113.48782 1.6738205 27.1086882272 112.568645234 1.66271500818 3.7068867139 -0.636297810678 0
1578 5.34155988693 30.8492 111.36091 1.6697397 28.4747798913 111.130864013 1.71556977507 2.38553809628 2.62586987649 0
1581 5.37205004692 30.973164 109.37107 1.6787837 28.4495333858 108.629926159 1.71401138867 2.63021019508 2.01839788254 0
1584 5.35134291649 31.204408 107.09871 1.665475 27.8610760286 107.050092098 1.7008172799 3.34368544739 2.02496347685 0
1587 5.35131001472 31.322843 104.96751 1.6587885 27.9929488319 105.328478531 1.70850642687 3.34940195432 2.84862737592 0
1590 5.33650898933 31.457099 102.91722 1.6541397 28.1128243638 102.715945831 1.67524574372 3.35032597422 1.20928722732 0
1593 5.36475920677 31.546684 101.34427 1.631357 29.1312892524 101.962957131 1.69484656974 2.49337232547 3.63768438908 0
1596 5.3641910553 31.536552 101.09899 1.5279681 28.4097786763 101.852508559 1.56199056199 3.21628693326 1.94934348049 0
1599 5.3268802166 31.522716 100.84711 1.3818466 29.0176853712 101.631552422 1.45862053505 2.62498159322 4.39882245497 0
1602 5.37198400497 31.33472 100.81397 1.2437751 29.4604267417 101.677027796 1.38611127564 2.06345437978 8.15526213641 0
1605 5.32377290726 31.335612 100.76499 1.1262837 27.88614793 102.080680325 1.19537484655 3.69186178001 3.95863109912 0
1608 5.39743185043 30.238332 99.003137 0.9296569 29.252044342 100.327190327 1.0552935499 1.65102409306 7.19844979167 0
1611 5.42977499962 28.772289 97.32743 0.78863198 26.4905714676 98.6281418126 0.892490369323 2.62642078069 5.95064737522 0
1614 5.41133999825 27.005154 95.945316 0.6582802 24.4314831634 96.9074593481 0.750021667173 2.7476356013 5.25639887533 0
1617 5.40674686432 26.209553 95.323497 0.64585939 23.6537276864 95.34005231 0.690860729581 2.55587893138 2.57838683044 0
1620 5.42704105377 26.225548 95.299359 0.74214735 23.7697940963 94.7860978796 0.818441614804 2.50881729374 4.37133937432 0
1623 5.40070581436 26.287241 95.304851 0.87876564 23.6644213193 94.7987911451 0.922909412999 2.6711944246 2.52925188464 0
1626 5.39378499985 26.503119 95.525486 1.0159202 23.6004905427 94.1321640177 1.07940018694 3.21972019091 3.63713533533 0
1629 5.34276485443 26.584147 95.637624 1.1414331 22.3316331555 95.0102822756 1.13959481531 4.29853831398 -0.105325954237 0
1632 5.43824219704 26.62792 95.717086 1.2595284 24.9571513941 96.2210984168 1.2604731768 1.74513502365 0.0541317229439 0
1635 5.35528278351 26.756174 95.797181 1.3910555 23.8477322504 96.4885058934 1.44636677398 2.98947545884 3.16910255833 0
1638 5.43451905251 26.381693 93.77201 1.3952992 23.9002943702 93.6380063306 1.54218490443 2.48501431453 8.41593093452 0
1641 5.37431192398 26.011804 91.856332 1.39866 22.8415833392 92.6545428335 1.44469874674 3.26916496573 2.63782588227 0
1644 5.46431398392 25.609249 89.727224 1.3968171 22.8445819333 90.2042316221 1.45556024328 2.80551604184 3.36573418504 0
1647 5.56078100204 25.2462 87.568251 1.3940659 22.6149347295 87.9972638934 1.43438333277 2.66600993738 2.31001873877 0
1650 5.61672902107 24.820481 85.505592 1.4017015 22.3170067005 85.8061304367 1.46606314994 2.52144936893 3.68765090388 0
1653 5.34514117241 24.493958 83.448062 1.398475 20.4116109059 84.0654172157 1.41524136434 4.12876316334 0.960641914176 0
1656 5.32525396347 24.080092 81.345956 1.3962744 20.2179616773 81.6811833098 1.40863985814 3.8766516453 0.708488563027 0
1659 5.32460594177 23.622432 79.208855 1.3888608 20.5884283766 79.0231662532 1.45532142521 3.03968062423 3.80791332833 0
1662 5.33575201035 23.236261 77.182266 1.3737053 20.2491427005 77.6867467029 1.43287109514 3.02941851095 3.38995035292 0
1665 5.33843207359 22.741503 75.111069 1.3685019 20.1489176146 75.1618483752 1.46219050545 2.59308262993 5.36796168054 0
1668 5.44200611115 22.23837 73.007777 1.3690406 18.9042496377 72.8112781975 1.40186919694 3.33990574259 1.88094005225 0
1671 5.42214179039 21.796618 70.8705 1.3677106 18.787794111 71.5126358258 1.41952595257 3.07658245681 2.96880101599 0
1674 5.52396512032 21.306705 68.900927 1.3588762 19.7694038066 69.1852883647 1.46883051218 1.56337978273 6.29991802711 0
1677 5.64603900909 20.800373 66.796896 1.3509317 20.0025572758 67.1779094435 1.50433382691 0.884127351598 8.78929444017 0
1680 5.41950297356 20.180988 64.758154 1.3339286 20.8354558427 65.6590409318 1.52391144696 1.11351938517 10.8852153107 0
1683 5.40545487404 19.716632 62.635567 1.3210663 18.2069263565 63.4008456417 1.43678491161 1.69259047894 6.63018805625 0
1686 5.4688642025 19.127208 60.642471 1.320188 17.016709907 60.7422182691 1.39952144049 2.11285392734 4.54547131431 0
1689 5.35273003578 18.573484 58.538556 1.3117791 18.0940830226 58.1828485242 1.46119239683 0.596953185312 8.56075131162 0
1692 5.58256101608 18.03732 56.562177 1.3046299 16.8537836745 56.6616085722 1.41763643876 1.18770571747 6.47479772849 0
1695 5.34820103645 17.470308 54.449011 1.30616 16.0747323656 55.0166487177 1.40507790381 1.50660012273 5.66757840643 0
1698 5.39819812775 16.865167 52.414515 1.2995721 14.7740070511 52.2397315445 1.37791571532 2.09845161679 4.48875850977 0
1701 5.35130500793 16.322269 50.452679 1.2871313 14.9827696996 50.7407361215 1.39745783088 1.37012235986 6.3212445879 0
1704 5.38461899757 15.679585 48.421133 1.2791916 14.5666356507 48.3330732451 1.37284449517 1.11642768438 5.36591563216 0
1707 5.30891299248 15.049517 46.343459 1.2810584 14.1676279838 46.091584889 1.39208924388 0.917152552576 6.36159875022 0
1710 5.39001893997 14.370513 44.264129 1.2685694 13.812876394 44.9999844679 1.39151046046 0.92327777725 7.04400389332 0
1713 5.33469891548 13.728985 42.398373 1.2622613 13.3207419755 42.439741116 1.40661335753 0.410333630238 8.27076366076 0
1716 5.38713788986 13.116178 40.310007 1.2578142 12.8351910648 40.3356712857 1.38482589293 0.282156540442 7.27723395381 0
1719 5.33100390434 12.482531 38.460523 1.239848 13.362976847 38.8756841027 1.3842967311 0.973418528046 8.27630264811 0
1722 5.41232609749 12.331027 38.238303 1.1567887 10.9658164407 38.4113922113 1.27619847911 1.3761394356 6.84167637581 0
1725 5.38171696663 12.263795 38.100898 1.043782 11.5529113858 37.6659626817 1.16896664016 0.833381211676 7.17255154089 0
1728 5.3658850193 12.231882 38.075858 0.90529637 11.2522242323 37.4578393109 1.01946545271 1.15830757658 6.54140659016 0
1731 5.37707805634 12.170047 37.918491 0.7605547 10.9588125043 37.7041057213 0.93186879859 1.23006099491 9.81557482029 0
1734 5.40084314346 11.9457 37.868652 0.60051086 12.260933702 37.3588805035 0.827095099435 0.599365719324 12.9823206238 0
1737 5.35949492455 11.861848 37.85602 0.47073445 11.9294527893 37.995354094 0.648478763821 0.154868968118 10.1839990144 0
1740 5.37338900566 11.68598 37.868337 0.32347919 12.4348216252 38.1287015539 0.50694381223 0.792813648033 10.5117485438 0
1743 5.33340787888 11.634663 37.834152 0.18688423 12.0408600259 37.0518657467 0.268087711184 0.881457773179 4.65261675363 0
1746 5.440294981 11.546787 37.799316 0.059161186 11.8170478875 36.2709469348 0.170271688904 1.55208019984 6.36616287599 0
1749 5.45747113228 11.461332 37.784444 -0.088384018 11.4296731494 36.8169673303 0.0862119628181 0.967994519205 10.0036128208 0
1752 5.94377994537 11.353119 37.809133 -0.22428348 11.5881925946 38.3249958661 -0.180690866698 0.566898660719 2.49767276013 0
1755 5.48436903954 11.259101 37.929753 -0.36642208 13.5394705854 38.063071301 -0.236294308947 2.28426338575 7.45577207876 0
1758 5.47046303749 11.22919 38.083377 -0.50941267 12.1627948843 37.7742127318 -0.317243370609 0.983463585812 11.0104898071 0
1761 5.39731001854 11.185129 38.110347 -0.64618684 13.5070105011 37.5946261456 -0.410965025793 2.37846625049 13.4772172035 0
1764 5.3989508152 11.588805 37.741111 -0.76036767 12.4244623757 37.6266336852 -0.709188873117 0.843462094677 2.93232906193 0
1767 5.51078510284 13.063467 36.224873 -0.77289998 13.6857740979 36.3057208931 -0.748285901964 0.627536856214 1.41028278807 0
1770 5.51078391075 14.493375 34.807156 -0.77803694 14.7137605736 35.1267148894 -0.742495670785 0.388185116742 2.03636472455 0
1773 6.42036914825 15.892318 33.28564 -0.77023756 15.5122226069 33.9819833047 -0.727776054318 0.793326229151 2.43286506738 0
1776 5.6091029644 17.405154 31.857105 -0.77891679 17.004724179 32.0794083942 -0.706444098712 0.45799873432 4.15237934075 0
1779 5.57320094109 19.008966 30.381332 -0.78385491 19.0705416592 30.5992433037 -0.760631406804 0.226444028564 1.33060871861 0
1782 6.18072295189 20.517371 28.856906 -0.78454873 20.3301549574 29.4972396727 -0.805929962615 0.667140958882 -1.22505438964 0
1785 5.32254195213 22.037399 27.308602 -0.78653789 21.7914557268 27.8721410209 -0.793641346617 0.614869353385 -0.406998084113 0
1788 5.84221577644 23.470866 25.802264 -0.78746834 23.4575912924 26.1221354502 -0.765007302376 0.32014678279 1.28692265933 0
1791 5.84400320053 25.030138 24.239515 -0.79252133 25.3095888653 24.8548189886 -0.804107731114 0.675789748777 -0.66385188355 0
1794 6.31476020813 26.508975 22.80392 -0.79210599 26.5755239162 23.3461425339 -0.79434647267 0.54629116279 -0.128370201062 0
1797 5.53092598915 27.961008 21.312251 -0.79564812 27.7352213781 21.5736803222 -0.75632764473 0.345434348509 2.25289728142 0
1800 5.37825489044 29.36401 19.750057 -0.78815021 29.0242632395 19.8895677414 -0.788853585707 0.367275248571 -0.0403004594134 0
1803 5.38779306412 31.016391 18.179875 -0.79578372 31.0374732657 19.1173743838 -0.787958380845 0.937736400363 0.448358906817 0
1806 5.38358712196 32.405165 16.663972 -0.79079715 31.7893718654 17.4797483373 -0.760237497972 1.02210186241 1.75093908459 0
1809 5.40879797935 33.875627 15.226881 -0.79213801 33.6835911858 15.8739607596 -0.817397310266 0.674974050742 -1.44725129867 0
1812 5.41370987892 34.400964 14.714584 -0.72873329 33.1891174922 14.6952650478 -0.76208186032 1.21200048695 -1.91073233212 0
1815 5.34674286842 34.541831 14.529671 -0.59347242 33.3481520904 14.639741572 -0.682391200579 1.19874303753 -5.09467084665 0
1818 5.52367806435 34.648846 14.435796 -0.47955783 33.7394094577 15.3692668958 -0.502462693922 1.30324316144 -1.31235203308 0
1821 5.3200378418 34.668797 14.324629 -0.34405458 34.0946037114 14.9467180203 -0.390865392431 0.84657703831 -2.68206198785 0
1824 5.37541699409 34.864126 14.20779 -0.22615765 34.0782890972 15.6338259575 -0.262179227324 1.62822547269 -2.06388435205 0
1827 5.32473802567 35.017605 14.088235 -0.094353638 35.3184534419 15.7915825168 -0.132593045001 1.729711695 -2.19095663224 0
1830 5.38823103905 36.599142 14.0692 -0.022879679 36.7826662737 14.8295135821 -0.0497360673323 0.782149539487 -1.53875770441 0
1833 5.42292809486 38.63985 14.009333 -0.014813302 38.3298749432 15.0348608081 -0.0479042861585 1.07135046603 -1.89597373222 0
1836 5.33285903931 40.768535 13.925491 -0.0089087199 39.6509331019 15.0604646441 -0.0527700542864 1.59285880588 -2.51306934415 0
1839 5.34368109703 42.905865 13.952369 -0.011506708 43.3613779188 14.3598765098 -0.0513517933035 0.611190960083 -2.28295522223 0
1842 5.37896203995 45.04117 13.838962 -0.010052037 44.9850154618 14.2778980062 0.00338534795755 0.442513445745 0.76990544576 0
1845 5.45962309837 47.095509 13.764363 -0.008210261 46.1709564094 14.9700704158 -0.00452986945248 1.51938404146 0.210870902629 0
1848 5.43877601624 49.256947 13.750747 -0.012245698 48.2335064711 15.0375023893 -0.00767835143936 1.64413197405 0.261689681498 0
1851 5.29904007912 51.347189 13.680192 -0.017629817 50.9333830349 15.0175779431 -0.0171540101717 1.39994161936 0.0272617231279 0
1854 5.41873192787 53.510554 13.649042 -0.0075411209 52.638657772 15.1211621712 0.0250724664303 1.71094734893 1.86862090881 0
1857 5.35290908813 55.608657 13.581194 -0.0077936973 54.6843710779 15.352628596 -0.00245677496575 1.99807031752 0.305783125341 0
1860 5.39451098442 57.666716 13.591636 -0.01411162 56.8778268693 15.2215600923 0.00696737974579 1.81080054315 1.20773772179 0
1863 5.40939998627 59.905766 13.533857 -0.012519778 58.52273462 15.5476551141 0.032835790232 2.44298150679 2.59868263711 0
1866 5.48522996902 62.027534 13.447994 -0.021676244 61.0765272299 15.3230949259 -0.0086552925648 2.10247886053 0.746045562482 0
1869 5.40893101692 64.181261 13.371995 -0.025327169 63.3135062805 15.4535812539 -0.0153269294327 2.25521608402 0.572971521323 0
1872 5.39322113991 66.241252 13.310079 -0.024907545 65.6279579309 15.1395314159 0.00254011087853 1.92951438376 1.57263483937 0
1875 5.31102609634 68.444119 13.24669 -0.026304862 67.0678517873 15.0755441817 -0.0130809193359 2.28884666562 0.757676103178 0
1878 5.32665801048 70.49734 13.123327 -0.017605166 68.8756166604 14.980770678 0.00580517025514 2.46578255473 1.3413134644 0
1881 5.40009999275 72.634932 13.039101 -0.019360635 71.8604309413 15.0071951507 0.00907868585113 2.11500507701 1.62945305699 0
1884 6.14976906776 74.720419 12.994859 -0.019347658 73.8498927992 15.1646943709 0.00122362305253 2.33794811813 1.17864758349 0
1887 5.76360106468 76.914825 12.90632 -0.036038761 76.0726175283 14.9204561402 0.00693756941456 2.18313027936 2.46236235171 0
1890 5.65845704079 79.004774 12.78569 -0.032634565 77.7490451731 15.200312853 0.00227824627728 2.7216278969 2.00035673713 0
1893 5.4382379055 81.177999 12.691712 -0.029848436 80.8123792155 14.770585466 0.00508301073224 2.11078011988 2.00142447004 0
1896 5.33172702789 83.222919 12.597068 -0.02122413 82.0082725034 14.990450343 -0.0049731432559 2.68396072094 0.93111295336 0
1899 5.360932827 85.390174 12.538762 -0.021700441 84.591795772 14.5294272184 -0.00648254614518 2.1447973813 0.871921148255 0
1902 5.38449192047 87.449986 12.512039 -0.030894579 86.9140957902 14.5357404851 0.0100319208538 2.09345313248 2.34491571186 0
1905 5.36058402061 89.572355 12.414566 -0.034322832 88.4925773822 15.2472047992 -0.00481552648338 3.03146206813 1.69064407091 0
1908 5.4941880703 91.713838 12.339838 -0.030338307 90.2171679739 14.8079658216 0.0105273326995 2.88646429229 2.34142868188 0
1911 5.4016160965 93.866625 12.234111 -0.027880568 92.8436766289 14.6839882725 0.0106187454825 2.65486760883 2.2058481767 0
1914 5.35481715202 96.027017 12.118277 -0.016096141 94.5802445094 15.1706554254 -0.00692821122535 3.37789352874 0.52528368296 0
1917 5.4260020256 98.003729 12.063433 -0.023465033 96.7039299155 15.0582737861 0.00647282322471 3.26474332749 1.71531280935 0
1920 5.26941514015 100.1865 11.996018 -0.023536261 99.0113332327 14.9967771347 0.0144769145311 3.22266540543 2.17799452382 0
1923 5.34743285179 102.26857 11.921444 -0.023061579 102.043566602 15.2979838772 -0.0026003534066 3.38402837923 1.17234187017 0
1926 5.34230017662 104.50291 11.810699 -0.022632517 103.907337387 15.3407376963 0.0363032251778 3.57992736438 3.37676928926 0
1929 5.33469605446 106.528 11.779433 -0.025937223 105.702613474 15.3329578128 0.0203866280018 3.6481230122 2.6541611532 0
1932 5.33991193771 108.61821 11.737233 -0.017267816 108.103064272 15.0631721864 0.00958991512387 3.36559750897 1.53883464069 0
1935 5.36481881142 110.65428 11.638117 -0.015586443 109.363890534 15.3160846142 0.00240894216967 3.89776227391 1.03105962093 0
1938 5.3503010273 112.94226 11.558687 -0.011710616 111.44684592 14.9576679772 0.00340211804278 3.71339937992 0.865895877555 0
1941 5.38946413994 114.89636 11.528856 -0.01668203 114.176880148 14.7273732691 0.000163259708861 3.27843925955 0.965164004993 0
1944 5.36439490318 117.03777 11.494892 -0.018548407 116.463853098 15.1751661133 0.0163388695437 3.72475477846 1.99889370466 0
1947 5.30210590363 119.07747 11.406331 -0.016261061 118.129559923 15.4751395405 -0.000982632840296 4.17776692178 0.875389451145 0
1950 5.50055098534 121.291 11.334615 -0.012126455 120.310356699 15.0272297261 -0.021637049227 3.82061052695 -0.544916909867 0
1953 5.47602701187 123.43737 11.229443 0.0013807468 122.854929086 14.6858690658 0.0126850091006 3.50515599755 0.647686520336 0
1956 5.91639208794 125.58554 11.258252 -0.0049853053 124.286448614 15.4411271047 0.0166093640499 4.37996376373 1.23728341373 0
1959 5.49870920181 127.50849 11.183265 -0.012828209 126.256840067 14.8425110137 -0.000341201627519 3.86739045641 0.715452821192 0
1962 5.37302398682 130.28779 11.390648 -0.01314096 129.290189381 14.7903624586 -0.0058046211051 3.54305876265 0.420341255756 0
1965 5.89813995361 132.78769 11.256475 0.0084755214 131.794564899 14.8057086707 -0.00351667617569 3.68556062438 -0.687102308174 0
1968 6.67998790741 125.9239 10.596074 0.27888777 132.658083661 14.6509777754 -0.00957110388341 7.86075532067 -16.5274760366 0
1971 5.60159111023 93.936275 13.265891 0.84250578 133.218377316 14.2114928853 -0.0117402477377 39.2934819698 -48.9446920552 0
1974 5.35096001625 59.212281 6.4432491 1.3602712 133.05344716 14.9942298182 -0.016475295718 74.3346291521 -78.8817636641 0
1977 5.48082900047 41.747696 3.5851691 1.5088422 139.468958129 12.986482449 -0.0613646931367 98.1724491131 -89.9662279391 0
1980 5.49185681343 40.889782 2.6549702 1.6071612 138.651629766 12.191422414 0.00316287690198 98.225876425 -91.9023342596 0
1983 5.45308995247 40.408125 3.8011614 1.6070032 62.2027865756 103.736369938 -3.10024808238 102.284178536 90.2943684123 0
1986 5.46331596375 40.388712 5.5337894 1.5172855 111.2701914 75.7700269862 -1.868468285 99.786337703 166.010597649 0
1989 5.45096492767 40.44034 7.6724587 1.5542124 40.722259605 100.709645267 1.33632462584 93.0376136997 -12.484049867 0
1992 5.41161513329 40.554207 9.7439313 1.5604739 84.2088784101 83.3571651427 3.13667254948 85.5841021026 90.3095302893 0
1995 5.39274406433 40.580821 11.876658 1.5652859 36.5235206829 83.7498118702 -1.78888633515 71.9875817979 167.820087166 0
1998 5.47069501877 40.665042 14.024391 1.567666 35.3548461663 82.5465845686 -1.60707165125 68.7276450291 178.100931522 0
2001 5.4696559906 40.771617 16.174621 1.5548315 112.404595207 66.1134967237 -1.29781870437 87.3222473109 -163.444817138 0
2004 5.45612192154 40.847233 18.25792 1.5551713 136.928806312 74.053373823 0.0810787551828 111.107161774 -84.4592814297 0
2007 5.31967806816 40.88758 20.352438 1.5597309 24.8078310303 99.7655384737 2.87628976922 81.0246805226 75.4332666869 0
2010 5.3805501461 40.971014 22.508388 1.5678505 25.9569251325 102.324902424 2.75994054838 81.2163705133 68.3017285717 0
2013 5.34282517433 41.044823 24.54743 1.5705547 62.9664138765 76.2469605975 -0.334348381142 56.1551209647 -109.142906931 0
2016 5.33738303185 41.105608 26.696222 1.5717508 76.7093144524 18.0514130536 -1.79717620452 36.6381854745 166.974701153 0
2019 5.34957003593 41.160404 28.869777 1.5672714 138.930830339 44.0964928313 0.382272011625 98.9490229441 -67.8954636794 0
2022 5.32626700401 41.204205 31.003136 1.5608691 76.504992981 36.5943258016 2.46452523239 35.7408314883 51.7756825172 0
2025 5.3254711628 41.244227 33.116661 1.5660557 111.713130348 11.4537623766 2.95932910593 73.7234529565 79.8286858674 0
2028 5.28688192368 41.277887 35.228156 1.5643441 34.6843306488 56.2649837672 -1.21390620132 22.0459317758 -159.182016697 0
2031 5.31535196304 41.31792 37.33529 1.5797774 15.2549143283 78.2617927855 2.03062645399 48.5207058368 25.8317479911 0
2034 5.38853096962 41.419072 39.474789 1.5713492 73.0142754133 89.9872476254 -1.49506372544 59.5799073103 -175.692518872 0
2037 5.39947104454 41.429937 41.518923 1.5745722 56.6231641035 137.024199459 1.96969855374 96.7062148017 22.6390724436 0
2040 5.44879508018 41.494048 43.684079 1.5737379 54.9839461794 140.286507263 1.94177142859 97.5397688086 21.0867679074 0
2043 5.30053186417 41.508319 45.798644 1.5762653 38.9944909485 45.097339274 1.58324415861 2.60981987715 0.399859144414 0
2046 5.41153097153 41.512588 47.943477 1.5772604 39.3443608452 48.594757621 1.57201067471 2.26392920433 -0.300787102986 0
2049 5.47387599945 41.583607 50.107906 1.5744728 39.2129433678 50.9636984111 1.57129317926 2.5204020925 -0.182178848714 0
2052 5.81594586372 41.632502 52.265699 1.5728612 38.5587280943 52.3926360855 1.55523447152 3.07639383805 -1.00993714831 0
2055 5.82683801651 41.660201 54.305408 1.5732479 38.8418664254 53.793043251 1.57382581156 2.86452917783 0.0331118934713 0
2058 6.41588783264 41.689009 56.508616 1.5685378 38.9721241138 56.5147110067 1.5511199476 2.71689172289 -0.997969430903 0
2061 5.62939095497 41.794127 58.57462 1.5657057 39.1099506927 58.2691709545 1.55768755656 2.70149987382 -0.459405778505 0
2064 5.5216460228 41.856016 60.76704 1.5641567 38.6385690575 60.2416752483 1.5606530349 3.26005720039 -0.200745223116 0
2067 6.66317486763 41.858156 62.785084 1.5639758 39.351528979 62.6855597472 1.58453793284 2.50860202089 1.17812342949 0
2070 5.61952805519 41.958088 65.023529 1.5767642 39.0627936361 64.6081563247 1.58201876635 2.92493827509 0.301064474966 0
2073 5.75043606758 41.99726 67.044355 1.5737097 39.1680610322 66.6834308781 1.59341614145 2.85212780591 1.12909592408 0
2076 5.633715868 42.044947 69.102812 1.5759217 38.8102038017 68.9466655444 1.56862765335 3.23850973051 -0.417918088371 0
2079 7.07134890556 42.097902 71.261122 1.5727544 38.3923538049 71.020572625 1.58084403278 3.71334773867 0.463501815903 0
2082 6.41526198387 42.114798 73.459441 1.5684742 38.9197328486 72.800631325 1.59578499101 3.26228010904 1.56479305979 0
2085 5.60518884659 42.172982 75.545483 1.5804547 39.3129442512 75.1575496337 1.5788834922 2.88622733356 -0.0900235753996 0
2088 6.13392210007 42.213453 77.648417 1.5799022 38.680820386 77.6045906962 1.56882487941 3.53290446095 -0.63468371795 0
2091 5.58352088928 42.308345 79.80823 1.5843424 38.4674719583 79.9091262473 1.57643560309 3.84219803954 -0.45302609215 0
2094 6.73623299599 42.259747 81.948131 1.5870316 39.1343545221 81.5086523758 1.60417232493 3.15613998452 0.982091196529 0
2097 6.10352611542 42.325886 84.065588 1.5841531 38.0974485001 84.1459664444 1.58584385163 4.2292013885 0.0968729325541 0
2100 5.69577312469 42.338042 86.100283 1.5789413 38.0208125339 85.857702983 1.60175937103 4.32403923756 1.30737916646 0
