3 1.34296917915 72.513547 45.80148 1.6808269 104.048365101 63.3097201817 -3.10120362589 36.0691450816 86.0098333635 0
6 1.34485411644 72.505015 45.806851 1.6805552 89.7567671497 91.0263726319 -1.99308313019 48.3986372624 149.516028222 0
9 1.35107493401 72.51553 45.801787 1.6811119 97.7023792074 118.426116798 1.13119157715 76.8678778918 -31.5081135675 0
12 1.34599494934 72.511327 45.798497 1.6805172 32.3313678632 17.6309771519 -2.71830235736 49.0697288624 107.966204524 0
15 1.35729503632 72.518426 45.80176 1.6806948 104.367457443 57.0372864725 -2.15536028085 33.7727383988 140.210233887 0
18 1.34172701836 72.509508 45.806599 1.6825332 33.7571318437 84.499081913 -0.637519453036 54.7618013923 -132.929225267 0
21 1.35785102844 72.510969 45.800989 1.6811293 120.150001991 57.5407905157 0.624078768784 49.0642477159 -60.5645341707 0
24 1.37301278114 72.522343 45.818169 1.6838228 44.5184147993 23.5987214142 1.35863811164 35.7480607263 -18.6317102056 0
27 1.35073494911 72.508499 45.799812 1.6808804 53.0159271671 99.8967411952 0.69753299771 57.5016356725 -56.3416559464 0
30 1.38561010361 72.523901 45.815543 1.6832165 131.991046367 56.663715932 3.10109778225 60.4485254916 81.2386133234 0
33 1.35411882401 72.511009 45.802779 1.6808191 67.8716620468 99.1345170869 2.4126420633 53.5331469981 41.930367148 0
36 1.35855197906 72.527172 45.853315 1.6851825 35.7409314299 86.23054996 -2.25986370907 54.6218692311 133.965502236 0
39 1.34222507477 72.188088 49.017093 1.6798669 58.0403437716 100.298073652 0.339113699814 53.1967822655 -76.8194997393 0
42 1.34359097481 71.804616 53.279503 1.6643548 75.864294095 134.392319545 -0.831446249341 81.2143459874 -142.998866632 0
45 1.35808801651 71.568933 57.324136 1.642571 33.4973061106 100.214948576 2.29276241725 57.3504191568 37.2532240838 0
48 1.35182118416 71.37336 61.652431 1.6431927 90.0798170652 28.1349999978 0.162106524874 38.3842378708 -84.8599869299 0
51 1.35705494881 71.165072 65.844712 1.6344026 51.8269692013 91.4516387902 -0.520911057086 32.0885792688 -123.490376078 0
54 1.35815095901 70.960331 70.343426 1.6128178 47.4343318381 88.9558272036 -1.45803869529 29.9982352003 -175.94711667 0
57 1.38870096207 70.885213 74.631613 1.6236159 62.9514872624 115.462345957 0.953424732988 41.59438373 -38.3991253367 0
60 1.3516190052 70.832043 79.069602 1.6124517 52.4265974162 131.078091055 1.12214993933 55.1692247623 -28.0922215742 0
63 1.3565762043 70.841819 83.283634 1.5826474 128.264839078 106.717842027 0.760572070875 62.0206847811 -47.1014468007 0
66 1.35400104523 70.897044 87.066595 1.5142468 26.2665936037 79.9960664627 -1.94364815014 45.1870498746 161.877213358 0
69 1.35101413727 70.898205 87.488163 1.2381173 51.9296149369 71.5203992437 -1.92829811118 24.7946947624 178.577760754 0
72 1.3604619503 70.648486 87.373684 0.94938085 84.5891497506 68.6294821135 -1.98328954403 23.3599488477 -168.029636281 0
75 1.35642695427 70.490448 87.162959 0.64684814 83.1078844974 68.2530404187 -2.30018202625 22.7328996064 -168.852390624 0
78 1.36277198792 73.090524 88.460194 0.4660111 22.2472940927 53.2726912511 -2.8443055454 61.8319850653 170.332827367 0
81 1.3476369381 76.750616 90.291223 0.4640309 49.9366981455 105.317131639 -2.72191743082 30.7370154886 177.458606897 0
84 1.40949606895 80.704264 92.172539 0.45240664 18.9656599893 78.5302131944 -2.7359526622 63.2279074348 177.320468413 0
87 1.36237287521 84.637734 93.972859 0.42386385 40.8577856177 103.243706885 3.10256513553 44.7507821258 153.478278237 0
90 1.47978019714 88.678811 95.730817 0.41656148 102.860524815 109.836311767 2.1390669868 20.002149618 98.6922957278 0
93 1.39524388313 92.647535 97.41769 0.40779386 98.7009917351 114.381171589 1.2389814273 18.0112200045 47.6235395902 0
96 1.33955693245 96.759828 99.128022 0.39320766 17.392478429 74.7491790156 3.13533437413 83.0271290795 157.11228761 0
99 1.3542971611 100.07577 100.58602 0.32958371 105.938017804 109.680594555 -0.1896810707 10.820223457 -29.7516803839 0
102 1.38747596741 100.12714 100.52966 0.1390585 95.790094048 109.182317638 -0.0365451692133 9.67876292691 -10.0613491129 0
105 1.33959889412 100.08551 100.52401 -0.14356162 18.5485101984 55.8687923048 1.67153828477 92.9643523295 103.997563938 0
108 1.38246202469 99.772178 100.71077 -0.40700642 103.685870519 100.334358579 -0.81698082871 3.93175211507 -23.4898033275 0
111 1.39420890808 99.760338 100.7618 -0.66729138 33.3204516523 61.5441226273 2.03893525877 77.1510512981 155.055364807 0
114 1.34019303322 99.638101 100.95548 -0.8821311 101.8548565 62.1517814117 -2.54465883977 38.8669657817 -95.2558228122 0
117 1.35716915131 99.549051 101.11221 -1.1251977 101.705749841 56.2500695272 -2.96982646951 44.9139510363 -105.689443261 0
120 1.38570094109 100.80276 98.46873 -1.1938854 34.2580181002 37.2549395532 2.96637378066 90.4175359949 -121.634707268 0
123 1.34763216972 102.35582 94.496879 -1.1822805 44.3669366433 32.5226777304 -0.792703402314 84.8735071501 22.3211234924 0
126 1.35328388214 103.84912 90.431736 -1.1842505 65.607264033 21.906162853 2.8014099492 78.4741595872 -131.638477689 0
129 1.34306001663 105.46668 86.336829 -1.1831903 25.6599552743 80.1581630347 -0.636149238673 80.045544689 31.3431440344 0
132 1.34231114388 106.96067 82.891423 -1.1821311 42.8154478598 88.4053295596 2.72502314195 64.381772956 -136.13655203 0
135 1.34138393402 108.13488 79.987125 -1.1809983 65.8418946069 104.661202992 -0.985436221212 48.9643414969 11.2048817474 0
138 1.35477900505 109.11096 77.465416 -1.174964 61.1756912848 107.473717465 -1.10999288571 56.5534096553 3.72257063881 0
141 1.36886978149 110.00241 75.115832 -1.1797573 36.2310458288 92.269140138 -1.1297757919 75.7393566896 2.86372946776 0
144 1.35922598839 110.9669 72.896666 -1.1819268 110.432235549 74.618257887 -1.12986589249 1.80270482913 2.98287027806 0
147 1.34505701065 111.79529 70.750926 -1.1680053 105.538248367 76.5248522372 -1.4887425932 8.51403512947 -18.3768932327 0
150 1.35709285736 112.62755 68.634671 -1.166408 71.3132781631 103.13390881 -0.337646212847 53.8244040087 47.4845526256 0
153 1.36686897278 113.50263 66.493746 -1.1746568 110.824212403 69.253899303 -1.04531988731 3.84608464274 7.41045923237 0
156 1.33282804489 114.39844 64.423702 -1.1690506 114.409643021 69.0531130562 -0.904076295248 4.62942461168 15.1819093417 0
159 1.34130191803 114.9392 62.935672 -1.1627449 110.345138727 67.0602992622 -1.24000281005 6.17397352049 -4.42655217962 0
162 1.37355184555 115.58582 61.52951 -1.1720902 40.4062452196 91.5522005049 -2.10413749037 80.9526430039 -53.402376045 0
165 1.35428309441 116.16312 60.165609 -1.1710096 114.045068696 63.867867141 -1.04794302973 4.26530850801 7.05119507542 0
168 1.36480212212 116.71267 58.758483 -1.1690165 113.092925997 60.1224592249 -0.9362894424 3.86820084692 13.334278179 0
171 1.36880302429 117.29804 57.404001 -1.1730259 115.23176966 60.4498348808 -1.08503344877 3.68056750344 5.04159608433 0
174 1.34843397141 117.3062 57.346669 -1.1782941 113.830631721 62.5842518007 -1.01665336801 6.28584508714 9.26133174033 0
177 1.34151411057 117.30973 57.394113 -1.1925087 114.127589613 61.5402085714 -1.21019154675 5.2264831322 -1.01315248839 0
180 1.38217496872 117.3509 57.478875 -1.2542253 112.267924397 60.3835932258 -1.364656085 5.8544025271 -6.32721790863 0
183 1.34222483635 117.31554 57.561663 -1.3141336 114.469556538 59.8458112208 -1.20156961301 3.64924032631 6.44944137971 0
186 1.35298705101 117.31761 57.625945 -1.389572 113.52772841 62.5885066707 -1.27167780766 6.24421498652 6.75483965019 0
189 1.38138508797 117.34247 57.653648 -1.4539696 31.8584994657 82.7794443659 -0.31153065126 89.1000272802 65.4569301141 0
192 1.34401893616 117.36058 57.739095 -1.5147103 115.199214157 61.4768752418 -1.31541959745 4.31769654374 11.4185161525 0
195 1.34906792641 117.34118 57.80351 -1.5718326 110.792272518 60.5073086087 -0.947620258849 7.08510522988 35.7647326679 0
198 1.39083099365 117.32521 57.826191 -1.6475747 64.3422945729 110.626114116 -2.03062781451 74.799874386 -21.947326791 0
201 1.35302495956 117.28663 57.948056 -1.7072698 74.8147487042 127.617304181 1.17893133636 81.5945147847 165.367143939 0
204 1.35069203377 117.37131 58.006137 -1.7818651 62.4987326797 102.56770974 2.3852972988 70.6875767506 -121.239182003 0
207 1.38519096375 117.40314 57.989067 -1.8555926 64.035759381 106.465334882 -2.33338377235 72.0973360252 -27.3754176645 0
210 1.35689115524 117.02719 57.008887 -1.8977403 67.6638445978 99.209144987 2.16093790653 64.9430646295 -127.454868364 0
213 1.33402705193 116.38504 55.250118 -1.9095407 114.291580923 58.4185446546 -1.30710643227 3.79756479527 34.5169409748 0
216 1.39597582817 115.67443 53.450651 -1.9075572 60.3752626993 103.231294802 -2.007929513 74.4050428498 -5.75090991488 0
219 1.35986590385 115.02136 51.574537 -1.9165104 122.246396406 68.2139868478 2.54042193627 18.1403539743 -104.636587556 0
222 1.3556189537 114.35753 49.684701 -1.9233127 80.8153251935 76.0780371302 -1.83072641483 42.6812335267 5.30480338121 0
225 1.39126682281 113.59486 47.870819 -1.9110101 80.7267374589 75.0499842318 -2.07573915086 42.6499765776 -9.43827937768 0
228 1.40688085556 112.87829 45.986656 -1.9118326 77.570265457 75.4397254034 -1.75190187459 45.9797770157 9.16335558023 0
231 1.36002993584 112.17059 44.128463 -1.9122248 85.5045772261 71.609167157 -1.3549467695 38.2918442781 31.929679163 0
234 1.39749193192 111.43202 42.277019 -1.9027456 60.4483332954 104.491357476 1.48830311638 80.4360629448 -165.707220428 0
237 1.35096883774 110.82393 40.37458 -1.9174412 114.523316515 36.1509234588 -1.6628269305 5.61468923119 14.5883230462 0
240 1.34177994728 110.14399 38.567468 -1.912432 38.9572822285 99.9704527218 -0.653576828778 94.0099670041 72.1270883292 0
243 1.39808821678 109.42625 36.696167 -1.9074722 42.0009673551 111.487658443 2.95933113186 100.69724888 -81.152709364 0
246 1.35702085495 108.96452 35.308972 -1.917648 77.6944787785 125.666036371 0.645266678933 95.6149285402 146.844194355 0
249 1.36060380936 108.91335 35.330429 -1.9171391 112.299041819 34.3886103305 -2.11768329895 3.51424693228 -11.4903362058 0
252 1.40963816643 108.9585 35.348205 -1.9450374 115.433784613 28.6178177528 -1.47247784236 9.33956226608 27.0756682214 0
255 1.37427592278 108.97674 35.368834 -2.0165302 105.885145264 39.9498392938 -1.79539112782 5.52662351842 12.6703355211 0
258 1.35347104073 108.99865 35.397074 -2.0803106 107.416143986 38.6417366735 -2.13518573748 3.61000846945 -3.14411377795 0
261 1.3570458889 109.05048 35.474836 -2.159245 109.076622076 37.5761227018 -2.07886238175 2.10144931206 4.60558477177 0
264 1.39670109749 109.09365 35.518169 -2.2238592 109.816767734 37.7638261043 -2.03827314573 2.35921069157 10.6332976462 0
267 1.37129998207 109.14301 35.568827 -2.2920109 109.173510987 37.6115906965 -2.03886525943 2.04299139253 14.5041768066 0
270 1.3480451107 109.24021 35.586114 -2.3597618 110.986855652 36.131449243 -2.12225056094 1.82979822993 13.6083915852 0
273 1.35309290886 109.32691 35.57971 -2.4292889 110.172418096 37.4472120711 -2.47710059156 2.04998729893 -2.73940813787 0
276 1.39713597298 109.34422 35.612178 -2.4970016 108.419413316 36.9675779536 -2.45069507033 1.64084625654 2.6531687141 0
279 1.35288500786 109.45255 35.562283 -2.5751384 110.890568751 37.313805987 -2.3083678225 2.26621506075 15.2848281888 0
282 1.34638810158 109.51035 35.610832 -2.6455993 110.019269164 37.9778164327 -2.13858293048 2.42107703715 29.0498981173 0
285 1.39298701286 109.52669 35.619453 -2.7060079 74.3782154322 127.184719501 1.26120452501 98.0796273131 -132.695471615 0
288 1.36248803139 109.56751 35.667144 -2.7779359 109.922115506 34.5009272894 -2.72598174713 1.21893661892 2.97675368762 0
291 1.41067695618 109.58407 35.725569 -2.8421247 105.445146111 38.1320459494 -2.28505351081 4.7876739935 31.9178280289 0
294 1.39413881302 109.62066 35.728072 -2.9074408 32.1716212374 98.6114195677 -0.885892335893 99.7630643403 115.826195075 0
297 1.34195590019 108.40689 35.538158 -2.9474042 84.3038105663 73.516173021 1.10848770564 44.9809744572 -127.614511645 0
300 1.3696680069 106.63579 35.154474 -2.9731605 108.223564496 35.498103586 -3.02018523926 1.62453351541 -2.6943190921 0
303 1.37649106979 104.74277 34.838538 -2.9724974 103.280437544 34.8833806453 -3.03491719637 1.4630198475 -3.57639089032 0
306 1.34378290176 102.71686 34.507066 -2.970186 107.22291924 33.3066030703 -2.80799746615 4.66322647055 9.29271847518 0
309 1.34959101677 100.87602 34.149296 -2.9774562 62.530938025 105.409054095 -2.86666497765 80.9215572976 6.34786944791 0
312 1.385242939 98.917573 33.856952 -2.9648121 61.3260133667 105.497146523 -2.86766562485 80.9039110734 5.56608302061 0
315 1.34373211861 96.872255 33.519705 -2.9713846 97.0133685866 33.9409832274 -2.89798699378 0.444284131175 4.20537306288 0
318 1.34777712822 94.700759 33.157106 -2.9752463 57.8422356765 101.293362902 -2.58573578106 77.4667686571 22.3173088115 0
321 1.38509297371 92.656194 32.878926 -2.9695623 92.8600237326 34.6317849818 -2.88591380267 1.76467027228 4.79270585942 0
324 1.34291791916 90.628889 32.525228 -2.9736018 92.7390841395 31.6360434204 -2.86054802509 2.28988487555 6.47750416048 0
327 1.35958003998 88.510396 32.191288 -2.9695852 90.2844753569 30.3418872142 -2.48195435455 2.56274088257 27.9391894049 0
330 1.3870549202 87.334812 32.006658 -2.9896435 67.3930931826 126.356791129 -0.924509926441 96.4345361937 118.323437896 0
333 1.34739303589 87.328365 31.983283 -3.0015998 45.6883900678 71.0007108919 -0.950675865626 57.0635364453 117.509285542 0
336 1.36220312119 87.328448 32.00285 -3.0442403 43.4233629576 73.6547692272 -1.23234167145 60.5189133072 103.814144321 0
339 1.38654708862 87.480424 31.977098 -3.121648 45.2511032711 89.901731301 -0.0145416213187 71.6838801424 178.024081997 0
342 1.36136412621 87.509332 32.088761 3.0972389 45.4467627059 73.230748446 -1.21185432932 58.8381072658 113.107144432 0
345 1.36432790756 87.537767 32.004513 3.0032565 44.8614151653 72.404296387 -1.40680318795 58.765751111 107.32219248 0
348 1.39107608795 87.588829 31.971963 2.902116 44.9164378026 73.1710452605 -1.31014016853 59.3152370779 118.655499315 0
351 1.39951395988 87.696053 31.883789 2.7788249 44.5923127462 72.2669894261 -1.53457244537 59.0655170173 112.860536747 0
354 1.34616208076 87.777704 31.698119 2.6376296 45.9447783095 71.6782736136 -1.72989862525 57.8654165694 109.759065789 0
357 1.39669799805 87.896098 31.65995 2.4917922 44.2983744128 73.0484791709 -1.64527831363 60.1146558579 122.963320021 0
360 1.40476894379 87.958395 31.594625 2.366513 44.9533607225 72.4112360313 -1.82188881493 59.2910508364 120.022253099 0
363 1.35698986053 87.964094 31.460561 2.2184109 40.6057013224 71.5490072052 -1.69917225596 62.0475694621 135.539019272 0
366 1.36283707619 87.708527 31.831987 2.1125682 41.0021726904 74.3655655575 -2.36719536017 63.171107619 103.328454786 0
369 1.36010694504 86.721318 33.612273 2.0920166 41.0240154911 66.4749505496 -2.06269544497 56.2867571664 121.952534731 0
372 1.36608910561 85.724716 35.405361 2.0873093 39.056687943 66.9253703709 -2.25568779419 56.3153250321 111.164596065 0
375 1.35068511963 84.755772 37.248267 2.0862059 98.6631151544 52.5079254838 2.11460572783 20.6463403696 1.62719027359 0
378 1.35454010963 83.690185 39.149374 2.0868314 24.2025883639 39.197834788 -2.02664515143 59.487616375 124.315154477 0
381 1.39707112312 82.666747 40.97523 2.090975 53.209710235 81.4229007764 -1.02777432605 50.0372969515 -178.691173742 0
384 1.35366296768 81.635815 42.877142 2.0910396 63.4964540395 79.3942703607 -0.185010426565 40.7742207745 -130.408060483 0
387 1.35791897774 80.624097 44.699122 2.0805048 31.8842847005 97.5356061885 0.7996759349 71.8836794022 -73.3860882488 0
390 1.40606307983 79.602515 46.546403 2.0762437 68.4922979046 105.541104151 -2.5709028099 60.0317556613 93.738118204 0
393 1.36063599586 78.599692 48.40129 2.0808805 58.9217058282 128.874523736 1.64475315338 82.844218191 -24.9882562917 0
396 1.40727591515 77.532669 50.298142 2.0919608 86.7960032923 86.8579475928 -0.924826726384 37.7150997241 -172.849192949 0
399 1.38780498505 76.53881 52.074716 2.0854653 43.0319439255 99.5457262026 0.546633306244 58.1051364665 -88.1685786219 0
402 1.34648609161 75.533974 53.92833 2.0838411 60.2742158892 133.773098609 0.996475692658 81.2898966154 -62.3014486292 0
405 1.35358405113 74.451304 55.860797 2.0823704 62.5077656518 137.123486505 1.36741915971 82.1356975611 -40.9636886263 0
408 1.38712382317 73.464188 57.689364 2.0801622 45.697489559 98.3570710355 0.415891738295 49.2427856425 -95.355673424 0
411 1.34350204468 72.461178 59.521835 2.0808323 80.5500829153 104.507193119 1.14853547345 45.706813801 -53.4166734145 0
414 1.3484249115 71.469371 61.42577 2.0898858 69.2241586028 62.8152499033 2.57021872413 2.64038503071 27.5210493139 0
417 1.34863495827 70.386885 63.322712 2.0827703 46.8902645584 105.554669279 -2.84741597235 48.3283497316 77.5211343807 0
420 1.34963083267 69.38246 65.186025 2.0922796 32.8316129311 85.6360721687 0.108996523391 41.8827989831 -113.633749869 0
423 1.35556411743 68.400253 67.014087 2.0893798 90.4115146632 115.014045144 0.445605633961 52.8061703005 -94.1813221867 0
426 1.40518808365 67.30799 68.901204 2.089526 61.6736831054 95.9076566858 -0.457631178047 27.5879303474 -145.941356059 0
429 1.3432071209 66.315197 70.741557 2.0869248 75.344823796 59.7528826952 1.30196618972 14.2226974604 -44.9748154615 0
432 1.34478402138 65.281228 72.464006 2.0745737 29.9378436755 53.4418611287 -1.63845509186 40.1372247548 147.259121016 0
435 1.38893699646 64.283593 74.421326 2.0918621 77.5221883808 35.5087823858 -2.77955712475 41.1028765195 80.8882381827 0
438 1.35764789581 63.28447 76.191493 2.091939 68.7934307059 30.5833000612 -1.96380126673 45.9396986407 127.623199915 0
441 1.34849286079 62.204887 78.125252 2.0893553 84.2786839728 80.5418150386 2.53788541783 22.2056814738 25.6988827361 0
444 1.38353705406 61.273659 79.948227 2.0960183 55.9006776856 79.8717476021 2.12022505773 5.37352559343 1.38694505367 0
447 1.3497569561 60.19879 81.787566 2.089809 59.7042502815 81.6136428191 2.12155334213 0.524231633947 1.81881682754 0
450 1.35475897789 59.161438 83.629466 2.0974137 57.1587785942 82.3661856664 2.14025249358 2.36780951448 2.45448207144 0
453 1.39483308792 58.11891 85.485673 2.0964985 55.9325717506 85.485293492 1.99789826119 2.18633828235 -5.64937754275 0
456 1.35461401939 57.036783 87.336936 2.0992423 55.7082225271 86.719592241 1.98955323946 1.46498677366 -6.28472022792 0
459 1.36078619957 56.357629 88.602308 2.124456 55.4655821099 88.0936003841 2.03144413758 1.02690364328 -5.32918716114 0
462 1.3936560154 56.200217 88.720884 2.2094598 53.4097774322 90.7356109697 2.19701023792 3.44175503834 -0.713307364176 0
465 1.35843300819 56.199637 89.07416 2.3631742 55.6240886813 89.5188172246 2.70371499935 0.727307304056 19.5115505549 0
468 1.34528803825 56.109511 89.161307 2.4869631 51.772282388 87.3996074627 2.27283453539 4.68136062405 -12.2686630254 0
471 1.36910390854 56.023191 89.233423 2.608836 53.5121862351 90.7668327997 2.62658960711 2.9421914525 1.01720675843 0
474 1.35117316246 54.873312 89.789936 2.6823278 52.595461785 89.382989328 2.79691495572 2.3139159872 6.565360409 0
477 1.34226608276 52.997249 90.667048 2.6986067 48.6658640736 91.4207670193 2.77856759539 4.39647446715 4.58142183166 0
480 1.33820199966 51.122563 91.609157 2.7018871 47.4552185377 91.8438536108 2.6459347405 3.67484665044 -3.20583405314 0
483 1.35865998268 49.137432 92.566213 2.7007601 78.4451093794 68.3841524451 0.188708178402 37.996210417 -143.929973025 0
486 1.3471570015 47.308569 93.452781 2.7003868 45.1469651462 92.9751586039 2.72723949772 2.2137421652 1.53854624814 0
489 1.343105793 45.360782 94.336008 2.7008969 43.4829128787 95.1624381842 3.07523832619 2.05167718862 21.4481838175 0
492 1.35597586632 43.468079 95.251019 2.7064338 41.5918196228 89.2722494925 2.87426715473 6.26626157083 9.61614288748 0
495 1.35978007317 41.590918 96.131677 2.7064065 40.8241797922 94.501462685 2.65044422588 1.80152329772 -3.20640211931 0
498 1.35823202133 39.606214 97.06058 2.704478 33.5916948137 96.5774759854 -3.10287180347 6.03389016567 27.2633661053 0
501 1.34627699852 37.718719 97.944153 2.696243 32.9062037264 97.3447486199 2.82901045024 4.84969987414 7.60701455556 0
504 1.35000991821 35.769603 98.891663 2.7044976 31.0693203424 97.4386601927 2.82971866078 4.91974330822 7.17463828874 0
507 1.34795999527 33.862509 99.822852 2.7013631 30.9489507756 96.6402347667 2.90582474882 4.31484344801 11.7147895496 0
510 1.35662293434 31.979521 100.73965 2.7066945 30.5810868192 99.7394562275 2.81432047553 1.71930385345 6.16651416384 0
513 1.3880200386 30.015598 101.64307 2.7044148 27.3452649134 101.586947447 2.80251774589 2.67092278709 5.6208847571 0
516 1.32860708237 28.083667 102.5122 2.7038251 26.6692717593 102.406124269 2.90469817519 1.4183673564 11.5091794259 0
519 1.34682703018 26.231599 103.44351 2.6987262 23.9481536331 102.859916296 2.71404074022 2.35684203021 0.87745851996 0
522 1.38662099838 24.326425 104.3449 2.7056645 22.1459804662 104.535349842 2.76584658343 2.18874610388 3.44817938284 0
525 1.36045503616 23.072168 104.95788 2.6888385 19.5597949607 104.79476723 2.68378514352 3.51615843541 -0.289535998948 0
528 1.35548615456 23.059574 104.94595 2.6093304 19.1896991599 104.170991139 2.56127205171 3.9467065401 -2.75354052751 0
531 1.38392615318 23.148655 105.02795 2.4881616 16.883025481 102.949085617 2.39268586915 6.60149910198 -5.47035642375 0
534 1.35909605026 23.15609 104.97342 2.3614352 17.7815744371 105.265752002 2.43457467999 5.38245998924 4.19058351897 0
537 1.35060095787 23.189116 104.80794 2.2179164 18.9307433336 105.650978928 2.24543234031 4.34101974204 1.57654724918 0
540 1.35278081894 23.170444 104.45908 2.0515088 20.6459653689 105.857194496 2.14321909452 2.88577831842 5.25461281384 0
543 1.35022592545 23.203193 104.36781 1.9241471 18.5327093946 106.366124537 1.98833460008 5.08002737149 3.677672852 0
546 1.35671710968 23.268475 104.40083 1.8086424 19.6314479306 102.676110871 1.86260289385 4.02524806413 3.09170855826 0
549 1.35431480408 23.269141 104.3114 1.6661585 18.6361308932 104.652284477 1.72363822881 4.64553386339 3.2933458681 0
552 1.3511300087 23.273746 104.22596 1.531085 19.645413252 104.440613684 1.52836873553 3.63467670286 -0.155630489932 0
555 1.35702586174 23.201513 103.9692 1.3630267 20.5149011597 102.930767829 1.45640283449 2.88031674542 5.35005841357 0
558 1.38840079308 23.573375 105.47089 1.3112874 20.9784245844 104.747582347 1.42689131837 2.69387112158 6.62361661787 0
561 1.35791707039 24.091257 107.45193 1.3021436 18.4906237764 108.445172403 1.34671601048 5.6880245232 2.55381100319 0
564 1.33351612091 24.69734 109.54228 1.2971878 19.1910682388 114.63484146 1.514351661 7.50021405903 12.4425726982 0
567 1.37960600853 25.24514 111.62222 1.291934 22.8885906153 111.870587072 1.66762295933 2.36960148646 21.5253917793 0
570 1.33696007729 25.838263 113.71051 1.2925571 23.1322556114 113.20500885 1.32642710195 2.75281808339 1.94060816375 0
573 1.3476691246 26.485855 115.66064 1.2984976 22.1674221558 116.157460069 1.51005677995 4.34691757573 12.1214481283 0
576 1.38626885414 26.666562 116.70228 1.2516028 24.3481384824 117.611724597 1.35216697743 2.49041704973 5.76190293702 0
579 1.34201192856 26.671044 116.66524 1.1445574 21.963288697 116.591846263 1.01793260801 4.70832737111 -7.2550661627 0
582 1.35641002655 26.68282 116.71548 1.0360889 22.6277942213 116.203370059 0.971413242592 4.08723508723 -3.7056422067 0
585 1.35369706154 26.598988 116.54426 0.86252405 21.7644462626 115.753926917 0.876368610909 4.89871617795 0.793234909325 0
588 1.34168100357 26.490987 116.49462 0.72378221 22.4522808651 114.646437185 0.817427856601 4.44150053045 5.36550032003 0
591 1.33227300644 26.414554 116.44154 0.58967497 22.058359419 116.185428908 0.646604013999 4.36371677804 3.26179395284 0
594 1.39141893387 26.30131 116.37003 0.43724496 20.7216973074 117.990188179 0.317514608946 5.81007661954 -6.860043795 0
597 1.35161519051 26.176025 116.35464 0.31453037 20.873934157 116.664356248 0.358278824325 5.31112901947 2.50660179307 0
600 1.34247088432 26.088883 116.46581 0.14702743 22.3650998802 116.924060196 0.120995485265 3.75187339407 -1.49152056586 0
603 1.34202504158 25.977812 116.45377 0.019989929 21.4639364206 118.464534637 -0.0160123968417 4.941482285 -2.06278132338 0
606 1.42550086975 25.890585 116.45549 -0.11586106 20.4672583913 116.406821032 -0.275949155483 5.4235449821 -9.17237222145 0
609 1.33811497688 27.617035 116.21759 -0.13548047 115.56559288 105.395218601 -0.77161387379 88.6119210712 -36.4477592444 0
612 1.34867596626 29.732468 115.90829 -0.14344069 25.7428175036 113.429358861 -0.0496133808337 4.69706404864 5.3759088183 0
615 1.41369891167 31.744289 115.6014 -0.14068963 27.0682645386 113.177085529 0.103232315239 5.26711547387 13.9756979928 0
618 1.34135198593 33.87565 115.27561 -0.13567301 30.6495778529 115.862357243 -0.136348485415 3.27899585639 -0.0387018904382 0
621 1.39698815346 35.936054 114.9269 -0.14240112 34.1158202719 112.820652373 0.120071601101 2.78379774613 15.0385791564 0
624 1.34638190269 38.113735 114.67885 -0.14674677 31.209494515 114.195258446 -0.305176739575 6.92115578975 -9.07736860503 0
627 1.3623521328 40.163768 114.30534 -0.14012204 35.5529417426 113.692337304 0.149959246417 4.65139668066 16.6204334274 0
630 1.35066914558 42.346763 113.98058 -0.16006212 39.1390326827 113.660150199 0.0154989610012 3.2236949368 10.0589089881 0
633 1.36656403542 44.341947 113.67079 -0.15507802 40.5330351376 114.251188776 -0.102903661393 3.85287844534 2.989370547 0
636 1.36744499207 46.544067 113.30502 -0.15009707 42.3512366501 115.852534048 -0.071308387774 4.90608338344 4.51425896495 0
639 1.35090899467 48.557097 112.97025 -0.14631805 45.6557383452 114.183504367 0.0129158360395 3.1448160841 9.12342962553 0
642 1.35552406311 50.586062 112.64729 -0.14866611 47.4098546223 114.148374877 -0.0650752633468 3.51305410061 4.78940271915 0
645 1.3632979393 52.747394 112.3225 -0.14488479 47.8595276266 114.103099492 -0.0790549468026 5.20209306294 3.77177218122 0
648 1.35621714592 54.919709 111.95097 -0.14565598 51.6566866609 114.999389336 -0.0861167011457 4.46544233341 3.4113493936 0
651 1.36387109756 56.9199 111.70562 -0.14317608 53.1891275378 116.115142707 -0.0152674848174 5.7760326926 7.32862266741 0
654 1.35963106155 58.963864 111.32719 -0.14485493 57.9401032047 113.5247547 -0.0068362080934 2.42433017105 7.90789025904 0
657 1.34353303909 61.070196 111.0267 -0.15209978 57.8998789585 112.418906209 -0.1113358567 3.46253494899 2.33560076146 0
660 1.34288287163 63.25691 110.67843 -0.1447313 58.6346321438 112.441661683 -0.117080759322 4.94716469768 1.58425928212 0
663 1.34025216103 65.338645 110.4192 -0.14848438 62.192368023 112.546119026 -0.136741859294 3.79774187657 0.67279687727 0
666 1.34953594208 67.412523 110.08404 -0.1445869 63.5338614018 112.051302659 -0.0157341249903 4.34903876313 7.38272018661 0
669 1.35299706459 69.507235 109.73429 -0.15139682 65.8856357753 111.840186579 -0.0959700206623 4.18936526748 3.17572167397 0
672 1.35177183151 71.647859 109.39116 -0.14906575 68.1287149973 110.494903764 -0.111818751566 3.68817364132 2.13409580979 0
675 1.34791207314 73.702975 109.06139 -0.1559357 68.6421583476 111.33667549 -0.088952088854 5.54876466004 3.83787821521 0
678 1.34289813042 75.754203 108.72815 -0.15045699 72.8834683384 109.425505745 -0.1859424539 2.95422113808 -2.03316731556 0
681 1.36227798462 77.860742 108.43703 -0.15243836 74.389000404 109.386810308 -0.18359333411 3.5993155381 -1.78504852736 0
684 1.34621906281 79.97813 108.08555 -0.15170568 76.6349258142 107.924665941 -0.160768234805 3.34707303603 -0.519246141906 0
687 1.33887219429 82.120618 107.73965 -0.14888428 77.8139570645 108.409289924 -0.15766594407 4.35841095378 -0.50315228833 0
690 1.36525011063 84.192494 107.42985 -0.14593359 81.4212953971 107.375231008 -0.214872611511 2.77173680765 -3.94991497636 0
693 1.34369015694 86.28045 107.15458 -0.15823172 83.2996735903 109.520810976 -0.125122582336 3.8057951909 1.89701385146 0
696 1.3531870842 88.385341 106.75858 -0.15035877 83.8211233659 108.82134084 -0.102651654592 5.00869892218 2.73341636564 0
699 1.34452700615 90.512184 106.42958 -0.15443508 87.0271845871 108.276954508 -0.0982386223399 3.94436477554 3.21981984751 0
702 1.35122609138 92.541412 106.11165 -0.15857271 89.5969981504 107.371027194 -0.0700020856252 3.20243717091 5.07472296551 0
705 1.35110402107 94.624435 105.7799 -0.14991569 91.132161856 107.557941214 -0.0781132252222 3.91885216232 4.1139781904 0
708 1.35038280487 96.812614 105.41142 -0.16008539 93.194426501 106.508130006 -0.166555798959 3.78074775881 -0.370727125097 0
711 1.36416697502 98.833392 105.05687 -0.15857643 92.9233165007 106.68601573 -0.116531612451 6.13050635889 2.40899059597 0
714 1.34189009666 100.9283 104.72764 -0.15390186 94.910512286 106.773034441 -0.127088575498 6.35589548298 1.53628803686 0
717 1.36029911041 103.02648 104.38009 -0.15580909 99.1050633854 106.918728565 -0.157383986438 4.67142312672 -0.0902349190904 0
720 1.35790991783 103.56436 104.3046 -0.21764658 98.855728552 105.119769505 -0.249600923658 4.77867255983 -1.83084902871 0
723 1.35180902481 103.46604 104.39779 -0.32798619 99.8382511349 106.712412056 -0.307826204665 4.30329261288 1.15508207476 0
726 1.34994912148 103.43166 104.43448 -0.46455789 99.7823035289 108.377301775 -0.42239238793 5.37248975851 2.41590530965 0
729 1.34712004662 103.35806 104.51276 -0.60050128 100.008744284 107.907216827 -0.555612891053 4.76867412556 2.57191523581 0
732 1.3552980423 103.30537 104.5712 -0.75278089 98.0433974867 106.462815185 -0.726891408508 5.59165116372 1.48335802329 0
735 1.35876607895 103.24477 104.73622 -0.88717849 100.25830166 107.274503974 -0.717850458587 3.91942325863 9.70178155322 0
738 1.34999418259 103.11543 104.83266 -1.0218313 98.3908015402 105.389215595 -0.980321674291 4.75729631333 2.37832636227 0
741 1.36472392082 103.3336 104.43355 -1.1359167 101.001936929 108.028220597 -0.97273347459 4.28465977391 9.34971010335 0
744 1.36382007599 104.18264 102.5184 -1.1499809 102.575372276 103.914198548 -1.1754374735 2.12874684303 -1.45855422248 0
747 1.35542201996 105.02068 100.61649 -1.1544373 102.67381969 103.402563533 -1.01814393041 3.64279549845 7.80903485323 0
750 1.35821700096 105.97315 98.645528 -1.1675657 104.643402761 100.667008286 -1.05047116767 2.41963019253 6.70902250651 0
753 1.35709404945 106.66644 96.709247 -1.154133 105.26548423 99.590620704 -1.06525012022 3.20390254108 5.09261388265 0
756 1.35772705078 107.65453 94.805864 -1.1707179 105.464731249 96.3665941146 -1.10263262612 2.68906992496 3.90099884031 0
759 1.35766983032 108.36584 92.821603 -1.1639211 105.78466477 95.9238067747 -1.10399189151 4.03560823545 3.43369071631 0
762 1.35887384415 109.18739 90.932737 -1.1605274 108.20203025 91.2767659572 -1.16158135332 1.0436904524 -0.0603870771103 0
765 1.35924983025 110.00551 88.971931 -1.1631703 107.291423998 89.8950569766 -1.07988509866 2.86677944609 4.77189053245 0
768 1.35607600212 110.83946 87.051439 -1.1600004 110.563030505 86.7061062144 -1.04843216942 0.442343756272 6.39238873983 0
771 1.35903286934 111.68317 85.129972 -1.1502451 111.858812611 86.8742244825 -1.09271628704 1.75307360066 3.2961581832 0
774 1.35510015488 112.49307 83.177328 -1.1488654 110.145624853 86.7302426467 -1.11655729182 4.25836837367 1.85111824256 0
777 1.35790395737 113.40329 81.226755 -1.149046 111.993377026 84.0143144945 -1.03317744386 3.12383458737 6.63877924536 0
780 1.36447191238 114.20236 79.347389 -1.1522317 110.461697915 82.9481191664 -1.10439541118 5.19209115502 2.74081745686 0
783 1.35115599632 115.10134 77.33273 -1.146946 113.205433831 81.1064698055 -1.13572352281 4.2232182422 0.643000578893 0
786 1.3603079319 115.87569 75.433999 -1.1405871 117.104949431 78.3538895794 -1.16874148591 3.16809718051 -1.61312748723 0
789 1.36373090744 116.74641 73.521868 -1.1514597 116.237491856 76.7910912422 -1.20355244135 3.3085976311 -2.98469422274 0
792 1.34808492661 117.66191 71.592443 -1.1472421 124.423744059 75.5589225229 -0.733761205298 7.83934688868 23.6907101757 0
795 1.35677719116 118.47567 69.543126 -1.1411103 116.21054949 73.341792488 -1.14198151237 4.42274100654 -0.0499167916489 0
798 1.36182403564 119.32773 67.660396 -1.1493947 117.602782143 71.7857590815 -1.02848062367 4.47147242662 6.92786625761 0
801 1.35175299644 120.23613 65.736718 -1.1477983 119.909114133 68.3464501578 -1.19553651827 2.63014093018 -2.7351984285 0
804 1.35292506218 121.05504 63.851108 -1.1435448 120.47124674 67.2110286015 -1.13325649268 3.41026113649 0.589476587888 0
807 1.34867691994 121.9387 61.889647 -1.1416966 121.497406365 62.9679781666 -1.20784038795 1.16513440313 -3.78975989079 0
810 1.36408996582 122.75206 59.947854 -1.134592 122.987290748 62.9961404849 -1.15976367837 3.0573491784 -1.44223093396 0
813 1.35006213188 123.61313 58.017737 -1.1345099 122.023079116 59.259960917 -0.915312281334 2.01776660514 12.5590984289 0
816 1.35672807693 124.50226 56.14403 -1.1250591 124.036915947 59.2435775867 -1.17742697948 3.13428466005 -3.00045847639 0
819 1.35513401031 125.37031 54.195354 -1.1346431 122.307959185 56.7701353536 -1.12815155475 4.00093633225 0.371938145244 0
822 1.36955189705 126.19009 52.293812 -1.120627 125.656323009 57.0744820846 -1.02111135844 4.81037562546 5.70182625697 0
825 1.35197901726 127.09539 50.434417 -1.1252352 126.160903095 54.4347392894 -1.11014922932 4.108021932 0.864362449755 0
828 1.35574913025 127.94916 48.435924 -1.125081 127.24118259 51.6349085843 -1.09365965801 3.2763904504 1.80031028262 0
831 1.35630297661 128.83417 46.49897 -1.1135569 126.865414355 49.7144120548 -1.12700410346 3.77028730995 -0.770468004449 0
834 1.35960888863 129.69028 44.561049 -1.1141866 129.293751963 46.9425700655 -1.12233249104 2.4143067472 -0.466725176987 0
837 1.3646531105 130.6504 42.689185 -1.1179531 126.865541398 45.4054821874 -1.12239725031 4.65869349142 -0.254631056153 0
840 1.35934281349 131.56218 40.752166 -1.1133477 128.975420134 47.9979517062 -1.04508370634 7.69368163517 3.91123872966 0
843 1.35891604424 131.80181 39.159633 -1.0655485 128.028108845 42.6739707502 -1.15687427998 5.15668403415 -5.23258175359 0
846 1.36470484734 89.526265 39.287264 -0.26055386 131.752623111 41.3376268211 -1.13463931551 42.2761079932 -50.0814075347 0
849 1.35089898109 49.129117 22.860079 0.57174269 135.297618697 39.9006699456 -1.11140104312 87.8373065646 -96.4370322217 0
852 1.37804102898 45.693587 19.436118 1.0035584 37.3789604757 90.2393755857 -1.61226467934 71.2897909871 -149.875622399 0
855 1.35114908218 46.841947 21.209275 1.0214136 38.2137788912 96.568066558 -0.775756796177 75.8511222725 -102.970278767 0
858 1.35405683517 48.00008 22.972907 1.0079248 70.5540613402 104.030300368 1.67002549113 84.1366929106 37.9355752146 0
861 1.35416913033 49.170996 24.731115 1.014741 36.7978127246 86.2122792409 -1.70018071641 62.7138678506 -155.553556059 0
864 1.34350895882 50.349541 26.532036 1.0144485 37.9222809725 92.4626170715 -0.493128823228 67.0915666252 -86.3778179106 0
867 1.34820389748 51.518278 28.351001 1.0069992 81.8084399707 132.717465453 -0.0726337360351 108.673146705 -61.8584106581 0
870 1.35562610626 52.642563 30.101924 1.0170679 57.4292849083 103.382169554 3.04879992995 73.4364153198 116.409670418 0
873 1.34525895119 53.80357 31.912095 1.0183648 74.8004815878 107.806282225 0.118827449752 78.7451455694 -51.5396936836 0
876 1.35199999809 54.946688 33.671099 1.0064723 22.9333883166 94.6062046121 2.91786520534 68.8326844789 109.514746467 0
879 1.34978699684 56.161659 35.476636 1.0152563 50.3955907697 102.432544608 -3.05135648613 67.2037293636 127.000250441 0
882 1.35529708862 57.333476 37.252395 1.017552 80.5606448287 9.44664654833 -1.49028599551 36.2306640673 -143.688532845 0
885 1.35405397415 58.434052 39.044555 1.0099164 38.5602412868 78.2421670184 1.8550273026 43.9479367003 48.4212879394 0
888 1.33936810493 59.558673 40.733157 1.0155176 10.9539452513 75.6629598376 -2.95596442564 59.854078272 132.450841519 0
891 1.33045196533 60.829575 42.673596 1.0256616 36.1482364488 76.2806287467 -1.23563292576 41.6965360997 -129.562632562 0
894 1.34883379936 61.938983 44.298725 1.0235902 59.5948508207 18.0511672977 1.60292526166 26.3520253683 33.1934539573 0
897 1.35796689987 63.08776 46.123861 1.0214801 101.821452298 128.567701359 2.25641361935 91.0894380932 70.756478638 0
900 1.35089993477 64.233274 47.872937 1.026201 69.6438708373 100.756426477 -1.42996269767 53.1595524572 -140.727813669 0
903 1.34607219696 65.367062 49.701179 1.0288308 35.05152549 26.2324814787 -0.732152158979 38.3381209404 -100.896891344 0
906 1.34782099724 66.47055 51.411163 1.0247772 78.424822937 25.371833584 -0.634495600101 28.6522480424 -95.0693285066 0
909 1.36365890503 67.601685 53.206336 1.0345375 55.1446862031 48.5110610004 2.70953825825 13.3124913652 95.9704741288 0
912 1.35035204887 68.713633 54.989386 1.0321621 79.0081275215 140.233648838 2.03378695472 85.8636183971 57.388876831 0
915 1.34091806412 69.889939 56.860516 1.0335194 28.9546676829 25.989918288 0.586862647357 51.2707542455 -25.5915468175 0
918 1.34418392181 70.97178 58.665246 1.0279054 85.0979986658 101.589389414 0.669619143794 45.188849749 -20.5282903381 0
921 1.38440299034 72.083269 60.388926 1.0348295 100.575616066 74.0278388232 -0.681487407007 31.5885071555 -98.3377150784 0
924 1.35922598839 73.21006 62.180545 1.0389104 113.006566958 111.044341008 0.93808587581 63.0193028071 -5.77681970748 0
927 1.34983205795 74.211219 63.966291 1.0279221 71.6763741261 78.2404406069 -2.44221986217 14.4974751435 161.175511256 0
930 1.34595012665 75.394113 65.876292 1.0355825 15.3458870056 61.4877340165 -2.34954269657 60.2083788708 166.046613113 0
933 1.35555887222 76.475569 67.55587 1.0353462 46.4797011029 56.8149740369 -2.00198567739 31.860931201 -174.026297555 0
936 1.34239697456 77.652303 69.425792 1.0395167 50.5474169143 63.2787964121 -2.01152364308 27.7931719039 -174.811734783 0
939 1.33355402946 78.72098 71.209083 1.0347632 4.84924974404 120.385103118 1.78431793277 88.7429630202 42.946322702 0
942 1.35264205933 79.923618 73.070281 1.0406815 99.088999223 123.049603271 2.21106643546 53.5279785911 67.0581172077 0
945 1.35150408745 80.886825 74.813727 1.0240856 52.201491264 108.238178653 -0.369271219266 44.045911727 -79.8334650997 0
948 1.36407589912 82.003807 76.66259 1.0354781 79.6813458719 77.5443694761 1.04731694034 2.48422236044 0.678315585737 0
951 1.35579705238 83.149971 78.458347 1.0359732 82.379104724 86.8070754847 -0.0881320895851 8.38424129707 -64.4064888216 0
954 1.35845398903 84.209192 80.07724 1.046865 93.9912141044 49.4114495422 0.956857069147 32.1881757926 -5.15707456056 0
957 1.35380601883 84.421821 80.346791 1.1291589 82.6074613861 80.5727018182 1.22262435143 1.82836990412 5.35517589705 0
960 1.34167599678 84.549549 80.462185 1.2384433 83.5209900688 80.3197380436 1.27461643735 1.03837594843 2.07256810199 0
963 1.34296298027 84.477315 80.645515 1.377415 84.7165804331 77.4529717658 1.43713536457 3.20149656408 3.42172484097 0
966 1.34766697884 84.491575 80.745704 1.5042297 80.316212867 80.135054217 1.31009274822 4.21977986381 -11.1232279843 0
969 1.35914111137 84.58151 81.604236 1.6242617 84.4180623313 77.9513449785 2.01448950316 3.656545905 22.3584061697 0
972 1.35134291649 84.52138 83.606555 1.6450761 81.1158954319 83.7114653518 1.51638991107 3.40710013437 -7.37317550713 0
975 1.36289906502 84.450105 85.633891 1.6510189 81.7052349376 82.7829621399 1.6806523647 3.95753800043 1.69787245963 0
978 1.35010814667 84.288283 87.799076 1.6553182 80.7571264574 89.4658642404 1.74753529923 3.90477266516 5.28365058507 0
981 1.35156416893 84.219899 89.940013 1.6574582 29.8007041376 92.0964760803 -2.29761006301 54.4619050574 133.391280843 0
984 1.35695099831 84.085061 91.960688 1.6559816 79.4102887941 92.7690420707 1.69063315279 4.74414707618 1.9853877286 0
987 1.34464621544 83.972707 94.061302 1.6546883 80.4304326235 96.1050784251 1.77414591202 4.0895879785 6.84441699925 0
990 1.34661078453 83.850194 96.236204 1.650278 36.7098361403 85.616351176 -1.71211389793 48.321781974 167.34913518 0
993 1.34049391747 83.742141 98.372522 1.653672 80.259847297 100.334983468 1.75240022464 3.99720207752 5.6567105909 0
996 1.35297513008 83.558608 100.37046 1.6603574 30.5009648466 76.6254034883 -2.34426873631 58.1286607943 130.551823862 0
999 1.34311413765 83.448658 102.54165 1.6520527 80.4465219672 101.610712699 1.54537016518 3.14316162778 -6.11245899277 0
1002 1.35530185699 83.308795 104.69204 1.6576029 79.8148294625 106.906135036 1.53293515716 4.13642502707 -7.1429355059 0
1005 1.34467792511 83.194681 106.76107 1.661421 79.3911772927 107.266281289 1.68591840728 3.83691007165 1.40359804595 0
1008 1.36200618744 83.066158 108.84686 1.6653468 80.7321161145 108.308370362 3.10139280125 2.3953543816 82.279375058 0
1011 1.35484600067 82.920912 111.09751 1.6564676 78.1067864138 110.413875253 1.64098709076 4.86242343154 -0.886967844451 0
1014 1.35801506042 82.798446 113.12029 1.6519674 78.4203245314 112.678015649 1.50730439574 4.40040386733 -8.28857959567 0
1017 1.34435415268 82.725101 115.25424 1.6521864 79.3786652409 116.365935685 1.70721993985 3.52625858187 3.1531895651 0
1020 1.3545730114 82.605874 115.888 1.7134215 77.9357964983 117.811144284 1.76376327145 5.05055519828 2.88437103706 0
1023 1.36091804504 82.650086 115.98425 1.8265292 78.2677828165 114.085544052 1.98308309481 4.77594655236 8.96987743919 0
1026 1.36212420464 82.697137 116.16336 1.9516157 79.4352401183 116.399956642 1.98633194913 3.27046621108 1.98909455589 0
1029 1.34972786903 82.611261 116.28116 2.0730733 80.4109911337 115.29706406 2.21989329634 2.41031788441 8.41216613817 0
1032 1.36266684532 82.517518 116.45008 2.1971216 113.972810333 57.7358695391 2.3963102176 66.6092630629 11.4126671153 0
1035 1.35669112206 82.418538 116.4581 2.3123831 76.7912488757 112.677087816 2.35079433062 6.77956016478 2.20080140061 0
1038 1.35711884499 82.414024 116.83182 2.4679277 77.9835462398 115.488474698 2.52280456007 4.62965547132 3.14421247471 0
1041 1.35262489319 82.282962 116.94587 2.5874118 76.7529182055 116.329124077 2.75666993816 5.56432924106 9.69777696505 0
1044 1.35600590706 82.208722 116.96752 2.707272 78.1129992216 114.475989017 -3.06487808922 4.7940245844 29.2801611719 0
1047 1.35421895981 82.043289 117.20312 2.8493508 56.1721423479 124.024663586 1.27536364002 26.7553674239 -90.1828212748 0
1050 1.37320494652 81.832352 117.28824 2.9891727 77.2881884047 116.185813324 3.01485944642 4.67597768986 1.47174215929 0
1053 1.35537600517 81.142386 117.29523 3.0875315 75.3324573517 113.414293704 3.12570238774 6.98691186658 2.18703076769 0
1056 1.33909797668 79.131234 117.37152 3.1037602 73.9625377557 114.533419064 -2.88589899952 5.89662935823 16.8178071456 0
1059 1.33921909332 77.094643 117.50841 3.1079346 74.8901962994 115.581479788 -3.04752952202 2.92790800686 7.3178848641 0
1062 1.34562397003 74.899205 117.59033 3.115912 70.8980619067 116.465714738 -3.04048038745 4.15618882412 7.26469917251 0
1065 1.32645511627 72.824078 117.69503 3.116944 68.9281632272 116.970012792 3.13171407826 3.96280227473 0.846263147524 0
1068 1.35351705551 70.711208 117.83017 3.1174699 68.0061669308 116.451486079 -3.05042462099 3.03611866359 6.60567546563 0
1071 1.34310102463 68.550781 117.88294 3.1169773 93.2622372577 108.186434095 -3.01195057289 26.5457773882 8.83829994359 0
1074 1.35089302063 66.454241 117.99143 3.11617 61.7486025594 117.380582766 -2.8487307535 4.74512038594 18.23636161 0
1077 1.34817004204 64.352032 118.06903 3.1139299 61.820612056 117.273074745 3.0325140753 2.65360729969 -4.66478314111 0
1080 1.34715199471 62.204954 118.16997 3.1178991 64.9573123617 104.537835245 -0.81122330315 13.9072130394 134.877869109 0
1083 1.34888505936 60.134729 118.2293 3.1166836 56.8637894349 116.948518026 3.12318339924 3.51275505892 0.372411064278 0
1086 1.34593605995 58.034017 118.36643 3.1239361 55.2809735109 117.503049695 -3.10236996821 2.88525111638 3.25894033498 0
1089 1.33842110634 55.858025 118.47896 3.1251128 53.4403273312 116.805859361 3.11099917802 2.94015777928 -0.808650973128 0
1092 1.35216879845 53.766425 118.55 3.1243401 49.3058264991 117.760046244 -3.10264164237 4.53000727624 3.22022705716 0
1095 1.34666609764 51.628528 118.603 3.1187628 49.4021100379 116.460518173 3.10867682728 3.08984875347 -0.577883668967 0
1098 1.35143780708 49.494235 118.64783 3.1200968 46.9373087096 116.523921596 3.07231965389 3.32398239521 -2.73742882914 0
1101 1.35256695747 47.379245 118.80828 3.1260538 45.8610232478 118.748246166 3.13151082931 1.51940822361 0.312664748217 0
1104 1.36283802986 45.313934 118.87713 3.1250737 43.0867864146 118.393278699 -3.09067802025 2.2791003595 3.86365992869 0
1107 1.35703396797 43.229975 118.9845 3.131291 44.1219274638 116.195784538 3.07822193472 2.92788543612 -3.04063346318 0
1110 1.34858298302 41.038059 119.03542 3.1300111 40.0991863938 117.458495697 -3.01109663617 1.83525802735 8.14044518208 0
1113 1.35648798943 38.877743 119.09254 3.1262084 35.1275414295 117.015775636 3.10956694474 4.28683590123 -0.953485151396 0
1116 1.35499596596 36.866989 119.17866 3.1252668 35.2105481462 118.973589542 3.12526317196 1.66908663496 -0.000207871556895 0
1119 1.35597801208 34.67231 119.25843 3.1314701 33.5461910527 119.538919963 3.02572744245 1.16052509772 -6.05860799193 0
1122 1.35155105591 32.567479 119.34722 3.1353596 31.6165615943 119.701587913 3.10044579432 1.01480073416 -2.00041371206 0
1125 1.36522603035 30.502201 119.36971 3.1349527 31.670351104 120.281889274 3.02189545036 1.48210852933 -6.47770324799 0
1128 1.35065197945 29.15421 119.31018 -3.13185 32.0382031667 120.412430031 2.97837860966 3.08745392142 -9.90968880667 0
1131 1.35581612587 28.938717 119.39146 -3.028318 31.3467782815 117.505844621 2.98695809445 3.05848074886 -15.3500671818 0
1134 1.35432291031 28.80706 119.32785 -2.9089456 33.6711967005 119.082761579 -3.0070319165 4.87030740042 -5.61993196337 0
1137 1.35872387886 28.607415 119.34948 -2.7753086 25.5535427904 116.418265396 -2.76928223902 4.23298411648 0.345285049711 0
1140 1.35435891151 28.309413 119.3977 -2.6319404 34.3063953735 121.793107074 -2.7765655569 6.45769096813 -8.28641110171 0
1143 1.3539390564 28.176965 119.31562 -2.5155106 40.1501897727 144.935193218 -1.93664923437 28.2793324418 33.1663131739 0
1146 1.35383415222 28.13257 119.1422 -2.3876282 39.8104437162 136.412214318 3.12568443162 20.8476888189 -44.1104550721 0
1149 1.354129076 28.071656 119.10664 -2.2643471 54.0682987003 97.6214400272 -2.62399915785 33.7259432716 -20.606545008 0
1152 1.35369205475 27.847582 119.05477 -2.1225081 43.5365633411 140.415164729 -1.64888862739 26.5030299868 27.1363968757 0
1155 1.35651111603 27.651134 118.95518 -2.0012288 42.5282885533 140.237220901 -1.81799272341 25.9664204792 10.498653843 0
1158 1.36022496223 27.585975 118.8068 -1.8653126 105.1100216 106.998798905 -2.76746303359 78.4181528159 -51.6894123304 0
1161 1.3399181366 27.545652 118.66047 -1.7395281 48.1938517458 134.741361635 -2.08315460283 26.1714200709 -19.688348341 0
1164 1.3386349678 27.426878 118.54472 -1.6078392 107.595188502 110.375321622 2.5764469936 80.5834789435 -120.258060832 0
1167 1.3385720253 27.408113 118.27266 -1.4907581 77.0319447518 65.850898265 -0.766103267415 72.1842488437 41.5196635109 0
1170 1.34630799294 27.619078 117.43976 -1.368489 88.2468650994 92.4941048067 1.06036483136 65.5592425337 139.163073591 0
1173 1.34819698334 28.00462 115.50954 -1.3464267 43.8062672337 139.986751534 -1.41362105874 29.1346175503 -3.84995316317 0
1176 1.35593414307 28.352772 113.43776 -1.3439724 52.1180651684 98.8130244347 1.60362595091 27.9046958366 168.884945207 0
1179 1.34049296379 28.777386 111.37552 -1.3470791 40.7686030281 134.397773335 -1.2797513783 25.9579166045 3.85759429745 0
1182 1.35339903831 29.292879 109.18718 -1.3487141 37.5706119616 130.555184254 -2.26171945089 22.9153326136 -52.311353279 0
1185 1.35624885559 29.664866 107.14961 -1.3582731 36.9367358019 135.464272602 -2.62046961593 29.233545948 -72.3185332791 0
1188 1.35501217842 30.155372 105.1583 -1.3627181 38.8045014 70.3980769154 0.11484096866 35.820113739 84.6578986155 0
1191 1.34535193443 30.584999 103.08809 -1.3538609 58.7044038839 98.0170220379 1.32123844485 28.5730058149 153.271902238 0
1194 1.35683989525 30.932942 101.04272 -1.3388863 66.0375325465 13.9110833126 1.73579478773 93.9375025709 176.166249675 0
1197 1.35112690926 31.46397 98.886394 -1.3633561 58.6831718062 102.955150045 0.733807974388 27.5216228213 120.158650409 0
1200 1.36094880104 31.761459 96.890841 -1.3338862 15.0842297425 142.595745373 -3.03939113256 48.6525257249 -97.7182345742 0
1203 1.34512090683 32.148779 94.808879 -1.340085 42.9362299099 86.5634853986 2.79249897021 13.5777616998 -123.220380023 0
1206 1.3596329689 32.63242 92.742465 -1.3409888 57.3522500511 121.660187752 0.216605263285 38.0434578727 89.2435660209 0
1209 1.35495090485 33.223163 90.635151 -1.3443959 30.0741251453 35.9792392931 2.87009938257 54.7465535347 -118.527207531 0
1212 1.3564388752 33.480467 88.544154 -1.3400822 29.7912009422 88.338685718 -2.06077659227 3.69498325575 -41.2927469957 0
1215 1.34866380692 33.996344 86.523674 -1.3537744 79.2674068914 35.3428146159 -2.44552913299 68.3297117118 -62.552938464 0
1218 1.34226489067 34.391099 84.502242 -1.3500462 59.5138915537 110.859987821 -1.02458038797 36.4127102869 18.6478174051 0
1221 1.34838581085 34.871654 82.311763 -1.3462417 32.2352704543 95.1364073561 1.9585185112 13.0928232655 -170.651187595 0
1224 1.34417009354 35.319079 80.358924 -1.358939 75.970398479 51.4518978919 1.54795901828 49.881318485 166.552987922 0
1227 1.34943890572 35.776446 78.250756 -1.3606991 29.5169769355 96.718879779 0.661893458512 19.5000653559 115.886017277 0
1230 1.33914399147 36.167733 76.160289 -1.3496683 80.4610033448 78.5243097523 0.119584552542 44.3563117487 84.1819874882 0
1233 1.34645700455 36.593873 74.026216 -1.3452321 87.7667981008 26.9332299225 0.4975765615 69.5443570756 105.585158754 0
1236 1.35932898521 37.096668 72.068535 -1.358637 88.9451247785 8.92677251805 0.620604591532 81.7015583673 113.402189832 0
1239 1.33912992477 37.456761 70.030489 -1.3570922 35.1732697703 67.8427207938 -1.22587024335 3.16238231718 7.51846429569 0
1242 1.36860799789 37.942935 67.912468 -1.3598503 34.6576591761 68.649046255 -1.32011158299 3.36683601697 2.27686076783 0
1245 1.34989595413 38.381728 65.750541 -1.3597279 37.6116810318 65.4378358244 -1.3641622188 0.831117837622 -0.25406775201 0
1248 1.34835314751 38.78715 63.709446 -1.3638712 36.119113918 62.3762893515 -1.30164290315 2.98256989595 3.56541877598 0
1251 1.35586500168 39.284372 61.704874 -1.358189 38.0938030675 62.6488962591 -1.32907283448 1.51941844428 1.66823339984 0
1254 1.35253286362 39.616785 59.610797 -1.3616912 38.2399871406 60.467473336 -1.32477838087 1.62156303924 2.11494874629 0
1257 1.358700037 40.0981 57.483375 -1.3627524 41.1369440068 57.1796157151 -1.47553869111 1.08234309428 -6.46217846743 0
1260 1.34868502617 40.478176 55.366289 -1.371191 38.2678383848 56.6518197533 -1.18231144547 2.55698683821 10.8220013109 0
1263 1.35965919495 40.927924 53.368372 -1.3697355 39.1363584645 52.6751137637 -1.35068140503 1.9210190135 1.09171922399 0
1266 1.35925912857 41.311773 51.24524 -1.3687118 40.7377917901 50.9772987311 -1.39684533066 0.633440567748 -1.61193256947 0
1269 1.34922599792 41.752813 49.127024 -1.3690442 59.7822009378 97.3252044652 -2.6904924596 51.4599206137 -75.7134081198 0
1272 1.35763597488 42.124468 46.999249 -1.3746445 41.9586891736 48.201962069 -1.438408126 1.21408457099 -3.6533866561 0
1275 1.35200715065 42.489069 45.000812 -1.3756167 42.9257372678 47.12445832 -1.32083975997 2.16807584469 3.13848747844 0
1278 1.33734798431 42.919623 42.847052 -1.3693623 41.1080424043 44.0174501708 -1.36595183272 2.15676983772 0.195405381294 0
1281 1.34064698219 43.26925 40.76156 -1.3849404 42.4618648234 42.8007519221 -1.28935515583 2.19321100635 5.47663107484 0
1284 1.34608507156 43.723057 38.666685 -1.382086 44.0526337648 39.907767161 -1.36256515551 1.28409726045 1.1184620017 0
1287 1.36742782593 44.069109 36.638541 -1.3748634 43.9728978014 36.4559580151 -1.32161331648 0.206381058003 3.05100504457 0
1290 1.35151100159 44.48264 34.512889 -1.372972 42.7291900193 35.2567003027 -1.52677792647 1.90468949927 -8.81243045082 0
1293 1.3360209465 44.660959 33.544964 -1.3339999 44.4487530657 34.1833603017 -1.32261194089 0.672741552598 0.652481994376 0
1296 1.34629607201 44.654294 33.324157 -1.2074321 46.7532051 33.6944306196 -1.22394731645 2.13132127071 -0.946252200615 0
1299 1.34556388855 44.699557 33.107025 -1.0711259 43.8465323632 33.3790795472 -0.794014967091 0.89535730727 15.8772869126 0
1302 1.34716391563 44.829945 32.953901 -0.95914547 45.1775086461 33.2937899529 -0.866826562557 0.486132686009 5.28948376573 0
1305 1.35101604462 44.914184 32.826307 -0.82117543 45.8037187317 36.0272789038 -1.02074667851 3.32227228988 -11.4345902518 0
1308 1.3495349884 44.932468 32.690373 -0.70238554 43.1092744651 33.1222529652 -0.666570797828 1.87364750417 2.05203357082 0
1311 1.36609983444 45.019913 32.619075 -0.56167342 41.1224410566 32.2031082763 -0.29914463676 3.9196065957 15.0417912804 0
1314 1.35886693001 45.164806 32.47066 -0.44585332 42.9268751386 33.9044712372 -0.655830313019 2.65784672332 -12.0307954948 0
1317 1.36384391785 45.307079 32.373178 -0.30795343 43.9415461747 31.5819719045 -0.307213477828 1.57819104752 0.0423961365139 0
1320 1.35613298416 45.468859 32.25314 -0.19105128 41.3812232204 33.0312955787 0.172729780536 4.16104462505 20.8431194355 0
1323 1.34367990494 46.833289 32.057508 -0.10389315 42.4040838938 32.3311047114 -0.0487665695305 4.43764724077 3.15852039989 0
1326 1.35837101936 48.863767 31.868312 -0.084237935 47.2728728772 32.2793981384 -0.236873238197 1.64314817446 -8.74535867789 0
1329 1.3508541584 51.033972 31.691587 -0.08198003 49.1609583341 32.9347976653 -0.100666827306 2.24805537097 -1.07067461825 0
1332 1.34864711761 53.111195 31.42619 -0.084122232 52.6575728125 28.8158548569 -0.579171475744 2.64945704781 -28.3642323177 0
1335 1.34196305275 55.206155 31.249451 -0.082409142 52.377424686 33.47416633 -0.189217335078 3.59875999318 -6.11965868077 0
1338 1.3429889679 57.287235 31.07162 -0.080297126 57.220898354 34.3280115972 -0.0414392812666 3.25706720612 2.2263905042 0
1341 1.34258198738 59.516372 30.847745 -0.092608556 57.7553220083 33.2198692556 -0.0243747108089 2.95436466219 3.9095113494 0
1344 1.35047101974 61.567611 30.670937 -0.091677002 57.7328792884 33.4365265894 -0.00990982282631 4.72796500373 4.68491426934 0
1347 1.35433888435 63.68279 30.502969 -0.089332225 63.3702385217 31.3145909222 -0.0494365214287 0.869723272736 2.28585543534 0
1350 1.35061001778 65.773678 30.270465 -0.081918863 67.718326934 33.3925742519 -0.0615760094293 3.6782095722 1.16555965285 0
1353 1.35693883896 67.870787 30.052005 -0.080757136 68.4073172871 30.4239167142 -0.11516227385 0.6528269849 -1.97126919238 0
1356 1.35126209259 69.978421 29.855203 -0.080851998 69.3735108366 32.6247376454 0.0307078064613 2.83482600131 6.39190595894 0
1359 1.3497209549 72.04312 29.748383 -0.089661546 69.3081546372 30.3342279532 -0.0298939931534 2.79700730157 3.42442852994 0
1362 1.34990692139 74.192216 29.503442 -0.097083695 71.3040083868 31.5613779282 -0.0587934269454 3.54638456762 2.19387075596 0
1365 1.35180902481 76.337484 29.313327 -0.092202589 75.7970469672 31.6934889206 -0.00428881370396 2.44074639296 5.03708828552 0
1368 1.34638905525 78.469083 29.072242 -0.088851811 77.5857952653 29.5642233945 -0.0918619822307 1.01106029237 -0.172470107133 0
1371 1.34547710419 80.508884 28.860474 -0.08148585 78.5625563138 29.8611769732 -0.110346130873 2.18851499939 -1.65357228959 0
1374 1.33979082108 82.648681 28.706332 -0.092016755 81.6311262545 30.141845912 -0.121209493765 1.75957888469 -1.67262072364 0
1377 1.35075616837 84.803463 28.469695 -0.089914919 83.0148755114 30.2554432229 -0.0103147605084 2.52743781728 4.56075313014 0
1380 1.34936690331 86.909059 28.274418 -0.095059786 85.2926241257 30.6410516728 -0.0931800388519 2.86597568794 0.107701578137 0
1383 1.34255504608 88.999768 28.069648 -0.093100738 86.6914148811 30.8738147221 -0.0330674367869 3.63205797405 3.43965478975 0
1386 1.3421189785 91.148907 27.8824 -0.087682683 90.5624183636 30.8310737601 -0.062448112913 3.00643407779 1.44583436381 0
1389 1.35011196136 93.191686 27.680334 -0.085944106 90.2364564342 30.2604537712 -0.0428391506028 3.92306000727 2.46973202036 0
1392 1.36706185341 94.597595 27.536443 -0.026113958 93.659595639 30.5788538265 -0.0461519427692 3.18372524541 -1.14809195722 0
1395 1.35307693481 66.734672 23.138609 0.64678418 94.6919605804 31.3133139817 0.0355126772 29.1279210776 -35.0232772471 0
1398 1.34291505814 41.954155 8.6979942 1.5862633 97.9922762573 31.5130248973 0.058730229657 60.5045176807 -87.5211979973 0
1401 1.35164403915 40.498777 7.6026468 1.6671323 99.2253812231 31.6930727679 0.0529838369776 63.4756856355 -92.4838944387 0
1404 1.34791898727 40.36551 9.5759073 1.6613912 98.9013062974 30.9884339536 5.22155948511e-05 62.3292527299 -95.187712147 0
1407 1.34520101547 40.15753 11.693798 1.6450717 102.123539676 30.4772289781 -0.02792355529 64.7503176399 -95.8555672735 0
1410 1.36184096336 40.017928 13.779826 1.6578436 102.653993293 30.8198673908 -0.0538314379547 64.912554148 -98.0717555727 0
1413 1.34839916229 39.937066 15.922073 1.6651068 105.619760869 32.3195952996 0.0333636309294 67.6985608618 -93.491996837 0
1416 1.35161805153 39.75755 17.953862 1.6630734 105.621902449 31.3904442556 0.0274941758683 67.2209391947 -93.711786602 0
1419 1.35953903198 39.645384 20.177858 1.663423 108.173722823 29.2249558049 0.0510215378336 69.1229571164 -92.3837986629 0
1422 1.34512591362 39.526919 22.292671 1.6684735 110.636804146 33.6493594688 0.1193204177 72.0110417818 -88.7599334355 0
1425 1.44379591942 39.303781 24.413998 1.6572417 112.639026124 33.9618389531 0.0361746496532 73.9541712431 -92.8803002926 0
1428 1.45290493965 39.21094 26.55624 1.6661167 114.221097576 34.5247063913 0.130903891947 75.4322225329 -87.9612145559 0
1431 1.34686088562 39.049874 28.673026 1.6660737 118.184856305 34.4393225887 0.117660896214 79.3447893741 -88.717518601 0
1434 1.36008381844 38.816051 30.701859 1.6598041 117.100298439 33.4476237876 0.0680012886694 78.3323855203 -91.2035829063 0
1437 1.35636401176 38.695572 32.853799 1.6647394 123.447950608 34.1025103787 0.199810425205 84.7615771438 -83.9342475422 0
1440 1.35927891731 38.58982 35.008607 1.6723781 123.617346688 34.8221080822 0.0486932761818 85.0277312207 -93.0302876642 0
1443 1.33918809891 38.393816 37.160762 1.6689022 126.691466039 35.4431094309 0.144901950214 88.3143551905 -87.3187822896 0
1446 1.35911917686 38.314928 39.264936 1.6781402 129.477316274 36.7815471953 0.162274328942 91.1962074642 -86.8527167195 0
1449 1.34409999847 38.042909 41.445131 1.6601298 131.861725072 38.7738383653 0.16280578687 93.8568380751 -85.7903465159 0
1452 1.35501217842 37.893052 43.482766 1.6655679 135.064782299 39.2331349531 0.228568759998 97.2646108989 -82.333985886 0
1455 1.35382604599 37.737395 45.529248 1.6663309 137.836023363 28.5886064241 -0.0235266412061 101.522020947 -96.8217050895 0
1458 1.36225199699 37.667375 47.706088 1.6735516 140.390365983 24.7386525844 -0.208287042665 105.259279715 -107.821411949 0
1461 1.33951687813 37.411337 49.793915 1.6717816 141.673460828 43.8045588219 0.560066345795 104.434011952 -63.6965920862 0
1464 1.34646391869 37.208006 51.943854 1.66906 135.446036632 34.2408318677 0.0666207776596 99.8203769532 -91.8130043663 0
1467 1.33998894691 37.03196 53.963531 1.6741645 138.864636662 37.9781448038 0.133527839146 103.079709973 -88.2719784301 0
1470 1.3399939537 36.983983 56.143126 1.6856298 34.8018035939 105.471937418 2.98662286868 49.3770548219 74.5414120109 0
1473 1.34252095222 36.720012 58.206076 1.6746777 93.7932005158 41.6833224942 -2.94469698432 59.4167504225 95.3293265989 0
1476 1.35256290436 36.536888 60.398002 1.6787317 121.32324719 27.7229092844 -1.9294296841 90.8646707395 153.267580889 0
1479 1.34673190117 36.401835 62.417273 1.6766351 141.540113485 23.6120361299 -1.68097980323 112.07097756 167.622836815 0
1482 1.34432196617 36.239068 64.615141 1.6886647 82.4310152533 56.5192981685 -1.2633430311 46.8960410078 -169.137584082 0
1485 1.35843610764 35.99676 66.655908 1.678851 109.50451119 109.219286376 -2.05428676256 84.9413366021 146.106961864 0
1488 1.35847783089 35.830181 68.859683 1.6854848 76.1506690961 14.9913320844 -0.0744655685845 67.2870046196 -100.837728272 0
1491 1.35132908821 35.575227 70.898859 1.683738 78.3464877076 93.4948880188 -0.951531581053 48.3731461653 -150.989824874 0
1494 1.36135792732 35.463169 73.006353 1.6935188 34.7178273424 46.2661802107 1.27074007656 26.7505584051 -24.2234365211 0
1497 1.35848402977 35.205801 75.07321 1.6913976 36.559448856 93.5499375498 2.82506947801 18.5262468802 64.9546139629 0
1500 1.35978293419 34.978045 77.287591 1.6912075 72.0146985995 103.761280396 2.71925041862 45.5254867087 58.9025203951 0
1503 1.35721492767 34.814043 79.320098 1.7000185 29.2788487466 96.1411157488 2.52589508096 17.7083317545 47.3192424877 0
1506 1.36469507217 34.580736 81.372215 1.6970036 37.2650692839 98.0552275197 2.04903890708 16.8975901214 20.1701373352 0
1509 1.35509395599 34.345965 83.441951 1.6955247 16.6932549565 33.9345547869 -1.70471178123 52.5604456953 165.180800279 0
1512 1.34893798828 34.142398 85.698773 1.7034669 63.2513109899 111.06716586 2.89526797562 38.6119692811 68.285171652 0
1515 1.36298894882 33.910208 87.748137 1.7016389 53.4631598616 33.6747969152 1.0212654002 57.4999481255 -38.9825300309 0
1518 1.37125396729 33.670818 89.737713 1.6967853 106.049566113 77.5549288291 0.0224731605779 73.3968896383 -95.9310191764 0
1521 1.36164283752 33.472926 91.900649 1.7056804 33.556337224 86.7168301466 -0.964640753678 5.18448988204 -152.99813205 0
1524 1.35273504257 33.217902 94.036516 1.7078464 29.99548269 91.9161282234 2.00947434122 3.85746426203 17.2820080153 0
1527 1.34848499298 33.034075 96.178482 1.7177188 30.2036802001 97.1946000337 1.70815963646 3.00726297188 -0.547699726747 0
1530 1.35173988342 32.713254 98.174723 1.7080491 29.3609278456 95.9026318177 1.9019678863 4.04975171904 11.1107280231 0
1533 1.35966181755 32.45653 100.24821 1.7068362 25.921906676 98.6322683267 1.97756036302 6.73146116959 15.5113519532 0
1536 1.35854506493 32.217075 102.39435 1.7082962 37.819986504 74.9963714797 -1.21204528261 27.9650110731 -167.32324169 0
1539 1.34220910072 31.955228 104.48204 1.7110577 43.7970461974 70.6497372232 -0.868695156956 35.8448513653 -147.80895089 0
1542 1.58461713791 31.741377 106.6002 1.7198575 28.5445546473 106.782939427 1.75599675423 3.20204104486 2.07062674229 0
1545 1.34196710587 31.439656 108.68741 1.7105287 88.7145465113 92.6467474304 -2.57687290304 59.4787015557 114.349983068 0
1548 1.33392810822 31.216018 110.75498 1.7177022 26.8515682309 110.730269315 1.82311532444 4.36451972214 6.03972713595 0
1551 1.34879684448 30.916985 112.90957 1.719675 27.6168451904 112.444507573 1.73661830963 3.33274748871 0.970780133006 0
1554 1.34147286415 30.668641 114.94646 1.716506 27.3167232737 112.812482599 1.78892386907 3.97356414205 4.14923825901 0
1557 1.35254621506 30.419865 117.12266 1.716223 28.8213561993 114.204626614 1.82883824527 3.32718337741 6.45237826266 0
1560 1.35524606705 30.132888 119.21343 1.725557 29.5084611835 116.074278234 2.02457638699 3.20065347409 17.1325488669 0
1563 1.35948514938 29.88258 121.34383 1.72867 28.6283662165 118.5992642 1.82525907074 3.01756419057 5.53414610031 0
1566 1.36547589302 29.981486 120.5055 1.7055843 24.7709494424 118.467852839 1.85861500105 5.59479196851 8.76801330629 0
1569 1.3480629921 30.170653 118.4575 1.6900862 31.1644506768 117.919554483 2.42502748647 1.13005274268 42.1090339047 0
1572 1.3690829277 30.502618 115.6086 1.6745202 29.1660652369 112.871496152 1.76782588446 3.04599914069 5.34602192438 0
1575 1.3530189991 30.699806 113.48782 1.6738205 31.2413604398 112.767547273 1.87668494272 0.901151492315 11.6232763809 0
1578 1.351583004 30.8492 111.36091 1.6697397 25.6153299996 110.897470108 1.58722691767 5.25434788671 -4.72763418325 0
1581 1.35395002365 30.973164 109.37107 1.6787837 29.1301831274 109.683130047 1.80955030307 1.86921373026 7.49237445709 0
1584 1.34480404854 31.204408 107.09871 1.665475 87.0143943897 81.5410684887 -1.92885020985 61.3836103568 154.060335278 0
1587 1.35131001472 31.322843 104.96751 1.6587885 28.7821260735 105.148259919 1.69763120709 2.54713820472 2.22552318099 0
1590 1.36361098289 31.457099 102.91722 1.6541397 28.5405933387 102.899725195 1.86782213501 2.91655813254 12.2431016823 0
1593 1.35727000237 31.546684 101.34427 1.631357 29.4548013462 104.464611022 1.79211697047 3.75666090192 9.21086782263 0
1596 1.35140895844 31.536552 101.09899 1.5279681 122.177294402 109.089515652 -2.85274355501 90.9922671624 109.003710904 0
1599 1.47412705421 31.522716 100.84711 1.3818466 28.2168664556 102.458696701 1.40814264542 3.67775106646 1.50665242062 0
1602 1.36805295944 31.33472 100.81397 1.2437751 117.187601229 103.142192561 1.87435020857 85.884444666 36.1292923869 0
1605 1.35336709023 31.335612 100.76499 1.1262837 29.4383029851 102.974089053 1.2186349263 2.91202680687 5.29133549994 0
1608 1.34690880775 30.238332 99.003137 0.9296569 120.479127856 113.229785382 -2.60523044287 91.3553433626 157.4658742 0
1611 1.33241915703 28.772289 97.32743 0.78863198 24.7716323918 99.714609997 0.94185713835 4.65874249498 8.77915488871 0
1614 1.35443305969 27.005154 95.945316 0.6582802 116.588308813 89.3709493786 -2.87675882071 89.8240720666 157.457183699 0
1617 1.3431661129 26.209553 95.323497 0.64585939 30.0855136894 93.2992677371 1.30363145349 4.37270801388 37.6875631194 0
1620 1.36423397064 26.225548 95.299359 0.74214735 23.474416458 93.22190238 0.834591420286 3.44739768077 5.29665506839 0
1623 1.35172486305 26.287241 95.304851 0.87876564 25.5554113845 96.0683116174 0.678895717852 1.05756640479 -11.4517029907 0
1626 1.347645998 26.503119 95.525486 1.0159202 17.5873762644 32.55122814 1.53582592508 63.6022611354 29.7884037919 0
1629 1.34643602371 26.584147 95.637624 1.1414331 24.1102230963 95.3872910933 1.40467817905 2.4865570666 15.0828320071 0
1632 1.35398387909 26.62792 95.717086 1.2595284 25.4181094247 95.1676543613 1.39336216911 1.32872749419 7.66811012621 0
1635 1.34421205521 26.756174 95.797181 1.3910555 117.773510529 67.1584244446 0.753029732701 95.4166333811 -36.5561836868 0
1638 1.3548951149 26.381693 93.77201 1.3952992 20.7722114468 95.9562607898 1.41755215874 6.01973710463 1.27500061773 0
1641 1.35177206993 26.011804 91.856332 1.39866 22.2870153604 90.9666421382 1.69353708487 3.8295689653 16.8952124379 0
1644 1.36298203468 25.609249 89.727224 1.3968171 22.1605519365 90.2725063851 1.37017477122 3.49153896087 -1.52649299534 0
1647 1.35659885406 25.2462 87.568251 1.3940659 22.3491912687 87.4928229559 1.62408134211 2.89799050703 13.1789140559 0
1650 1.34832382202 24.820481 85.505592 1.4017015 130.518873158 91.5516340316 -3.13082234579 105.871170434 100.305513094 0
1653 1.35676312447 24.493958 83.448062 1.398475 21.2359235306 83.7810618208 1.53251588311 3.27500801293 7.67997688446 0
1656 1.37477278709 24.080092 81.345956 1.3962744 16.285189891 81.4141712495 1.17228377965 7.79520058811 -12.8337171965 0
1659 1.34933304787 23.622432 79.208855 1.3888608 21.1886917501 77.4912326641 1.50803888107 2.97881152356 6.82840105572 0
1662 1.35160684586 23.236261 77.182266 1.3737053 19.3769941171 78.158796755 1.3744383123 3.98089854037 0.0419985113013 0
1665 1.3583650589 22.741503 75.111069 1.3685019 21.6384244319 75.5136538285 1.55875335075 1.17424736388 10.9006051742 0
1668 1.34726715088 22.23837 73.007777 1.3690406 17.8983729981 73.0880948603 1.38587294299 4.34074013682 0.964422212669 0
1671 1.35565805435 21.796618 70.8705 1.3677106 12.1428919205 69.7132001915 1.26546682006 9.72284783713 -5.8581370723 0
1674 1.3460021019 21.306705 68.900927 1.3588762 18.7176784557 69.0815768899 1.43805768823 2.59532133458 4.53676509108 0
1677 1.35309815407 20.800373 66.796896 1.3509317 21.2417055503 67.4643996251 1.62515245526 0.800209665951 15.7116919315 0
1680 1.34117007256 20.180988 64.758154 1.3339286 19.6091338344 64.9467931867 1.5376470365 0.602164370801 11.6722066205 0
1683 1.34508705139 19.716632 62.635567 1.3210663 17.5535319378 61.874316551 1.43064090912 2.29314284884 6.2781626445 0
1686 1.36146783829 19.127208 60.642471 1.320188 18.4880877852 61.3268285012 1.6774533915 0.936386586004 20.4697990991 0
1689 1.35024309158 18.573484 58.538556 1.3117791 19.6330507245 56.8036597399 1.60140692195 2.03286661567 16.5944518275 0
1692 1.35312914848 18.03732 56.562177 1.3046299 57.0701464592 110.413181264 0.633408366906 66.5093392063 -38.4581609646 0
1695 1.36096692085 17.470308 54.449011 1.30616 13.9107278308 52.4290370734 1.28246524609 4.09278702663 -1.35760939587 0
1698 1.34944915771 16.865167 52.414515 1.2995721 15.6368038433 53.0205791741 1.60096356082 1.36974078854 17.2684586863 0
1701 1.34610700607 16.322269 50.452679 1.2871313 78.1945360644 90.8732361052 -2.16657881049 73.9053372118 162.116987007 0
1704 1.35580015182 15.679585 48.421133 1.2791916 17.0045041475 48.9583326838 1.55787100658 1.42968326835 15.9671538344 0
1707 1.35522603989 15.049517 46.343459 1.2810584 12.4743731558 45.9273627097 1.325542261 2.6085440271 2.54873749169 0
1710 1.35888695717 14.370513 44.264129 1.2685694 13.9134543126 42.9812769934 1.55974538631 1.3618413691 16.683155111 0
1713 1.36970210075 13.728985 42.398373 1.2622613 13.3580335978 43.1992289366 1.43360406165 0.882595702502 9.8172170927 0
1716 1.36251997948 13.116178 40.310007 1.2578142 13.8646953638 40.9086531293 1.4140202495 0.958465143866 8.9499473706 0
1719 1.35283589363 12.482531 38.460523 1.239848 13.4234408069 37.9279254385 1.49677445641 1.08118982019 14.7208015974 0
1722 1.35225605965 12.331027 38.238303 1.1567887 14.2701301555 38.4647415271 1.37298820479 1.95227955328 12.387319157 0
1725 1.35021710396 12.263795 38.100898 1.043782 16.86718548 37.5429777895 1.34365267347 4.63707654378 17.1813239896 0
1728 1.34869980812 12.231882 38.075858 0.90529637 12.0334133887 38.9437174473 1.13444102874 0.890263899005 13.1290218436 0
1731 1.35384488106 12.170047 37.918491 0.7605547 11.4020062723 39.6632612834 1.09439317537 1.9063341526 19.1275356778 0
1734 1.3535399437 11.9457 37.868652 0.60051086 20.5467596089 37.7968222468 1.43212147821 8.60135953847 47.6477786219 0
1737 1.35832595825 11.861848 37.85602 0.47073445 13.0040822334 37.3600716632 0.877905319169 1.24525651846 23.329172344 0
1740 1.34364414215 11.68598 37.868337 0.32347919 14.0333286666 39.9016202438 0.586317503762 3.10552515888 15.0595260729 0
1743 1.3533551693 11.634663 37.834152 0.18688423 14.124609097 40.5171814528 0.407593719131 3.66039323166 12.6457222257 0
1746 1.35888910294 11.546787 37.799316 0.059161186 10.79114944 37.4097787695 0.281737392121 0.850133740121 12.7526772307 0
1749 1.35346603394 11.461332 37.784444 -0.088384018 12.8193482331 39.556246409 -0.325203974091 2.23237359458 -13.5687839885 0
1752 1.34938597679 11.353119 37.809133 -0.22428348 15.495529295 38.6569397357 -0.113253596265 4.22827852834 6.36154373787 0
1755 1.35186600685 11.259101 37.929753 -0.36642208 12.4627702082 37.1432916309 -0.0335429400993 1.43782511029 19.0725698043 0
1758 1.36465907097 11.22919 38.083377 -0.50941267 11.4287210632 38.9485750992 -0.140166605739 0.88790787591 21.156241084 0
1761 1.35496115685 11.185129 38.110347 -0.64618684 15.2338848986 37.1233461632 -0.349477156115 4.16732467877 17.0002126273 0
1764 1.35167813301 11.588805 37.741111 -0.76036767 14.9837352409 37.3483057798 -0.840956591791 3.41757915513 -4.61740509415 0
1767 1.36686515808 13.063467 36.224873 -0.77289998 12.1801246011 40.7222491356 -1.00939116526 4.58330512825 -13.5499468077 0
1770 1.34917116165 14.493375 34.807156 -0.77803694 12.4901556565 36.6131070047 -0.464583149621 2.69709969586 17.9595792611 0
1773 1.34264612198 15.892318 33.28564 -0.77023756 14.2956349598 36.9561446671 -1.13359879247 4.00274921045 -20.819065059 0
1776 1.3405380249 17.405154 31.857105 -0.77891679 19.278164541 29.9579892688 -0.865791582794 2.66735993956 -4.97755897315 0
1779 1.33761882782 19.008966 30.381332 -0.78385491 18.9249749895 32.1736340583 -0.837658040363 1.79426897594 -3.0826922944 0
1782 1.33704090118 20.517371 28.856906 -0.78454873 18.8576687013 28.8603306352 -0.614005049484 1.65970583192 9.77143311617 0
1785 1.34019804001 22.037399 27.308602 -0.78653789 21.6544079645 26.5940941678 -0.86836774857 0.810680933281 -4.68850553423 0
1788 1.34131097794 23.470866 25.802264 -0.78746834 24.6817010323 24.3871833941 -0.701691149446 1.86241096338 4.91467099722 0
1791 1.35123991966 25.030138 24.239515 -0.79252133 24.4365018993 25.6027510561 -0.842386612034 1.48688142252 -2.85707020477 0
1794 1.33922386169 26.508975 22.80392 -0.79210599 12.135980214 56.2209423973 2.53596047852 36.3769207743 -169.315837415 0
1797 1.34847307205 27.961008 21.312251 -0.79564812 29.468740753 19.372036455 -0.432737022013 2.45717124661 20.7932742531 0
1800 1.34932589531 29.36401 19.750057 -0.78815021 30.2211082132 19.9316614089 -0.735750469881 0.876126422633 3.00228395642 0
1803 1.35428786278 31.016391 18.179875 -0.79578372 30.6202629162 19.7324134274 -0.515680838242 1.60227745018 16.0487129542 0
1806 1.36264204979 32.405165 16.663972 -0.79079715 33.2923996873 17.4296538209 -0.761979184015 1.17194455558 1.65114782508 0
1809 1.36158394814 33.875627 15.226881 -0.79213801 33.2012353575 17.6146198461 -0.743755412668 2.48114910572 2.77211862898 0
1812 1.34939885139 34.400964 14.714584 -0.72873329 32.6665714957 14.2092400863 -0.714977765718 1.80651316908 0.788133486367 0
1815 1.35385704041 34.541831 14.529671 -0.59347242 32.4430868986 15.6591953907 -0.50459729286 2.38339089373 5.09216968879 0
1818 1.34508895874 34.648846 14.435796 -0.47955783 33.9016888001 16.8613694365 -0.535121225287 2.53804065709 -3.18354804535 0
1821 1.3318669796 34.668797 14.324629 -0.34405458 32.7458818755 14.8221808481 -0.358674808417 1.9862427892 -0.837677383787 0
1824 1.34376597404 34.864126 14.20779 -0.22615765 36.1624903131 16.9823515288 -0.361578730057 3.06332198218 -7.75905634439 0
1827 1.34393191338 35.017605 14.088235 -0.094353638 35.661347316 18.4988434511 -0.305380477962 4.45733901318 -12.0909472938 0
1830 1.34748387337 36.599142 14.0692 -0.022879679 35.7232621351 16.08546766 -0.192942803238 2.19829497894 -9.74389926967 0
1833 1.34578299522 38.63985 14.009333 -0.014813302 38.770597335 16.1057437654 -0.145492713939 2.10048398303 -7.48737877334 0
1836 1.34650278091 40.768535 13.925491 -0.0089087199 38.7941058766 14.9128474442 -0.125040160385 2.20754232377 -6.65384140857 0
1839 1.34288620949 42.905865 13.952369 -0.011506708 44.5825126562 12.6648561265 -0.112503942994 2.11396233709 -5.78671530765 0
1842 1.34248113632 45.04117 13.838962 -0.010052037 44.8905251752 14.6901873113 -0.140680387686 0.864452655649 -7.48445317907 0
1845 1.34375905991 47.095509 13.764363 -0.008210261 45.7736572474 16.0383183642 -0.0712117751898 2.6302404936 -3.60972086601 0
1848 1.34346199036 49.256947 13.750747 -0.012245698 48.3179957638 14.3080577474 -0.0786907823914 1.09189042178 -3.80702290502 0
1851 1.35590195656 51.347189 13.680192 -0.017629817 50.5863276618 16.2815938352 -0.0858738397862 2.71038769998 -3.91009448264 0
1854 1.34668684006 53.510554 13.649042 -0.0075411209 53.2364184509 17.1442562633 -0.00600165278008 3.50594823776 0.0882050259666 0
1857 1.35646486282 55.608657 13.581194 -0.0077936973 54.6249713162 16.6673049164 -0.00884224487368 3.2390921742 -0.0600773505903 0
1860 1.35185098648 57.666716 13.591636 -0.01411162 58.1424113306 16.1172532537 0.0916345470488 2.57002501146 6.05880907158 0
1863 1.35451006889 59.905766 13.533857 -0.012519778 58.8860674528 15.382292164 -0.00542709167088 2.1110418477 0.406380992069 0
1866 1.35265302658 62.027534 13.447994 -0.021676244 60.9882082988 15.3677278018 -0.0112787614259 2.18301987689 0.595731869056 0
1869 1.3458571434 64.181261 13.371995 -0.025327169 62.7027989739 15.5607453424 0.0049208912234 2.64130233486 1.73308618926 0
1872 1.34599089622 66.241252 13.310079 -0.024907545 64.9369515727 14.3711337469 0.0509426415249 1.68137942788 4.34589556316 0
1875 1.35366797447 68.444119 13.24669 -0.026304862 65.8213620223 14.7756772654 0.0397777390477 3.03589463283 3.78625413928 0
1878 1.4293859005 70.49734 13.123327 -0.017605166 69.0964356383 15.5280301263 -0.00272575527304 2.7830073942 0.852527436297 0
1881 1.36235904694 72.634932 13.039101 -0.019360635 72.737336642 15.5314775527 0.0707192707702 2.49447942283 5.16119841957 0
1884 1.35847902298 74.720419 12.994859 -0.019347658 75.3417722612 16.2864504511 -0.0225807055579 3.3497244896 -0.185239980035 0
1887 1.34923005104 76.914825 12.90632 -0.036038761 77.2095023927 15.2436183168 0.0191502399587 2.35580096516 3.16209683048 0
1890 1.34718418121 79.004774 12.78569 -0.032634565 77.914243159 15.2347543855 0.0420695561861 2.68089050124 4.28023085619 0
1893 1.34400200844 81.177999 12.691712 -0.029848436 80.3586261313 15.1311925018 0.0284130816724 2.57340960921 3.33813907065 0
1896 1.34942102432 83.222919 12.597068 -0.02122413 81.8509756007 13.9538471774 0.0296650386275 1.92952803222 2.91573458528 0
1899 1.33506298065 85.390174 12.538762 -0.021700441 84.387475733 13.2566777706 -0.0383175368442 1.23320998551 -0.952089459639 0
1902 1.34726119041 87.449986 12.512039 -0.030894579 87.0421113418 14.8457263252 -0.0243445970329 2.36906274052 0.375286322603 0
1905 1.37933588028 89.572355 12.414566 -0.034322832 88.6770040522 13.9041324081 0.00660479276304 1.73794746864 2.34498016442 0
1908 1.35984683037 91.713838 12.339838 -0.030338307 90.1904035747 15.878255713 -0.00840892431829 3.85243460163 1.25646107499 0
1911 1.35361289978 93.866625 12.234111 -0.027880568 93.3197248466 14.1197005561 0.00943060059333 1.96330021944 2.1377724891 0
1914 1.3497030735 96.027017 12.118277 -0.016096141 94.9376995355 15.2360460318 0.00891452386628 3.30258932868 1.43300553965 0
1917 1.37614107132 98.003729 12.063433 -0.023465033 96.9810437005 14.7975895711 0.031019526563 2.91916038906 3.12173531159 0
1920 1.34822010994 100.1865 11.996018 -0.023536261 99.3728886005 15.1902609134 -0.0433212544739 3.29623289519 -1.13359662375 0
1923 1.34495687485 102.26857 11.921444 -0.023061579 102.269686923 15.775104606 0.0173518227401 3.85366076787 2.31551735548 0
1926 1.37888908386 104.50291 11.810699 -0.022632517 104.405518215 16.2717677366 0.00575154498001 4.46213171392 1.62628695689 0
1929 1.35065317154 106.528 11.779433 -0.025937223 105.557297912 15.1002160803 0.0320874553693 3.45974895184 3.32456917816 0
1932 1.35904884338 108.61821 11.737233 -0.017267816 108.239705929 15.2525150621 0.0156380752037 3.5356008411 1.88536868709 0
1935 1.33571600914 110.65428 11.638117 -0.015586443 108.745424077 16.2787518575 -0.0305943645425 5.01789027557 -0.859890563646 0
1938 1.34736013412 112.94226 11.558687 -0.011710616 111.891180579 15.6989890131 -0.0679893138086 4.27163536709 -3.22453186093 0
1941 1.35274386406 114.89636 11.528856 -0.01668203 114.160481838 15.4015812425 0.00750808978494 3.94201946633 1.38599176959 0
1944 1.46962094307 117.03777 11.494892 -0.018548407 117.193773889 14.8819547963 -0.0239067034085 3.39065356525 -0.307007769585 0
1947 1.34085893631 119.07747 11.406331 -0.016261061 117.641122757 15.8376375302 -0.0111170767065 4.65827982926 0.294728589899 0
1950 1.34053087234 121.291 11.334615 -0.012126455 120.166478005 15.2770936675 -0.0153752766387 4.09971800992 -0.18614376829 0
1953 1.35778903961 123.43737 11.229443 0.0013807468 123.105921839 16.3583862978 -0.041558789388 5.13964174196 -2.46025419782 0
1956 1.35322785378 125.58554 11.258252 -0.0049853053 123.728151907 14.1751822657 -0.00438183913106 3.45808801243 0.0345760645594 0
1959 1.34459209442 127.50849 11.183265 -0.012828209 126.520609784 15.2995894636 -0.0079946871105 4.23320616203 0.276940404452 0
1962 1.42548298836 130.28779 11.390648 -0.01314096 128.985558228 15.221889855 -0.0258721576989 4.04650735061 -0.729443896293 0
1965 1.38225507736 132.78769 11.256475 0.0084755214 131.191742345 14.3269206179 -0.0166338441575 3.46044581082 -1.4386606727 0
1968 1.38010215759 125.9239 10.596074 0.27888777 132.650535574 14.5225216609 -0.0284543605896 7.78874941016 -17.6094069493 0
1971 1.34911584854 93.936275 13.265891 0.84250578 133.105729365 14.0280316415 0.0225789033151 39.1768683482 -46.9783495434 0
1974 1.35570693016 59.212281 6.4432491 1.3602712 132.892406963 14.27517182 -0.00686332285203 74.0952088564 -78.3310381861 0
1977 1.34320616722 41.747696 3.5851691 1.5088422 136.154406361 7.56733863675 -0.194153219278 94.4906589848 -97.5744500547 0
1980 1.34517502785 40.889782 2.6549702 1.6071612 137.434394215 8.76065951463 -0.158624325102 96.737488027 -101.172058114 0
1983 1.35671186447 40.408125 3.8011614 1.6070032 136.852173443 9.67562632887 -0.243321697404 96.6227914022 -106.015807349 0
1986 1.47277808189 40.388712 5.5337894 1.5172855 38.7442307095 88.9039912416 -1.75413898818 83.3864190011 172.561183832 0
1989 1.35293292999 40.44034 7.6724587 1.5542124 36.3834175101 91.9125360926 -2.2722149309 84.3377095918 140.761863326 0
1992 1.35109400749 40.554207 9.7439313 1.5604739 66.549651079 106.070839094 -3.00114291324 99.7729235711 98.6386088457 0
1995 1.34637308121 40.580821 11.876658 1.5652859 28.9579406967 100.862992486 2.53399964266 89.742181118 55.5032090108 0
1998 1.34914207458 40.665042 14.024391 1.567666 28.6747467531 94.1850012752 -1.01843195892 81.0523942879 -148.172498454 0
2001 1.35619711876 40.771617 16.174621 1.5548315 29.6191911279 98.2367962446 2.18879413812 82.8165273886 36.3233835335 0
2004 1.33577895164 40.847233 18.25792 1.5551713 130.74135925 39.7173155961 -0.365523878429 92.4200172779 -110.047727455 0
2007 1.33411002159 40.88758 20.352438 1.5597309 81.3382270967 99.1932504983 -0.489112999522 88.6122371117 -117.390108324 0
2010 1.33579993248 40.971014 22.508388 1.5678505 97.0617129251 80.9093518482 -0.0178264690743 80.9743112617 -90.8525979991 0
2013 1.3370859623 41.044823 24.54743 1.5705547 111.812850949 51.1530427008 0.500135877764 75.6040502026 -61.3304808255 0
2016 1.34979581833 41.105608 26.696222 1.5717508 18.2217944169 100.826747689 -2.85336094428 77.5822387082 106.459773179 0
2019 1.33982586861 41.160404 28.869777 1.5672714 139.154030973 30.3136869801 0.874451227407 98.0042642096 -39.6956718511 0
2022 1.34072709084 41.204205 31.003136 1.5608691 9.06815798894 78.6363301211 -2.31103465593 57.4599573588 138.156256104 0
2025 1.34399080276 41.244227 33.116661 1.5660557 96.3110720883 31.0955395601 0.520035789132 55.1039232709 -59.9325261794 0
2028 1.34007692337 41.277887 35.228156 1.5643441 53.411009082 128.781528281 -1.26922994383 94.3368756992 -162.351833649 0
2031 1.33969807625 41.31792 37.33529 1.5797774 17.1517680706 26.9806147461 1.32271516087 26.2911049347 -14.7285813746 0
2034 1.34164595604 41.419072 39.474789 1.5713492 64.40832457 58.0167320393 -2.27179079624 29.5348842118 139.804298137 0
2037 1.34975504875 41.429937 41.518923 1.5745722 55.7035000811 77.432404502 -2.34194487727 38.6459927628 135.600101081 0
2040 1.35226416588 41.494048 43.684079 1.5737379 84.5512355101 111.155424712 -0.113338378426 80.0393896061 -96.6623504705 0
2043 1.34453010559 41.508319 45.798644 1.5762653 13.1678372106 111.876366863 -2.77132633425 71.8988759777 110.901348311 0
2046 1.3330321312 41.512588 47.943477 1.5772604 69.4271138535 53.5623272839 2.4873856307 28.4744136399 52.1463345474 0
2049 1.39055919647 41.583607 50.107906 1.5744728 97.5644174572 75.3646061705 -3.12845774044 61.4145914498 90.5419286897 0
2052 1.33907604218 41.632502 52.265699 1.5728612 41.1317705629 123.653703478 -2.68953039591 71.3897605775 115.782950922 0
2055 1.34766697884 41.660201 54.305408 1.5732479 75.7416041142 92.9747622313 -0.895925702539 51.5447475006 -141.473226311 0
2058 1.34332299232 41.689009 56.508616 1.5685378 109.373773324 124.535391326 3.07182227658 95.9628547036 86.1318559154 0
2061 1.34930181503 41.794127 58.57462 1.5657057 64.2415146637 50.3620135057 -1.36035782598 23.9025546407 -167.651090626 0
2064 1.34974598885 41.856016 60.76704 1.5641567 40.581812956 129.581523528 -2.6665627385 68.8262794037 117.59763187 0
2067 1.34090995789 41.858156 62.785084 1.5639758 56.8398084096 47.0263752442 -2.31119483226 21.7436613884 137.969077878 0
2070 1.34844994545 41.958088 65.023529 1.5767642 121.191538459 95.6879090333 1.05217714245 84.9602487899 -30.0566243848 0
2073 1.35287690163 41.99726 67.044355 1.5737097 79.302152499 76.4328283749 -2.812708502 38.4681483396 108.676749846 0
2076 1.35380506516 42.044947 69.102812 1.5759217 80.5437531499 76.1684219989 -3.06779747956 39.1418052678 93.9344897671 0
2079 1.34731888771 42.097902 71.261122 1.5727544 75.7722437845 75.0189684128 -3.11319141596 33.88336914 91.5150817185 0
2082 1.35239100456 42.114798 73.459441 1.5684742 34.6060617546 72.5515208276 2.21174411807 7.56342773107 36.856651393 0
2085 1.33667802811 42.172982 75.545483 1.5804547 114.412036297 37.0902458867 -1.40837185474 81.8369490339 -171.247147283 0
2088 1.34606409073 42.213453 77.648417 1.5799022 38.5043797434 76.794752596 1.57717188595 3.80604352807 -0.156435471768 0
2091 1.34127688408 42.308345 79.80823 1.5843424 38.3000022347 91.6132467609 1.51798935577 12.4669656472 -3.80174939229 0
2094 1.38174009323 42.259747 81.948131 1.5870316 39.5281390784 83.9741837353 1.74834441154 3.40096626318 9.24254328245 0
2097 1.35051393509 42.325886 84.065588 1.5841531 36.9185870449 84.7785739265 1.55699750867 5.45410221034 -1.55590077328 0
2100 1.34884810448 42.338042 86.100283 1.5789413 36.4627602638 85.4423660732 1.64488349918 5.91200390412 3.77820970461 0
