3 2.72739696503 72.513547 45.80148 1.6808269 79.4277023428 79.8743342599 -0.94070020392 34.767297012 -150.202438934 0
6 2.70243000984 72.505015 45.806851 1.6805552 112.050744633 56.4464821528 2.54312522369 40.9520021888 49.4216218917 0
9 2.68147993088 72.51553 45.801787 1.6811119 83.6731342509 71.0365880212 1.3988077946 27.5914355408 -16.1748337789 0
12 2.71765112877 72.511327 45.798497 1.6805172 58.4197465047 96.2530886099 0.696916081069 52.3854794326 -56.3561928391 0
15 2.70612096786 72.518426 45.80176 1.6806948 109.6204262 46.1251276706 2.31300610003 37.1034093513 36.2287688302 0
18 2.69947099686 72.509508 45.806599 1.6825332 57.0706532016 105.350664519 0.0762713827221 61.5130390734 -92.032022923 0
21 2.71995687485 72.510969 45.800989 1.6811293 80.9011310738 113.723828234 1.83010061701 68.4390744326 8.53542773345 0
24 2.72392702103 72.522343 45.818169 1.6838228 32.775560657 89.62847835 2.05410484008 59.1536128395 21.215598126 0
27 2.70979905128 72.508499 45.799812 1.6808804 40.4938844925 94.1659257905 -2.87929317949 58.0018663947 98.7213000482 0
30 2.71307396889 72.523901 45.815543 1.6832165 59.7472346988 109.800675483 0.020596532386 65.2482979133 -95.2611070785 0
33 2.70529317856 72.511009 45.802779 1.6808191 142.264167622 71.7136339538 -0.934319073452 74.4101843986 -149.836380182 0
36 2.71574997902 72.527172 45.853315 1.6851825 45.4968991556 89.8960019492 3.00565412953 51.6758543591 75.657451339 0
39 2.71221184731 72.188088 49.017093 1.6798669 32.636763291 87.8031906538 -0.216884444741 55.395565323 -108.675846839 0
42 2.70373010635 71.804616 53.279503 1.6643548 38.6584708769 87.3817606564 -1.21440273951 47.5566074672 -164.940657255 0
45 2.70576381683 71.568933 57.324136 1.642571 33.133381872 76.3102272527 -1.00732039012 42.8691410174 -151.827592822 0
48 2.69501686096 71.37336 61.652431 1.6431927 94.1785423898 87.1762024766 -2.34353929536 34.2277556118 131.577082616 0
51 2.70317006111 71.165072 65.844712 1.6344026 49.666314918 87.5786805331 0.512224782329 30.5706058865 -64.2960528158 0
54 2.71505618095 70.960331 70.343426 1.6128178 30.2014991715 109.177345892 2.54329200744 56.2970310604 53.3122450321 0
57 2.71876907349 70.885213 74.631613 1.6236159 26.628231925 56.1970510272 1.25528249041 47.9428143625 -21.1039498231 0
60 2.71352505684 70.832043 79.069602 1.6124517 43.498732144 81.3089550497 -2.08720500961 27.4248898709 148.025284892 0
63 2.70867490768 70.841819 83.283634 1.5826474 51.735568951 74.9914468692 -1.74315292985 20.8280858061 169.445677596 0
66 2.68944501877 70.897044 87.066595 1.5142468 68.4974293474 38.1940713914 2.89284900258 48.9313980421 78.9880878351 0
69 2.68169093132 70.898205 87.488163 1.2381173 19.6361197746 125.887316787 1.87913641902 64.0491716826 36.7276901072 0
72 2.6983089447 70.648486 87.373684 0.94938085 86.7723323681 61.3649682774 2.35303934203 30.6011717952 80.4237074709 0
75 2.6861269474 70.490448 87.162959 0.64684814 21.078879307 57.2547665097 2.49362138633 57.7581431379 105.812312733 0
78 2.67891097069 73.090524 88.460194 0.4660111 94.1163310165 98.4224093263 -2.93290554932 23.2665058593 165.256421077 0
81 2.69369888306 76.750616 90.291223 0.4640309 78.8556987932 66.4396355557 2.08786057979 23.9443019773 93.0385873 0
84 2.69375610352 80.704264 92.172539 0.45240664 43.4213488535 112.360120608 2.80454694364 42.397573197 134.767712221 0
87 2.69370913506 84.637734 93.972859 0.42386385 83.7244627709 83.4191589184 -2.03050839768 10.5931416374 -140.625171146 0
90 2.69028186798 88.678811 95.730817 0.41656148 67.7543710801 110.344889132 1.45067542442 25.5226035163 59.2503645506 0
93 2.69254016876 92.647535 97.41769 0.40779386 59.3816462481 111.761085696 2.53895440851 36.2264041072 122.106504894 0
96 2.6991379261 96.759828 99.128022 0.39320766 10.776311866 47.4946055903 2.60732838 100.295437269 126.859772588 0
99 2.67582988739 100.07577 100.58602 0.32958371 83.511418746 139.606527055 2.08816061909 42.3907737993 100.75903484 0
102 2.70603919029 100.12714 100.52966 0.1390585 20.8120081964 110.766754382 2.65653289542 79.9730469246 144.24065789 0
105 2.71254587173 100.08551 100.52401 -0.14356162 83.4340670978 139.715892123 1.56189060673 42.5825571691 97.715214753 0
108 2.7104279995 99.772178 100.71077 -0.40700642 103.639710385 61.2415697878 -2.0995689256 39.658234607 -96.9766881332 0
111 2.68420886993 99.760338 100.7618 -0.66729138 71.1245070715 127.356003012 0.287644204462 39.0802053067 54.7137786966 0
114 2.71583104134 99.638101 100.95548 -0.8821311 49.7654604519 49.5239938835 1.93331870978 71.6413151708 161.313391531 0
117 2.7026720047 99.549051 101.11221 -1.1251977 25.2397785717 33.4298007086 -0.513874403289 100.512568847 35.0262448196 0
120 2.69187402725 100.80276 98.46873 -1.1938854 74.1185387125 115.773969874 0.874420740144 31.8043863768 118.505212571 0
123 2.69305586815 102.35582 94.496879 -1.1822805 19.6193142122 20.9542396275 -2.36698313055 110.697105634 -67.8784607085 0
126 2.70989108086 103.84912 90.431736 -1.1842505 102.532913775 100.814884179 -2.27685615804 10.4662392926 -62.6016928779 0
129 2.6965880394 105.46668 86.336829 -1.1831903 103.454288983 87.4447997059 -1.14838801606 2.2972411045 1.99402398744 0
132 2.71543908119 106.96067 82.891423 -1.1821311 29.6322390047 94.8924466194 2.43820329073 78.2541424342 -152.570118985 0
135 2.70780396461 108.13488 79.987125 -1.1809983 105.42309427 81.7486525429 -1.07856654491 3.23369156376 5.86890725485 0
138 2.70730304718 109.11096 77.465416 -1.174964 107.616513023 76.4036070026 -0.994054585897 1.83325124159 10.3653459023 0
141 2.69263601303 110.00241 75.115832 -1.1797573 110.433964976 77.5273596916 -1.09992124179 2.4498378527 4.57426918841 0
144 2.69656205177 110.9669 72.896666 -1.1819268 110.067087153 75.2691774731 -1.13026235936 2.53741479654 2.96015439947 0
147 2.70709204674 111.79529 70.750926 -1.1680053 110.585451366 73.3973937705 -1.16631114577 2.90989710826 0.0970678874292 0
150 2.71356797218 112.62755 68.634671 -1.166408 110.38694935 71.6424749235 -1.17247856885 3.75062337692 -0.347817974573 0
153 2.70178508759 113.50263 66.493746 -1.1746568 110.695766518 69.3761691845 -1.15458569654 4.02328796174 1.14998951839 0
156 2.70890593529 114.39844 64.423702 -1.1690506 112.961236541 67.5926091701 -1.08128532311 3.47958710704 5.02857995343 0
159 2.71927905083 114.9392 62.935672 -1.1627449 113.592108606 66.1827362952 -1.09397042363 3.5154063438 3.94048723396 0
162 2.68697404861 115.58582 61.52951 -1.1720902 113.927872896 65.6517631164 -1.09920165989 4.44316996677 4.17620572299 0
165 2.69583678246 116.16312 60.165609 -1.1710096 113.96366488 64.8193709253 -1.17150344374 5.14733939817 -0.0282951622821 0
168 2.70922088623 116.71267 58.758483 -1.1690165 114.90392586 62.6692232344 -1.17208760556 4.30876369086 -0.175961387023 0
171 2.7317738533 117.29804 57.404001 -1.1730259 114.931886345 60.1997449563 -1.1716011923 3.66263121106 0.0816297384611 0
174 2.71175599098 117.3062 57.346669 -1.1782941 115.338818716 60.0980891924 -1.23843490416 3.3824402718 -3.44581425517 0
177 2.70017814636 117.30973 57.394113 -1.1925087 115.037365347 61.0497444523 -1.23881738839 4.30433298332 -2.65329239972 0
180 2.70969891548 117.3509 57.478875 -1.2542253 114.855992926 60.1054992688 -1.28189547917 3.62266702236 -1.58538448469 0
183 2.72286009789 117.31554 57.561663 -1.3141336 113.770231125 61.5490826156 -1.29601430873 5.33560963791 1.03815891728 0
186 2.7010140419 117.31761 57.625945 -1.389572 114.337992199 60.8376169742 -1.41708273484 4.38097695821 -1.5762489977 0
189 2.73344993591 117.34247 57.653648 -1.4539696 114.556954665 59.2386433773 -1.43597552319 3.20488783374 1.03098465747 0
192 2.7063498497 117.36058 57.739095 -1.5147103 116.863218227 61.3680329379 -1.54398580353 3.66286217197 -1.67736279557 0
195 2.71723794937 117.34118 57.80351 -1.5718326 116.158491088 60.2814173746 -1.59221851035 2.74568352508 -1.16802662445 0
198 2.71572804451 117.32521 57.826191 -1.6475747 115.402891349 60.0373100195 -1.63385281919 2.92990721933 0.786205857666 0
201 2.69855809212 117.28663 57.948056 -1.7072698 117.025627375 64.2941499465 -1.61375806147 6.35145894636 5.35782795277 0
204 2.70995616913 117.37131 58.006137 -1.7818651 118.534023263 62.289234221 -1.78414773501 4.4381104015 -0.130785351983 0
207 2.69131398201 117.40314 57.989067 -1.8555926 117.613063141 60.9967821414 -1.78273308537 3.01503202258 4.17454268544 0
210 2.69623494148 117.02719 57.008887 -1.8977403 116.992650955 60.5121344851 -1.78434081407 3.50341774375 6.49731194252 0
213 2.70498299599 116.38504 55.250118 -1.9095407 115.229435523 57.639187669 -1.85283320531 2.65387934723 3.24910011229 0
216 2.71618509293 115.67443 53.450651 -1.9075572 115.42432096 55.7232318812 -1.79575185528 2.28630234078 6.40597437937 0
219 2.70850491524 115.02136 51.574537 -1.9165104 114.592325821 53.1601361943 -1.89904606855 1.64261837683 1.00063248389 0
222 2.71304893494 114.35753 49.684701 -1.9233127 113.160980931 52.871812892 -1.89074187425 3.4043225297 1.86617085056 0
225 2.70690989494 113.59486 47.870819 -1.9110101 113.927532171 49.8814326288 -1.93709666728 2.03794944435 -1.49465020712 0
228 2.71461892128 112.87829 45.986656 -1.9118326 115.391561772 44.5219769831 -1.78794419874 2.90892069675 7.09828252273 0
231 2.69997596741 112.17059 44.128463 -1.9122248 111.817564016 44.9859597819 -1.91317104728 0.927323070047 -0.0542159754788 0
234 2.73420596123 111.43202 42.277019 -1.9027456 111.77486975 41.9184362672 -1.74106776228 0.496112413703 9.26345774242 0
237 2.70667409897 110.82393 40.37458 -1.9174412 112.636973411 40.1302483014 -1.71035400119 1.82943280546 11.8652224831 0
240 2.7124171257 110.14399 38.567468 -1.912432 109.738730017 40.5617897502 -1.89539250825 2.03508105409 0.976290962314 0
243 2.71114802361 109.42625 36.696167 -1.9074722 108.715282284 38.2943686333 -1.88029503877 1.74920654982 1.5571366378 0
246 2.69753599167 108.96452 35.308972 -1.917648 109.814400775 36.5518729567 -1.89476347267 1.50568925069 1.3111868323 0
249 2.69001412392 108.91335 35.330429 -1.9171391 110.057514849 37.1102421354 -1.9424461686 2.11585632741 -1.44998822281 0
252 2.69541788101 108.9585 35.348205 -1.9450374 108.541606558 37.4702063664 -1.93650792501 2.16256559241 0.488702918178 0
255 2.6922981739 108.97674 35.368834 -2.0165302 107.749689873 38.5778899734 -2.06179100591 3.43565019381 -2.59325315574 0
258 2.70165395737 108.99865 35.397074 -2.0803106 109.629805722 36.6733058971 -2.05129744593 1.42377154091 1.66233127832 0
261 2.69415211678 109.05048 35.474836 -2.159245 108.407211588 37.7452496818 -2.15211719467 2.35978230705 0.408393162732 0
264 2.70713686943 109.09365 35.518169 -2.2238592 110.26327456 37.4704178281 -2.20563703505 2.27580691139 1.04405314499 0
267 2.69179296494 109.14301 35.568827 -2.2920109 110.226624713 37.1589010495 -2.3259910484 1.92420277781 -1.94691909064 0
270 2.70773506165 109.24021 35.586114 -2.3597618 110.727235565 37.4645308372 -2.36244909394 2.39576602501 -0.153970600807 0
273 2.69432997704 109.32691 35.57971 -2.4292889 110.24587331 37.6408616237 -2.34418502462 2.25673205781 4.87609287943 0
276 2.72055482864 109.34422 35.612178 -2.4970016 110.133922445 37.4524872741 -2.40982015974 2.00259036668 4.99512857889 0
279 2.72885513306 109.45255 35.562283 -2.5751384 111.360143107 36.1543263074 -2.59703999334 1.99735493546 -1.25486886317 0
282 2.71271586418 109.51035 35.610832 -2.6455993 110.405948011 36.7948896515 -2.55696894999 1.48461722983 5.07814499236 0
285 2.71713900566 109.52669 35.619453 -2.7060079 110.149665456 36.5642915772 -2.63446631811 1.13173245789 4.09903070211 0
288 2.72822904587 109.56751 35.667144 -2.7779359 111.485805059 35.0285006309 -2.71067852987 2.02181138737 3.85356344986 0
291 2.72516393661 109.58407 35.725569 -2.8421247 110.89780202 36.4600146445 -2.69079506738 1.50509209864 8.67054926444 0
294 2.71483707428 109.62066 35.728072 -2.9074408 109.298381607 35.9974424784 -2.77825371112 0.420028352718 7.40187496014 0
297 2.70466804504 108.40689 35.538158 -2.9474042 109.332238882 37.9576582312 -2.89624510745 2.59041539561 2.93120008673 0
300 2.71573901176 106.63579 35.154474 -2.9731605 106.67611639 36.043308186 -2.89618912143 0.889748519465 4.4101351356 0
303 2.72949886322 104.74277 34.838538 -2.9724974 106.061969702 35.8912209645 -2.78414796158 1.6877290298 10.7916278951 0
306 2.72170114517 102.71686 34.507066 -2.970186 105.612361498 36.2956547388 -2.84962706519 3.40337752822 6.90751814699 0
309 2.73709797859 100.87602 34.149296 -2.9774562 106.083209743 34.4061195224 -2.86796749352 5.21351928512 6.27324078565 0
312 2.7285130024 98.917573 33.856952 -2.9648121 97.7722637382 35.1258949994 -2.84688786172 1.70937112437 6.75656115564 0
315 2.70511198044 96.872255 33.519705 -2.9713846 96.7773933945 34.2956300481 -2.89100185489 0.781702247923 4.60559204054 0
318 2.72094702721 94.700759 33.157106 -2.9752463 94.3484112998 32.951600072 -2.92386111607 0.40789899277 2.94415416885 0
321 2.70989394188 92.656194 32.878926 -2.9695623 92.1118030582 33.7834956175 -2.94067591248 1.05574982376 1.65506809011 0
324 2.71573996544 90.628889 32.525228 -2.9736018 92.0898052125 32.0238983008 -2.89022405285 1.54454124168 4.77719301679 0
327 2.71033501625 88.510396 32.191288 -2.9695852 87.679407474 32.561083621 -2.91320517733 0.909555238349 3.2303373478 0
330 2.72698712349 87.334812 32.006658 -2.9896435 85.9250451523 34.0686495322 -2.98757801586 2.4978494037 0.118343523856 0
333 2.73085713387 87.328365 31.983283 -3.0015998 86.4943090325 32.9070146968 -3.01940205871 1.24456000444 -1.01999429017 0
336 2.72278404236 87.328448 32.00285 -3.0442403 85.8640861171 34.022813319 -3.1156416335 2.49491633817 -4.09099506095 0
339 2.70683121681 87.480424 31.977098 -3.121648 85.789223651 33.6544009589 -3.10550500521 2.38191180284 0.924925470349 0
342 2.73305892944 87.509332 32.088761 3.0972389 85.7172798783 33.6351649859 3.10875569085 2.36702684702 0.659863508984 0
345 2.72565793991 87.537767 32.004513 3.0032565 86.4477431652 33.5782293691 3.01014084673 1.91434980366 0.394444012292 0
348 2.72243285179 87.588829 31.971963 2.902116 85.2834158694 33.0258587608 2.95825399116 2.53488184686 3.21646996398 0
351 2.71732807159 87.696053 31.883789 2.7788249 86.5226518792 34.7215312846 -3.12102864018 3.07077375656 21.9632924026 0
354 2.74138998985 87.777704 31.698119 2.6376296 87.4099776172 32.6457296579 2.83741701027 1.01645887846 11.4469754082 0
357 2.72746801376 87.896098 31.65995 2.4917922 85.2170775829 33.1476332186 2.67880709192 3.06436808396 10.7151640133 0
360 2.70684790611 87.958395 31.594625 2.366513 85.5561811813 35.0672421587 2.90477759757 4.22252308011 30.8402897021 0
363 2.67478704453 87.964094 31.460561 2.2184109 87.4811628017 34.112484773 2.56551942967 2.69553746772 19.8878537829 0
366 2.71192789078 87.708527 31.831987 2.1125682 86.0317133036 35.1054881093 2.45011301997 3.67797684671 19.339893581 0
369 2.69776415825 86.721318 33.612273 2.0920166 84.6261325973 36.098835044 2.29254492726 3.25158310215 11.4894268247 0
372 2.72043704987 85.724716 35.405361 2.0873093 84.1386182151 37.7579913792 2.00025074169 2.83735367629 -4.98808796152 0
375 2.72116303444 84.755772 37.248267 2.0862059 84.8302117497 38.5119769106 2.27212672875 1.26590047579 10.6524788109 0
378 2.70579385757 83.690185 39.149374 2.0868314 82.9773551592 40.6364557041 2.23700273628 1.64910229411 8.60418377287 0
381 2.71487689018 82.666747 40.97523 2.090975 81.8312287276 41.4225556886 2.22070057005 0.947729420858 7.4327276588 0
384 2.69875907898 81.635815 42.877142 2.0910396 81.7380255945 43.2308676149 2.14699781329 0.368196708704 3.20616945063 0
387 2.71695399284 80.624097 44.699122 2.0805048 77.7077727027 46.0185330524 2.21720559733 3.20090501769 7.83237874301 0
390 2.70441102982 79.602515 46.546403 2.0762437 77.6976828302 48.1695883295 2.02312599564 2.50262186692 -3.04342027719 0
393 2.70840501785 78.599692 48.40129 2.0808805 78.5322046925 48.0665486855 2.15823719315 0.341476623373 4.43221203441 0
396 2.71230697632 77.532669 50.298142 2.0919608 76.9314775605 50.3309482185 2.10279895711 0.602085870011 0.620980659979 0
399 2.72964715958 76.53881 52.074716 2.0854653 76.5194975985 52.7695948923 2.10254611764 0.695147210179 0.978658761359 0
402 2.71072006226 75.533974 53.92833 2.0838411 74.8330495133 54.2928541071 2.0902848846 0.790046176281 0.369201661508 0
405 2.69097685814 74.451304 55.860797 2.0823704 75.65453309 56.766745838 2.06932150174 1.50615521779 -0.74764679731 0
408 2.68602013588 73.464188 57.689364 2.0801622 71.6281612362 57.7325707469 2.14107688343 1.83653508013 3.49015427087 0
411 2.69095396996 72.461178 59.521835 2.0808323 69.5791567721 58.6369558098 2.1297440322 3.01480638505 2.80243582396 0
414 2.68287301064 71.469371 61.42577 2.0898858 69.8790994442 61.8037038449 2.13016129062 1.63456343171 2.30761563043 0
417 2.699696064 70.386885 63.322712 2.0827703 68.1646370994 64.061253597 2.13860513056 2.34175776331 3.19910014106 0
420 2.7129149437 69.38246 65.186025 2.0922796 66.6986110971 65.5283293788 2.15618837014 2.70558999503 3.66170280302 0
423 2.69381594658 68.400253 67.014087 2.0893798 65.1790824149 67.668736194 2.11017345967 3.28702076439 1.19138893968 0
426 2.69450306892 67.30799 68.901204 2.089526 64.1589098205 68.6094166911 2.10706680468 3.16256949494 1.00501407718 0
429 2.69919586182 66.315197 70.741557 2.0869248 63.306124607 70.1123857479 2.08429680609 3.07414591891 -0.150572959668 0
432 2.70409584045 65.281228 72.464006 2.0745737 62.8657577353 71.9356444945 2.07784105421 2.4725821483 0.187205606467 0
435 2.69982004166 64.283593 74.421326 2.0918621 61.6017298076 75.0846665618 2.16815396218 2.76268182815 4.37120171427 0
438 2.71003603935 63.28447 76.191493 2.091939 60.7015823964 75.8228746602 2.12567274481 2.60905880607 1.93280120457 0
441 2.71465420723 62.204887 78.125252 2.0893553 59.2586626427 78.134894643 2.11432733039 2.94624013683 1.43079194716 0
444 2.69363903999 61.273659 79.948227 2.0960183 58.1458100997 80.7777342453 2.13432402581 3.23597296239 2.19475641995 0
447 2.71086192131 60.19879 81.787566 2.089809 58.2232806098 81.9353169259 2.12369624775 1.98102692739 1.94159627546 0
450 2.7134950161 59.161438 83.629466 2.0974137 57.0650221265 83.8346789725 2.0920108738 2.10643582353 -0.309559138532 0
453 2.68226504326 58.11891 85.485673 2.0964985 55.636267362 86.0147037208 2.09046614468 2.53838294419 -0.345628500413 0
456 2.68037605286 57.036783 87.336936 2.0992423 55.5030860585 87.0981309454 2.07246930408 1.55217723291 -1.53397967112 0
459 2.69718813896 56.357629 88.602308 2.124456 54.6312544863 88.4075113852 2.1078467933 1.73732975648 -0.951637445034 0
462 2.7012360096 56.200217 88.720884 2.2094598 54.6008026997 89.2817608397 2.20038816206 1.6949067624 -0.519766567018 0
465 2.71501803398 56.199637 89.07416 2.3631742 53.2648347078 88.0723558837 2.37490492721 3.10107658429 0.672121159479 0
468 2.6989979744 56.109511 89.161307 2.4869631 53.3069679869 88.4189389283 2.46560096393 2.89919949195 -1.22396023795 0
471 2.7184278965 56.023191 89.233423 2.608836 52.4295152099 88.3424414248 2.5970324184 3.70247941946 -0.676295408841 0
474 2.70474600792 54.873312 89.789936 2.6823278 51.3388461093 89.6484352524 2.71670050019 3.53729721601 1.96941065112 0
477 2.70430707932 52.997249 90.667048 2.6986067 49.1882865275 89.8897818059 2.72612175567 3.8874590485 1.57649656277 0
480 2.70233201981 51.122563 91.609157 2.7018871 47.7274866529 90.540579845 2.69013403931 3.55926966368 -0.673400774089 0
483 2.67430090904 49.137432 92.566213 2.7007601 46.8531095911 91.6890067003 2.70909318421 2.44696133199 0.477450555786 0
486 2.69804000854 47.308569 93.452781 2.7003868 44.6767266301 93.3588711202 2.73725619477 2.63351729162 2.11246071376 0
489 2.70733880997 45.360782 94.336008 2.7008969 42.4146896645 93.2440949925 2.73440786979 3.14193158191 1.92003713643 0
492 2.70458984375 43.468079 95.251019 2.7064338 40.9462298202 93.3361882408 2.73409063689 3.16643334398 1.58462002832 0
495 2.70166110992 41.590918 96.131677 2.7064065 36.8919283494 96.1031260079 2.7382562833 4.69907638747 1.8248581613 0
498 2.71085500717 39.606214 97.06058 2.704478 35.6490632083 95.9754044303 2.71956249475 4.10324851861 0.864277885237 0
501 2.70609498024 37.718719 97.944153 2.696243 35.3080349328 95.7675379482 2.69407217441 3.24793022644 -0.124379144095 0
504 2.7171599865 35.769603 98.891663 2.7044976 33.1635386248 96.8677289252 2.74018898517 3.29967887324 2.04496573494 0
507 2.71633315086 33.862509 99.822852 2.7013631 32.4109806793 98.5974418253 2.7111517802 1.89962221559 0.560850062258 0
510 2.70346999168 31.979521 100.73965 2.7066945 27.8445120343 99.0605799153 2.74652370043 4.46291110102 2.28204508597 0
513 2.72614097595 30.015598 101.64307 2.7044148 26.3786889129 97.8614118541 2.82018265313 5.24671764445 6.63300938759 0
516 2.71604013443 28.083667 102.5122 2.7038251 25.4768024154 100.877812314 2.69450860603 3.07684352402 -0.533795784573 0
519 2.70304393768 26.231599 103.44351 2.6987262 23.55929139 101.776367618 2.72531227105 3.14969707835 1.52326966511 0
522 2.70263600349 24.326425 104.3449 2.7056645 21.1923050828 104.062145346 2.68907036764 3.14684887623 -0.950773749019 0
525 2.6837451458 23.072168 104.95788 2.6888385 19.0574019664 104.771480354 2.66144589754 4.01909083409 -1.56948051106 0
528 2.70336604118 23.059574 104.94595 2.6093304 19.2433641087 103.846487245 2.64492127588 3.97143252302 2.03920697714 0
531 2.71325087547 23.148655 105.02795 2.4881616 18.4632616853 105.365307421 2.46505965498 4.69752280915 -1.32364394834 0
534 2.69363188744 23.15609 104.97342 2.3614352 18.2079505619 104.592117402 2.34832168918 4.96280924178 -0.751348824552 0
537 2.68668794632 23.189116 104.80794 2.2179164 19.2108143319 104.049118763 2.18909925507 4.0500239298 -1.65110078199 0
540 2.68928813934 23.170444 104.45908 2.0515088 18.6904249463 105.165007063 2.06025901665 4.53529533094 0.50135048402 0
543 2.68658304214 23.203193 104.36781 1.9241471 19.4582027089 104.530290507 1.9796281596 3.74851333141 3.17883055797 0
546 2.70067191124 23.268475 104.40083 1.8086424 19.5266868505 105.722104189 1.80838502584 3.96821673273 -0.014746452862 0
549 2.71190404892 23.269141 104.3114 1.6661585 18.6243649905 105.766979455 1.69754175389 4.86751021864 1.79812799507 0
552 2.70355510712 23.273746 104.22596 1.531085 19.8081914869 105.206117232 1.53477046617 3.60149639497 0.211161657214 0
555 2.68965005875 23.201513 103.9692 1.3630267 20.3232323684 104.159692965 1.42660964478 2.8845774325 3.64303438509 0
558 2.700330019 23.573375 105.47089 1.3112874 19.5093878272 106.505893196 1.31697472586 4.19371235978 0.325859768467 0
561 2.70639705658 24.091257 107.45193 1.3021436 19.494425174 106.311725055 1.32280044672 4.73613029308 1.18355013495 0
564 2.69869112968 24.69734 109.54228 1.2971878 20.8763637712 108.49928226 1.28342912231 3.96077058507 -0.788314163173 0
567 2.696611166 25.24514 111.62222 1.291934 21.2128582842 111.480529858 1.29840331419 4.03477036916 0.370664399351 0
570 2.70723414421 25.838263 113.71051 1.2925571 22.0401457587 114.304509119 1.29338934155 3.84428530838 0.0476839283723 0
573 2.70385980606 26.485855 115.66064 1.2984976 23.1562879401 116.362115483 1.32028498852 3.40265846943 1.24832540906 0
576 2.7089650631 26.666562 116.70228 1.2516028 21.9506768387 117.768949546 1.25260202438 4.83501362708 0.0572513397044 0
579 2.72348308563 26.671044 116.66524 1.1445574 22.8364937446 116.835181102 1.13862321808 3.83831416632 -0.340003578668 0
582 2.70614886284 26.68282 116.71548 1.0360889 23.4109823674 115.941342881 1.00410119601 3.36217337041 -1.83276043477 0
585 2.71484804153 26.598988 116.54426 0.86252405 22.9354498206 115.818433603 0.881805161628 3.73474710657 1.1047263206 0
588 2.67923402786 26.490987 116.49462 0.72378221 22.5962996879 115.385475938 0.746510824769 4.04954192589 1.30225370045 0
591 2.70606589317 26.414554 116.44154 0.58967497 22.0281523545 115.776044993 0.620632243777 4.43659813363 1.77372113264 0
594 2.70470380783 26.30131 116.37003 0.43724496 20.6270938029 116.711642875 0.50577913197 5.68449019769 3.92671880632 0
597 2.69246315956 26.176025 116.35464 0.31453037 21.2715533814 116.275034857 0.389575094268 4.90511761703 4.29974597529 0
600 2.70578789711 26.088883 116.46581 0.14702743 21.5033304352 116.435095562 0.20901536967 4.58565542768 3.55164732379 0
603 2.70824289322 25.977812 116.45377 0.019989929 21.8384251827 115.357859122 0.168993539575 4.28200232091 8.53727801817 0
606 2.68282604218 25.890585 116.45549 -0.11586106 21.5028568208 116.171227686 -0.0207174165784 4.39692661273 5.45132921556 0
609 2.70360207558 27.617035 116.21759 -0.13548047 23.9581396487 115.492300427 -0.0330799116677 3.73008849173 5.86711981222 0
612 2.71768593788 29.732468 115.90829 -0.14344069 26.5021186036 115.727825978 -0.18776173406 3.23538629626 -2.53940876823 0
615 2.7111928463 31.744289 115.6014 -0.14068963 28.1647874981 114.727771916 -0.0931983520753 3.68457012839 2.72104978877 0
618 2.68822383881 33.87565 115.27561 -0.13567301 30.1312144554 115.273527 -0.131056221399 3.744436124 0.264522501767 0
621 2.71391105652 35.936054 114.9269 -0.14240112 33.2441972723 114.358740733 -0.0708606410243 2.75116295331 4.09896750965 0
624 2.71934509277 38.113735 114.67885 -0.14674677 34.5144065856 114.943938793 -0.129742283757 3.60907704311 0.974285294536 0
627 2.7162399292 40.163768 114.30534 -0.14012204 36.445198119 114.791013569 -0.0836745648413 3.75015210028 3.23420209076 0
630 2.70944809914 42.346763 113.98058 -0.16006212 38.534316354 114.355426869 -0.0878660348992 3.83083014561 4.13653097364 0
633 2.71432900429 44.341947 113.67079 -0.15507802 41.3995047023 114.902987527 -0.10328451562 3.19002780861 2.96754920714 0
636 2.69657206535 46.544067 113.30502 -0.15009707 43.0345216566 114.354500676 -0.0712001490738 3.66310226533 4.52046058565 0
639 2.70647382736 48.557097 112.97025 -0.14631805 44.9007784507 113.748144965 -0.0430750782668 3.73815274033 5.9153865447 0
642 2.68855190277 50.586062 112.64729 -0.14866611 47.9068098785 114.098813865 -0.0618813739271 3.04718123206 4.97239910313 0
645 2.69802284241 52.747394 112.3225 -0.14488479 49.897452863 114.238666898 -0.0848274344435 3.43421898899 3.44103300211 0
648 2.69095420837 54.919709 111.95097 -0.14565598 51.0337382677 114.549307603 -0.0738082028101 4.67462584941 4.11657440038 0
651 2.69027590752 56.9199 111.70562 -0.14317608 54.4395498355 114.404273134 -0.0514823486303 3.66536023814 5.25366381529 0
654 2.69334888458 58.963864 111.32719 -0.14485493 56.0243834228 113.735795254 -0.0688677703992 3.80025332464 4.35374354231 0
657 2.68985915184 61.070196 111.0267 -0.15209978 57.5065372168 112.087513514 -0.133758524182 3.71819704091 1.05087654933 0
660 2.69830203056 63.25691 110.67843 -0.1447313 60.1881270321 111.946716416 -0.104885877879 3.32053901296 2.28297452044 0
663 2.70853686333 65.338645 110.4192 -0.14848438 61.3288597116 111.424901992 -0.11887491545 4.1339828926 1.69649735237 0
666 2.71250510216 67.412523 110.08404 -0.1445869 63.3500995955 111.66578236 -0.112284696161 4.35949455921 1.85077994896 0
669 2.71005797386 69.507235 109.73429 -0.15139682 66.1580035909 111.588770454 -0.104866229078 3.82837416997 2.6660064781 0
672 2.69085597992 71.647859 109.39116 -0.14906575 67.6820024431 110.839864727 -0.0859124506729 4.22217522318 3.61841751377 0
675 2.71183395386 73.702975 109.06139 -0.1559357 70.0042498782 111.482909616 -0.115992129254 4.42089637705 2.2885980224 0
678 2.69708895683 75.754203 108.72815 -0.15045699 72.7994669273 110.169334675 -0.157465337179 3.28747296965 -0.401548714698 0
681 2.69820809364 77.860742 108.43703 -0.15243836 74.9548215354 109.100261038 -0.15505394822 2.9806457616 -0.149862165978 0
684 2.69867300987 79.97813 108.08555 -0.15170568 75.8659984006 109.088951994 -0.145437466056 4.23278181024 0.359142204074 0
687 2.67599987984 82.120618 107.73965 -0.14888428 78.2155831539 109.149874382 -0.157043675254 4.15187065755 -0.467498911429 0
690 2.7143471241 84.192494 107.42985 -0.14593359 80.620475372 108.208804967 -0.124590086826 3.65596607195 1.22289265188 0
693 2.68335294724 86.28045 107.15458 -0.15823172 82.7943638264 108.737296248 -0.148785143974 3.82854901108 0.541248937159 0
696 2.67835187912 88.385341 106.75858 -0.15035877 84.7382834372 108.734371802 -0.108976187012 4.14786476537 2.37104735056 0
699 2.70152211189 90.512184 106.42958 -0.15443508 86.7968012474 108.393787425 -0.122756667889 4.20263962352 1.81503931563 0
702 2.68928313255 92.541412 106.11165 -0.15857271 88.9910965363 108.713800927 -0.103889624923 4.40180977982 3.13310998568 0
705 2.69738197327 94.624435 105.7799 -0.14991569 91.0509587026 107.566143874 -0.0820356544101 3.99504693645 3.8892395525 0
708 2.68384003639 96.812614 105.41142 -0.16008539 93.6981692897 106.941583944 -0.143188555975 3.47003855154 0.96811727679 0
711 2.69876384735 98.833392 105.05687 -0.15857643 94.5453804745 107.199494218 -0.167551884221 4.79352494346 -0.514255646055 0
714 2.71281886101 100.9283 104.72764 -0.15390186 94.7681637389 106.960518435 -0.13871468846 6.55232972759 0.870160831979 0
717 2.71322393417 103.02648 104.38009 -0.15580909 98.3460062794 107.237785677 -0.152032298416 5.48390908317 0.216394217848 0
720 2.72094416618 103.56436 104.3046 -0.21764658 99.6120025057 106.179603121 -0.204975384171 4.37455900247 0.72600604239 0
723 2.73682904243 103.46604 104.39779 -0.32798619 100.259952629 107.690316153 -0.340829269111 4.59562016465 -0.735854229011 0
726 2.73329210281 103.43166 104.43448 -0.46455789 99.2168128195 108.03199274 -0.443711559347 5.54139284545 1.19440676476 0
729 2.70886802673 103.35806 104.51276 -0.60050128 99.1086796585 106.946606003 -0.566096068302 4.89702355035 1.97127342354 0
732 2.71926999092 103.30537 104.5712 -0.75278089 100.670353222 105.639371209 -0.564866463146 2.84329090222 10.7667035683 0
735 2.71402001381 103.24477 104.73622 -0.88717849 97.712701282 105.185837014 -0.834063304903 5.55030987964 3.04327593414 0
738 2.70401787758 103.11543 104.83266 -1.0218313 100.253664113 106.578126097 -0.922265898367 3.35206740538 5.70467729909 0
741 2.71632194519 103.3336 104.43355 -1.1359167 99.6851866183 107.33616484 -1.11549117713 4.66219831326 1.17029625464 0
744 2.70492911339 104.18264 102.5184 -1.1499809 102.049859426 104.931800044 -1.07920393024 3.22075344463 4.05522165381 0
747 2.7162168026 105.02068 100.61649 -1.1544373 103.06243604 102.601982677 -1.06201614609 2.78870948235 5.29534205683 0
750 2.69476103783 105.97315 98.645528 -1.1675657 104.35371624 100.900624758 -1.06244791662 2.77633338991 6.02280533928 0
753 2.69889593124 106.66644 96.709247 -1.154133 105.103468573 99.0275917197 -1.07983422666 2.795997482 4.25700613511 0
756 2.70071697235 107.65453 94.805864 -1.1707179 105.055308564 97.0448068772 -1.0817349638 3.43057098453 5.09834669301 0
759 2.68855500221 108.36584 92.821603 -1.1639211 105.85690456 95.5242346221 -1.09785450929 3.68767877189 3.78533681468 0
762 2.73297691345 109.18739 90.932737 -1.1605274 107.04699702 90.0810900496 -1.11219127593 2.30360253497 2.76945590708 0
765 2.70699310303 110.00551 88.971931 -1.1631703 107.126724901 90.3740234309 -1.09234806864 3.20207227125 4.05781495236 0
768 2.71582007408 110.83946 87.051439 -1.1600004 108.642479198 88.8331494317 -1.06419459063 2.8286422017 5.48926852959 0
771 2.70514512062 111.68317 85.129972 -1.1502451 111.133947445 86.6448227441 -1.10552927936 1.61134049523 2.56202780013 0
774 2.72255206108 112.49307 83.177328 -1.1488654 111.392115346 86.2164490126 -1.08471696182 3.2323919438 3.67543477009 0
777 2.7032699585 113.40329 81.226755 -1.149046 111.763907508 83.4001846828 -1.12764870535 2.72238342996 1.22597467656 0
780 2.71644997597 114.20236 79.347389 -1.1522317 112.220231789 82.4510981515 -1.12728503816 3.68264072943 1.42933843616 0
783 2.72066402435 115.10134 77.33273 -1.146946 113.580023113 80.4015615171 -1.09998253161 3.42521998574 2.69080852984 0
786 2.70181703568 115.87569 75.433999 -1.1405871 114.505791793 78.8654788252 -1.11720886251 3.6948173012 1.33947434066 0
789 2.71853613853 116.74641 73.521868 -1.1514597 113.958911053 75.899208688 -1.14748470238 3.66359101541 0.227750587104 0
792 2.70528197289 117.66191 71.592443 -1.1472421 116.065277214 75.4871641193 -1.1475463423 4.20928602618 -0.0174317995449 0
795 2.71147799492 118.47567 69.543126 -1.1411103 116.652162187 71.4790107209 -1.11486562586 2.65947934662 1.50370906272 0
798 2.71021699905 119.32773 67.660396 -1.1493947 117.573407526 70.8207916149 -1.17058244865 3.61465735362 -1.21396857484 0
801 2.69864988327 120.23613 65.736718 -1.1477983 118.660182808 69.1604889849 -1.10666802598 3.7690605339 2.35659111165 0
804 2.70768284798 121.05504 63.851108 -1.1435448 119.721393492 67.0277401779 -1.12458851482 3.44522931063 1.0861151363 0
807 2.68861198425 121.9387 61.889647 -1.1416966 120.313102648 65.3720179592 -1.15235219853 3.84310736895 -0.610520823793 0
810 2.71605205536 122.75206 59.947854 -1.134592 121.613089832 61.6581568234 -1.05930186241 2.05484519899 4.31380712294 0
813 2.68776988983 123.61313 58.017737 -1.1345099 122.871359806 61.2727647113 -1.06816463165 3.33847696145 3.80130386709 0
816 2.69133901596 124.50226 56.14403 -1.1250591 122.853719209 59.084450718 -1.07257709091 3.37101775985 3.00699762116 0
819 2.70781302452 125.37031 54.195354 -1.1346431 123.333189864 59.0162626145 -1.12294972047 5.23364292978 0.669981295411 0
822 2.70775198936 126.19009 52.293812 -1.120627 124.692489453 55.0073917558 -1.12695247763 3.0994067964 -0.362423171742 0
825 2.71021008492 127.09539 50.434417 -1.1252352 126.147093533 53.8659781169 -1.14552727318 3.56017947428 -1.16265015094 0
828 2.69852685928 127.94916 48.435924 -1.125081 127.20100433 52.6024269437 -1.08574581267 4.23314111344 2.25374022044 0
831 2.70308685303 128.83417 46.49897 -1.1135569 127.343745976 49.5575416559 -1.14598881719 3.40238509675 -1.85821197647 0
834 2.70470309258 129.69028 44.561049 -1.1141866 128.034775177 47.7853734102 -1.12829722346 3.62449501599 -0.808479170319 0
837 2.73681497574 130.6504 42.689185 -1.1179531 129.15570764 44.6645618733 -1.10712316345 2.47713928583 0.620509656567 0
840 2.71119999886 131.56218 40.752166 -1.1133477 130.360715363 43.1910107541 -1.11574723328 2.71872782915 -0.137483129965 0
843 2.69977211952 131.80181 39.159633 -1.0655485 130.757534627 41.825781684 -1.05485752395 2.86336512868 0.6125478063 0
846 2.70832300186 89.526265 39.287264 -0.26055386 132.593388354 41.3337685731 -1.08863270061 43.1157198121 -47.4454226709 0
849 2.70955681801 49.129117 22.860079 0.57174269 132.626663379 40.9087544455 -1.10381247493 85.4259617248 -96.002239292 0
852 2.7118639946 45.693587 19.436118 1.0035584 134.918608574 39.6200930772 -1.06185786733 91.4794912798 -118.339635056 0
855 2.70600295067 46.841947 21.209275 1.0214136 133.551596572 40.8251459774 -1.09680241906 88.900763344 -121.364837989 0
858 2.71154308319 48.00008 22.972907 1.0079248 132.087457161 38.1619638068 -0.993048150276 85.4481974329 -114.647304971 0
861 2.71458506584 49.170996 24.731115 1.014741 115.037682392 70.7349815558 2.30116030076 80.3416213077 73.7063966175 0
864 2.70350384712 50.349541 26.532036 1.0144485 77.9141580344 130.976143486 2.2943492316 108.020274489 73.3329101164 0
867 2.6988799572 51.518278 28.351001 1.0069992 64.3119053592 100.971437733 -1.61294858315 73.7387600402 -150.111950519 0
870 2.69721102715 52.642563 30.101924 1.0170679 65.0326017022 99.9839508073 -1.39320076085 70.9719009872 -138.098221759 0
873 2.69009590149 53.80357 31.912095 1.0183648 45.0996241266 104.221602757 0.474179259886 72.8314738678 -31.1795347206 0
876 2.70289087296 54.946688 33.671099 1.0064723 68.4694856803 95.7088158259 -1.28425622996 63.4944435842 -131.249076777 0
879 2.70953512192 56.161659 35.476636 1.0152563 22.1480913832 74.2466801175 -2.76595064022 51.5755669178 143.35280086 0
882 2.69989585876 57.333476 37.252395 1.017552 101.746173738 58.2422258721 2.70916488586 49.1229144124 96.9222789297 0
885 2.72857308388 58.434052 39.044555 1.0099164 55.3839215357 89.9825562749 -0.493955756062 51.0292393607 -86.1655274696 0
888 2.72360110283 59.558673 40.733157 1.0155176 39.81280537 72.6799190537 1.17333402779 37.5565559414 9.04221525013 0
891 2.71343207359 60.829575 42.673596 1.0256616 54.4626325655 124.628722886 1.51868715677 82.2020728376 28.248283595 0
894 2.71121001244 61.938983 44.298725 1.0235902 102.952579606 83.5431936952 -1.89447202952 56.7648080219 -167.192650108 0
897 2.7050909996 63.08776 46.123861 1.0214801 9.82152199263 117.112735103 2.4355338989 88.7508442658 81.0193146812 0
900 2.7190580368 64.233274 47.872937 1.026201 56.7604845016 110.382545454 -0.415023529421 62.9546958695 -82.5760828665 0
903 2.68728303909 65.367062 49.701179 1.0288308 135.351382251 42.3548279138 0.29893281148 70.368842219 -41.8200742173 0
906 2.71623396873 66.47055 51.411163 1.0247772 112.929374233 54.22778924 -0.688574172894 46.5441267236 -98.1678024897 0
909 2.70627593994 67.601685 53.206336 1.0345375 119.795033194 138.036571891 1.3215152343 99.6007756848 16.4426129897 0
912 2.69147920609 68.713633 54.989386 1.0321621 66.3136337987 54.8731839627 0.999401002752 2.4028106625 -1.87707260455 0
915 2.72318911552 69.889939 56.860516 1.0335194 139.796298472 34.300424434 -0.804254735553 73.4564961464 -105.296701665 0
918 2.69441008568 70.97178 58.665246 1.0279054 130.595623946 56.5777626164 -0.557431751645 59.6603750726 -90.8331278945 0
921 2.71324801445 72.083269 60.388926 1.0348295 105.029677614 61.9347255448 -2.32252700772 32.9826520585 167.637641787 0
924 2.70956802368 73.21006 62.180545 1.0389104 69.8423593389 62.3689967829 0.9819899946 3.37296928796 -3.26129899759 0
927 2.70123696327 74.211219 63.966291 1.0279221 70.7605471871 66.4069952258 1.00098706295 4.2266030188 -1.54326394384 0
930 2.69413399696 75.394113 65.876292 1.0355825 72.4266969499 66.4756231603 0.949696381454 3.02733477733 -4.92091211145 0
933 2.68589305878 76.475569 67.55587 1.0353462 75.4476179151 67.7918211322 0.900979406372 1.05468306606 -7.69865018161 0
936 2.6895301342 77.652303 69.425792 1.0395167 76.1885231236 69.6491479245 0.88449379123 1.4807225924 -8.88215840035 0
939 2.69406914711 78.72098 71.209083 1.0347632 75.9402134342 72.2817892176 1.01192323195 2.98049682476 -1.30863377349 0
942 2.68709588051 79.923618 73.070281 1.0406815 77.1086915037 74.722970246 1.05746740419 3.26422930005 0.961761465532 0
945 2.70593690872 80.886825 74.813727 1.0240856 79.6995264037 76.7610960187 0.93366793406 2.28077268739 -5.18055065179 0
948 2.69798207283 82.003807 76.66259 1.0354781 81.190778639 78.7037343533 0.971817722536 2.19710841489 -3.64747095089 0
951 2.69959592819 83.149971 78.458347 1.0359732 82.2838860547 78.8792921302 0.928131888334 0.962963101591 -6.17885201562 0
954 2.70374107361 84.209192 80.07724 1.046865 81.0232241126 81.0521441706 1.0227903923 3.33179073791 -1.37937341448 0
957 2.70776486397 84.421821 80.346791 1.1291589 81.3470030492 80.4027893549 1.06083386972 3.07532782745 -3.91473587019 0
960 2.70709300041 84.549549 80.462185 1.2384433 82.3061320555 80.7181703647 1.20805621829 2.25797433421 -1.74105153375 0
963 2.71802210808 84.477315 80.645515 1.377415 82.5079088739 79.9955981421 1.28373222745 2.0738737695 -5.36762748018 0
966 2.70297598839 84.491575 80.745704 1.5042297 81.9197402952 81.0009633012 1.44299433643 2.58447113736 -3.50852788967 0
969 2.71427488327 84.58151 81.604236 1.6242617 81.1228636009 81.3965061028 1.58851093753 3.46487902016 -2.04836780419 0
972 2.69808602333 84.52138 83.606555 1.6450761 81.8558855563 82.7613434539 1.65654827381 2.79629096965 0.657307141099 0
975 2.71706199646 84.450105 85.633891 1.6510189 81.8346048405 85.5852127702 1.58091981511 2.61595310634 -4.01638171172 0
978 2.72700190544 84.288283 87.799076 1.6553182 80.9952175147 88.3444175261 1.58709057382 3.33791516825 -3.90915502633 0
981 2.73411488533 84.219899 89.940013 1.6574582 81.4795492643 90.2647792424 1.55975956043 2.75952709461 -5.59771971175 0
984 2.68030118942 84.085061 91.960688 1.6559816 81.1177819015 92.9697438268 1.61551423529 3.13415681001 -2.318609206 0
987 2.68872785568 83.972707 94.061302 1.6546883 79.6976972422 94.133743254 1.63645425551 4.27562348252 -1.04473379263 0
990 2.67662096024 83.850194 96.236204 1.650278 80.0905218369 94.4650907957 1.71899758719 4.15595677988 3.93734231606 0
993 2.70297694206 83.742141 98.372522 1.653672 79.9288063125 98.8725239145 1.65623214761 3.84597495481 0.146685653143 0
996 2.7177169323 83.558608 100.37046 1.6603574 79.8363658607 100.502972988 1.62936609061 3.72460014442 -1.77567122969 0
999 2.689193964 83.448658 102.54165 1.6520527 79.2164135245 102.424720757 1.65001148901 4.23385943889 -0.116952774979 0
1002 2.70763206482 83.308795 104.69204 1.6576029 79.1629194237 105.470678073 1.63651021623 4.21836005367 -1.20852175836 0
1005 2.67358803749 83.194681 106.76107 1.661421 79.079448603 107.814271862 1.6631952632 4.24786674024 0.1016577933 0
1008 2.69735789299 83.066158 108.84686 1.6653468 78.3615710178 109.068998265 1.68101877387 4.70982845564 0.897937959592 0
1011 2.70130515099 82.920912 111.09751 1.6564676 78.5298243419 111.953058707 1.65469597336 4.47365783343 -0.101506729328 0
1014 2.70151400566 82.798446 113.12029 1.6519674 78.0797434991 113.647112419 1.64743949623 4.74802012987 -0.259429776058 0
1017 2.68613386154 82.725101 115.25424 1.6521864 78.2280477722 116.463629435 1.64437573317 4.65683481988 -0.447518244382 0
1020 2.69664120674 82.605874 115.888 1.7134215 78.7211192996 117.557383393 1.69791345792 4.22825732366 -0.888545359916 0
1023 2.7119269371 82.650086 115.98425 1.8265292 78.6873574679 116.998081783 1.83132904602 4.09036334614 0.275010919104 0
1026 2.71284914017 82.697137 116.16336 1.9516157 78.3316895975 116.423584268 1.91499885276 4.37319650753 -2.09799080571 0
1029 2.70022416115 82.611261 116.28116 2.0730733 77.9383906069 117.443548285 2.0563575083 4.81527405619 -0.957744315735 0
1032 2.67641997337 82.517518 116.45008 2.1971216 78.639871941 116.469303271 2.23880012974 3.87769370801 2.38800385058 0
1035 2.69875097275 82.418538 116.4581 2.3123831 78.8108528123 115.359159503 2.37783348587 3.77134758791 3.75003087777 0
1038 2.71456003189 82.414024 116.83182 2.4679277 78.6867180661 116.625780663 2.50663988131 3.73299634789 2.2180446048 0
1041 2.70253419876 82.282962 116.94587 2.5874118 78.9588215803 115.500901857 2.64097176055 3.62461618153 3.06875969038 0
1044 2.69478487968 82.208722 116.96752 2.707272 78.8782054137 115.641344163 2.72529621429 3.58484073324 1.03271140771 0
1047 2.71242308617 82.043289 117.20312 2.8493508 77.8244623181 115.641559701 2.78590494875 4.49855189342 -3.63517950397 0
1050 2.71018195152 81.832352 117.28824 2.9891727 78.1538339631 116.712434133 3.01761147942 3.72331134134 1.62942203521 0
1053 2.70671892166 81.142386 117.29523 3.0875315 77.073985963 113.164800835 -3.12219111796 5.79761364278 4.20910204401 0
1056 2.69065904617 79.131234 117.37152 3.1037602 75.6109311213 115.918764586 -3.14113757761 3.80828447609 2.19371385238 0
1059 2.68867182732 77.094643 117.50841 3.1079346 74.5257731746 115.054836618 3.1221402297 3.55233930246 0.813922627076 0
1062 2.71282291412 74.899205 117.59033 3.115912 72.0470868183 116.699801665 3.14027205934 2.98791212006 1.39572858887 0
1065 2.68575596809 72.824078 117.69503 3.116944 69.6274862704 117.436795497 -3.12409928977 3.20700541687 2.41455973798 0
1068 2.71715021133 70.711208 117.83017 3.1174699 68.0245009466 115.994614973 3.14113489679 3.25386801305 1.35590443801 0
1071 2.70984983444 68.550781 117.88294 3.1169773 66.5408291592 116.734929422 3.1358857189 2.31469969771 1.08337260012 0
1074 2.70396208763 66.454241 117.99143 3.11617 63.3879978955 117.276612064 3.09495355385 3.1484617606 -1.21561282045 0
1077 2.68186187744 64.352032 118.06903 3.1139299 60.4350632619 116.879647238 3.08595127667 4.09356512727 -1.60305703316 0
1080 2.69705486298 62.204954 118.16997 3.1178991 59.6749658559 117.750731282 3.09276175701 2.56448846992 -1.44026366145 0
1083 2.70008111 60.134729 118.2293 3.1166836 56.867073049 116.754431897 3.08553297391 3.58508177508 -1.78479940393 0
1086 2.70201301575 58.034017 118.36643 3.1239361 54.9338133447 117.286895659 3.08201137533 3.28278191443 -2.40210978067 0
1089 2.69262909889 55.858025 118.47896 3.1251128 52.5895890967 116.741490088 3.11649168072 3.70155034402 -0.493953749559 0
1092 2.70540499687 53.766425 118.55 3.1243401 50.2647477284 116.439028648 3.12232743468 4.08875821752 -0.115317228381 0
1095 2.69112992287 51.628528 118.603 3.1187628 48.8924101713 117.514024724 -3.13720335 2.94486127428 1.55954282854 0
1098 2.69615197182 49.494235 118.64783 3.1200968 47.1759206514 116.880338068 3.12739792873 2.91523740887 0.418323862151 0
1101 2.70135998726 47.379245 118.80828 3.1260538 45.4745807266 116.835669122 3.11605086927 2.74206850228 -0.573125713696 0
1104 2.6914191246 45.313934 118.87713 3.1250737 42.8928590969 116.943134587 3.06988679774 3.09870004079 -3.16197658389 0
1107 2.69425392151 43.229975 118.9845 3.131291 40.422907786 117.429790767 3.13445240181 3.20885449092 0.181134980936 0
1110 2.73251414299 41.038059 119.03542 3.1300111 39.3928057035 116.7078839 -3.13534325577 2.8503127383 1.02163826047 0
1113 2.72475194931 38.877743 119.09254 3.1262084 36.2855282198 117.681642834 3.08678513768 2.95130619902 -2.25878654542 0
1116 2.73263597488 36.866989 119.17866 3.1252668 33.5553360258 118.797289763 3.06811491303 3.33353996209 -3.27456191487 0
1119 2.71308398247 34.67231 119.25843 3.1314701 32.2596073621 119.038290491 3.0554257639 2.42272479298 -4.3570195143 0
1122 2.68419599533 32.567479 119.34722 3.1353596 31.1518196153 119.012106245 3.08111601536 1.45478270615 -3.10792846568 0
1125 2.67915701866 30.502201 119.36971 3.1349527 26.8791322771 117.293638598 3.12236674125 4.17572741387 -0.721122317529 0
1128 2.69285202026 29.15421 119.31018 -3.13185 26.4530568212 117.082899459 -3.09843672306 3.50100087173 1.91443974833 0
1131 2.68518805504 28.938717 119.39146 -3.028318 26.2958814456 117.032279779 -3.03733673735 3.54264182273 -0.516735586419 0
1134 2.69624614716 28.80706 119.32785 -2.9089456 26.3219899044 116.94738992 -2.89219875033 3.44124448019 0.959523806006 0
1137 2.69743990898 28.607415 119.34948 -2.7753086 26.9179611622 117.61669185 -2.80037882491 2.42008451144 -1.436418079 0
1140 2.70757293701 28.309413 119.3977 -2.6319404 26.493342192 117.351410082 -2.60227470704 2.73594875849 1.69971900305 0
1143 2.70264697075 28.176965 119.31562 -2.5155106 26.81211392 117.956629661 -2.5137700015 1.9260511963 0.0997289475973 0
1146 2.702439785 28.13257 119.1422 -2.3876282 25.905821741 116.908522568 -2.3306129799 3.15400105873 3.26673147979 0
1149 2.70219016075 28.071656 119.10664 -2.2643471 25.18198907 117.363154341 -2.25143557504 3.37489514063 0.739775887128 0
1152 2.70240187645 27.847582 119.05477 -2.1225081 25.7907358527 118.547637834 -2.05136993509 2.11844261382 4.07591661139 0
1155 2.69164180756 27.651134 118.95518 -2.0012288 24.81921529 118.954474589 -1.97647046975 2.8319187979 1.41854783092 0
1158 2.67634010315 27.585975 118.8068 -1.8653126 24.6972624076 118.575534907 -1.90722331796 2.89795513845 -2.4013072553 0
1161 2.69732689857 27.545652 118.66047 -1.7395281 23.5917732422 117.475746129 -1.64359560423 4.12755713237 5.49652712554 0
1164 2.69959282875 27.426878 118.54472 -1.6078392 27.9594559788 119.515621467 -1.65076088942 1.10737932138 -2.45923165359 0
1167 2.6943500042 27.408113 118.27266 -1.4907581 25.6611999385 117.17636393 -1.36971106377 2.06241855994 6.93548429881 0
1170 2.72575902939 27.619078 117.43976 -1.368489 20.4510342612 70.6976535575 0.998038151339 47.2885331314 135.592017875 0
1173 2.71348309517 28.00462 115.50954 -1.3464267 58.1725118494 94.2835053855 -1.95121802666 36.8869386652 -34.6519905035 0
1176 2.70464396477 28.352772 113.43776 -1.3439724 55.9889724118 89.9580658054 -2.09404664687 36.2636955187 -42.9760886672 0
1179 2.71508193016 28.777386 111.37552 -1.3470791 26.7831861907 110.773493409 -0.71943601565 2.08309118757 35.9612997738 0
1182 2.70005893707 29.292879 109.18718 -1.3487141 30.6868272728 140.238959741 2.62894241946 31.0830519234 -132.097069083 0
1185 2.67262506485 29.664866 107.14961 -1.3582731 52.9486005635 88.7656976968 -2.47541733283 29.6664882788 -64.0076496483 0
1188 2.68126893044 30.155372 105.1583 -1.3627181 25.6920134654 105.839502601 -1.44810535372 4.51504223583 -4.89232926259 0
1191 2.6553030014 30.584999 103.08809 -1.3538609 26.7845900365 102.72507418 -1.4160050526 3.81770726684 -3.5605976652 0
1194 2.67706608772 30.932942 101.04272 -1.3388863 29.3322477249 100.94303262 -1.41166499562 1.60379541585 -4.16991209762 0
1197 2.70907402039 31.46397 98.886394 -1.3633561 28.6813456871 98.9951219092 -1.38440011463 2.784747713 -1.20573322253 0
1200 2.70382118225 31.761459 96.890841 -1.3338862 28.6461431534 96.5374674849 -1.33067833654 3.13529355324 0.183797037282 0
1203 2.68546509743 32.148779 94.808879 -1.340085 29.3353483921 92.637728076 -1.25355874486 3.55377097184 4.95758923669 0
1206 2.70753693581 32.63242 92.742465 -1.3409888 32.0377339128 93.0089207293 -1.29436184306 0.65165189939 2.67152784438 0
1209 2.68449902534 33.223163 90.635151 -1.3443959 30.730936396 89.5042087175 -1.36647059119 2.73682734059 -1.26478663917 0
1212 2.68514800072 33.480467 88.544154 -1.3400822 31.5607006001 87.7526599367 -1.27283405388 2.07652736134 3.85303495254 0
1215 2.66632604599 33.996344 86.523674 -1.3537744 32.0175838525 85.8644848206 -1.29853368373 2.0856706585 3.16505989949 0
1218 2.68837499619 34.391099 84.502242 -1.3500462 32.3241537343 83.7845644292 -1.32866242178 2.18799539003 1.22520024218 0
1221 2.69812107086 34.871654 82.311763 -1.3462417 32.048051568 83.348682226 -1.29861599365 3.00797808752 2.72875196995 0
1224 2.707062006 35.319079 80.358924 -1.358939 34.3565581981 80.7173889451 -1.31661321082 1.02710438169 2.42508908436 0
1227 2.6913869381 35.776446 78.250756 -1.3606991 34.8809415979 78.1582217627 -1.32432474799 0.900272580582 2.0840968527 0
1230 2.69463801384 36.167733 76.160289 -1.3496683 33.8840506929 76.8156870882 -1.37367713838 2.37586858515 -1.37560510992 0
1233 2.68942713737 36.593873 74.026216 -1.3452321 35.250103368 74.3940262694 -1.32264036289 1.39319819774 1.29441118829 0
1236 2.6917090416 37.096668 72.068535 -1.358637 35.3770240312 72.1094643792 -1.38303254254 1.7201309815 -1.39776162641 0
1239 2.7055580616 37.456761 70.030489 -1.3570922 35.5554792832 69.510404409 -1.35409023553 1.97113169231 0.171999894154 0
1242 2.71463298798 37.942935 67.912468 -1.3598503 35.5828696386 67.9653959304 -1.37937783027 2.36065878003 -1.11884506898 0
1245 2.69773817062 38.381728 65.750541 -1.3597279 37.4198113623 65.2594095777 -1.34701023144 1.08004337498 0.728668733706 0
1248 2.7136900425 38.78715 63.709446 -1.3638712 37.2662011478 62.6899362689 -1.34496070979 1.83103399828 1.0834912773 0
1251 2.70437693596 39.284372 61.704874 -1.358189 38.2563269392 62.2239670508 -1.39114636677 1.15166585535 -1.88831801993 0
1254 2.69384503365 39.616785 59.610797 -1.3616912 38.5483947519 60.0477329668 -1.38516215806 1.15428365721 -1.34478683813 0
1257 2.69322013855 40.0981 57.483375 -1.3627524 39.0841942954 57.8400472039 -1.35820351833 1.07481153646 0.260631721394 0
1260 2.69288182259 40.478176 55.366289 -1.371191 39.8912816583 56.8330589984 -1.32937791092 1.57982885043 2.39571353294 0
1263 2.70153808594 40.927924 53.368372 -1.3697355 40.0055118726 54.6500461882 -1.34670644091 1.57909241575 1.31946789187 0
1266 2.6944630146 41.311773 51.24524 -1.3687118 40.7608412857 51.8308000106 -1.34773785641 0.803993955101 1.20171844757 0
1269 2.68992090225 41.752813 49.127024 -1.3690442 40.4959193551 50.6206445253 -1.33551000044 1.95209731009 1.92136810389 0
1272 2.69003200531 42.124468 46.999249 -1.3746445 41.0923981192 48.2239101336 -1.35808388927 1.60155022746 0.948853100772 0
1275 2.6982460022 42.489069 45.000812 -1.3756167 41.873292311 46.2144519232 -1.36898964599 1.36091983372 0.379702225377 0
1278 2.68537807465 42.919623 42.847052 -1.3693623 41.4913747528 44.7664642774 -1.37250476166 2.39249588216 -0.180049790284 0
1281 2.68556880951 43.26925 40.76156 -1.3849404 43.3515717044 42.5383087289 -1.34126260592 1.77865480316 2.50255325942 0
1284 2.68557906151 43.723057 38.666685 -1.382086 43.4133797986 39.0053515847 -1.35980221736 0.458906335406 1.27676669677 0
1287 2.69420289993 44.069109 36.638541 -1.3748634 44.1088930403 37.6975544729 -1.34353676574 1.05976049445 1.79488392943 0
1290 2.67480301857 44.48264 34.512889 -1.372972 43.6140197852 35.5921304802 -1.37096118674 1.38537476886 0.115211113177 0
1293 2.70677518845 44.660959 33.544964 -1.3339999 44.2099623992 34.3256943028 -1.31074941531 0.901630600428 1.33215464413 0
1296 2.6837439537 44.654294 33.324157 -1.2074321 44.2955789088 33.7380744442 -1.1907305355 0.547726361673 0.956929157133 0
1299 2.68196606636 44.699557 33.107025 -1.0711259 44.7095338765 33.3925257505 -1.05962054341 0.285675019209 0.65920837429 0
1302 2.70076298714 44.829945 32.953901 -0.95914547 44.3073120535 34.1102046865 -0.977189492669 1.26893002653 -1.03384634436 0
1305 2.71548891068 44.914184 32.826307 -0.82117543 44.3573385991 33.7975046075 -0.829193458912 1.11950953246 -0.459399216682 0
1308 2.69265913963 44.932468 32.690373 -0.70238554 44.3161201054 33.3523511167 -0.80458738363 0.904488670023 -5.85573429846 0
1311 2.68960595131 45.019913 32.619075 -0.56167342 43.9658497604 33.41836995 -0.660122400841 1.32284607198 -5.64071109954 0
1314 2.68520498276 45.164806 32.47066 -0.44585332 43.9418729857 32.4931223149 -0.585243521469 1.223139286 -7.98647024964 0
1317 2.68388199806 45.307079 32.373178 -0.30795343 43.1913058177 33.8492718534 -0.510606434301 2.57979635302 -11.6111618521 0
1320 2.69412302971 45.468859 32.25314 -0.19105128 42.6351901583 32.0673267855 -0.358264247683 2.83975450615 -9.58059732812 0
1323 2.70059394836 46.833289 32.057508 -0.10389315 45.3890745665 32.2550712504 -0.185942421077 1.45766476529 -4.70107694482 0
1326 2.71824598312 48.863767 31.868312 -0.084237935 47.1933859197 31.3773945688 -0.31845705976 1.74102638624 -13.41976733 0
1329 2.69212293625 51.033972 31.691587 -0.08198003 48.6574887468 34.4733021718 -0.0194057850173 3.65863525782 3.58524014373 0
1332 2.70218515396 53.111195 31.42619 -0.084122232 51.0152916991 32.993926213 -0.0271488316821 2.61736651622 3.26433538272 0
1335 2.72430109978 55.206155 31.249451 -0.082409142 54.2392314289 33.4989060935 -0.0554738205392 2.44846674674 1.54328023953 0
1338 2.71018791199 57.287235 31.07162 -0.080297126 56.6778500879 32.9348089383 -0.0749170114543 1.96031196264 0.308257856765 0
1341 2.69628691673 59.516372 30.847745 -0.092608556 58.6873052267 32.7610792438 -0.00623763295099 2.08523371422 4.94868936336 0
1344 2.69939208031 61.567611 30.670937 -0.091677002 59.8398693631 33.5113288981 -0.00245056959863 3.32459280198 5.11229799761 0
1347 2.68507480621 63.68279 30.502969 -0.089332225 63.9120977914 31.7425898134 -0.0676391113771 1.26065134917 1.24292385509 0
1350 2.68717885017 65.773678 30.270465 -0.081918863 64.9236501378 30.8782402366 -0.0194832042182 1.04495842244 3.57729973931 0
1353 2.68591594696 67.870787 30.052005 -0.080757136 68.3642760356 32.2563101221 -0.083983698019 2.2588697394 -0.184868386024 0
1356 2.68319606781 69.978421 29.855203 -0.080851998 69.3548828375 31.3433291979 -0.132093173815 1.61348053014 -2.93590311148 0
1359 2.68207883835 72.04312 29.748383 -0.089661546 70.7859865243 29.41878503 -0.120398663175 1.29962279053 -1.76110708854 0
1362 2.69256496429 74.192216 29.503442 -0.097083695 72.4965702412 30.7471924574 -0.0882000023761 2.10288605004 0.508998093842 0
1365 2.68713784218 76.337484 29.313327 -0.092202589 75.3322964796 30.6767830359 -0.100362801049 1.69393456578 -0.467545710313 0
1368 2.70623087883 78.469083 29.072242 -0.088851811 77.491155655 30.6954604875 -0.0959756091576 1.8950409363 -0.408163568536 0
1371 2.69504308701 80.508884 28.860474 -0.08148585 79.1986774268 29.4115443699 -0.117975429086 1.42137954714 -2.09069887785 0
1374 2.69167590141 82.648681 28.706332 -0.092016755 80.6391670075 30.4866149055 -0.0843757549307 2.68468875468 0.43779705523 0
1377 2.72111201286 84.803463 28.469695 -0.089914919 83.7688644388 30.2546960817 -0.0558888358133 2.06315851168 1.94955095996 0
1380 2.71141409874 86.909059 28.274418 -0.095059786 84.5905986343 30.4817833457 -0.0781078222259 3.20120605975 0.971275978713 0
1383 2.68645381927 88.999768 28.069648 -0.093100738 87.2532270927 30.4299178048 -0.0484452564189 2.93620140524 2.55857062672 0
1386 2.67921495438 91.148907 27.8824 -0.087682683 89.6040868775 29.7836370208 -0.0528661891356 2.44972884628 1.99483815587 0
1389 2.68396186829 93.191686 27.680334 -0.085944106 91.175704153 29.6463755701 -0.0551926602295 2.81593719082 1.76192805658 0
1392 2.67349100113 94.597595 27.536443 -0.026113958 93.4290484701 29.9497971412 -0.0702066819697 2.68137636367 -2.5263269907 0
1395 2.67482209206 66.734672 23.138609 0.64678418 94.9710129933 31.3555993167 -0.00471197603811 29.4076500686 -37.32798011 0
1398 2.66417694092 41.954155 8.6979942 1.5862633 97.9792358496 31.4972636568 0.0454160782707 60.4864974351 -88.2840426795 0
1401 2.67077088356 40.498777 7.6026468 1.6671323 100.789029668 31.8317144719 0.00813635853591 64.976628775 -95.0534656752 0
1404 2.69336915016 40.36551 9.5759073 1.6613912 100.407994608 30.9720426963 -0.0478583313225 63.7408390892 -97.9327842795 0
1407 2.67303586006 40.15753 11.693798 1.6450717 101.580263688 30.5792825053 -0.0227177680048 64.2605146162 -95.557297633 0
1410 2.68351697922 40.017928 13.779826 1.6578436 103.436924076 31.4861651456 -0.0509131383948 65.8443885935 -97.9045493246 0
1413 2.70193886757 39.937066 15.922073 1.6651068 104.852417316 32.1895633549 -0.000835401014343 66.9225976706 -95.4514570309 0
1416 2.68531489372 39.75755 17.953862 1.6630734 105.589667604 30.4299280353 -0.0174390598724 67.0038799764 -96.2862713698 0
1419 2.68927407265 39.645384 20.177858 1.663423 108.217471523 30.4576851433 -0.0255669634007 69.3383446109 -96.7719965428 0
1422 2.69782590866 39.526919 22.292671 1.6684735 111.739914682 33.0717186491 0.0912731466794 73.0130441333 -90.3669236918 0
1425 2.68874597549 39.303781 24.413998 1.6572417 113.401946653 33.6199768644 0.0858830761208 74.6678525202 -90.0322172498 0
1428 2.70402002335 39.21094 26.55624 1.6661167 116.121913646 33.6090681329 0.128224709531 77.2336730442 -88.1147204008 0
1431 2.68936300278 39.049874 28.673026 1.6660737 118.561685691 35.6444253398 0.101147124439 79.8168441315 -89.6636880275 0
1434 2.70286893845 38.816051 30.701859 1.6598041 119.961843949 35.9996048769 0.164857949331 81.318545392 -85.6541050327 0
1437 2.7083902359 38.695572 32.853799 1.6647394 122.954908994 35.1918311716 0.10090964573 84.291768668 -89.6008447967 0
1440 2.6974978447 38.58982 35.008607 1.6723781 124.254581916 35.932099266 0.146406566017 85.6697395352 -87.4317285543 0
1443 2.6637301445 38.393816 37.160762 1.6689022 126.092272228 36.111505715 0.080886433933 87.7047328454 -90.9866011959 0
1446 2.67479610443 38.314928 39.264936 1.6781402 129.041917216 36.9865910117 0.174917079801 90.755591718 -86.1283404539 0
1449 2.67826008797 38.042909 41.445131 1.6601298 129.963414348 37.8843830508 0.174846272043 91.9894462931 -85.1004775323 0
1452 2.6885869503 37.893052 43.482766 1.6655679 137.208064681 27.2650098912 -0.112680123824 100.630449453 -101.886106693 0
1455 2.69843912125 37.737395 45.529248 1.6663309 138.583369739 27.4325103599 -0.134442575786 102.45683254 -103.176720022 0
1458 2.6980650425 37.667375 47.706088 1.6735516 140.32627964 26.1770552711 -0.0605791531723 104.892087176 -99.3583732806 0
1461 2.67798900604 37.411337 49.793915 1.6717816 141.636635408 24.6634761172 -0.145653594319 107.212181149 -104.131366173 0
1464 2.70408606529 37.208006 51.943854 1.66906 138.461334364 37.1448291295 0.176430794406 102.329114341 -85.5213538585 0
1467 2.70247888565 37.03196 53.963531 1.6741645 141.115230066 38.0520172825 0.217222315735 105.292465905 -83.4766381529 0
1470 2.70071387291 36.983983 56.143126 1.6856298 113.557360372 107.495823923 -0.192834007128 92.1985992633 -107.628048117 0
1473 2.69299507141 36.720012 58.206076 1.6746777 50.3663390634 78.7904395331 -1.04590516784 24.6969282378 -155.877916143 0
1476 2.70055413246 36.536888 60.398002 1.6787317 51.9215007574 61.5354342283 -1.5637715843 15.4266024052 174.218246752 0
1479 2.7091178894 36.401835 62.417273 1.6766351 36.7399285408 59.4927117878 -3.09674247022 2.94403898181 86.5056112043 0
1482 2.68531012535 36.239068 64.615141 1.6886647 108.333410689 107.7281144 -1.46183620407 84.0019209495 179.489594845 0
1485 2.6900241375 35.99676 66.655908 1.678851 65.6036377042 47.9482366027 -1.00197635093 35.0220527168 -153.600092812 0
1488 2.72244095802 35.830181 68.859683 1.6854848 17.5831058979 138.557622115 2.86567057615 72.046918509 67.6196640149 0
1491 2.70051288605 35.575227 70.898859 1.683738 92.1649782027 57.7759416781 -0.472623609789 58.0914012589 -123.550419345 0
1494 2.70787096024 35.463169 73.006353 1.6935188 71.7404037809 135.453780686 -0.187048117923 72.2199348377 -107.748547489 0
1497 2.70939588547 35.205801 75.07321 1.6913976 33.9220724218 76.9006369069 2.95105334737 2.23325953763 72.1729579638 0
1500 2.69420409203 34.978045 77.287591 1.6912075 75.3175232831 131.645789615 0.239014623172 67.6911165873 -83.2045228812 0
1503 2.70276808739 34.814043 79.320098 1.7000185 31.2538301397 78.8429273389 2.07602944635 3.59204780733 21.5438402765 0
1506 2.70589208603 34.580736 81.372215 1.6970036 31.5975251846 81.1725376141 1.71949975154 2.98988592218 1.28893453859 0
1509 2.69840884209 34.345965 83.441951 1.6955247 83.6065893244 132.407922625 -0.107108619456 69.4570045855 -103.283281214 0
1512 2.71759796143 34.142398 85.698773 1.7034669 30.8115341865 86.9106155981 2.01348925141 3.54446275571 17.7629722902 0
1515 2.68186306953 33.910208 87.748137 1.7016389 29.445447058 88.2654558616 2.06824405515 4.49463113878 21.0049281379 0
1518 2.67383694649 33.670818 89.737713 1.6967853 30.1633482536 89.2016157536 1.97821212855 3.54820296483 16.1245695175 0
1521 2.69952511787 33.472926 91.900649 1.7056804 29.7592595691 91.7858210298 1.66907392068 3.71544126888 -2.09739676774 0
1524 2.68445801735 33.217902 94.036516 1.7078464 29.7864998608 93.3799815226 1.71276720549 3.49364539715 0.281941386377 0
1527 2.68376803398 33.034075 96.178482 1.7177188 28.5106013027 96.305937335 1.7004429152 4.52526895911 -0.989835286467 0
1530 2.69764780998 32.713254 98.174723 1.7080491 27.6033394587 96.4556613409 1.74791762699 5.39132633098 2.28429833199 0
1533 2.68386292458 32.45653 100.24821 1.7068362 27.7670641262 99.4126030521 1.71310912509 4.76333172823 0.359412132585 0
1536 2.70365214348 32.217075 102.39435 1.7082962 28.1282929046 102.510002944 1.75079981932 4.09041741477 2.43527800108 0
1539 2.68838810921 31.955228 104.48204 1.7110577 28.0977430457 103.824479529 1.66855035794 3.91312866467 -2.43549129822 0
1542 2.68920397758 31.741377 106.6002 1.7198575 27.8082678159 106.06048226 1.64026698581 3.96996764385 -4.56020055243 0
1545 2.70014405251 31.439656 108.68741 1.7105287 26.7533031333 108.378926709 1.63462769526 4.69649498374 -4.34880723231 0
1548 2.70338487625 31.216018 110.75498 1.7177022 27.4993339155 111.170336753 1.70580057364 3.7398210942 -0.681912959928 0
1551 2.71771001816 30.916985 112.90957 1.719675 27.4141394339 112.355098631 1.71354923438 3.54645817109 -0.350980516471 0
1554 2.71694016457 30.668641 114.94646 1.716506 27.6794955464 114.12856279 1.66203448749 3.09902345735 -3.12098777033 0
1557 2.70577979088 30.419865 117.12266 1.716223 27.0674400399 116.116594865 1.69783983634 3.50013145039 -1.05327769159 0
1560 2.70372104645 30.132888 119.21343 1.725557 26.3322034564 116.636773992 1.69732212515 4.59177081104 -1.61773916387 0
1563 2.71787691116 29.88258 121.34383 1.72867 26.1304761428 119.936432049 1.71063093063 4.00737474511 -1.03356254112 0
1566 2.71870303154 29.981486 120.5055 1.7055843 25.7571428226 119.541332871 1.70796524135 4.33297744425 0.136417890412 0
1569 2.68301606178 30.170653 118.4575 1.6900862 25.7408570505 117.304569586 1.67265067565 4.57737268465 -0.998981959006 0
1572 2.71356487274 30.502618 115.6086 1.6745202 27.5570207032 114.339194543 1.62446752575 3.20748088846 -2.86780698804 0
1575 2.71746397018 30.699806 113.48782 1.6738205 28.1236914298 111.106124986 1.66245622538 3.5083952767 -0.651124973082 0
1578 2.72431898117 30.8492 111.36091 1.6697397 28.3702719418 111.179028431 1.72755807912 2.4855915238 3.31274910158 0
1581 2.68495106697 30.973164 109.37107 1.6787837 27.5148612744 108.855305415 1.62503827052 3.49655127938 -3.07938627726 0
1584 2.7025949955 31.204408 107.09871 1.665475 27.139088152 107.998819861 1.65189098881 4.16377511748 -0.778306509871 0
1587 2.70099401474 31.322843 104.96751 1.6587885 27.7361671278 105.567557071 1.68359333315 3.63652310599 1.42121225098 0
1590 2.67026519775 31.457099 102.91722 1.6541397 27.4097446496 103.213747333 1.64165958056 4.05820227406 -0.715058171528 0
1593 2.66943097115 31.546684 101.34427 1.631357 27.7425378728 102.143810048 1.62927834211 3.88726022351 -0.119098324012 0
1596 2.67502188683 31.536552 101.09899 1.5279681 28.710725061 101.895507715 1.55691261119 2.93593909325 1.65839833116 0
1599 2.6821501255 31.522716 100.84711 1.3818466 29.524884617 102.27004572 1.47881632125 2.45276910793 5.55595576842 0
1602 2.68894290924 31.33472 100.81397 1.2437751 29.1373249953 101.66117535 1.3281536534 2.35505874917 4.83453499133 0
1605 2.68241381645 31.335612 100.76499 1.1262837 28.7608409833 101.382808969 1.16966044084 2.64785688194 2.48530417911 0
1608 2.70196795464 30.238332 99.003137 0.9296569 28.8237140661 100.162513213 1.00281688185 1.82901533694 4.19175818939 0
1611 2.69515299797 28.772289 97.32743 0.78863198 25.606913906 99.4204708061 0.771952754049 3.79478843967 -0.95564925254 0
1614 2.69608712196 27.005154 95.945316 0.6582802 24.2965140029 96.4443578194 0.727087331448 2.75422827147 3.94235823239 0
1617 2.70122003555 26.209553 95.323497 0.64585939 23.9218606036 94.5968472821 0.67829200794 2.40032421004 1.85825212651 0
1620 2.72657608986 26.225548 95.299359 0.74214735 22.7028826153 94.9262069617 0.714450543337 3.54237404241 -1.58691012777 0
1623 2.70020699501 26.287241 95.304851 0.87876564 24.5199822501 94.5293495292 0.905126377279 1.92992383798 1.51035899093 0
1626 2.71090602875 26.503119 95.525486 1.0159202 22.9324266161 94.6916043479 1.03089861024 3.66677006503 0.858199690477 0
1629 2.70244407654 26.584147 95.637624 1.1414331 22.3957879998 94.8168273137 1.14224203809 4.26802745005 0.0463487385659 0
1632 2.70489597321 26.62792 95.717086 1.2595284 25.1426195439 96.0065667431 1.20577110232 1.51324702062 -3.08006627506 0
1635 2.6898419857 26.756174 95.797181 1.3910555 22.7593565485 96.2163811124 1.39772141808 4.01874090661 0.381928972834 0
1638 2.69709205627 26.381693 93.77201 1.3952992 22.4094384066 90.6612988317 1.66968296762 5.04532759366 15.7210318513 0
1641 2.70980501175 26.011804 91.856332 1.39866 23.0017689925 92.3177148513 1.49645146659 3.04519045086 5.60303830827 0
1644 2.70581388474 25.609249 89.727224 1.3968171 23.0415997485 90.3409713879 1.49609336881 2.63998267699 5.68811120874 0
1647 2.69721913338 25.2462 87.568251 1.3940659 22.0281064317 87.4133919439 1.40174277112 3.22181742834 0.439852315107 0
1650 2.72220897675 24.820481 85.505592 1.4017015 21.9278840093 86.2113313019 1.46354039927 2.97744610579 3.54310793793 0
1653 2.70111918449 24.493958 83.448062 1.398475 21.029902462 84.1307908652 1.40825619189 3.53069390821 0.560421014168 0
1656 2.70844006538 24.080092 81.345956 1.3962744 20.9218120422 81.5984056901 1.42407020938 3.16835337963 1.5925825656 0
1659 2.70165896416 23.622432 79.208855 1.3888608 20.3165578124 79.1705016635 1.45724253405 3.30609665965 3.91798475663 0
1662 2.7021150589 23.236261 77.182266 1.3737053 19.4537293528 77.3774971142 1.40526875781 3.78756661331 1.80845291931 0
1665 2.69563317299 22.741503 75.111069 1.3685019 19.5681082872 75.4261923553 1.408794319 3.18900246665 2.30858555495 0
1668 2.69796800613 22.23837 73.007777 1.3690406 18.5500941756 73.6287676992 1.37270299293 3.74018823125 0.209839657832 0
1671 2.69826889038 21.796618 70.8705 1.3677106 17.4292613641 71.7168999543 1.36875258387 4.44861741079 0.059701278258 0
1674 2.69382119179 21.306705 68.900927 1.3588762 19.2866857255 69.2895113335 1.45245443906 2.05705509249 5.36163815215 0
1677 2.68001794815 20.800373 66.796896 1.3509317 19.3499947077 67.2651668858 1.41509276714 1.52409803265 3.67615835626 0
1680 2.694272995 20.180988 64.758154 1.3339286 20.4402125897 65.6619495642 1.51617486143 0.940236039359 10.4419416121 0
1683 2.70048499107 19.716632 62.635567 1.3210663 17.1282201733 63.3658127269 1.37836316425 2.68944875506 3.28286850109 0
1686 2.70587801933 19.127208 60.642471 1.320188 17.032755164 60.1304157598 1.42550866505 2.15613850466 6.03442960304 0
1689 2.69785189629 18.573484 58.538556 1.3117791 18.7634256796 57.661072251 1.49106716667 0.897805976476 10.2724495373 0
1692 2.69473409653 18.03732 56.562177 1.3046299 16.7719613665 56.7904440833 1.40905188875 1.28578315927 5.98293924398 0
1695 2.71010613441 17.470308 54.449011 1.30616 15.7966552117 54.271347039 1.4137042458 1.68305619003 6.16183139544 0
1698 2.69064188004 16.865167 52.414515 1.2995721 14.0344274771 52.7353906226 1.31453103244 2.84886774205 0.857083694873 0
1701 2.70812296867 16.322269 50.452679 1.2871313 14.4755527485 50.5300021895 1.37237838649 1.84833432826 4.88429827143 0
1704 2.72234511375 15.679585 48.421133 1.2791916 14.0955882223 48.0159568639 1.38225917951 1.63499648106 5.9053373106 0
1707 2.7014272213 15.049517 46.343459 1.2810584 13.5865975421 46.7508194136 1.37022641957 1.51857691503 5.10895118889 0
1710 2.70561099052 14.370513 44.264129 1.2685694 13.0685363291 44.3487978684 1.37339567239 1.30472681774 6.00610298987 0
1713 2.67145800591 13.728985 42.398373 1.2622613 13.0579483629 42.4479485333 1.37861541797 0.672865441148 6.66659988889 0
1716 2.68429994583 13.116178 40.310007 1.2578142 11.994887073 39.8040326912 1.34293444784 1.23016395008 4.87703095248 0
1719 2.69436693192 12.482531 38.460523 1.239848 13.7967335494 38.8664586318 1.40102160573 1.37546794873 9.23456737728 0
1722 2.66810703278 12.331027 38.238303 1.1567887 15.978857197 37.2555677037 1.35440090603 3.77788747958 11.3223453858 0
1725 2.68564200401 12.263795 38.100898 1.043782 11.9591791165 37.5330475664 1.20169873259 0.644395027495 9.04796229166 0
1728 2.68530488014 12.231882 38.075858 0.90529637 10.4089377177 38.248149458 0.914161906152 1.83106804972 0.507957804641 0
1731 2.68355107307 12.170047 37.918491 0.7605547 10.8863291229 37.3382433844 0.885271297751 1.40876502065 7.14573468639 0
1734 2.69554805756 11.9457 37.868652 0.60051086 11.9572766518 38.6936894616 0.735095243157 0.825118677503 7.71111714326 0
1737 2.69036006927 11.861848 37.85602 0.47073445 11.1520090831 37.6318822697 0.590932736631 0.744384987852 6.88685452869 0
1740 2.70323204994 11.68598 37.868337 0.32347919 11.6858513065 37.7622449463 0.49549293688 0.10609213178 9.85566171443 0
1743 2.72028493881 11.634663 37.834152 0.18688423 12.1291599675 37.2344570463 0.205563629786 0.777278128054 1.07025077156 0
1746 2.70828986168 11.546787 37.799316 0.059161186 12.5317749958 37.2386696817 0.122348283442 1.13336915704 3.62035400312 0
1749 2.7067630291 11.461332 37.784444 -0.088384018 12.4249116907 37.6238288884 0.0256022083104 0.976874113878 6.53092969021 0
1752 2.70584011078 11.353119 37.809133 -0.22428348 14.0893309856 37.9392113888 -0.154596876495 2.73930217705 3.99274826944 0
1755 2.69704389572 11.259101 37.929753 -0.36642208 12.9313858036 35.8215577055 -0.10922550969 2.69091506079 14.736277984 0
1758 2.6966688633 11.22919 38.083377 -0.50941267 13.6035195695 38.0481256697 -0.35086312213 2.37459124079 9.08421993668 0
1761 2.69195890427 11.185129 38.110347 -0.64618684 13.1189032203 37.3672729372 -0.351034829767 2.07162781357 16.9109645011 0
1764 2.70248699188 11.588805 37.741111 -0.76036767 13.5319284043 37.9025496764 -0.69323589412 1.94981819934 3.84636742912 0
1767 2.69844007492 13.063467 36.224873 -0.77289998 12.4406246613 36.7933965473 -0.721334699025 0.843298050942 2.95447296926 0
1770 2.68262314796 14.493375 34.807156 -0.77803694 14.3376731999 35.4766120562 -0.740621481318 0.687324131518 2.143747871 0
1773 2.70249795914 15.892318 33.28564 -0.77023756 16.225832535 33.466337265 -0.655816730751 0.379319715601 6.55583060433 0
1776 2.68060612679 17.405154 31.857105 -0.77891679 16.7198958091 33.0717518659 -0.828800751317 1.3946131353 -2.85814044888 0
1779 2.70074796677 19.008966 30.381332 -0.78385491 18.8045433401 31.1101151444 -0.803177310712 0.756910493682 -1.10709201083 0
1782 2.69226288795 20.517371 28.856906 -0.78454873 20.2285681084 29.4874051527 -0.740437263468 0.693495704232 2.52740086041 0
1785 2.702272892 22.037399 27.308602 -0.78653789 21.5608604975 27.8405814916 -0.784763529616 0.714206639426 0.101663361365 0
1788 2.6894159317 23.470866 25.802264 -0.78746834 24.079641638 26.0243486304 -0.795121806647 0.64801956802 -0.438511337539 0
1791 2.70992207527 25.030138 24.239515 -0.79252133 25.6905244834 23.8507884382 -0.753727897329 0.766301929616 2.22269996487 0
1794 2.68430304527 26.508975 22.80392 -0.79210599 26.1366742879 24.0002740974 -0.801422693482 1.25294490964 -0.53380778852 0
1797 2.70808196068 27.961008 21.312251 -0.79564812 28.5888616319 21.0485586971 -0.755057158811 0.680980039093 2.32569076252 0
1800 2.69663882256 29.36401 19.750057 -0.78815021 28.4578560127 20.2541056603 -0.801060882092 1.03690891632 -0.739727021536 0
1803 2.7102060318 31.016391 18.179875 -0.79578372 30.3548713646 19.6240091103 -0.776551507572 1.58843682795 1.10192460285 0
1806 2.69999194145 32.405165 16.663972 -0.79079715 32.1334482406 18.7227872133 -0.791246123008 2.07666802353 -0.0257242584637 0
1809 2.70779681206 33.875627 15.226881 -0.79213801 33.2897588893 15.596428689 -0.828430347239 0.692680978154 -2.07939775245 0
1812 2.70078206062 34.400964 14.714584 -0.72873329 32.372356403 14.4919923955 -0.809688851398 2.04078313521 -4.63841199621 0
1815 2.70798993111 34.541831 14.529671 -0.59347242 32.5254906524 15.0649100454 -0.672071516974 2.08617095012 -4.50339653014 0
1818 2.70121908188 34.648846 14.435796 -0.47955783 33.8379753436 15.1535718455 -0.514411956541 1.08291891931 -1.99699434944 0
1821 2.70668697357 34.668797 14.324629 -0.34405458 32.9197718881 14.7962330772 -0.393267426699 1.81149089089 -2.81968841369 0
1824 2.69395518303 34.864126 14.20779 -0.22615765 34.8756506491 16.2191985119 -0.321911823517 2.01144152768 -5.48631001332 0
1827 2.69473099709 35.017605 14.088235 -0.094353638 36.0783089971 14.9435668409 -0.114836677585 1.36260248326 -1.17359171979 0
1830 2.69940900803 36.599142 14.0692 -0.022879679 36.4559233228 14.9362023434 -0.0897832877792 0.878751758453 -3.83329441724 0
1833 2.70589709282 38.63985 14.009333 -0.014813302 39.5891331421 15.1795804866 -0.0863271081276 1.50685688228 -4.09743926803 0
1836 2.70293092728 40.768535 13.925491 -0.0089087199 41.3577116806 14.7294501801 -0.143578852624 0.996734430183 -7.71603023154 0
1839 2.69902205467 42.905865 13.952369 -0.011506708 42.8778465615 14.0294969138 -0.0658805503083 0.0820594174245 -3.11539168018 0
1842 2.70112395287 45.04117 13.838962 -0.010052037 45.3266548643 14.6829177338 -0.0549313948567 0.890933717135 -2.57139779244 0
1845 2.70864391327 47.095509 13.764363 -0.008210261 46.4429405467 15.3647211112 -0.0258265221674 1.72829154673 -1.00933741569 0
1848 2.69471597672 49.256947 13.750747 -0.012245698 47.8942787413 14.8023917781 -0.0285800506044 1.72128484643 -0.935889465311 0
1851 2.68036198616 51.347189 13.680192 -0.017629817 51.0719355547 14.768292364 -0.0064818137677 1.12237554376 0.638733535209 0
1854 2.67300391197 53.510554 13.649042 -0.0075411209 51.9031623971 15.5645100366 0.0142096069676 2.50054505348 1.24622490815 0
1857 2.67505693436 55.608657 13.581194 -0.0077936973 54.6582991269 15.1976467306 -0.0130734741689 1.87512653367 -0.302508931359 0
1860 2.68278503418 57.666716 13.591636 -0.01411162 56.8668872222 14.9001674901 -0.00300208175421 1.53361687994 0.636529653823 0
1863 2.68531394005 59.905766 13.533857 -0.012519778 60.2624425483 15.7808323195 -0.00348743643337 2.27510796367 0.517515050889 0
1866 2.68229389191 62.027534 13.447994 -0.021676244 61.1878530273 15.5813360846 0.0037972568513 2.29264314401 1.4595240882 0
1869 2.68588495255 64.181261 13.371995 -0.025327169 63.2788574971 15.1637454477 0.00724545601042 2.0061659325 1.86627394076 0
1872 2.69124603271 66.241252 13.310079 -0.024907545 65.6035361952 14.8511909151 0.0143261457869 1.6678451315 2.24792489681 0
1875 2.69860100746 68.444119 13.24669 -0.026304862 66.805893796 15.1346603831 0.00793388072794 2.49964277174 1.96173545415 0
1878 2.68849611282 70.49734 13.123327 -0.017605166 68.902117894 14.8632717405 0.0120818182885 2.36053834272 1.7009389062 0
1881 2.70161604881 72.634932 13.039101 -0.019360635 72.3237743529 15.1269304914 0.00704141160738 2.11088869118 1.51272584111 0
1884 2.68806481361 74.720419 12.994859 -0.019347658 72.9335802393 15.4394194285 -0.0205118225184 3.02798091889 -0.0667017135647 0
1887 2.70620703697 76.914825 12.90632 -0.036038761 75.9961547724 14.73254143 0.0221042288478 2.04426996709 3.33134792655 0
1890 2.69524097443 79.004774 12.78569 -0.032634565 78.515145718 15.6258508437 0.00540282957306 2.88205646594 2.17938217271 0
1893 2.68165111542 81.177999 12.691712 -0.029848436 80.7312285506 15.616560644 -0.0152794171304 2.95877397325 0.834743292873 0
1896 2.69831299782 83.222919 12.597068 -0.02122413 81.2376721934 15.0841296697 -0.0124474992282 3.18224459023 0.50286390157 0
1899 2.69651699066 85.390174 12.538762 -0.021700441 84.6159076536 14.4565808149 -0.00954186629115 2.06821599015 0.696635015711 0
1902 2.67560100555 87.449986 12.512039 -0.030894579 86.793506887 14.7097586965 0.00128061446245 2.29367318726 1.84350279042 0
1905 2.7013130188 89.572355 12.414566 -0.034322832 88.0079469721 14.9050803958 0.0213423988947 2.94109408788 3.18938279589 0
1908 2.68275094032 91.713838 12.339838 -0.030338307 90.4732594883 14.7948941115 0.0205616629195 2.75069728513 2.91635345373 0
1911 2.68276000023 93.866625 12.234111 -0.027880568 93.3192056404 14.5166151952 0.00648190895846 2.34723099761 1.96882490334 0
1914 2.69400191307 96.027017 12.118277 -0.016096141 94.6803029038 14.8421208992 0.00669699298627 3.03857934639 1.30595037929 0
1917 2.70594000816 98.003729 12.063433 -0.023465033 97.2128850735 15.4670770995 -0.0109610070614 3.49431356237 0.716427913201 0
1920 2.69162607193 100.1865 11.996018 -0.023536261 98.5007064515 14.8275998229 0.0109912804421 3.29541431507 1.97828240159 0
1923 2.70262503624 102.26857 11.921444 -0.023061579 101.867585964 14.7205303021 0.0396991562838 2.82766198891 3.5959252509 0
1926 2.69912695885 104.50291 11.810699 -0.022632517 104.519988346 14.7484711633 0.0298581132229 2.93782180424 3.00749157575 0
1929 2.71309709549 106.528 11.779433 -0.025937223 105.71980679 15.1634754417 0.0242807873112 3.47921248447 2.87728004637 0
1932 2.67988491058 108.61821 11.737233 -0.017267816 108.477699803 15.1039196532 0.0129401482727 3.36961750594 1.73078886051 0
1935 2.66210484505 110.65428 11.638117 -0.015586443 108.954238684 14.4371721394 0.0315209646212 3.27488170018 2.6990556405 0
1938 2.685338974 112.94226 11.558687 -0.011710616 110.991675821 14.5845052145 0.0143062137297 3.60004923686 1.49065453982 0
1941 2.67296791077 114.89636 11.528856 -0.01668203 114.410064305 14.8281120474 0.00346723012541 3.3349023927 1.1544675655 0
1944 2.69116997719 117.03777 11.494892 -0.018548407 116.67274211 14.3784166967 0.00502672696447 2.90653746532 1.35075567762 0
1947 2.6601190567 119.07747 11.406331 -0.016261061 118.080013438 15.628768119 -0.00585397286603 4.33865126709 0.596282227097 0
1950 2.67638301849 121.291 11.334615 -0.012126455 120.39279031 15.0704070052 -0.00182797784818 3.84225487876 0.590059276211 0
1953 2.70654392242 123.43737 11.229443 0.0013807468 122.972147769 15.3579554762 0.00530754397515 4.15464161995 0.22498890514 0
1956 2.69110107422 125.58554 11.258252 -0.0049853053 124.396070023 15.108417888 0.00413824264542 4.02971663892 0.522740791458 0
1959 2.70247101784 127.50849 11.183265 -0.012828209 126.612281739 14.7408687312 0.00294558870924 3.66875095295 0.903772035632 0
1962 2.69374895096 130.28779 11.390648 -0.01314096 128.623149973 14.8537494656 -0.000694001156911 3.84240786246 0.713158209482 0
1965 2.69241189957 132.78769 11.256475 0.0084755214 131.271430031 14.689086326 -0.0277071479363 3.75258108626 -2.07311424449 0
1968 2.69227313995 125.9239 10.596074 0.27888777 132.44636596 14.5652926999 -0.0311609072409 7.63526419243 -17.7644806495 0
1971 2.69121098518 93.936275 13.265891 0.84250578 132.593036009 14.4128101579 -0.00814888915333 38.6737714126 -48.7389223656 0
1974 2.68413805962 59.212281 6.4432491 1.3602712 132.950921296 13.6231376633 -0.010650937274 74.0873664838 -78.5480525069 0
1977 2.67221212387 41.747696 3.5851691 1.5088422 137.779997035 11.8241840096 -0.10019407674 96.3850829161 -92.1909877406 0
1980 2.69127082825 40.889782 2.6549702 1.6071612 138.396588834 13.3046398522 -0.0710108145059 98.0866598607 -96.1521737282 0
1983 2.69585990906 40.408125 3.8011614 1.6070032 139.273469878 11.3483200984 0.00493540590402 99.1529930075 -91.7917230955 0
1986 2.70360684395 40.388712 5.5337894 1.5172855 36.9302689961 89.4734456015 -1.23193912389 84.0108725776 -157.518967882 0
1989 2.70636796951 40.44034 7.6724587 1.5542124 32.7315782828 96.60088559 2.00306719413 89.2619186234 25.7174853176 0
1992 2.69477581978 40.554207 9.7439313 1.5604739 35.3129916298 95.2171970491 2.21188135463 85.6338104744 37.3228978938 0
1995 2.69147109985 40.580821 11.876658 1.5652859 34.3328036085 83.5244499165 -1.59982009392 71.9197038915 178.652784837 0
1998 2.70395302773 40.665042 14.024391 1.567666 38.3065448626 83.4557420368 -1.30552691457 69.4713971037 -164.621827732 0
2001 2.6931219101 40.771617 16.174621 1.5548315 41.7660215889 41.1777137969 -1.7251871179 25.022859347 172.06877647 0
2004 2.70925712585 40.847233 18.25792 1.5551713 117.757006127 55.8795354633 -2.43798175362 85.6183342081 131.209183078 0
2007 2.70748186111 40.88758 20.352438 1.5597309 16.0737560513 88.6042267443 -2.19283122373 72.6225345589 144.99402795 0
2010 2.69637107849 40.971014 22.508388 1.5678505 59.82460298 77.7600930667 0.0259517071882 58.3798657947 -88.3442932644 0
2013 2.69530081749 41.044823 24.54743 1.5705547 35.4206875791 71.1943786449 -1.81398775598 46.984771119 166.08000169 0
2016 2.70395803452 41.105608 26.696222 1.5717508 37.3772423772 28.7394100852 1.53693667379 4.25150888138 -1.99470249949 0
2019 2.69456386566 41.160404 28.869777 1.5672714 108.064673463 87.7447658123 1.99412526677 89.1203993482 24.4569250347 0
2022 2.71519684792 41.204205 31.003136 1.5608691 54.0570802619 83.4180208538 3.01696287173 53.9677362573 83.4280276957 0
2025 2.69993305206 41.244227 33.116661 1.5660557 120.530428237 47.7784514104 -1.2882470377 80.630452092 -163.539500323 0
2028 2.70528197289 41.277887 35.228156 1.5643441 82.3052351578 84.2932796295 -1.38858210775 63.9580304077 -169.190208917 0
2031 2.7047970295 41.31792 37.33529 1.5797774 96.2091526469 103.836649614 0.300912446815 86.2292192471 -73.2735643847 0
2034 2.70514893532 41.419072 39.474789 1.5713492 129.639743733 145.006920632 2.79635003178 137.549691849 70.1873775612 0
2037 2.71186804771 41.429937 41.518923 1.5745722 93.6026757732 70.9649335096 0.310484639118 59.9087823781 -72.4268821735 0
2040 2.72701907158 41.494048 43.684079 1.5737379 39.9435653552 42.1838628514 1.7376452672 2.1574626125 9.39120037147 0
2043 2.69520807266 41.508319 45.798644 1.5762653 38.6842333105 45.1023949062 1.72590517876 2.90864621124 8.57373349972 0
2046 2.70656013489 41.512588 47.943477 1.5772604 37.6841184928 49.2495202801 1.96267647566 4.04511159511 22.0827144917 0
2049 2.71777892113 41.583607 50.107906 1.5744728 38.401264574 48.4748088374 1.69613002671 3.57691342624 6.97044563792 0
2052 2.70426988602 41.632502 52.265699 1.5728612 40.042401687 51.6507734191 1.59535541182 1.70486142412 1.28882340068 0
2055 2.67837405205 41.660201 54.305408 1.5732479 39.7389004989 54.0887159854 1.59038493715 1.93348158633 0.981879902243 0
2058 2.69594693184 41.689009 56.508616 1.5685378 39.3953008037 56.4778604252 1.57082217599 2.29391438272 0.130885102907 0
2061 2.6960670948 41.794127 58.57462 1.5657057 38.7569326237 58.4766038747 1.58783390176 3.03877554949 1.26785256889 0
2064 2.71669006348 41.856016 60.76704 1.5641567 39.8020179502 61.0525406548 1.60491152026 2.07374506933 2.3350791958 0
2067 2.69870209694 41.858156 62.785084 1.5639758 39.4853756814 62.8302243845 1.59103438468 2.37320966088 1.55034270178 0
2070 2.69924712181 41.958088 65.023529 1.5767642 38.9350745483 64.5875696747 1.6194042949 3.0542872921 2.44309747554 0
2073 2.6815829277 41.99726 67.044355 1.5737097 38.6746019824 66.3920870123 1.63093952506 3.38607587473 3.27902743794 0
2076 2.6759622097 42.044947 69.102812 1.5759217 38.7903461447 69.3096819237 1.62031203807 3.26116879239 2.5433790226 0
2079 2.70544600487 42.097902 71.261122 1.5727544 38.8852689936 71.1270656781 1.60319630612 3.21542873212 1.74419274103 0
2082 2.70841002464 42.114798 73.459441 1.5684742 38.1561856007 73.2424441061 1.58844681719 3.96455543277 1.14434667082 0
2085 2.68697214127 42.172982 75.545483 1.5804547 38.8181073901 75.2295245416 1.5883668624 3.36972007669 0.4533335124 0
2088 2.6936211586 42.213453 77.648417 1.5799022 39.1072657159 77.9196133438 1.60087730239 3.11800367236 1.20178484194 0
2091 2.69070315361 42.308345 79.80823 1.5843424 39.0339739877 79.7748022175 1.5960592751 3.27454163855 0.671327492144 0
2094 2.69446778297 42.259747 81.948131 1.5870316 38.2142208342 82.4811965942 1.60482660007 4.08049517658 1.01957840038 0
2097 2.68942379951 42.325886 84.065588 1.5841531 37.7644261083 83.9379738021 1.58056344035 4.56324464903 -0.205672347549 0
2100 2.67958402634 42.338042 86.100283 1.5789413 38.1789313314 86.2265226584 1.60804355474 4.16102607603 1.66743637104 0
