3 1.34490299225 72.513547 45.80148 1.6808269 68.1301123015 95.4714416884 1.73143822628 49.8630082715 2.89981539163 0
6 1.34892892838 72.505015 45.806851 1.6805552 120.843228778 126.633279698 1.68104062561 94.1779936463 0.027812838857 0
9 1.40424585342 72.51553 45.801787 1.6811119 16.2751158596 7.14502668057 -1.49866717311 68.2446283679 177.812079327 0
12 1.38393592834 72.511327 45.798497 1.6805172 45.1521047581 109.240960696 -2.75647076666 69.0903266854 105.77931576 0
15 1.39319491386 72.518426 45.80176 1.6806948 124.899191794 108.955598171 -0.605569925942 82.0496916562 -130.993319646 0
18 1.41521906853 72.509508 45.806599 1.6825332 110.689417936 66.5988350113 1.72301067159 43.474390175 2.3191882872 0
21 1.40642690659 72.510969 45.800989 1.6811293 123.336535391 137.409146452 0.549769586031 104.763031222 -64.8221367216 0
24 1.36262798309 72.522343 45.818169 1.6838228 113.222649134 53.7171729955 0.754044682779 41.4597296606 -53.2723620004 0
27 1.38015294075 72.508499 45.799812 1.6808804 109.558423821 27.3022066567 2.19087517724 41.4108480076 29.2205483097 0
30 1.42828011513 72.523901 45.815543 1.6832165 28.5871780139 90.2005238964 0.696345841846 62.4536800831 -56.5435236375 0
33 1.37332606316 72.511009 45.802779 1.6808191 52.0901260858 104.679671722 -0.131776676712 62.3177419009 -103.854087969 0
36 1.35787391663 72.527172 45.853315 1.6851825 67.735172223 109.842130875 -1.49029616099 64.1679968434 178.058474791 0
39 1.3576438427 72.188088 49.017093 1.6798669 64.3528032906 99.8374042034 1.90923421422 51.4207712631 13.1417790632 0
42 1.34796190262 71.804616 53.279503 1.6643548 21.526771226 39.346556112 1.74760307509 52.1726813965 4.76977481433 0
45 1.3504421711 71.568933 57.324136 1.642571 130.12176696 142.790012626 0.94109581694 103.599471197 -40.1915674225 0
48 1.37795376778 71.37336 61.652431 1.6431927 66.7710787331 126.85592275 -1.3997684813 65.3657121831 -174.34883291 0
51 1.41823887825 71.165072 65.844712 1.6344026 86.7023753985 143.13530255 0.772766253248 78.8368136371 -49.368126144 0
54 1.36610507965 70.960331 70.343426 1.6128178 130.980725307 69.0194567882 0.555953315117 60.0349950213 -60.553874501 0
57 1.35550093651 70.885213 74.631613 1.6236159 130.114289745 56.7657155162 2.80812519653 61.8649644389 67.867383485 0
60 1.35214209557 70.832043 79.069602 1.6124517 124.758541198 85.5603031992 1.4530240573 54.3157105259 -9.13453106452 0
63 1.34935593605 70.841819 83.283634 1.5826474 18.744829726 131.46680503 2.33274703388 70.9627667294 42.9775432357 0
66 1.34280991554 70.897044 87.066595 1.5142468 92.3687276189 52.3634073598 -2.11273312103 40.8086318053 152.189358146 0
69 1.34917116165 70.898205 87.488163 1.2381173 40.8137601837 14.4924633365 -0.84705327393 78.9521753296 -119.471473451 0
72 1.34033298492 70.648486 87.373684 0.94938085 29.0498132775 78.7079417361 -2.37531129357 42.4917010869 169.509171993 0
75 1.34734106064 70.490448 87.162959 0.64684814 66.4389113562 62.1158427292 -1.00392994694 25.3726818184 -94.5826172942 0
78 1.35346198082 73.090524 88.460194 0.4660111 55.3158721149 108.04974776 2.95416005152 26.4516325799 142.560433722 0
81 1.35917782784 76.750616 90.291223 0.4640309 49.1927087 108.461573449 -2.77801446502 33.0090879943 174.244483594 0
84 1.3575220108 80.704264 92.172539 0.45240664 65.7782392114 102.650655038 3.07925531386 18.2366973898 150.507342432 0
87 1.35700511932 84.637734 93.972859 0.42386385 57.0897672007 104.201665449 2.63937274902 29.3856930521 126.939309387 0
90 1.3417069912 88.678811 95.730817 0.41656148 60.6078244077 43.2098708583 -1.08059907366 59.5519107324 -85.7809809785 0
93 1.3530960083 92.647535 97.41769 0.40779386 131.898339923 71.1077742924 0.544475657728 47.2529083934 7.83129014607 0
96 1.34433293343 96.759828 99.128022 0.39320766 54.5885790703 116.968885164 1.76011219886 45.789852967 78.3178610742 0
99 1.34747004509 100.07577 100.58602 0.32958371 70.8467823987 87.199655944 -1.47620081626 32.1485374292 -103.463832065 0
102 1.34582901001 100.12714 100.52966 0.1390585 75.919836921 71.4918578688 0.289377740426 37.8045959503 8.61265805601 0
105 1.35704612732 100.08551 100.52401 -0.14356162 104.050438727 60.3538826533 -1.70483034439 40.3653290692 -89.4541085936 0
108 1.35164189339 99.772178 100.71077 -0.40700642 77.5243392325 75.4647777949 -0.525906978639 33.6500587257 -6.81250019173 0
111 1.34929800034 99.760338 100.7618 -0.66729138 12.6950299791 70.8472556849 2.38975305657 92.0611091741 175.155743999 0
114 1.34677004814 99.638101 100.95548 -0.8821311 36.2307922626 20.2754996108 1.49043959505 102.614550805 135.938287423 0
117 1.3623020649 99.549051 101.11221 -1.1251977 104.492251003 58.0999000508 -2.71957528006 43.2954273964 -91.3511062876 0
120 1.35177707672 100.80276 98.46873 -1.1938854 132.373263997 58.2565307953 -2.71274416106 51.1245311714 -87.0241966853 0
123 1.35962986946 102.35582 94.496879 -1.1822805 108.039699494 31.2487178671 -1.5496694041 63.5030422326 -21.0498336448 0
126 1.35109114647 103.84912 90.431736 -1.1842505 85.9775753829 82.5065316047 -2.35606456078 19.5499609133 -67.140000057 0
129 1.34987092018 105.46668 86.336829 -1.1831903 38.5523665649 84.4212532434 -0.15132577468 66.9417266955 59.1214823301 0
132 1.34760689735 106.96067 82.891423 -1.1821311 121.987993175 58.5560626557 -0.701085264467 28.6012273321 27.5618961284 0
135 1.3570330143 108.13488 79.987125 -1.1809983 106.646982136 79.9040668733 -1.13114706679 1.49021431505 2.85626526645 0
138 1.35207605362 109.11096 77.465416 -1.174964 109.353410354 77.429896235 -1.15203942293 0.245038420902 1.31348151315 0
141 1.37613415718 110.00241 75.115832 -1.1797573 64.9931294563 106.250559997 -2.3531640727 54.7284809081 -67.2312557279 0
144 1.34379911423 110.9669 72.896666 -1.1819268 115.589714869 61.5215036221 2.39860750584 12.2786292574 -154.850495873 0
147 1.34350395203 111.79529 70.750926 -1.1680053 72.8670495506 53.6399042635 2.43537456338 42.5228758359 -153.541541846 0
150 1.36102414131 112.62755 68.634671 -1.166408 110.920973927 71.5983625112 -1.19738643277 3.4199224067 -1.77493345353 0
153 1.34210085869 113.50263 66.493746 -1.1746568 111.149609282 68.7663102779 -1.15729876333 3.27127725792 0.99454224159 0
156 1.35370206833 114.39844 64.423702 -1.1690506 113.706940682 67.032653048 -1.01327699678 2.69903628669 8.92517002421 0
159 1.35622882843 114.9392 62.935672 -1.1627449 112.187975894 65.9488103235 -1.10860609534 4.08022507221 3.10192501509 0
162 1.35260486603 115.58582 61.52951 -1.1720902 112.802953378 65.9545250021 -1.08449804592 5.22734200184 5.01866074751 0
165 1.34078907967 116.16312 60.165609 -1.1710096 113.719183163 65.4674207137 -1.11974874618 5.83798207543 2.9370305781 0
168 1.35150504112 116.71267 58.758483 -1.1690165 114.932076228 62.9432220643 -1.16861128113 4.54780773744 0.0232173308299 0
171 1.3482401371 117.29804 57.404001 -1.1730259 112.521729893 60.4870653875 -1.0675484941 5.68492957343 6.04341019233 0
174 1.34799385071 117.3062 57.346669 -1.1782941 114.596336653 60.1616103802 -1.00402171595 3.9073334047 9.98507209162 0
177 1.35509705544 117.30973 57.394113 -1.1925087 115.472901157 61.0109891571 -1.00405878754 4.0565666927 10.7973846333 0
180 1.34825801849 117.3509 57.478875 -1.2542253 114.269687075 61.1153794512 -1.04559897374 4.76634427111 11.95340799 0
183 1.34771609306 117.31554 57.561663 -1.3141336 115.178991888 61.2048680068 -1.36500068488 4.22347967401 -2.91446927987 0
186 1.3628718853 117.31761 57.625945 -1.389572 115.387953361 61.4108993517 -1.27669131413 4.24846492127 6.46758688901 0
189 1.34943604469 117.34247 57.653648 -1.4539696 114.500079134 60.4654502401 -1.31214386356 3.99817679335 8.12601612423 0
192 1.35495996475 117.36058 57.739095 -1.5147103 116.321439113 59.7933674533 -1.54021499488 2.30214011186 -1.46131137447 0
195 1.35141992569 117.34118 57.80351 -1.5718326 115.442301302 67.4926778352 -1.68817108837 9.87348538493 -6.6657043788 0
198 1.35888385773 117.32521 57.826191 -1.6475747 69.3694605799 96.5854738089 1.59946447056 61.6606511992 -173.958359613 0
201 1.32406282425 117.28663 57.948056 -1.7072698 66.3679737286 98.940126901 1.93779189743 65.3686425837 -151.153348672 0
204 1.34809613228 117.37131 58.006137 -1.7818651 62.7319491834 112.095736037 -1.52023701649 76.8839676033 14.9901849871 0
207 1.33780908585 117.40314 57.989067 -1.8555926 113.06202963 69.0304999101 -1.80475726562 11.8641678997 2.91265011039 0
210 1.35551285744 117.02719 57.008887 -1.8977403 41.926782808 94.390912548 2.56423212269 83.8897311622 -104.347811876 0
213 1.35324811935 116.38504 55.250118 -1.9095407 62.2041940669 105.035362907 -2.59794875125 73.580803723 -39.4428759193 0
216 1.35002279282 115.67443 53.450651 -1.9075572 64.4167679167 105.696771991 1.16095765895 73.1915642736 175.812950791 0
219 1.34837198257 115.02136 51.574537 -1.9165104 74.2572121307 137.642902254 1.62956156784 95.2338135797 -156.825042393 0
222 1.34998607635 114.35753 49.684701 -1.9233127 63.6038532548 109.953592941 1.93663269726 78.7926077684 -138.841419586 0
225 1.33841490746 113.59486 47.870819 -1.9110101 112.755130128 51.2651304227 -0.626276677492 3.49664071533 73.6098029091 0
228 1.35096096992 112.87829 45.986656 -1.9118326 114.675816877 48.2444732716 -1.91504245541 2.88597326816 -0.183911167642 0
231 1.35157299042 112.17059 44.128463 -1.9122248 114.268890503 43.4376121758 -1.84168919863 2.20910385911 4.04139226409 0
234 1.34921717644 111.43202 42.277019 -1.9027456 113.62465184 41.9435130963 -1.4533788416 2.21785044006 25.74681871 0
237 1.34043312073 110.82393 40.37458 -1.9174412 112.332953803 40.9682717327 -1.8723471099 1.62161114665 2.58370104343 0
240 1.34994602203 110.14399 38.567468 -1.912432 110.384174209 38.3689587113 -1.79064990838 0.311599730606 6.97759987032 0
243 1.39427399635 109.42625 36.696167 -1.9074722 110.21688819 36.2054845625 -1.85243527509 0.930525659121 3.15338351483 0
246 1.35553693771 108.96452 35.308972 -1.917648 105.246582796 38.5620094804 -1.91078724741 4.94017306366 0.393092167493 0
249 1.35061192513 108.91335 35.330429 -1.9171391 108.962581737 39.3779037489 -1.99073169856 4.04777415461 -4.21654530104 0
252 1.34376621246 108.9585 35.348205 -1.9450374 108.966774773 37.4276447187 -2.07864191696 2.07945618264 -7.6549749459 0
255 1.33057904243 108.97674 35.368834 -2.0165302 110.16883001 36.8538564949 -2.15750506957 1.90430312801 -8.07726504358 0
258 1.35321998596 108.99865 35.397074 -2.0803106 109.631067483 38.8918263032 -2.21978119212 3.551513133 -7.99107629473 0
261 1.34653902054 109.05048 35.474836 -2.159245 104.899473966 37.0679320292 -2.23310542863 4.4462125514 -4.23189083368 0
264 1.35090708733 109.09365 35.518169 -2.2238592 113.286163813 34.8827524884 -2.33912813041 4.24039222466 -6.6044232212 0
267 1.34616684914 109.14301 35.568827 -2.2920109 105.323132821 36.7460022196 -2.25243679805 3.99714937922 2.26742901977 0
270 1.3430891037 109.24021 35.586114 -2.3597618 108.422551954 39.4732843861 -2.23556492247 3.9722359308 7.11595691109 0
273 1.34163880348 109.32691 35.57971 -2.4292889 111.984403482 35.5844702737 -2.34972774839 2.65749774505 4.55851820061 0
276 1.35880804062 109.34422 35.612178 -2.4970016 112.508711675 35.6477476296 -2.40218712353 3.16469157455 5.43246933837 0
279 1.34692311287 109.45255 35.562283 -2.5751384 108.896092358 36.7456063308 -2.59531889293 1.3076311457 -1.15625707329 0
282 1.34180688858 109.51035 35.610832 -2.6455993 107.573682466 36.9883563368 -2.58487612246 2.37660565385 3.4791817917 0
285 1.34026098251 109.52669 35.619453 -2.7060079 112.694195086 36.5225290803 -2.47074118346 3.29372659413 13.4797899174 0
288 1.36221694946 109.56751 35.667144 -2.7779359 108.738982089 36.1795780083 -2.58758761775 0.974190491055 10.9061532104 0
291 1.33510398865 109.58407 35.725569 -2.8421247 110.517678955 33.0774074581 -2.83958487657 2.80791474801 0.145521163423 0
294 1.34694600105 109.62066 35.728072 -2.9074408 109.719325113 36.0902350849 -2.71938266899 0.375362364472 10.7749372099 0
297 1.34131002426 108.40689 35.538158 -2.9474042 111.458713227 33.9664040237 -2.9795858455 3.43278830865 -1.84387246496 0
300 1.34040594101 106.63579 35.154474 -2.9731605 106.628267201 36.0135607534 -2.79646045435 0.859119690366 10.1241668555 0
303 1.34350299835 104.74277 34.838538 -2.9724974 124.646080855 96.066173241 2.45452415869 64.3814033725 -49.0545693607 0
306 1.35462093353 102.71686 34.507066 -2.970186 101.358251622 35.7339597266 -2.74146740174 1.8305968809 13.1046103766 0
309 1.33568096161 100.87602 34.149296 -2.9774562 62.9034016007 102.442470716 0.627636297416 78.1401142877 -153.443415144 0
312 1.33996105194 98.917573 33.856952 -2.9648121 102.226218916 33.9440912299 -2.81751504149 3.30979320223 8.43949978722 0
315 1.34580588341 96.872255 33.519705 -2.9713846 114.960475648 63.8717447195 2.24678550187 35.3331295153 -61.0208763812 0
318 1.34443998337 94.700759 33.157106 -2.9752463 81.069568357 136.557022921 0.671838109631 104.294545292 -151.0374558 0
321 1.34942388535 92.656194 32.878926 -2.9695623 65.4377609466 98.2179268689 -0.792673824189 70.7815522042 124.726522135 0
324 1.3443479538 90.628889 32.525228 -2.9736018 93.9858316944 30.5830936101 -2.84804926429 3.87826639647 7.19363040311 0
327 1.35119509697 88.510396 32.191288 -2.9695852 101.661286078 56.4279287909 -2.33129104687 27.5746381061 36.5715610621 0
330 1.33800697327 87.334812 32.006658 -2.9896435 85.4751917373 33.6944117848 -3.00809129039 2.51131446849 -1.05698053068 0
333 1.35065293312 87.328365 31.983283 -3.0015998 86.295117315 33.1149167989 -3.10669514204 1.53238240444 -6.02151954557 0
336 1.3458609581 87.328448 32.00285 -3.0442403 45.1387742339 89.7185483281 -0.0846951864599 71.4917506149 169.569444284 0
339 1.34662890434 87.480424 31.977098 -3.121648 44.5126954307 71.6375801873 -1.05619021196 58.4737509121 118.342014017 0
342 1.34917211533 87.509332 32.088761 3.0972389 46.6797538633 73.6791826663 -1.69626520112 58.2822239212 85.3524459274 0
345 1.35386109352 87.537767 32.004513 3.0032565 43.5998387978 73.1891260058 -1.31534574117 60.2222042368 112.562318185 0
348 1.35699391365 87.588829 31.971963 2.902116 48.8316541708 71.6381875849 -1.85810513776 55.457442905 87.2594192576 0
351 1.34562397003 87.696053 31.883789 2.7788249 42.9211653956 71.7044137105 -1.25793615737 59.9205533379 128.71062851 0
354 1.35899305344 87.777704 31.698119 2.6376296 44.6032340214 73.4764530427 -1.78000384532 60.0788153455 106.888248147 0
357 1.35386800766 87.896098 31.65995 2.4917922 44.6368347197 74.3549739943 -1.61938150112 60.7801689157 124.44709808 0
360 1.3534860611 87.958395 31.594625 2.366513 46.1757663508 93.0287306559 -0.145302100389 74.2962811625 -143.91640417 0
363 1.35260105133 87.964094 31.460561 2.2184109 50.0778888965 86.8636272479 -0.314740904354 67.1182857858 -145.138907255 0
366 1.34192490578 87.708527 31.831987 2.1125682 99.4941020816 86.5965036075 1.86269808248 56.0183189614 -14.3165031601 0
369 1.34202289581 86.721318 33.612273 2.0920166 32.7905646266 71.0429870917 2.03429546306 65.6474258204 -3.30717753526 0
372 1.34204387665 85.724716 35.405361 2.0873093 101.102072393 48.9754406753 2.31202825282 20.5087823144 12.8754475731 0
375 1.34704089165 84.755772 37.248267 2.0862059 101.589307395 92.4678593036 1.69123191533 57.7284270361 -22.630342339 0
378 1.3408510685 83.690185 39.149374 2.0868314 49.1484407286 129.449902006 1.10603069912 96.6815259269 -56.195740704 0
381 1.34648299217 82.666747 40.97523 2.090975 87.3095473221 49.3009414488 -2.65033331916 9.53273654097 88.3430439417 0
384 1.34646582603 81.635815 42.877142 2.0910396 26.5481737677 82.6576160246 2.05567641338 67.9494983805 -2.02616134333 0
387 1.34859204292 80.624097 44.699122 2.0805048 34.768304515 50.0395649353 -0.728084557409 46.1657235963 -160.920316565 0
390 1.34580612183 79.602515 46.546403 2.0762437 104.846409106 84.2670959768 1.37872866642 45.3883781191 -39.9646675711 0
393 1.34440803528 78.599692 48.40129 2.0808805 84.1591170816 78.9734583379 1.94324296847 31.0735367172 -7.88604965922 0
396 1.34691095352 77.532669 50.298142 2.0919608 112.976760761 64.0568630985 0.726889942435 38.0208633129 -78.2127988748 0
399 1.34836101532 76.53881 52.074716 2.0854653 104.310105761 108.371062042 -3.07253050508 62.7735887609 64.4686096229 0
402 1.35289502144 75.533974 53.92833 2.0838411 52.0710577512 121.619779725 2.61651218198 71.6424511361 30.5198048659 0
405 1.33835101128 74.451304 55.860797 2.0823704 76.2234231327 54.7508171765 2.08063887891 2.09104314378 -0.0992088503438 0
408 1.35055088997 73.464188 57.689364 2.0801622 98.6143934039 61.1529162768 2.63521466434 25.3875762182 31.8021636148 0
411 1.35205507278 72.461178 59.521835 2.0808323 29.3589026663 71.8908993637 -1.98357743812 44.8419434478 127.126475794 0
414 1.36233401299 71.469371 61.42577 2.0898858 53.9796073976 89.160983765 2.3372386486 32.789234719 14.1722742751 0
417 1.35462403297 70.386885 63.322712 2.0827703 69.0419270505 66.402751727 2.24258496334 3.36088628279 9.1567057136 0
420 1.35157108307 69.38246 65.186025 2.0922796 55.1860271753 99.7648568747 0.262973012764 37.3795976271 -104.811546884 0
423 1.34565711021 68.400253 67.014087 2.0893798 25.4689076213 61.6495434379 -2.17598473494 43.2652140137 115.612614063 0
426 1.35205078125 67.30799 68.901204 2.089526 20.4049429158 53.1885219782 -1.86322665672 49.4649795523 133.523955311 0
429 1.35555005074 66.315197 70.741557 2.0869248 33.9991134505 60.6594099999 -1.84418998793 33.8523107647 134.76371387 0
432 1.35300707817 65.281228 72.464006 2.0745737 33.0557645601 54.3047188862 -2.43010986636 36.9897310398 101.900643606 0
435 1.35033106804 64.283593 74.421326 2.0918621 23.0814173583 116.937625326 2.35614650751 59.2051939105 15.1423811416 0
438 1.35146594048 63.28447 76.191493 2.091939 77.4698244627 127.853781692 0.526247538362 53.5744001753 -89.7075127715 0
441 1.34399199486 62.204887 78.125252 2.0893553 87.3496035751 83.8601965437 2.55780179392 25.7904315699 26.8400070292 0
444 1.35085678101 61.273659 79.948227 2.0960183 80.4277645171 71.3107561568 2.69969726763 21.0115601688 34.588257026 0
447 1.34958004951 60.19879 81.787566 2.089809 58.1965185857 84.9656990052 2.2179537104 3.75627744114 7.34215107295 0
450 1.35479688644 59.161438 83.629466 2.0974137 54.7473736272 84.7485616053 2.05970340607 4.55371708183 -2.16064068634 0
453 1.3441491127 58.11891 85.485673 2.0964985 54.3348903734 89.3921183539 2.09146525928 5.43866893984 -0.288383450782 0
456 1.34510207176 57.036783 87.336936 2.0992423 55.4004437805 88.2181053857 2.10402923799 1.85851164308 0.274271343363 0
459 1.34392285347 56.357629 88.602308 2.124456 54.1254454852 89.2119863249 2.11475253119 2.31394703993 -0.55596780935 0
462 1.34499287605 56.200217 88.720884 2.2094598 55.944632909 86.3984657822 2.24216131198 2.33643951475 1.87365862033 0
465 1.33644604683 56.199637 89.07416 2.3631742 52.4365002899 89.2681491332 2.24461002419 3.76813344806 -6.79322687544 0
468 1.34255003929 56.109511 89.161307 2.4869631 53.1165103572 86.4480833328 2.46439649612 4.0397568635 -1.29297116003 0
471 1.34597301483 56.023191 89.233423 2.608836 52.3867719235 88.4443138 2.63183555549 3.72105321508 1.31777746023 0
474 1.34607505798 54.873312 89.789936 2.6823278 50.5111277004 88.0875872613 2.79654229844 4.68258935757 6.54400872009 0
477 1.33723688126 52.997249 90.667048 2.6986067 50.7851446649 92.263299977 2.79457705073 2.72789771865 5.49869605548 0
480 1.34744000435 51.122563 91.609157 2.7018871 50.2875440632 91.5045410624 2.78487344582 0.841546860951 4.75476737244 0
483 1.34645199776 49.137432 92.566213 2.7007601 88.6111106791 48.0313128291 2.07822926555 59.5107439182 -35.6683894305 0
486 1.34452795982 47.308569 93.452781 2.7003868 82.952210068 71.7422049424 1.5852003269 41.7350962781 -63.8954782789 0
489 1.34747099876 45.360782 94.336008 2.7008969 42.2125541858 94.3055764315 2.90165013492 3.14837489041 11.5023130846 0
492 1.34420800209 43.468079 95.251019 2.7064338 43.6640948792 94.9668767507 2.65409876383 0.345194210207 -2.99857669345 0
495 1.35677313805 41.590918 96.131677 2.7064065 38.7566878923 94.7595779632 2.83266327463 3.14889124453 7.2339803212 0
498 1.34613800049 39.606214 97.06058 2.704478 83.8376742206 78.7089070133 1.43724082962 47.8874302365 -72.607341505 0
501 1.3508951664 37.718719 97.944153 2.696243 32.4666473832 97.3437667642 3.0861715652 5.28627656297 22.3412610976 0
504 1.35829305649 35.769603 98.891663 2.7044976 31.0234835768 96.6831355229 3.09488707821 5.23481071259 22.3676694676 0
507 1.33753919601 33.862509 99.822852 2.7013631 30.8715365762 99.7028338193 2.84888875545 2.99337942858 8.45259742722 0
510 1.35682296753 31.979521 100.73965 2.7066945 27.1620946731 97.6061818686 2.75515766383 5.74684425977 2.77673474908 0
513 1.34485006332 30.015598 101.64307 2.7044148 26.8213972223 97.5718191608 2.77637785812 5.17474656419 4.1231795112 0
516 1.35709500313 28.083667 102.5122 2.7038251 26.0542459729 102.068683451 2.69833581515 2.07731957931 -0.314512854589 0
519 1.36414003372 26.231599 103.44351 2.6987262 23.2138819851 103.938790163 2.65242556004 3.05809064969 -2.65283125824 0
522 1.34899902344 24.326425 104.3449 2.7056645 21.0130226095 104.500583422 2.64715892303 3.31705784235 -3.35212263858 0
525 1.33920288086 23.072168 104.95788 2.6888385 18.3384462243 104.554336504 2.61847211815 4.75089141137 -4.03169669962 0
528 1.35090494156 23.059574 104.94595 2.6093304 16.3622047521 102.466583168 2.54305975834 7.14156948648 -3.79702807269 0
531 1.34614300728 23.148655 105.02795 2.4881616 17.9666692342 103.587472257 2.46477815491 5.37847121435 -1.33977271394 0
534 1.33880209923 23.15609 104.97342 2.3614352 16.8715072966 103.234372274 2.27072045845 6.52075660852 -5.19757183044 0
537 1.35058999062 23.189116 104.80794 2.2179164 19.4576007279 104.473523995 2.2989487706 3.74647037762 4.64281283925 0
540 1.34525895119 23.170444 104.45908 2.0515088 19.8312393549 103.929695275 2.16916649885 3.38090754821 6.74128957155 0
543 1.35318493843 23.203193 104.36781 1.9241471 19.231501129 101.446533385 1.81411214185 4.93033400269 -6.30453870061 0
546 1.34436011314 23.268475 104.40083 1.8086424 18.7769914717 106.25090939 1.76077338748 4.85759385218 -2.74269238682 0
549 1.33913397789 23.269141 104.3114 1.6661585 18.2551592868 104.637205874 1.5289823804 5.02455590956 -7.85961270313 0
552 1.346118927 23.273746 104.22596 1.531085 19.9195188455 104.867758826 1.65146797978 3.41507621242 6.89743666667 0
555 1.34811997414 23.201513 103.9692 1.3630267 17.6329362897 103.027227736 1.19747779195 5.64768610368 -9.48525373403 0
558 1.35005903244 23.573375 105.47089 1.3112874 18.7811307919 105.599346354 1.19612694285 4.79396553858 -6.59820816166 0
561 1.35667514801 24.091257 107.45193 1.3021436 20.2115835196 112.388531651 1.33701025676 6.27868634127 1.99771227785 0
564 1.34573507309 24.69734 109.54228 1.2971878 22.3138536744 108.446930707 1.24220194109 2.62312735839 -3.15045764851 0
567 1.35208106041 25.24514 111.62222 1.291934 20.4765210788 111.093929632 1.1639519897 4.79779294352 -7.33282904377 0
570 1.34173488617 25.838263 113.71051 1.2925571 23.0848524225 113.597312199 1.27164963063 2.75573648059 -1.19790975501 0
573 1.33676600456 26.485855 115.66064 1.2984976 23.6786866979 116.942069713 1.32235490656 3.08581528707 1.36692297637 0
576 1.35045099258 26.666562 116.70228 1.2516028 24.3462688848 116.135296024 1.28121819591 2.38856253212 1.6968371942 0
579 1.33468294144 26.671044 116.66524 1.1445574 22.4420418071 117.961550082 1.12053842523 4.42322047577 -1.37618588242 0
582 1.35541987419 26.68282 116.71548 1.0360889 22.6837451388 115.194519938 0.976215283528 4.27854172077 -3.43050552802 0
585 1.35368704796 26.598988 116.54426 0.86252405 22.7140780373 116.441698277 0.887617709695 3.88626354292 1.43776079309 0
588 1.35371088982 26.490987 116.49462 0.72378221 22.5568599967 115.555286705 0.755292335205 4.04471288443 1.8053971862 0
591 1.34829902649 26.414554 116.44154 0.58967497 21.9187996345 117.777185084 0.426963049111 4.68996323076 -9.32270634341 0
594 1.35815191269 26.30131 116.37003 0.43724496 21.2945532875 118.120382965 0.316464971761 5.30389934659 -6.92018357574 0
597 1.34243202209 26.176025 116.35464 0.31453037 23.9792962194 116.620332962 0.515588966831 2.21273814211 11.5198090332 0
600 1.34131097794 26.088883 116.46581 0.14702743 22.225629111 117.059037365 0.100026546562 3.90853544402 -2.69295225438 0
603 1.34059095383 25.977812 116.45377 0.019989929 21.4323574682 115.929801392 0.151582639294 4.57555461148 7.53970691456 0
606 1.34836006165 25.890585 116.45549 -0.11586106 19.6717615346 114.799288302 -0.105231661355 6.43558617044 0.609019681143 0
609 1.34791088104 27.617035 116.21759 -0.13548047 19.5035704485 114.06993156 0.0145074030716 8.39289841492 8.59367210515 0
612 1.3329501152 29.732468 115.90829 -0.14344069 27.4466693765 114.161926951 0.0439907473996 2.87657074433 10.7390303111 0
615 1.35249590874 31.744289 115.6014 -0.14068963 28.8785334233 114.62664413 0.0876938125513 3.02699587589 13.0854073689 0
618 1.34311199188 33.87565 115.27561 -0.13567301 29.8792151782 113.747099668 -0.0213547353772 4.27876560715 6.5499546571 0
621 1.35107207298 35.936054 114.9269 -0.14240112 30.6516256727 115.244704035 -0.167707087592 5.29397602479 -1.44992513949 0
624 1.35464811325 38.113735 114.67885 -0.14674677 35.5700890449 115.962071449 -0.0739363557386 2.84899842601 4.17172944178 0
627 1.3518679142 40.163768 114.30534 -0.14012204 37.3559770735 115.148514944 0.0918673585614 2.93166059979 13.2920134293 0
630 1.34520196915 42.346763 113.98058 -0.16006212 38.8851546446 114.991641309 -0.0245273484708 3.60624144731 7.76557038589 0
633 1.3348441124 44.341947 113.67079 -0.15507802 41.3940691234 113.871626867 -0.141286056985 2.95471139415 0.790221271964 0
636 1.35119986534 46.544067 113.30502 -0.15009707 40.8047085572 115.824830274 0.144223297594 6.2681479843 16.8633148879 0
639 1.34041500092 48.557097 112.97025 -0.14631805 44.951984717 113.906516405 0.08057222772 3.7247052707 12.9998553259 0
642 1.34661793709 50.586062 112.64729 -0.14866611 49.1841330189 114.858711118 0.00421796031977 2.61835601629 8.7596119841 0
645 1.33780312538 52.747394 112.3225 -0.14488479 49.9189187852 114.50041928 -0.0612871015213 3.5698185433 4.78979472688 0
648 1.35645198822 54.919709 111.95097 -0.14565598 50.8539897965 113.025967138 0.0113870537658 4.20543594511 8.99790303671 0
651 1.34242320061 56.9199 111.70562 -0.14317608 54.0205307677 113.959967258 -0.0351842978143 3.67265891485 6.18747334133 0
654 1.33583498001 58.963864 111.32719 -0.14485493 56.4904142035 113.391573637 -0.0881414985576 3.22174389058 3.24944026336 0
657 1.33885288239 61.070196 111.0267 -0.15209978 58.8527774471 112.581125662 -0.109672397478 2.70798526169 2.43090995431 0
660 1.3659889698 63.25691 110.67843 -0.1447313 59.9945973161 113.537750111 -0.181520574373 4.33801746711 -2.10787015294 0
663 1.35622406006 65.338645 110.4192 -0.14848438 62.4716154073 111.050228361 -0.222026676349 2.93565247909 -4.21366319648 0
666 1.34790086746 67.412523 110.08404 -0.1445869 62.3444658545 111.949300382 0.0116309113584 5.40040734788 8.95062127561 0
669 1.34355187416 69.507235 109.73429 -0.15139682 66.5379871199 111.783407727 -0.0551785018017 3.60767465712 5.51290354461 0
672 1.35706114769 71.647859 109.39116 -0.14906575 68.692829079 111.567332097 -0.0818395050489 3.66986741291 3.85178010821 0
675 1.36166882515 73.702975 109.06139 -0.1559357 70.1028549812 111.600779954 -0.0598946728801 4.4056061434 5.50274551407 0
678 1.34664201736 75.754203 108.72815 -0.15045699 72.5411132827 110.248955433 -0.190728335224 3.5548269573 -2.30737811666 0
681 1.33843994141 77.860742 108.43703 -0.15243836 74.1025643082 109.400029954 -0.150283200988 3.87959643198 0.123481515547 0
684 1.35273194313 79.97813 108.08555 -0.15170568 76.5368123037 107.489890236 -0.159205494682 3.49248880328 -0.429707728406 0
687 1.34535598755 82.120618 107.73965 -0.14888428 78.7615860981 108.969607958 -0.202429278668 3.57713459321 -3.0679024377 0
690 1.34543180466 84.192494 107.42985 -0.14593359 81.7291960897 107.649045529 -0.105824474773 2.47303119165 2.29808302252 0
693 1.34861493111 86.28045 107.15458 -0.15823172 81.4930875051 109.444888342 -0.115650104629 5.30700970041 2.43974684561 0
696 1.3467900753 88.385341 106.75858 -0.15035877 83.8550216901 107.664562342 -0.0860460910584 4.62002132608 3.68484507254 0
699 1.34258198738 90.512184 106.42958 -0.15443508 87.4355350154 108.38632562 -0.0782521079231 3.64617915038 4.36496277077 0
702 1.34346103668 92.541412 106.11165 -0.15857271 88.8870074577 108.07846602 -0.0777033252898 4.15006479644 4.63347443572 0
705 1.34161901474 94.624435 105.7799 -0.14991569 91.4199672602 106.884670842 -0.0861891019263 3.38956222976 3.65126453939 0
708 1.34392309189 96.812614 105.41142 -0.16008539 94.5310871679 106.440119728 -0.126819966762 2.50271608771 1.90596835527 0
711 1.33276796341 98.833392 105.05687 -0.15857643 93.7213404112 107.283091802 -0.204354846242 5.57576317272 -2.62291004346 0
714 1.34240102768 100.9283 104.72764 -0.15390186 94.8490383833 104.845127828 -0.0709142143575 6.08039679576 4.75484184704 0
717 1.34703183174 103.02648 104.38009 -0.15580909 99.4603534444 107.616979454 -0.160400087708 4.81608886414 -0.263044792417 0
720 1.33976101875 103.56436 104.3046 -0.21764658 100.126025015 106.753621888 -0.120999241412 4.22135708944 5.53748460225 0
723 1.34655594826 103.46604 104.39779 -0.32798619 100.565879248 106.597215924 -0.35068802809 3.63983609327 -1.30071950973 0
726 1.34463191032 103.43166 104.43448 -0.46455789 97.4856464239 104.957051467 -0.425596498445 5.96893276769 2.23232330005 0
729 1.34669303894 103.35806 104.51276 -0.60050128 98.3073283214 107.058325173 -0.613471393642 5.65595195708 -0.743132771491 0
732 1.34639596939 103.30537 104.5712 -0.75278089 95.9745658189 105.181752002 -0.799305840203 7.3561854034 -2.6656832887 0
735 1.3518550396 103.24477 104.73622 -0.88717849 98.2630103405 105.020112622 -0.745292752999 4.98984211435 8.12945390327 0
738 1.34482693672 103.11543 104.83266 -1.0218313 98.949494927 106.468245095 -0.940341378923 4.47550596412 4.66902855054 0
741 1.34292602539 103.3336 104.43355 -1.1359167 98.1807549697 102.975204967 -1.11977849886 5.35523875655 0.924650814181 0
744 1.35398387909 104.18264 102.5184 -1.1499809 100.662981629 103.675851295 -1.06298438572 3.70508954636 4.98453310052 0
747 1.33987092972 105.02068 100.61649 -1.1544373 102.958841865 102.326723999 -1.08127931667 2.67882004367 4.19164368231 0
750 1.33817100525 105.97315 98.645528 -1.1675657 104.259739076 102.519594781 -1.08514961091 4.23605599796 4.72209406884 0
753 1.34414577484 106.66644 96.709247 -1.154133 104.945582274 98.3676125284 -1.1438817921 2.38988023542 0.587350947413 0
756 1.33878779411 107.65453 94.805864 -1.1707179 104.449613171 98.2895367761 -1.10102548557 4.7336527009 3.99308121082 0
759 1.33015298843 108.36584 92.821603 -1.1639211 104.767010491 95.9466780938 -1.07054908695 4.76630550575 5.34982227222 0
762 1.34015488625 109.18739 90.932737 -1.1605274 107.347370261 91.754491895 -1.1173347129 2.01518082269 2.47475867663 0
765 1.34620904922 110.00551 88.971931 -1.1631703 108.800740453 90.4802885179 -1.08004428218 1.93044348858 4.7627699889 0
768 1.35670495033 110.83946 87.051439 -1.1600004 110.480571952 88.0096567695 -1.0817540974 1.02322134686 4.48318290155 0
771 1.34071588516 111.68317 85.129972 -1.1502451 111.6208271 86.9337222913 -1.12562836503 1.80482734649 1.41043501911 0
774 1.33547496796 112.49307 83.177328 -1.1488654 111.275534956 86.6834144976 -1.07151388511 3.71147330759 4.43191534228 0
777 1.34421801567 113.40329 81.226755 -1.149046 112.797207524 83.7707091463 -1.14213389998 2.61515557199 0.396034158829 0
780 1.3485929966 114.20236 79.347389 -1.1522317 113.647299103 80.4069780336 -1.05779228316 1.19616951944 5.41098000466 0
783 1.34740495682 115.10134 77.33273 -1.146946 118.08061021 78.5467834942 -0.924183293624 3.21713799336 12.7633629082 0
786 1.33897686005 115.87569 75.433999 -1.1405871 114.289423886 77.2001387557 -1.14862358453 2.37391866376 -0.460456645727 0
789 1.34205889702 116.74641 73.521868 -1.1514597 114.953748469 75.9040843401 -1.12509660104 2.98137385371 1.51049430555 0
792 1.36295080185 117.66191 71.592443 -1.1472421 116.735032445 74.5156387153 -1.2395856522 3.06662276653 -5.29089580605 0
795 1.35281610489 118.47567 69.543126 -1.1411103 116.062977761 69.0920746747 -1.00035470844 2.45449203228 8.06470133952 0
798 1.34259295464 119.32773 67.660396 -1.1493947 115.680873343 69.6082699354 -1.09772074312 4.13446203808 2.96069963987 0
801 1.35383915901 120.23613 65.736718 -1.1477983 119.895290526 69.0240680159 -0.985873479043 3.30497226527 9.27760883923 0
804 1.34307289124 121.05504 63.851108 -1.1435448 120.891600909 66.7528077765 -1.23743607636 2.90629900891 -5.37957386852 0
807 1.34833407402 121.9387 61.889647 -1.1416966 119.596805484 63.7274510664 -1.13120868302 2.97691009414 0.600913378921 0
810 1.35554099083 122.75206 59.947854 -1.134592 120.745780991 61.8392924947 -1.07830897969 2.75729850433 3.22477952224 0
813 1.35624408722 123.61313 58.017737 -1.1345099 123.611473578 63.1042093804 -1.11138073451 5.08647265009 1.32520356637 0
816 1.34868597984 124.50226 56.14403 -1.1250591 122.420209626 59.3268137689 -1.0960037278 3.80329413516 1.66475019911 0
819 1.35191988945 125.37031 54.195354 -1.1346431 123.374940956 58.3055643685 -1.19690811966 4.56895249436 -3.56752283801 0
822 1.35433888435 126.19009 52.293812 -1.120627 124.170097042 56.2523704563 -1.0952784301 4.44415983078 1.45236607224 0
825 1.34981393814 127.09539 50.434417 -1.1252352 126.107698461 53.5681842743 -1.08192416949 3.28573156331 2.4815392545 0
828 1.35837388039 127.94916 48.435924 -1.125081 127.245543336 51.7969383543 -1.08868996539 3.4338744736 2.0850526953 0
831 1.35200190544 128.83417 46.49897 -1.1135569 125.714160761 48.7812161475 -1.08346505483 3.8656312715 1.72413572629 0
834 1.34071302414 129.69028 44.561049 -1.1141866 125.236770333 47.2416294645 -1.13855754386 5.1980053846 -1.39635222618 0
837 1.3310341835 130.6504 42.689185 -1.1179531 128.465612005 46.717579478 -1.07450614836 4.58271324133 2.48932696164 0
840 1.34637904167 131.56218 40.752166 -1.1133477 129.094256704 43.3253739431 -1.07463044406 3.56539542161 2.21833535944 0
843 1.34612798691 131.80181 39.159633 -1.0655485 131.804499822 42.9444473009 -1.08995777164 3.78481525674 -1.39854824595 0
846 1.34249401093 89.526265 39.287264 -0.26055386 131.841800033 41.3121638125 -1.11914376517 42.3639554853 -49.1935778986 0
849 1.35434913635 49.129117 22.860079 0.57174269 133.387262712 39.5052771505 -1.03178337519 85.8865399247 -91.8752758747 0
852 1.34830617905 45.693587 19.436118 1.0035584 134.194627269 41.5722250617 -1.04315252518 91.2274156406 -117.267897896 0
855 1.35507702827 46.841947 21.209275 1.0214136 65.4080426125 102.720546617 2.23544862658 83.5989671398 69.5590832038 0
858 1.34750199318 48.00008 22.972907 1.0079248 103.086748131 93.8604496651 -1.46250871969 89.7751898405 -141.545414246 0
861 1.34923291206 49.170996 24.731115 1.014741 34.4917373377 92.9775860826 3.02624600973 69.8073165944 115.250747527 0
864 1.35109686852 50.349541 26.532036 1.0144485 39.1940547178 89.9108009821 -1.58499572456 64.3530319787 -148.937183147 0
867 1.34148597717 51.518278 28.351001 1.0069992 96.9949456404 49.8345715124 2.85643633154 50.295835828 105.964942112 0
870 1.34445500374 52.642563 30.101924 1.0170679 25.0651343957 95.6218220635 3.0550669181 71.0870706294 116.768742389 0
873 1.34495186806 53.80357 31.912095 1.0183648 45.8906195185 102.936046941 0.390204851952 71.4633929694 -35.9909138823 0
876 1.3412771225 54.946688 33.671099 1.0064723 48.1682005283 104.911266479 1.71694478093 71.5619267127 40.7070746173 0
879 1.35210299492 56.161659 35.476636 1.0152563 50.5466785004 94.5107741854 -2.15515944479 59.3005689459 178.348558522 0
882 1.33852601051 57.333476 37.252395 1.017552 102.849062734 113.482501014 -0.476651806696 88.7845577717 -85.6115718561 0
885 1.34267497063 58.434052 39.044555 1.0099164 55.3613972498 109.750878352 0.554404794932 70.77305539 -26.0988924896 0
888 1.35425400734 59.558673 40.733157 1.0155176 86.3075132181 47.4939224323 -2.77001026702 27.5900054774 143.105229991 0
891 1.34364318848 60.829575 42.673596 1.0256616 125.235133111 41.9906434556 -1.20040197026 64.4091790021 -127.544047504 0
894 1.34730410576 61.938983 44.298725 1.0235902 9.53796429452 69.39556246 -2.77275158714 58.1009295267 142.485638008 0
897 1.34557390213 63.08776 46.123861 1.0214801 91.382473102 27.0863795389 -1.79033679575 34.1030275768 -161.10524089 0
900 1.34253406525 64.233274 47.872937 1.026201 50.1683439066 23.2230925281 -2.29558841667 28.3802235901 169.675485993 0
903 1.34430503845 65.367062 49.701179 1.0288308 74.9760156116 101.119452282 0.0719147735557 52.3084201328 -54.8272496637 0
906 1.34777712822 66.47055 51.411163 1.0247772 118.016222983 49.3534047493 1.98291465657 51.5867305837 54.8972324547 0
909 1.34553790092 67.601685 53.206336 1.0345375 125.337496037 32.0273760755 0.535081330473 61.4977415816 -28.6167305657 0
912 1.34129095078 68.713633 54.989386 1.0321621 114.266305008 123.044058852 -1.68679182211 81.8931280639 -155.784584427 0
915 1.34468197823 69.889939 56.860516 1.0335194 68.0888194314 73.9612095126 2.97508369169 17.1952827924 111.243439567 0
918 1.35124707222 70.97178 58.665246 1.0279054 123.110790913 102.866024287 -0.220115108118 68.3533851408 -71.5063078609 0
921 1.34498405457 72.083269 60.388926 1.0348295 129.571321101 86.8946474188 3.01188453588 63.3042605383 113.276909421 0
924 1.35478401184 73.21006 62.180545 1.0389104 20.0864596985 50.5615631303 -2.3038667007 54.3793862478 168.472980277 0
927 1.35083389282 74.211219 63.966291 1.0279221 97.1863940506 40.7051104251 2.50647683989 32.694666084 84.7149463748 0
930 1.34951806068 75.394113 65.876292 1.0355825 76.2971946623 125.324229504 1.67128358198 59.4547965257 36.4229890292 0
933 1.34956097603 76.475569 67.55587 1.0353462 45.0451429781 57.9358515689 -1.84728078071 32.8696886893 -165.162359905 0
936 1.35197782516 77.652303 69.425792 1.0395167 22.067061347 58.5261404489 0.982692797527 56.6438124914 -3.25576978715 0
939 1.35290002823 78.72098 71.209083 1.0347632 78.2346710387 73.5494714755 0.965085451797 2.39037959795 -3.99224089801 0
942 1.36690211296 79.923618 73.070281 1.0406815 79.2663023733 74.0685262002 0.999565837401 1.1952227043 -2.35575393879 0
945 1.348102808 80.886825 74.813727 1.0240856 78.5559229081 76.7806441154 1.10894925903 3.04989630988 4.86232949637 0
948 1.35653018951 82.003807 76.66259 1.0354781 81.7929767014 79.2363897044 1.00377510737 2.58242024716 -1.81644767573 0
951 1.35446691513 83.149971 78.458347 1.0359732 79.4595195706 79.4866667447 1.00482723191 3.83104075289 -1.7845325206 0
954 1.35970616341 84.209192 80.07724 1.046865 81.9129333238 80.0881252279 1.11244925741 2.29628447633 3.75770115193 0
957 1.34525418282 84.421821 80.346791 1.1291589 80.6201740276 79.8555636607 1.15115878362 3.83325240518 1.26050048093 0
960 1.3455350399 84.549549 80.462185 1.2384433 81.9667626395 78.7447329044 1.25872317947 3.10168133193 1.16195150242 0
963 1.36368203163 84.477315 80.645515 1.377415 82.745531238 77.4753593144 1.48162770637 3.6123347117 5.97094824655 0
966 1.34155583382 84.491575 80.745704 1.5042297 80.7552770344 79.0995482164 1.50500367502 4.0828606824 0.0443455020278 0
969 1.34021496773 84.58151 81.604236 1.6242617 82.1254599175 80.2390524984 1.73165192175 2.80996583621 6.15300646744 0
972 1.34149003029 84.52138 83.606555 1.6450761 81.254131494 79.5697631858 1.65212753307 5.19332272744 0.40401735437 0
975 1.34573101997 84.450105 85.633891 1.6510189 79.5888691287 86.5283999715 1.59815239122 4.9428494309 -3.02902783088 0
978 1.34260797501 84.288283 87.799076 1.6553182 81.2709885843 88.4278905634 1.65989037894 3.08212156579 0.261966556196 0
981 1.34544086456 84.219899 89.940013 1.6574582 80.0435911317 89.709111021 1.55273106628 4.18268611479 -6.0004227624 0
984 1.34502220154 84.085061 91.960688 1.6559816 81.1240501311 92.7830184756 1.59890432478 3.07307871311 -3.270286976 0
987 1.34943509102 83.972707 94.061302 1.6546883 79.5466347988 92.5900863154 1.61997165898 4.66418167749 -1.98911700925 0
990 1.34265494347 83.850194 96.236204 1.650278 81.167293174 92.2228944267 1.85977997428 4.82748491174 12.0035789257 0
993 1.35201716423 83.742141 98.372522 1.653672 78.2686904308 100.2038956 1.64170775251 5.77170602142 -0.685500886508 0
996 1.35537290573 83.558608 100.37046 1.6603574 81.6405482871 99.0737918026 1.98443904134 2.31523248861 18.5685102662 0
999 1.34023404121 83.448658 102.54165 1.6520527 82.0536584045 100.357102597 1.57079113141 2.59196281358 -4.65594491702 0
1002 1.34947681427 83.308795 104.69204 1.6576029 79.2009935407 104.132547057 1.70358849565 4.1457285466 2.63478054921 0
1005 1.34634613991 83.194681 106.76107 1.661421 78.8858595534 108.511992263 1.04338927773 4.65098602758 -35.4106092913 0
1008 1.34999513626 83.066158 108.84686 1.6653468 77.6890036351 108.613274722 1.64360023061 5.38222548263 -1.24598664482 0
1011 1.34604978561 82.920912 111.09751 1.6564676 78.3370645099 112.35344175 1.67023958548 4.75279100891 0.789076643238 0
1014 1.35030817986 82.798446 113.12029 1.6519674 79.3786107592 114.960671058 1.72264592476 3.88359054398 4.04958117122 0
1017 1.33984208107 82.725101 115.25424 1.6521864 78.2053543515 116.624773821 1.66346214781 4.72297286897 0.646052760148 0
1020 1.35443878174 82.605874 115.888 1.7134215 76.9984997693 117.233305914 1.63238980198 5.76649753025 -4.64277430322 0
1023 1.34730195999 82.650086 115.98425 1.8265292 79.7208938045 116.773499939 1.82579522948 3.03365825112 -0.0420534133028 0
1026 1.35291004181 82.697137 116.16336 1.9516157 80.8295515021 114.926386825 2.12248083793 2.24008442419 9.78985126934 0
1029 1.346585989 82.611261 116.28116 2.0730733 79.337971244 116.085793474 2.18547135072 3.27911480532 6.43993393178 0
1032 1.34425401688 82.517518 116.45008 2.1971216 79.6751707642 114.632597532 2.19063907039 3.3737487056 -0.371421587388 0
1035 1.34473705292 82.418538 116.4581 2.3123831 79.9828686584 116.488897084 2.69768922325 2.43586403598 22.076414683 0
1038 1.35253095627 82.414024 116.83182 2.4679277 77.5269398451 114.747613681 2.5232736636 5.3129565702 3.17109012722 0
1041 1.35552787781 82.282962 116.94587 2.5874118 80.4145198384 116.120583765 2.73566219348 2.04258989543 8.49412185753 0
1044 1.34385919571 82.208722 116.96752 2.707272 76.7458020541 115.635077135 2.98077520854 5.62306840837 15.6705795326 0
1047 1.34124898911 82.043289 117.20312 2.8493508 77.3593217973 117.796126268 3.05858888489 4.72135628716 11.9884591773 0
1050 1.34515810013 81.832352 117.28824 2.9891727 76.0819506136 114.147278612 3.1054156566 6.55230910013 6.66023081157 0
1053 1.35962200165 81.142386 117.29523 3.0875315 76.0208899052 114.337359654 -3.13815187855 5.91428095668 3.29461782424 0
1056 1.34895205498 79.131234 117.37152 3.1037602 74.788203224 113.357218002 3.06785745773 5.91409645294 -2.05707560513 0
1059 1.33770108223 77.094643 117.50841 3.1079346 76.6307196555 115.078113074 -3.12791136982 2.47418027161 2.71234423584 0
1062 1.343282938 74.899205 117.59033 3.115912 71.1739086122 115.780132088 3.06687145203 4.14181719266 -2.80981642376 0
1065 1.34822201729 72.824078 117.69503 3.116944 68.0069907188 118.080387963 -3.11549001892 4.83247665644 2.90783462238 0
1068 1.35356807709 70.711208 117.83017 3.1174699 67.9493340187 116.940442844 3.10594266104 2.9016482042 -0.660462141625 0
1071 1.342056036 68.550781 117.88294 3.1169773 65.8949699568 116.926587355 -3.13171568534 2.822754449 1.97626446699 0
1074 1.35621881485 66.454241 117.99143 3.11617 64.9091431076 115.943952743 3.14086861561 2.56505177651 1.41512643433 0
1077 1.36996197701 64.352032 118.06903 3.1139299 60.2769187738 116.834380687 3.12781097303 4.25804024554 0.795326899975 0
1080 1.35882782936 62.204954 118.16997 3.1178991 61.5684251975 118.148082531 3.1345972203 0.636904999014 0.95673181922 0
1083 1.3488008976 60.134729 118.2293 3.1166836 56.072586035 117.46760443 3.06007249865 4.13293910053 -3.24357718101 0
1086 1.34483003616 58.034017 118.36643 3.1239361 52.8078243623 117.717934 3.11366024914 5.26627349735 -0.588762885209 0
1089 1.34787106514 55.858025 118.47896 3.1251128 52.8229878167 117.138007061 -3.13245520481 3.3180725562 1.46776330818 0
1092 1.35529613495 53.766425 118.55 3.1243401 49.2012063393 115.135554974 -3.13212690396 5.70084697734 1.53084601013 0
1095 1.34292602539 51.628528 118.603 3.1187628 49.1062368598 117.375831549 -3.09640138866 2.80497682741 3.89732300917 0
1098 1.35724306107 49.494235 118.64783 3.1200968 47.691241119 116.782155054 3.13349122798 2.5945192113 0.767444192184 0
1101 1.33334898949 47.379245 118.80828 3.1260538 46.1482747947 117.929688244 -3.12418022164 1.51235284221 1.88796959108 0
1104 1.34456992149 45.313934 118.87713 3.1250737 45.0339541287 117.465072688 3.07367599467 1.4395466582 -2.94487159225 0
1107 1.34032416344 43.229975 118.9845 3.131291 43.3326963485 118.209427653 3.09572016588 0.7818496137 -2.03805866893 0
1110 1.34845304489 41.038059 119.03542 3.1300111 38.7172908118 118.046563208 -3.05060214384 2.52265787176 5.8769463254 0
1113 1.34976696968 38.877743 119.09254 3.1262084 35.6312667372 116.795534226 -3.12251532376 3.97691383475 1.97450328542 0
1116 1.34926700592 36.866989 119.17866 3.1252668 36.0940889865 118.678666402 3.03289728801 0.920525952474 -5.29238319253 0
1119 1.33900904655 34.67231 119.25843 3.1314701 31.5106200605 119.781328249 3.0968670802 3.20463817806 -1.98260699308 0
1122 1.35609579086 32.567479 119.34722 3.1353596 32.0001290163 119.04643013 3.03607904703 0.642153058031 -5.6883566728 0
1125 1.34401798248 30.502201 119.36971 3.1349527 30.0019069907 118.224197162 3.11796951868 1.24999750285 -0.973064612418 0
1128 1.35671210289 29.15421 119.31018 -3.13185 31.3786274399 120.31389963 3.0628364659 2.44038645357 -5.07061009722 0
1131 1.34461188316 28.938717 119.39146 -3.028318 27.6315057892 116.301359598 -2.97005632704 3.355223039 3.3381479681 0
1134 1.36090278625 28.80706 119.32785 -2.9089456 32.3744961493 122.04218892 -3.02831228682 4.48265952905 -6.83920736901 0
1137 1.33968400955 28.607415 119.34948 -2.7753086 31.7464166242 122.63517204 -2.94073971592 4.54412845069 -9.47850474221 0
1140 1.34883999825 28.309413 119.3977 -2.6319404 26.6826161898 117.273022681 -2.55099775575 2.67595246068 4.63767189807 0
1143 1.35744309425 28.176965 119.31562 -2.5155106 25.5405985354 119.279126696 -2.43075947404 2.63661902768 4.85588182626 0
1146 1.35423803329 28.13257 119.1422 -2.3876282 47.318380181 98.849781482 -0.186848004317 27.9262880027 126.095416849 0
1149 1.34651112556 28.071656 119.10664 -2.2643471 31.0401505247 70.5135043995 -2.61875897979 48.6837219945 -20.3063049212 0
1152 1.35662698746 27.847582 119.05477 -2.1225081 16.0733372485 39.4167621664 2.63882752497 80.503696382 -87.1955638439 0
1155 1.36209917068 27.651134 118.95518 -2.0012288 102.473991602 111.713874385 -2.77316441195 75.1724452621 -44.2286526203 0
1158 1.35497307777 27.585975 118.8068 -1.8653126 31.2712814321 73.8862061493 -2.1956428813 45.0715124596 -18.9265309641 0
1161 1.34306907654 27.545652 118.66047 -1.7395281 31.3536794537 71.1819850116 -1.9337045242 47.6309522252 -11.1254895875 0
1164 1.35406589508 27.426878 118.54472 -1.6078392 43.5578112047 140.177884788 -1.72927787841 26.9851964014 -6.95792374228 0
1167 1.35404920578 27.408113 118.27266 -1.4907581 46.404817358 97.0256749594 0.871830558543 28.5010376966 135.36635886 0
1170 1.34662699699 27.619078 117.43976 -1.368489 29.5875994172 74.1484134717 -1.63550287293 43.3360792043 -15.2987679901 0
1173 1.34362816811 28.00462 115.50954 -1.3464267 49.2435319819 96.0081106567 0.965540023185 28.8339579074 132.465935613 0
1176 1.33680987358 28.352772 113.43776 -1.3439724 52.0869573664 97.7865316077 0.815519672244 28.4301337527 123.729781632 0
1179 1.34631204605 28.777386 111.37552 -1.3470791 27.4892070148 69.9931847986 -1.06079744704 41.402380026 16.4027304665 0
1182 1.34252905846 29.292879 109.18718 -1.3487141 19.6590298995 62.5750087161 -2.75189621474 47.5973272389 -80.3964130626 0
1185 1.33760690689 29.664866 107.14961 -1.3582731 50.133813161 110.062577128 1.22692930196 20.6751825958 148.121186819 0
1188 1.34537315369 30.155372 105.1583 -1.3627181 19.9659389589 60.5051512301 -1.8398495321 45.800963317 -27.3376173322 0
1191 1.3498301506 30.584999 103.08809 -1.3538609 53.0743027253 110.832802537 0.983396944582 23.7854862118 133.915010128 0
1194 1.34198904037 30.932942 101.04272 -1.3388863 54.0098250773 118.118990734 1.55773555299 28.7078657294 165.964207022 0
1197 1.34624314308 31.46397 98.886394 -1.3633561 101.248939558 61.0308503127 -0.143882904054 79.3913355731 69.870667357 0
1200 1.33852696419 31.761459 96.890841 -1.3338862 32.471746066 95.864186387 -0.724295130199 1.2484099529 34.9269955285 0
1203 1.35023808479 32.148779 94.808879 -1.340085 34.0095914527 80.1922320961 2.8779878861 14.7346187497 -118.322225948 0
1206 1.35155510902 32.63242 92.742465 -1.3409888 61.9187305624 121.310336291 0.308424795073 40.9122384679 94.5044376692 0
1209 1.34680294991 33.223163 90.635151 -1.3443959 38.1061648824 106.063729791 -1.70856458439 16.1828536076 -20.8653286466 0
1212 1.35048985481 33.480467 88.544154 -1.3400822 38.9815212951 48.1585478347 1.42055738531 40.7585424629 158.172996995 0
1215 1.35511493683 33.996344 86.523674 -1.3537744 31.7510710013 87.451913307 -1.27978439471 2.42958413107 4.23931502938 0
1218 1.34689092636 34.391099 84.502242 -1.3500462 33.9338759578 82.5352494277 -1.21779023691 2.01943375477 7.57770850022 0
1221 1.35012102127 34.871654 82.311763 -1.3462417 34.6515499339 83.8748420406 -1.20159468168 1.57849988504 8.28766366875 0
1224 1.3524889946 35.319079 80.358924 -1.358939 31.6094247463 79.9088259654 -1.16935188862 3.73686003517 10.8625413319 0
1227 1.36186003685 35.776446 78.250756 -1.3606991 36.5153168204 78.3599347151 -1.2059388597 0.74689362101 8.86710860578 0
1230 1.366533041 36.167733 76.160289 -1.3496683 115.567598805 105.819711115 -2.51255439765 84.7585984432 -66.6284654497 0
1233 1.33918690681 36.593873 74.026216 -1.3452321 35.9086898387 74.5631270491 -1.29277948263 0.87048804649 3.00531359997 0
1236 1.35075688362 37.096668 72.068535 -1.358637 33.0353913952 71.7457015682 -1.36780478782 4.07408751568 -0.52527554965 0
1239 1.34750103951 37.456761 70.030489 -1.3570922 35.1159814837 69.7966853273 -1.3699985883 2.35242702358 -0.739481578627 0
1242 1.34802293777 37.942935 67.912468 -1.3598503 35.8520096451 67.4133760987 -1.33263560003 2.14966545434 1.5592874492 0
1245 1.34512400627 38.381728 65.750541 -1.3597279 38.6992659121 64.9579453516 -1.38507022216 0.85383733085 -1.452008103 0
1248 1.35492897034 38.78715 63.709446 -1.3638712 37.5482814464 64.1545422318 -1.33360701393 1.31639885617 1.7340101321 0
1251 1.34600305557 39.284372 61.704874 -1.358189 37.547720769 61.6611149326 -1.30713708919 1.73720245049 2.92505902555 0
1254 1.34891200066 39.616785 59.610797 -1.3616912 38.8152601622 57.8939069047 -1.34410263843 1.89477008239 1.00775034583 0
1257 1.35094094276 40.0981 57.483375 -1.3627524 39.7739416256 58.8090351302 -1.36336561282 1.36471734527 -0.035134506759 0
1260 1.34650588036 40.478176 55.366289 -1.371191 38.7136701542 57.1506106257 -1.29247938358 2.50943908944 4.50984341952 0
1263 1.33405399323 40.927924 53.368372 -1.3697355 39.546445266 53.8744098583 -1.28422158217 1.4712436258 4.89958658127 0
1266 1.35225296021 41.311773 51.24524 -1.3687118 41.2747520246 53.2900903789 -1.3350462969 2.04518547444 1.92889124287 0
1269 1.34093308449 41.752813 49.127024 -1.3690442 40.0263279134 50.0245673515 -1.30947845539 1.94585066792 3.41286576954 0
1272 1.34153008461 42.124468 46.999249 -1.3746445 40.7229582501 47.0967202656 -1.36192025717 1.40489509453 0.729045411835 0
1275 1.33985304832 42.489069 45.000812 -1.3756167 42.6072440721 47.049230657 -1.32237224094 2.05182463728 3.05068278638 0
1278 1.34674596786 42.919623 42.847052 -1.3693623 42.6402360558 43.672446358 -1.38263084374 0.871397102824 -0.760231556702 0
1281 1.34660506248 43.26925 40.76156 -1.3849404 41.4751169894 42.0984988629 -1.36426607688 2.23748045414 1.18455145896 0
1284 1.35871315002 43.723057 38.666685 -1.382086 43.4779511606 39.7631660969 -1.37040958272 1.12354246401 0.669009429855 0
1287 1.35551381111 44.069109 36.638541 -1.3748634 42.9939659109 37.1119589646 -1.33301551027 1.17475837141 2.39770746316 0
1290 1.35524106026 44.48264 34.512889 -1.372972 43.9060144931 35.3115215306 -1.38003765468 0.985043600128 -0.404832192446 0
1293 1.35374712944 44.660959 33.544964 -1.3339999 43.2413234784 33.7268093455 -1.30560860679 1.4312346921 1.62670127571 0
1296 1.34499692917 44.654294 33.324157 -1.2074321 45.3254601512 34.2042448277 -1.17654627799 1.10680557783 1.76962724784 0
1299 1.34218001366 44.699557 33.107025 -1.0711259 43.4193874427 33.4557450705 -0.942602953497 1.32681565525 7.36382240522 0
1302 1.34351277351 44.829945 32.953901 -0.95914547 42.160328885 32.2903187501 -0.824659309058 2.75085288665 7.70548942487 0
1305 1.34836411476 44.914184 32.826307 -0.82117543 43.4439170051 34.195759545 -0.907891141872 2.00924993694 -4.96844430772 0
1308 1.35029697418 44.932468 32.690373 -0.70238554 42.7809830445 32.2367062828 -0.679631335448 2.19879535296 1.30371988702 0
1311 1.34295010567 45.019913 32.619075 -0.56167342 45.7720860895 33.5572104558 -0.77993802974 1.20244022306 -12.5056409552 0
1314 1.34790897369 45.164806 32.47066 -0.44585332 43.6839327224 33.9874497919 -0.621086148678 2.11982002472 -10.0401015154 0
1317 1.35040307045 45.307079 32.373178 -0.30795343 42.5793388888 33.7205503604 -0.444212194916 3.04236394799 -7.80705215135 0
1320 1.35338902473 45.468859 32.25314 -0.19105128 42.4514848354 33.0324081521 -0.29996750182 3.11637701539 -6.24043983077 0
1323 1.35154390335 46.833289 32.057508 -0.10389315 43.7939162603 33.4007631373 -0.254378036306 3.32296870511 -8.62214886584 0
1326 1.35649299622 48.863767 31.868312 -0.084237935 47.9573430721 34.435947846 -0.195897555655 2.72293190784 -6.39762500556 0
1329 1.33759999275 51.033972 31.691587 -0.08198003 48.2861368367 31.5114224638 -0.0210351023615 2.75373516243 3.49188713642 0
1332 1.34143614769 53.111195 31.42619 -0.084122232 52.2383048864 33.5405719183 -0.0459883514637 2.2874763489 2.18491041119 0
1335 1.33293199539 55.206155 31.249451 -0.082409142 55.2702635115 32.4693815348 0.0652517491148 1.22161385513 8.46034586002 0
1338 1.34987401962 57.287235 31.07162 -0.080297126 56.5328300435 32.8196359949 0.0821315734671 1.90386101295 9.30647895126 0
1341 1.348706007 59.516372 30.847745 -0.092608556 58.0052552012 34.05500843 0.00781239766306 3.54542136977 5.75369681957 0
1344 1.35173606873 61.567611 30.670937 -0.091677002 60.9964393032 32.9224707406 -0.0202154325725 2.32285197383 4.09444632557 0
1347 1.34711503983 63.68279 30.502969 -0.089332225 64.4372186238 33.6982751374 -0.0673567843477 3.28316065103 1.25910000232 0
1350 1.34641480446 65.773678 30.270465 -0.081918863 67.1348735806 31.8296112511 -0.109772168617 2.06973197326 -1.59587685733 0
1353 1.34271788597 67.870787 30.052005 -0.080757136 68.2256638095 31.844297733 -0.130402145448 1.82708806315 -2.84444951524 0
1356 1.34448003769 69.978421 29.855203 -0.080851998 68.9550429994 31.8415363421 -0.113857293644 2.23446250318 -1.89106414198 0
1359 1.33529686928 72.04312 29.748383 -0.089661546 69.6370698155 31.6006494161 -0.128902201449 3.03644008121 -2.24832394257 0
1362 1.35094094276 74.192216 29.503442 -0.097083695 72.3780646734 30.5596714807 -0.141673411271 2.09922979963 -2.55480255204 0
1365 1.33298420906 76.337484 29.313327 -0.092202589 74.6500791657 30.2506170446 -0.0629404901291 1.93024550315 1.676594765 0
1368 1.34130501747 78.469083 29.072242 -0.088851811 78.4396695597 31.944039217 -0.164308130917 2.87194784183 -4.32332866885 0
1371 1.34849286079 80.508884 28.860474 -0.08148585 78.7334902046 30.7057605885 -0.0704152468405 2.56068461985 0.634298837703 0
1374 1.33938193321 82.648681 28.706332 -0.092016755 81.5816772933 31.310355215 -0.0910560092801 2.81414886142 0.0550466749356 0
1377 1.34600996971 84.803463 28.469695 -0.089914919 84.5705542166 30.5773443582 -0.0828024931387 2.12047926622 0.407511983954 0
1380 1.35049390793 86.909059 28.274418 -0.095059786 84.6521117035 31.0944850201 -0.0363582783724 3.61200624268 3.36334863812 0
1383 1.33448410034 88.999768 28.069648 -0.093100738 86.8478661135 30.6391659199 -0.0597682223005 3.35158232334 1.90981247013 0
1386 1.34071803093 91.148907 27.8824 -0.087682683 89.8896329008 30.4476477678 -0.0363804943046 2.85766816953 2.93939889203 0
1389 1.3382370472 93.191686 27.680334 -0.085944106 90.675945786 29.1054113588 -0.0284924455225 2.89133088781 3.29173767138 0
1392 1.34206104279 94.597595 27.536443 -0.026113958 93.151067888 30.0830886533 -0.00140407329015 2.92879578829 1.41577210613 0
1395 1.33838796616 66.734672 23.138609 0.64678418 94.7577661779 31.5348631076 -0.0276018553322 29.2539038479 -38.6394735871 0
1398 1.3459880352 41.954155 8.6979942 1.5862633 98.7357739651 32.8171498636 0.0161679070511 61.6918626905 -89.9598394489 0
1401 1.34437704086 40.498777 7.6026468 1.6671323 100.294198275 31.0961951822 0.0653359713453 64.2451493975 -91.7761692715 0
1404 1.34723591805 40.36551 9.5759073 1.6613912 100.688478117 30.6623109067 -0.00902182321283 63.9022448702 -95.7076162738 0
1407 1.35061812401 40.15753 11.693798 1.6450717 102.061050059 30.5471578381 0.00569664083861 64.7108566844 -93.929271929 0
1410 1.3465077877 40.017928 13.779826 1.6578436 103.371788545 30.8879440051 -0.0433015197386 65.623161671 -97.4684357003 0
1413 1.3365778923 39.937066 15.922073 1.6651068 102.893677592 31.2896282526 -0.0344132953743 64.805066913 -97.3753286626 0
1416 1.33770489693 39.75755 17.953862 1.6630734 106.056307125 30.4710787313 0.0115391412634 67.4700371356 -94.6259427469 0
1419 1.33197307587 39.645384 20.177858 1.663423 107.13894789 29.1693112673 -0.165459222833 68.089847984 -104.787232595 0
1422 1.35465598106 39.526919 22.292671 1.6684735 111.119308525 33.2614559088 0.097102765312 72.4277880392 -90.032911148 0
1425 1.34514594078 39.303781 24.413998 1.6572417 112.78997633 34.6642099133 0.120111236085 74.1976262986 -88.0710881433 0
1428 1.34486103058 39.21094 26.55624 1.6661167 115.450928491 33.2125450044 0.160847159686 76.530008764 -86.2455916896 0
1431 1.34900021553 39.049874 28.673026 1.6660737 118.405956109 34.9120611307 0.236413341147 79.600963104 -81.9135046994 0
1434 1.33840703964 38.816051 30.701859 1.6598041 119.933245178 37.7495468418 0.140290092804 81.4227799525 -87.0617395233 0
1437 1.34951305389 38.695572 32.853799 1.6647394 123.956300088 35.2445205579 0.0966552306408 85.2942395691 -89.8446048256 0
1440 1.34078621864 38.58982 35.008607 1.6723781 124.341084642 35.7006431036 0.0674512951648 85.7540570562 -91.9555323445 0
1443 1.3439848423 38.393816 37.160762 1.6689022 125.196751982 35.7595032054 0.14601800043 86.8142454976 -87.2548373225 0
1446 1.35208201408 38.314928 39.264936 1.6781402 128.96106717 37.1464806052 0.0876479403648 90.6708905857 -91.1284938253 0
1449 1.34720301628 38.042909 41.445131 1.6601298 130.319900937 38.017515441 0.26300859328 92.3406291363 -80.0491486133 0
1452 1.34118390083 37.893052 43.482766 1.6655679 134.813293064 28.8874055612 -0.154588745566 98.0130484894 -104.287293844 0
1455 1.33363008499 37.737395 45.529248 1.6663309 137.245812475 29.7704618535 -0.112647680997 100.748521028 -101.927964535 0
1458 1.34399318695 37.667375 47.706088 1.6735516 141.053423024 27.8150142165 -0.174271898088 105.282143512 -105.872487726 0
1461 1.34157514572 37.411337 49.793915 1.6717816 142.500197736 24.1734751089 -0.136457388114 108.166887683 -103.60446237 0
1464 1.34397101402 37.208006 51.943854 1.66906 138.25592285 38.5215753226 0.135859662468 101.935465196 -87.8459084886 0
1467 1.354211092 37.03196 53.963531 1.6741645 139.608472612 36.5258013571 0.0300426658739 104.048139602 -94.2012421007 0
1470 1.35322618484 36.983983 56.143126 1.6856298 80.4690330141 110.673502878 -0.206840675435 69.746050621 -108.430571096 0
1473 1.35854697227 36.720012 58.206076 1.6746777 115.615068498 101.104770951 0.343734299998 89.8038304766 -76.2574395909 0
1476 1.35321617126 36.536888 60.398002 1.6787317 125.614478813 56.3240226253 -0.314495986275 89.1707042305 -114.203534032 0
1479 1.35686516762 36.401835 62.417273 1.6766351 89.6714709979 63.4875759846 2.77431297115 53.2803872718 62.8923092817 0
1482 1.34185791016 36.239068 64.615141 1.6886647 121.023586855 121.053984752 -2.58838577135 101.851645649 114.943059227 0
1485 1.35417914391 35.99676 66.655908 1.678851 52.9146462411 25.5357677924 1.06933812628 44.4643768151 -34.9225152229 0
1488 1.35366392136 35.830181 68.859683 1.6854848 85.070545408 67.1690077705 2.73940048925 49.2693806513 60.3849209564 0
1491 1.33923912048 35.575227 70.898859 1.683738 74.9426535782 123.669560925 0.845098184221 65.8372330605 -48.0505219758 0
1494 1.33559513092 35.463169 73.006353 1.6935188 38.8558139204 86.7677760825 2.11133488862 14.17345423 23.9390984905 0
1497 1.34614515305 35.205801 75.07321 1.6913976 84.8213504366 85.1370688927 -1.44217826307 50.6259222307 -179.540671738 0
1500 1.33980894089 34.978045 77.287591 1.6912075 65.2847229845 106.218054434 -2.2274727205 41.8982868979 135.476162104 0
1503 1.35655713081 34.814043 79.320098 1.7000185 90.457775968 123.567118535 -0.331294678554 71.091658054 -116.385672 0
1506 1.34944105148 34.580736 81.372215 1.6970036 81.4932588086 83.954123207 -1.68235233854 46.983518879 166.377167249 0
1509 1.34851884842 34.345965 83.441951 1.6955247 21.2300976065 95.0242067915 -0.450854843946 17.4978463448 -122.978489101 0
1512 1.35027098656 34.142398 85.698773 1.7034669 23.7343064945 92.3454232943 -2.17073242518 12.3493452832 138.024729675 0
1515 1.35325813293 33.910208 87.748137 1.7016389 84.1926684604 74.6859906027 -1.30361606407 51.9513762903 -172.188425802 0
1518 1.34548902512 33.670818 89.737713 1.6967853 31.5520889475 90.8122444208 1.67276239373 2.37563266773 -1.37641114107 0
1521 1.3396282196 33.472926 91.900649 1.7056804 29.7826644124 92.9528338665 1.59685591943 3.83733287305 -6.23518344425 0
1524 1.35110807419 33.217902 94.036516 1.7078464 40.0420933192 88.9485965254 2.31236050053 8.51213908139 34.6361066167 0
1527 1.35667991638 33.034075 96.178482 1.7177188 28.0366073366 95.3471848554 1.90024395857 5.06613639667 10.457921241 0
1530 1.35273790359 32.713254 98.174723 1.7080491 74.4695647462 29.7764723205 2.70769141227 80.1368216437 57.2752855156 0
1533 1.3550889492 32.45653 100.24821 1.7068362 39.7010097166 76.2916452768 0.0648291166229 25.0279739431 -94.0800758081 0
1536 1.36083889008 32.217075 102.39435 1.7082962 40.2511462861 77.3998443727 0.0455736349856 26.2539828023 -95.2669854765 0
1539 1.33505892754 31.955228 104.48204 1.7110577 27.2649613391 103.5043944 1.57775398549 4.79107422925 -7.63774023487 0
1542 1.35016083717 31.741377 106.6002 1.7198575 123.885573603 116.402083727 -1.96513894266 92.6640701254 148.865256315 0
1545 1.35133004189 31.439656 108.68741 1.7105287 25.7497081159 108.535400744 1.73751582604 5.69197801629 1.5462484231 0
1548 1.35452914238 31.216018 110.75498 1.7177022 26.069007232 109.889161604 1.67883971718 5.21932575531 -2.22665624721 0
1551 1.34581303596 30.916985 112.90957 1.719675 27.6110527408 113.383283666 1.7114340199 3.3396994984 -0.472173379041 0
1554 1.35299301147 30.668641 114.94646 1.716506 26.7475246028 111.365044555 1.79722208854 5.31052637591 4.62469121232 0
1557 1.35282993317 30.419865 117.12266 1.716223 26.6526980378 113.978501898 1.62130989663 4.90686020695 -5.43812024384 0
1560 1.35532093048 30.132888 119.21343 1.725557 26.7116674077 116.023568401 1.73179360936 4.677602737 0.357331394514 0
1563 1.35180592537 29.88258 121.34383 1.72867 27.5001205255 119.927986714 1.69641897713 2.77141215938 -1.84784749519 0
1566 1.35692000389 29.981486 120.5055 1.7055843 27.8350569507 119.810049536 1.84016856753 2.25628212147 7.71111051835 0
1569 1.33040308952 30.170653 118.4575 1.6900862 27.4932920965 116.643424508 1.73602577762 3.23405802335 2.63214391041 0
1572 1.34331011772 30.502618 115.6086 1.6745202 27.3503290096 112.722055916 1.64897544038 4.27423240228 -1.46360691482 0
1575 1.36225914955 30.699806 113.48782 1.6738205 53.860535285 95.9722277882 -1.66715612754 29.0381705957 168.57613979 0
1578 1.34599399567 30.8492 111.36091 1.6697397 26.0553029595 113.018806242 1.58530551792 5.07248152145 -4.83772228 0
1581 1.34262394905 30.973164 109.37107 1.6787837 124.141001757 95.7535891063 1.25147173984 94.1577494329 -24.4831718528 0
1584 1.34762501717 31.204408 107.09871 1.665475 22.8190942077 105.992122045 1.44841416208 8.45801538756 -12.4366699106 0
1587 1.35008311272 31.322843 104.96751 1.6587885 26.5448946461 104.795081408 1.68014238512 4.78105867893 1.2234874934 0
1590 1.34899401665 31.457099 102.91722 1.6541397 28.0072528258 101.975648443 1.67862314701 3.57603070784 1.40279818168 0
1593 1.34173297882 31.546684 101.34427 1.631357 29.1917512176 101.914573744 1.75202423147 2.42300531777 6.91372308902 0
1596 1.35013580322 31.536552 101.09899 1.5279681 115.801314968 98.2876869398 -2.7489594628 84.3116463072 114.950101368 0
1599 1.34737706184 31.522716 100.84711 1.3818466 115.43024266 101.35582654 2.81101036017 83.9090687752 81.8850516909 0
1602 1.35460186005 31.33472 100.81397 1.2437751 129.634932358 109.095572436 -2.80152906401 98.6484500052 128.221144555 0
1605 1.3433470726 31.335612 100.76499 1.1262837 116.70348198 101.811994096 2.0034624486 85.3742902902 50.2586401733 0
1608 1.36076903343 30.238332 99.003137 0.9296569 116.768957669 115.587865454 -2.7456537392 88.1056320361 149.420211975 0
1611 1.34071803093 28.772289 97.32743 0.78863198 42.6306709051 97.8584846114 -0.789254845164 13.868553206 -90.4062556312 0
1614 1.34295606613 27.005154 95.945316 0.6582802 -1.87858227699 90.5793854091 0.00269964688404 29.3779412557 -37.5619988244 0
1617 1.33795785904 26.209553 95.323497 0.64585939 79.2280833505 78.3522976435 -1.18802781094 55.6685384048 -105.073996717 0
1620 1.34432411194 26.225548 95.299359 0.74214735 79.6507375569 94.1077553865 -0.675026273519 53.4384767594 -81.1980674649 0
1623 1.34576010704 26.287241 95.304851 0.87876564 69.1780933918 100.806459995 -2.63802560951 43.242258503 158.502703975 0
1626 1.34285402298 26.503119 95.525486 1.0159202 77.8341078378 79.2550125744 0.688686542347 53.8479221564 -18.7491074981 0
1629 1.34301304817 26.584147 95.637624 1.1414331 58.3288792221 98.5724907687 1.56367311332 31.8801108343 24.1925707049 0
1632 1.34380912781 26.62792 95.717086 1.2595284 98.4480601304 76.1302521202 -1.98860497901 74.4431097535 173.895666087 0
1635 1.33867096901 26.756174 95.797181 1.3910555 132.617631258 101.91049199 2.7888821658 106.037826761 80.0895684409 0
1638 1.35225296021 26.381693 93.77201 1.3952992 136.0126382 108.955048462 2.20328625747 110.677318374 46.2942482944 0
1641 1.3565030098 26.011804 91.856332 1.39866 51.466750978 118.203751087 2.88190030913 36.6352401137 84.9834097168 0
1644 1.340487957 25.609249 89.727224 1.3968171 138.857130753 106.407136288 -3.0909437595 114.469656221 102.870243287 0
1647 1.34549403191 25.2462 87.568251 1.3940659 128.995951074 91.8744758362 -2.97655720401 103.839079446 109.581742298 0
1650 1.34314012527 24.820481 85.505592 1.4017015 47.7191623666 69.5000226832 -1.97296633927 27.9379286541 166.645775551 0
1653 1.3541431427 24.493958 83.448062 1.398475 127.87318263 112.109568616 -2.6966742642 107.27882385 125.365230685 0
1656 1.35045814514 24.080092 81.345956 1.3962744 73.3818482919 82.0136221731 -0.672900138477 49.3062769998 -118.554968131 0
1659 1.34021019936 23.622432 79.208855 1.3888608 63.7521355084 101.636294571 -0.421842025879 45.971547172 -103.745629875 0
1662 1.34337496758 23.236261 77.182266 1.3737053 39.1295877131 106.611127663 0.644711634566 33.4463111983 -41.7682603211 0
1665 1.3452630043 22.741503 75.111069 1.3685019 16.0568786668 75.9672778008 1.19121416043 6.73923556392 -10.1578392365 0
1668 1.33467507362 22.23837 73.007777 1.3690406 19.7606745732 71.5104693953 1.43753933387 2.89497922114 3.92468835298 0
1671 1.33845090866 21.796618 70.8705 1.3677106 18.1894432573 71.6825480816 1.59056484666 3.69744935214 12.76860778 0
1674 1.34211301804 21.306705 68.900927 1.3588762 18.5393355575 68.5057006309 1.36018280312 2.79544942968 0.0748628442406 0
1677 1.34765791893 20.800373 66.796896 1.3509317 20.2378703601 67.2931853028 1.51643672618 0.7501415146 9.4827394881 0
1680 1.35080504417 20.180988 64.758154 1.3339286 21.061704143 64.5369879421 1.47192748698 0.908061313805 7.9067538013 0
1683 1.34766793251 19.716632 62.635567 1.3210663 104.11479514 51.3393310466 -2.39347716102 85.1507773782 147.172336865 0
1686 1.35499787331 19.127208 60.642471 1.320188 16.635977818 61.7921098881 1.37824063433 2.74370140368 3.32617093681 0
1689 1.33572483063 18.573484 58.538556 1.3117791 110.590285303 52.3663981753 -3.12284860173 92.2235721181 105.914548979 0
1692 1.34137296677 18.03732 56.562177 1.3046299 18.4200372824 57.403147015 1.64574623607 0.923960542628 19.5445263799 0
1695 1.34453606606 17.470308 54.449011 1.30616 14.2392825952 55.7769080767 1.91595577947 3.49325576118 34.9387245286 0
1698 1.34742689133 16.865167 52.414515 1.2995721 13.7280857932 52.5065430566 1.47729897672 3.13843076409 10.1829999422 0
1701 1.34095406532 16.322269 50.452679 1.2871313 126.354360088 134.542415913 -1.44726016618 138.485179436 -156.669090549 0
1704 1.35309386253 15.679585 48.421133 1.2791916 17.5284599495 46.1166701324 1.58788880719 2.95446910404 17.6870471194 0
1707 1.34338998795 15.049517 46.343459 1.2810584 87.9756982784 48.9047945548 0.798385623003 72.9711474192 -27.6551130078 0
1710 1.35020017624 14.370513 44.264129 1.2685694 134.909523759 111.711787869 -2.86182175132 138.126173485 123.346019291 0
1713 1.35447621346 13.728985 42.398373 1.2622613 123.649299371 95.8793922144 -1.14644860611 122.240316294 -138.008911692 0
1716 1.34731793404 13.116178 40.310007 1.2578142 15.0158888378 39.5716920883 1.42290782739 2.03813890011 9.45916807416 0
1719 1.35104203224 12.482531 38.460523 1.239848 17.2201885852 38.597059443 1.67309447342 4.73962462597 24.8231944161 0
1722 1.34486293793 12.331027 38.238303 1.1567887 15.902728784 38.0417715994 1.27116431437 3.57710472664 6.55323998262 0
1725 1.34032082558 12.263795 38.100898 1.043782 17.7497034314 37.356402251 1.47250537434 5.53619591763 24.5640399283 0
1728 1.34556007385 12.231882 38.075858 0.90529637 80.0762246492 23.9451732804 -0.952564365149 69.3002963929 -106.447579047 0
1731 1.35189914703 12.170047 37.918491 0.7605547 135.142492196 105.882376322 -2.70255860969 140.503779257 161.578223379 0
1734 1.34962296486 11.9457 37.868652 0.60051086 123.52133991 40.1145339002 2.38369369557 111.598241056 102.168850578 0
1737 1.34250402451 11.861848 37.85602 0.47073445 20.4753482328 106.05015455 -0.399919482749 68.7359612818 -49.884795763 0
1740 1.34723997116 11.68598 37.868337 0.32347919 15.2806958137 36.9837455878 0.794653282373 3.7019567458 26.9962869089 0
1743 1.34365200996 11.634663 37.834152 0.18688423 20.3160122016 34.4107802342 0.914282590311 9.33195039676 41.6768560706 0
1746 1.35181903839 11.546787 37.799316 0.059161186 62.2843280138 63.0316759808 1.59489491154 56.6654220696 87.9910609291 0
1749 1.35275197029 11.461332 37.784444 -0.088384018 77.3057958216 44.1367543115 1.38131882989 66.15017205 84.2077703224 0
1752 1.35910987854 11.353119 37.809133 -0.22428348 12.8686344883 40.3550219511 -0.0800041999911 2.96282597304 8.2665938157 0
1755 1.35197401047 11.259101 37.929753 -0.36642208 13.6364357584 37.5298400137 -0.170504233178 2.41073659904 11.2252657542 0
1758 1.3561270237 11.22919 38.083377 -0.50941267 15.0405924192 40.4864709292 -0.395840681694 4.50573510466 6.50719560082 0
1761 1.35327506065 11.185129 38.110347 -0.64618684 11.8134265175 34.832934146 -0.449904806007 3.33709346382 11.246132142 0
1764 1.34055805206 11.588805 37.741111 -0.76036767 8.91004109692 36.9316814607 -0.528744424359 2.79838385993 13.2710344123 0
1767 1.344591856 13.063467 36.224873 -0.77289998 65.9809407568 106.925094383 2.86282103405 88.3107033852 -151.688530408 0
1770 1.35138297081 14.493375 34.807156 -0.77803694 12.1545094677 34.5163104896 -0.479966838147 2.35687994793 17.0781588352 0
1773 1.34727501869 15.892318 33.28564 -0.77023756 64.3979461634 110.677281042 2.8315451949 91.3359845119 -153.633049421 0
1776 1.34920310974 17.405154 31.857105 -0.77891679 37.5771250068 64.6712033443 -3.07758597698 38.5184821151 -131.704042911 0
1779 1.346118927 19.008966 30.381332 -0.78385491 57.8201252121 28.669105418 0.208702765298 38.8489098851 56.8693657179 0
1782 1.34401082993 20.517371 28.856906 -0.78454873 120.983220255 54.6550889659 -2.06454681103 103.725277107 -73.3384878278 0
1785 1.33537006378 22.037399 27.308602 -0.78653789 87.9971201003 136.145341209 0.691771859477 127.263980015 84.7009094581 0
1788 1.35913705826 23.470866 25.802264 -0.78746834 83.9945378211 112.989925741 -1.73730453633 106.135777241 -54.4216052787 0
1791 1.34974503517 25.030138 24.239515 -0.79252133 87.0563666609 78.4027543463 -2.49978199724 82.3462782303 -97.8188307615 0
1794 1.35674905777 26.508975 22.80392 -0.79210599 142.372519977 29.4366229988 2.84999139738 116.053236938 -151.323191128 0
1797 1.35569500923 27.961008 21.312251 -0.79564812 144.196461033 44.8755768267 0.151418533431 118.599792858 54.2629221592 0
1800 1.35823893547 29.36401 19.750057 -0.78815021 101.275738771 135.255081365 0.469608017703 136.061410357 72.0642380952 0
1803 1.33920097351 31.016391 18.179875 -0.79578372 96.7575144337 40.0040391624 2.59418716117 69.2689645636 -165.768975837 0
1806 1.35438585281 32.405165 16.663972 -0.79079715 33.7156952046 17.5961153259 -0.901501147518 1.60822280708 -6.34287183303 0
1809 1.35892915726 33.875627 15.226881 -0.79213801 34.9497783619 15.5583434335 -0.293827065735 1.12413010504 28.5511139916 0
1812 1.35316991806 34.400964 14.714584 -0.72873329 33.7457535793 14.4987193085 -0.704490732028 0.689853796388 1.38899625639 0
1815 1.33509993553 34.541831 14.529671 -0.59347242 30.2282999458 13.6585488104 -0.627392857436 4.40061405091 -1.94349790433 0
1818 1.35113692284 34.648846 14.435796 -0.47955783 32.3473503364 14.2713476739 -0.36703096356 2.30736333103 6.44731452887 0
1821 1.33861303329 34.668797 14.324629 -0.34405458 55.1780086333 32.5103617621 -2.21452971162 27.4107394631 -107.170330726 0
1824 1.34385919571 34.864126 14.20779 -0.22615765 25.4218128609 46.1026056789 -1.16727193041 33.2631409312 -53.9218763069 0
1827 1.34263491631 35.017605 14.088235 -0.094353638 57.9269400499 31.7690496592 -1.89040473808 28.9387083236 -102.906147825 0
1830 1.35951089859 36.599142 14.0692 -0.022879679 75.0049532381 53.4078481426 -0.114327654861 54.9775915673 -5.23958306182 0
1833 1.35769104958 38.63985 14.009333 -0.014813302 38.1345786073 14.4514933115 -0.0353065470887 0.671420078191 -1.17417645211 0
1836 1.34888100624 40.768535 13.925491 -0.0089087199 115.265143034 111.876991591 2.4629146076 123.061940001 141.625044368 0
1839 1.33744716644 42.905865 13.952369 -0.011506708 44.2836790747 13.7575415045 -0.188126069495 1.39152052712 -10.119543994 0
1842 1.34169888496 45.04117 13.838962 -0.010052037 44.9021833565 17.3198286743 -0.202008128042 3.4836403505 -10.9982738685 0
1845 1.33874702454 47.095509 13.764363 -0.008210261 44.5510572049 16.4908301355 -0.0618628883951 3.72932406457 -3.07406910953 0
1848 1.34983205795 49.256947 13.750747 -0.012245698 49.2772146559 15.2817616028 0.0253741120317 1.5311487491 2.1554563409 0
1851 1.35001111031 51.347189 13.680192 -0.017629817 51.5198195147 15.3440016429 -0.06061400309 1.67274140927 -2.46281244876 0
1854 1.34156703949 53.510554 13.649042 -0.0075411209 51.184824524 15.7964743642 0.0203975382087 3.16551470605 1.60076725218 0
1857 1.35320091248 55.608657 13.581194 -0.0077936973 56.0069905811 17.4870270242 -0.0150489300181 3.92609236449 -0.41569421413 0
1860 1.35578894615 57.666716 13.591636 -0.01411162 57.479438782 14.2003204869 0.0261128557387 0.636843435218 2.30469269295 0
1863 1.35699701309 59.905766 13.533857 -0.012519778 58.0054272905 15.699073974 -0.0253863376018 2.88087690736 -0.737199562034 0
1866 1.34867691994 62.027534 13.447994 -0.021676244 60.7252903378 13.9900643841 -0.0334175203597 1.4105597673 -0.672725581506 0
1869 1.35505104065 64.181261 13.371995 -0.025327169 63.3774811147 15.3950315761 -0.0506172736561 2.17686450938 -1.44901626024 0
1872 1.3620929718 66.241252 13.310079 -0.024907545 64.621869503 14.8296678904 0.00335277976744 2.22070936131 1.61919733684 0
1875 1.35844707489 68.444119 13.24669 -0.026304862 66.0177965812 15.087811113 -0.0248833732155 3.04577862506 0.0814453079759 0
1878 1.35457897186 70.49734 13.123327 -0.017605166 69.824761898 15.8327825966 -0.0408016451362 2.79168603777 -1.32906035407 0
1881 1.34422802925 72.634932 13.039101 -0.019360635 71.3215000851 15.0202096465 0.0404791910059 2.37695074922 3.42856947694 0
1884 1.33907580376 74.720419 12.994859 -0.019347658 74.7000298277 15.1206544325 0.0410753250925 2.12589320978 3.46198191679 0
1887 1.33931708336 76.914825 12.90632 -0.036038761 77.1147946447 16.6039776272 0.00710611556748 3.70306086733 2.47201933493 0
1890 1.34468603134 79.004774 12.78569 -0.032634565 77.584969191 15.652893494 -0.014682994317 3.19948457905 1.02854923577 0
1893 1.34869098663 81.177999 12.691712 -0.029848436 81.1757429179 14.096686194 -0.0016612631544 1.40497600537 1.61500604046 0
1896 1.3487868309 83.222919 12.597068 -0.02122413 81.9578360262 14.1522860749 -0.0113172367543 2.0047788384 0.567623171065 0
1899 1.35201501846 85.390174 12.538762 -0.021700441 83.5690093693 14.9736292747 -0.0464239680106 3.04059521429 -1.41655375239 0
1902 1.34015393257 87.449986 12.512039 -0.030894579 87.2101820598 15.1960270331 -0.0200465818056 2.69467951556 0.62154445541 0
1905 1.34544301033 89.572355 12.414566 -0.034322832 87.8964726328 15.3879382087 -0.0522395029115 3.41313990343 -1.02654962615 0
1908 1.34585213661 91.713838 12.339838 -0.030338307 89.7622055813 15.1453978965 -0.00830866181102 3.41760668167 1.2622056935 0
1911 1.33470988274 93.866625 12.234111 -0.027880568 92.4133351388 14.6511296858 -0.00865783001865 2.82028912498 1.10138175702 0
1914 1.33436012268 96.027017 12.118277 -0.016096141 94.3815895324 15.0349250499 -0.0657687062496 3.34877102807 -2.84602834639 0
1917 1.34840893745 98.003729 12.063433 -0.023465033 97.6417259591 15.3136303609 -0.00116551554803 3.27029495409 1.27766823518 0
1920 1.34660005569 100.1865 11.996018 -0.023536261 98.7102435993 14.9642545255 -0.00621874118016 3.31508084844 0.992220797311 0
1923 1.35939192772 102.26857 11.921444 -0.023061579 102.423826105 15.1661567931 -0.0056503517642 3.24842509038 0.997589836755 0
1926 1.34583187103 104.50291 11.810699 -0.022632517 104.288286517 15.103695209 0.0541992681777 3.29998291996 4.40213702314 0
1929 1.33871293068 106.528 11.779433 -0.025937223 106.038355869 15.2994725796 0.0406748662345 3.55393162801 3.81659157769 0
1932 1.3362929821 108.61821 11.737233 -0.017267816 108.395111645 15.7123694407 0.0195211609349 3.98139204276 2.10785311098 0
1935 1.34356403351 110.65428 11.638117 -0.015586443 108.684935362 14.9707868429 0.0285080870957 3.87104722092 2.52643047409 0
1938 1.33791685104 112.94226 11.558687 -0.011710616 111.467509413 15.9294145605 -0.0119132354471 4.6128243735 -0.0116092391643 0
1941 1.34114408493 114.89636 11.528856 -0.01668203 114.003699588 14.1301722512 -0.0255500297552 2.75021614608 -0.508098958693 0
1944 1.33821797371 117.03777 11.494892 -0.018548407 116.267258337 15.0162429562 -0.0291106972661 3.60466375396 -0.605174654242 0
1947 1.34343600273 119.07747 11.406331 -0.016261061 118.75492335 14.7692089049 0.0663232212629 3.37831084191 4.73173082778 0
1950 1.34218001366 121.291 11.334615 -0.012126455 119.780651896 15.5256746148 -0.0171457994852 4.45489978467 -0.287587254923 0
1953 1.34109997749 123.43737 11.229443 0.0013807468 123.180625263 15.1276619719 -0.0159263377944 3.90666469165 -0.991622902936 0
1956 1.33954286575 125.58554 11.258252 -0.0049853053 123.782024744 14.9056140747 0.00280044817374 4.06889633462 0.446090814375 0
1959 1.34328198433 127.50849 11.183265 -0.012828209 126.382918035 15.5664571495 -0.0140846187875 4.52540447573 -0.0719869781622 0
1962 1.3419380188 130.28779 11.390648 -0.01314096 129.368977397 15.2556371815 -0.0488306108926 3.97270159629 -2.04486636844 0
1965 1.33577013016 132.78769 11.256475 0.0084755214 131.42014928 13.7928956533 -0.0394983714853 2.88159632002 -2.74870158914 0
1968 1.34487605095 125.9239 10.596074 0.27888777 131.994905138 14.0416410165 -0.0529594722119 6.98061855753 -19.0134464218 0
1971 1.35349607468 93.936275 13.265891 0.84250578 133.418173586 13.4960751308 -0.0266969864081 39.4825695803 -49.8016500563 0
1974 1.3469350338 59.212281 6.4432491 1.3602712 133.194902604 15.2585464243 -0.0834436387288 74.505957925 -82.7187670796 0
1977 1.34584712982 41.747696 3.5851691 1.5088422 133.99285536 13.7574429216 -0.0914112206759 92.8043349202 -91.6877671561 0
1980 1.33497405052 40.889782 2.6549702 1.6071612 137.205069005 11.7704094299 -0.178320904119 96.7456755792 -102.300588962 0
1983 1.34868001938 40.408125 3.8011614 1.6070032 134.419052437 9.958401861 0.0680999010987 94.2123457287 -88.1726641058 0
1986 1.36315488815 40.388712 5.5337894 1.5172855 141.720693977 14.2505231679 0.017614896441 101.706204427 -85.9247962438 0
1989 1.33821797371 40.44034 7.6724587 1.5542124 68.7040869732 104.39252411 -0.22134917686 100.765125147 -101.73218462 0
1992 1.336769104 40.554207 9.7439313 1.5604739 35.5595919845 88.4645363994 -0.474099874111 78.8788935417 -116.572490365 0
1995 1.34463906288 40.580821 11.876658 1.5652859 64.0652603756 103.726710521 -0.613509477247 94.8048049458 -124.835779539 0
1998 1.34179401398 40.665042 14.024391 1.567666 33.4763922255 84.2230112787 -1.79276529908 70.5657351312 167.461469219 0
2001 1.33346009254 40.771617 16.174621 1.5548315 104.341615486 52.4869180376 -2.33644143936 73.2101606584 137.046483641 0
2004 1.34124803543 40.847233 18.25792 1.5551713 58.8913203457 79.9531018152 -0.306644485571 64.2797366777 -106.674186744 0
2007 1.34850096703 40.88758 20.352438 1.5597309 21.3468547129 100.870784455 3.08141242866 82.8555614342 87.1859293554 0
2010 1.3497159481 40.971014 22.508388 1.5678505 39.6665718646 24.5017189797 -1.20989006678 2.38221276956 -159.152811059 0
2013 1.34122896194 41.044823 24.54743 1.5705547 117.974238022 66.7795045045 -2.2080726205 87.7592332038 143.500602183 0
2016 1.34615492821 41.105608 26.696222 1.5717508 138.949653967 126.440364377 0.70557612713 139.722407901 -49.6281530766 0
2019 1.34560012817 41.160404 28.869777 1.5672714 25.9466371828 49.2265854241 -2.94439177516 25.4137433289 101.500741479 0
2022 1.34749317169 41.204205 31.003136 1.5608691 18.6724090774 126.328133863 -0.977868370811 97.9517077194 -145.458942369 0
2025 1.34346294403 41.244227 33.116661 1.5660557 79.0930695233 116.073134817 2.2632668747 91.1828461305 39.9472577397 0
2028 1.34159994125 41.277887 35.228156 1.5643441 17.9947505396 107.494129781 2.33569438234 75.9241424709 44.1951157045 0
2031 1.3480489254 41.31792 37.33529 1.5797774 18.4850749734 112.017395595 2.42490729115 78.0945305899 48.4223759032 0
2034 1.33431506157 41.419072 39.474789 1.5713492 75.1499896287 51.3838402728 1.95837763763 35.7715013145 22.1750960276 0
2037 1.34482097626 41.429937 41.518923 1.5745722 94.474452104 60.140961272 -2.85196713081 56.2183323483 106.377978496 0
2040 1.34264993668 41.494048 43.684079 1.5737379 12.3444754054 109.569415095 -1.81654372382 72.0456459117 165.751171594 0
2043 1.33926486969 41.508319 45.798644 1.5762653 86.6186368822 98.0296116581 1.21298868896 69.0145981799 -20.8142166086 0
2046 1.33460187912 41.512588 47.943477 1.5772604 40.9624859278 115.117869271 -1.04024002933 67.1766446716 -149.971727474 0
2049 1.34299206734 41.583607 50.107906 1.5744728 94.2476948778 101.368247356 0.946372534457 73.492372039 -35.9874943267 0
2052 1.34132885933 41.632502 52.265699 1.5728612 39.3563470231 13.8573365846 -2.61570987127 38.4757480097 120.012555426 0
2055 1.34005284309 41.660201 54.305408 1.5732479 42.0853064853 52.6980734047 3.06742325883 1.66260012473 85.6099419132 0
2058 1.34740304947 41.689009 56.508616 1.5685378 66.742764823 133.284826703 2.38054215755 80.760616706 46.5244226338 0
2061 1.34471702576 41.794127 58.57462 1.5657057 58.7305002482 112.850513286 -2.75981483171 56.8569549905 112.165929336 0
2064 1.32755899429 41.856016 60.76704 1.5641567 39.6620732483 61.7787464313 1.84655207505 2.41597489658 16.1800631443 0
2067 1.33562994003 41.858156 62.785084 1.5639758 73.3422980376 87.0581568602 -2.00830687349 39.7546634487 155.323279582 0
2070 1.33986496925 41.958088 65.023529 1.5767642 56.0925149837 60.8347955275 2.06489426969 14.7420322297 27.9677928465 0
2073 1.34846496582 41.99726 67.044355 1.5737097 38.085043805 66.5981428846 1.70465899951 3.93758057797 7.50284219234 0
2076 1.34558105469 42.044947 69.102812 1.5759217 36.0567203552 70.3756435589 1.76688330544 6.12200608684 10.9412940408 0
2079 1.35543298721 42.097902 71.261122 1.5727544 37.5213948971 70.600326841 1.49885219729 4.62396664182 -4.23428431185 0
2082 1.33787703514 42.114798 73.459441 1.5684742 36.4241347933 73.2695046963 1.81685943239 5.69383206035 14.2314255092 0
2085 1.35190701485 42.172982 75.545483 1.5804547 38.9157919229 73.3980846595 1.89164718007 3.90135961313 17.8300157242 0
2088 1.34437298775 42.213453 77.648417 1.5799022 38.6657108216 80.2131088524 1.44103805796 4.37768418939 -7.95632926486 0
2091 1.34906888008 42.308345 79.80823 1.5843424 36.5851038929 81.4051108506 1.42610344406 5.9418445975 -9.06642432982 0
2094 1.34025001526 42.259747 81.948131 1.5870316 37.2561216915 81.0168981029 1.51548983642 5.08954427592 -4.09904111217 0
2097 1.34956502914 42.325886 84.065588 1.5841531 37.0293352123 83.8859204049 1.54239247022 5.29959721972 -2.39270783599 0
2100 1.35206913948 42.338042 86.100283 1.5789413 37.4585248733 85.3311367281 1.6145709093 4.93976450625 2.04142623857 0
