3 2.83560419083 72.513547 45.80148 1.6808269 54.7211669312 14.2289789115 1.8484969146 36.2407452117 9.60678418773 0
6 2.82775902748 72.505015 45.806851 1.6805552 123.372300656 23.3993002345 -0.0854581147542 55.5839822366 -101.185109499 0
9 2.84858798981 72.51553 45.801787 1.6811119 19.4028451916 42.2427772203 0.360072434644 53.2317934901 -75.6899859351 0
12 2.84044599533 72.511327 45.798497 1.6805172 72.31884686 50.9213432978 0.41426684552 5.12646104004 -72.5508011187 0
15 2.83666992188 72.518426 45.80176 1.6806948 113.310879654 45.3971569587 -2.14581070264 40.7944601472 140.757384415 0
18 2.8406329155 72.509508 45.806599 1.6825332 131.575129777 70.938469466 -1.76533507858 64.1900193878 162.451699321 0
21 2.86142611504 72.510969 45.800989 1.6811293 132.58579714 6.79847577828 1.86959510882 71.625281945 10.7982954281 0
24 2.88395619392 72.522343 45.818169 1.6838228 34.5656904887 96.9875561255 -0.179186247326 63.7103888598 -106.742555606 0
27 2.84786391258 72.508499 45.799812 1.6808804 54.017406812 100.906164796 0.634275283078 58.1259890991 -59.9660560164 0
30 2.83245897293 72.523901 45.815543 1.6832165 132.123625217 68.6216284694 -1.2207665424 63.8141415456 -166.385972107 0
33 2.86555790901 72.511009 45.802779 1.6808191 70.812652372 100.502405673 2.86325882769 54.7259862718 67.7488059254 0
36 2.8592839241 72.527172 45.853315 1.6851825 60.4849897708 98.2931378252 1.50272324393 53.8047318624 -10.4541453058 0
39 2.85888290405 72.188088 49.017093 1.6798669 36.1860285212 103.767956403 0.547405717414 65.5271343035 -64.8852462246 0
42 2.843572855 71.804616 53.279503 1.6643548 60.193279761 104.154120053 -2.09342962147 52.1828495729 144.69481233 0
45 2.83489489555 71.568933 57.324136 1.642571 104.894084274 66.067033845 2.47760190287 34.4529239709 47.8437464975 0
48 2.83062386513 71.37336 61.652431 1.6431927 68.0148242421 113.871998768 0.440803093561 52.3274595251 -68.8918497794 0
51 2.83244204521 71.165072 65.844712 1.6344026 57.1615692973 142.992915006 2.64938562201 78.4088216653 58.1542434385 0
54 2.82282590866 70.960331 70.343426 1.6128178 103.698165369 59.209191424 -2.15829756134 34.579429995 143.931005738 0
57 2.85165596008 70.885213 74.631613 1.6236159 63.1925565961 117.901334157 -1.82253568144 43.9482164773 162.550058821 0
60 2.83648705482 70.832043 79.069602 1.6124517 97.9464256681 70.7235178708 2.91618362308 28.3698231888 74.6983368089 0
63 2.8302230835 70.841819 83.283634 1.5826474 87.5910514306 48.0400543069 -2.28502454571 39.0211057839 138.39872097 0
66 2.84272408485 70.897044 87.066595 1.5142468 105.334542421 108.390022603 -1.17550203863 40.5046893856 -154.111256404 0
69 2.85720896721 70.898205 87.488163 1.2381173 44.47410852 132.053707784 2.43636063441 51.8104299988 68.6542858914 0
72 2.88264298439 70.648486 87.373684 0.94938085 43.8059676323 130.652057042 2.11942948954 50.9267941799 67.0388488709 0
75 2.8179500103 70.490448 87.162959 0.64684814 44.9501196303 129.496754894 1.79674158616 49.441466888 65.8840413549 0
78 2.82506108284 73.090524 88.460194 0.4660111 53.7052202415 107.510521285 3.04658825418 27.1791274966 147.856179642 0
81 2.82849693298 76.750616 90.291223 0.4640309 48.0192393779 108.2482541 3.09232492594 33.8813660961 150.590155006 0
84 2.85194802284 80.704264 92.172539 0.45240664 112.860374712 36.2653578198 0.0385870565488 64.4951809333 -23.7101156116 0
87 2.82101917267 84.637734 93.972859 0.42386385 36.2996373399 108.765747561 3.0503406712 50.5509756651 150.486036844 0
90 2.85214400291 88.678811 95.730817 0.41656148 66.9559871441 112.215098594 1.3256632423 27.2692613752 52.0876941277 0
93 2.82537698746 92.647535 97.41769 0.40779386 70.8485000062 99.3315432486 3.13145621688 21.882887399 156.054357868 0
96 2.8499751091 96.759828 99.128022 0.39320766 8.04312409418 45.3530560791 2.53372735873 103.741990109 122.642744702 0
99 2.85157084465 100.07577 100.58602 0.32958371 14.6087691481 68.9050914213 3.12025699058 91.1498188162 159.893800977 0
102 2.85605788231 100.12714 100.52966 0.1390585 83.5949684898 141.968073619 1.88975877234 44.614513537 100.307736798 0
105 2.8439218998 100.08551 100.52401 -0.14356162 94.1579212244 99.4935358412 -0.0313380706438 6.01649280602 6.42993574009 0
108 2.84452009201 99.772178 100.71077 -0.40700642 24.7967625434 113.211440537 -1.36280013089 76.0103919655 -54.7629457191 0
111 2.85009694099 99.760338 100.7618 -0.66729138 69.9688145855 126.200364923 0.242587679276 39.1746787183 52.1322299638 0
114 2.85610079765 99.638101 100.95548 -0.8821311 68.8127927246 125.439117603 0.250117974437 39.3655704967 64.8730933228 0
117 2.84650182724 99.549051 101.11221 -1.1251977 70.5958428418 123.38262877 0.124817975147 36.5275213346 71.6206225111 0
120 2.83355307579 100.80276 98.46873 -1.1938854 79.1030202201 86.9769151405 2.93263731436 24.5548470833 -123.567664402 0
123 2.83033204079 102.35582 94.496879 -1.1822805 112.894577523 70.1578760891 -2.95051172683 26.5226784625 -101.3121865 0
126 2.85498714447 103.84912 90.431736 -1.1842505 105.065398525 12.8693669599 -0.680900966995 77.5719048661 28.8398038611 0
129 2.83878803253 105.46668 86.336829 -1.1831903 101.806818379 88.430304807 -1.00516532772 4.21630502231 10.2000795596 0
132 2.83469295502 106.96067 82.891423 -1.1821311 105.113555017 83.6403650439 -1.0978118918 1.99317534266 4.83113476184 0
135 2.83686304092 108.13488 79.987125 -1.1809983 105.613885745 82.857458742 -1.0647988917 3.82023923678 6.65773567752 0
138 2.85400009155 109.11096 77.465416 -1.174964 106.632938706 80.8325041932 -1.10919401303 4.18065454618 3.76834267179 0
141 2.8421049118 110.00241 75.115832 -1.1797573 109.540798993 77.4223900932 -1.13479277073 2.35229567859 2.57627775505 0
144 2.85292720795 110.9669 72.896666 -1.1819268 109.638964824 75.3108387099 -1.15805759476 2.75529339715 1.3676047203 0
147 2.85159993172 111.79529 70.750926 -1.1680053 107.920025762 75.2183044571 -1.11809914996 5.91397862618 2.85941176917 0
150 2.83691906929 112.62755 68.634671 -1.166408 110.343900038 71.5878989531 -1.13324817691 3.73317726482 1.8999179122 0
153 2.84863591194 113.50263 66.493746 -1.1746568 112.214744073 69.4619616393 -1.21147746495 3.23557633844 -2.10966870032 0
156 2.85068798065 114.39844 64.423702 -1.1690506 111.875214142 68.5564960625 -1.11078415951 4.84217466584 3.33842112749 0
159 2.83064198494 114.9392 62.935672 -1.1627449 113.485074884 67.1540201606 -1.09316220506 4.46194364122 3.98679474748 0
162 2.84806919098 115.58582 61.52951 -1.1720902 113.798030002 64.4657954732 -1.13387629128 3.43772678652 2.18949568826 0
165 2.82683801651 116.16312 60.165609 -1.1710096 114.724461711 62.9554503608 -1.14052516072 3.13894130097 1.74662971172 0
168 2.85109591484 116.71267 58.758483 -1.1690165 114.133110558 63.9815359648 -1.10226351645 5.82532481392 3.82466422735 0
171 2.83611917496 117.29804 57.404001 -1.1730259 114.213707333 60.5844410237 -1.14602148614 4.43038449193 1.54723894264 0
174 2.8189239502 117.3062 57.346669 -1.1782941 115.003078751 60.7299100732 -1.21851598511 4.09276039453 -2.30454426114 0
177 2.83687996864 117.30973 57.394113 -1.1925087 115.276922856 60.7528627982 -1.2471336223 3.92600370496 -3.12977750382 0
180 2.83134102821 117.3509 57.478875 -1.2542253 114.941881789 60.9224834091 -1.26764959388 4.20259534277 -0.769155382345 0
183 2.82728695869 117.31554 57.561663 -1.3141336 114.946772783 60.1876135465 -1.36539769419 3.53647768299 -2.93721623762 0
186 2.83889007568 117.31761 57.625945 -1.389572 114.942094429 60.892571766 -1.37482902116 4.03904996941 0.844710465258 0
189 2.8315410614 117.34247 57.653648 -1.4539696 115.024215439 60.3218099975 -1.43586699572 3.53459936261 1.03720282329 0
192 2.81195497513 117.36058 57.739095 -1.5147103 115.830555593 61.0640307384 -1.52818807871 3.66007818902 -0.772219837508 0
195 2.83601403236 117.34118 57.80351 -1.5718326 114.65542792 59.1122662026 -1.5080943859 2.98765912253 3.6519306614 0
198 2.83852005005 117.32521 57.826191 -1.6475747 116.797100945 61.685061 -1.59115032595 3.8948397722 3.2328784945 0
201 2.8183350563 117.28663 57.948056 -1.7072698 114.877374806 59.367642474 -1.67452186404 2.79637914934 1.87631851854 0
204 2.82935094833 117.37131 58.006137 -1.7818651 116.74104372 59.8916168237 -1.68678440656 1.98803162679 5.44772244736 0
207 2.82420897484 117.40314 57.989067 -1.8555926 115.626172741 60.8184200643 -1.62133642127 3.34108536297 13.4218903659 0
210 2.86179113388 117.02719 57.008887 -1.8977403 118.596103659 63.0765902729 -1.85919806478 6.26725722116 2.20830741104 0
213 2.83191800117 116.38504 55.250118 -1.9095407 116.349152498 55.8070541424 -1.8110423878 0.558091192869 5.64353757802 0
216 2.87222409248 115.67443 53.450651 -1.9075572 116.53944773 55.4355411276 -1.82848903925 2.16518925099 4.53027190459 0
219 2.82706093788 115.02136 51.574537 -1.9165104 114.889884562 53.9244462619 -1.8966488031 2.35358435799 1.13798567666 0
222 2.84082984924 114.35753 49.684701 -1.9233127 114.249634956 52.4292651538 -1.87719883089 2.74668413451 2.64213007677 0
225 2.84818220139 113.59486 47.870819 -1.9110101 113.962935529 50.5767475415 -1.88408758002 2.73084764621 1.54254676877 0
228 2.85196089745 112.87829 45.986656 -1.9118326 115.013099539 44.8881830042 -1.77682907226 2.40084457861 7.73513235873 0
231 2.84682488441 112.17059 44.128463 -1.9122248 113.717929758 44.0971594664 -1.79685320843 1.54765636915 6.6103052729 0
234 2.81971502304 111.43202 42.277019 -1.9027456 112.579611841 41.8188313122 -1.76226404261 1.23567916162 8.04900033782 0
237 2.83169388771 110.82393 40.37458 -1.9174412 110.674258129 41.8453302665 -1.86600359648 1.47834637873 2.94715758993 0
240 2.83449792862 110.14399 38.567468 -1.912432 112.07514025 37.7029372738 -1.78258217288 2.11583427139 7.43984706421 0
243 2.8381690979 109.42625 36.696167 -1.9074722 109.748313121 37.9433226307 -1.87489026217 1.28806902818 1.86680752606 0
246 2.86286091805 108.96452 35.308972 -1.917648 109.090700693 36.5295914165 -1.90469116353 1.22712400651 0.742372045718 0
249 2.84542512894 108.91335 35.330429 -1.9171391 109.554649391 36.8673723068 -1.95062448434 1.66537072078 -1.91857119816 0
252 2.82031798363 108.9585 35.348205 -1.9450374 108.368060902 37.1211759385 -1.99212366525 1.86870122748 -2.69784427162 0
255 2.82549905777 108.97674 35.368834 -2.0165302 108.004622586 38.0236855822 -2.07759821294 2.8272334872 -3.49893940462 0
258 2.84620594978 108.99865 35.397074 -2.0803106 107.990210982 37.8305857604 -2.08339109746 2.63418464444 -0.17649950346 0
261 2.83077383041 109.05048 35.474836 -2.159245 109.324547539 38.0384952597 -2.1035148623 2.57826721189 3.193101682 0
264 2.87641191483 109.09365 35.518169 -2.2238592 109.382879678 38.7264355919 -2.20391319254 3.22127743783 1.14282204544 0
267 2.82971596718 109.14301 35.568827 -2.2920109 110.860950606 37.5186477754 -2.25247988572 2.59867677503 2.2649602783 0
270 2.84071707726 109.24021 35.586114 -2.3597618 109.493161876 36.2905745138 -2.40328696503 0.748498007409 -2.49380825868 0
273 2.84760499001 109.32691 35.57971 -2.4292889 109.213047963 37.0264012903 -2.39360900212 1.4511651363 2.04430756188 0
276 2.83629894257 109.34422 35.612178 -2.4970016 111.489270832 37.1530498453 -2.45841540481 2.64112269979 2.2108261321 0
279 2.85384202003 109.45255 35.562283 -2.5751384 107.509981668 36.8704171692 -2.53632197444 2.34196215361 2.22401736053 0
282 2.81233000755 109.51035 35.610832 -2.6455993 109.538003651 37.3199391197 -2.56224749101 1.70933082551 4.77570686989 0
285 2.83515405655 109.52669 35.619453 -2.7060079 109.517138091 36.6273503375 -2.56313505254 1.00794259848 8.18601116656 0
288 2.83566308022 109.56751 35.667144 -2.7779359 108.063864861 37.4824295201 -2.61005931595 2.35716147573 9.6186197452 0
291 2.84727692604 109.58407 35.725569 -2.8421247 109.57618787 36.6702392718 -2.54520480241 0.944703154675 17.0122569853 0
294 2.85869693756 109.62066 35.728072 -2.9074408 111.02981206 37.1804022768 -2.73948631234 2.02360390397 9.62308329307 0
297 2.90011620522 108.40689 35.538158 -2.9474042 109.768448031 36.1667454427 -2.94174526012 1.49965410818 0.324233371844 0
300 2.8385310173 106.63579 35.154474 -2.9731605 104.722214155 37.094636427 -2.92678172659 2.72506931215 2.65730797555 0
303 2.85576486588 104.74277 34.838538 -2.9724974 107.358437452 35.0330078722 -2.88820619997 2.62288672094 4.8295300118 0
306 2.84593605995 102.71686 34.507066 -2.970186 107.087947552 34.6167567106 -2.76271363766 4.37246365741 11.8872907279 0
309 2.84382891655 100.87602 34.149296 -2.9774562 101.233491815 35.3394501575 -2.86260916895 1.24267977253 6.58025016863 0
312 2.84298491478 98.917573 33.856952 -2.9648121 98.5466807908 33.7499543277 -2.93344348585 0.38601752906 1.79728919983 0
315 2.80967187881 96.872255 33.519705 -2.9713846 96.9703464374 34.1743425382 -2.93655281828 0.6619457957 1.99571408542 0
318 2.85478901863 94.700759 33.157106 -2.9752463 92.7791137756 34.7064314504 -2.91259244233 2.46842656761 3.58980161467 0
321 2.84303212166 92.656194 32.878926 -2.9695623 93.4938858195 34.0288203126 -2.80851461142 1.42266809716 9.22735285579 0
324 2.86247706413 90.628889 32.525228 -2.9736018 90.6136426379 32.5335649845 -2.92217033755 0.0173769061216 2.94680573238 0
327 2.83042693138 88.510396 32.191288 -2.9695852 86.9644857481 33.7444613164 -2.93742253229 2.19138902471 1.84278511762 0
330 2.83410906792 87.334812 32.006658 -2.9896435 86.9346189984 33.9485324317 -3.00666528524 1.98268271471 -0.975276454248 0
333 2.85104584694 87.328365 31.983283 -3.0015998 86.1912304725 34.0782033382 -3.06447364 2.38364556024 -3.60240567357 0
336 2.85916996002 87.328448 32.00285 -3.0442403 86.7496610593 33.8102244439 3.13544592635 1.89778731767 -5.93006051484 0
339 2.82140994072 87.480424 31.977098 -3.121648 86.3970991169 34.6620612064 -2.98233989872 2.89527550021 7.98176625506 0
342 2.85442495346 87.509332 32.088761 3.0972389 86.1099625136 34.7088308328 -3.12388927328 2.97035366379 3.55561186101 0
345 2.84056186676 87.537767 32.004513 3.0032565 86.0436332063 33.4651551781 -3.09144968088 2.08947633772 10.7990584631 0
348 2.84248304367 87.588829 31.971963 2.902116 85.5503019283 34.3291531157 2.92878146152 3.11639821969 1.52781840372 0
351 2.84166908264 87.696053 31.883789 2.7788249 87.0446099789 34.4895118583 3.0217332655 2.68592062877 13.9176241513 0
354 2.85043501854 87.777704 31.698119 2.6376296 46.2923451483 72.1821587956 -1.72144518524 57.9654420947 110.243412224 0
357 2.85954213142 87.896098 31.65995 2.4917922 85.4398602619 31.2668532001 2.65659910588 2.48749450657 9.44274014138 0
360 2.87341690063 87.958395 31.594625 2.366513 84.8556527551 34.2569423201 2.56405948132 4.0883912424 11.3185796373 0
363 2.84900808334 87.964094 31.460561 2.2184109 86.3711759957 36.3780179709 2.72434555879 5.1690202968 28.9879206582 0
366 2.83447885513 87.708527 31.831987 2.1125682 88.0111367426 33.5706071704 2.49157734252 1.7647585538 21.7156242634 0
369 2.83383488655 86.721318 33.612273 2.0920166 86.3545428523 33.9925031455 2.15369043281 0.5282981852 3.53365032633 0
372 2.83101797104 85.724716 35.405361 2.0873093 83.0627594134 36.9591146371 2.02410111868 3.08223348141 -3.62156202021 0
375 2.79339599609 84.755772 37.248267 2.0862059 82.4554274351 38.5263537134 2.07701179978 2.63155671876 -0.526783138913 0
378 2.83561491966 83.690185 39.149374 2.0868314 82.0091533872 41.0314606565 2.14280296993 2.52351292163 3.2069347297 0
381 2.81720304489 82.666747 40.97523 2.090975 80.7718436476 43.2086567892 2.21081512494 2.92896806703 6.86633337516 0
384 2.85940098763 81.635815 42.877142 2.0910396 80.8543345422 43.8967001711 2.21771082037 1.2846052196 7.25772631289 0
387 2.84373283386 80.624097 44.699122 2.0805048 79.3153867012 44.1298702268 2.16136895452 1.42715459129 4.63317476768 0
390 2.82768893242 79.602515 46.546403 2.0762437 78.8422025001 46.2093505488 2.12582275075 0.831672683467 2.84067036007 0
393 2.82269501686 78.599692 48.40129 2.0808805 76.7733038465 49.4935379614 2.1373301847 2.12807408154 3.23432868809 0
396 2.85296702385 77.532669 50.298142 2.0919608 75.4549649935 50.5207348183 2.09171109261 2.08959362109 -0.0143071797751 0
399 2.8633389473 76.53881 52.074716 2.0854653 75.4429510646 53.3937278948 2.07164739549 1.71484669427 -0.791707610276 0
402 2.8261051178 75.533974 53.92833 2.0838411 75.7043817141 54.6543604773 2.01560307712 0.745760714346 -3.90975071355 0
405 2.82835507393 74.451304 55.860797 2.0823704 73.1119648078 56.0217146257 2.12954122616 1.34897144298 2.70268925533 0
408 2.8417699337 73.464188 57.689364 2.0801622 71.5108884492 57.3225531328 2.10161910768 1.98744291682 1.22939025151 0
411 2.82451081276 72.461178 59.521835 2.0808323 70.3381499939 60.4127356276 2.16792782598 2.30237960441 4.99020605324 0
414 2.82919001579 71.469371 61.42577 2.0898858 69.3989780204 63.1573721344 2.06949265889 2.69906892128 -1.16844091669 0
417 2.82815599442 70.386885 63.322712 2.0827703 68.4037975631 64.0879603323 2.13542839157 2.12561539151 3.0170864041 0
420 2.83693695068 69.38246 65.186025 2.0922796 66.8841285639 65.0855534144 2.13110125895 2.50035087615 2.22431721162 0
423 2.85680007935 68.400253 67.014087 2.0893798 64.5039817766 68.0393580608 2.11128500111 4.02890930576 1.25507557275 0
426 2.84809398651 67.30799 68.901204 2.089526 64.8735537752 69.0759680006 2.13464511992 2.44070116741 2.58513514657 0
429 2.84698200226 66.315197 70.741557 2.0869248 63.6732281647 70.9030315736 2.13205125736 2.64689882022 2.58555555082 0
432 2.85071802139 65.281228 72.464006 2.0745737 62.8726432368 72.469132896 2.11005945608 2.40859021977 2.03318405616 0
435 2.8319439888 64.283593 74.421326 2.0918621 61.250973915 74.6595512592 2.08607278974 3.04196150355 -0.33170304416 0
438 2.83474183083 63.28447 76.191493 2.091939 59.6901181656 75.6644639811 2.07806441399 3.63278470273 -0.794955221059 0
441 2.80166912079 62.204887 78.125252 2.0893553 58.3463127009 78.4533117168 2.15823227917 3.87249516458 3.94636021231 0
444 2.83602809906 61.273659 79.948227 2.0960183 57.5751271475 80.0383197364 2.10929808712 3.6996289767 0.760875754624 0
447 2.82739496231 60.19879 81.787566 2.089809 57.1769919812 81.0368954814 2.13823311753 3.11364248006 2.77449756112 0
450 2.83203601837 59.161438 83.629466 2.0974137 57.3963054083 82.6815821285 2.0985165153 2.00354109021 0.06318666239 0
453 2.8242521286 58.11891 85.485673 2.0964985 55.7542654518 86.3354693033 2.07513274995 2.5127072246 -1.22416730385 0
456 2.79131197929 57.036783 87.336936 2.0992423 54.4512064777 87.9786365533 2.05888322121 2.66401680793 -2.31240487951 0
459 2.77324700356 56.357629 88.602308 2.124456 54.7917885091 88.303469692 2.10627874959 1.59410187167 -1.04147973156 0
462 2.82831907272 56.200217 88.720884 2.2094598 54.9921062128 87.9672310178 2.20092056997 1.42391168678 -0.48926184122 0
465 2.81957483292 56.199637 89.07416 2.3631742 53.8724054501 88.4991437092 2.39229426593 2.39721722449 1.66845687684 0
468 2.8275039196 56.109511 89.161307 2.4869631 53.2500967249 87.6052967499 2.4358629773 3.25536755148 -2.92782136354 0
471 2.82313799858 56.023191 89.233423 2.608836 52.579724991 88.2000003462 2.59579694348 3.59519408888 -0.747082907525 0
474 2.84216594696 54.873312 89.789936 2.6823278 52.302482574 89.3497393185 2.66696823334 2.60824405602 -0.880038344661 0
477 2.83789300919 52.997249 90.667048 2.6986067 49.018888556 90.1810930204 2.70133250099 4.00793014722 0.1561768923 0
480 2.8110229969 51.122563 91.609157 2.7018871 46.8545809421 90.3955215916 2.69870610686 4.43718173515 -0.182257481494 0
483 2.819272995 49.137432 92.566213 2.7007601 46.9829255786 91.7119387189 2.72037176304 2.31768903588 1.12366552142 0
486 2.82864689827 47.308569 93.452781 2.7003868 44.6295563599 92.9819118348 2.7223879393 2.72007839901 1.26057242628 0
489 2.85969996452 45.360782 94.336008 2.7008969 42.9174461115 92.9924598497 2.65578520821 2.7883708319 -2.58470954602 0
492 2.83533000946 43.468079 95.251019 2.7064338 41.5736770638 93.2596340385 2.75527351376 2.74852192292 2.79830947096 0
495 2.84108090401 41.590918 96.131677 2.7064065 36.797471205 96.561484932 2.7065729772 4.81267774062 0.0095384410305 0
498 2.84546494484 39.606214 97.06058 2.704478 35.8486815422 97.2511555533 2.73385785687 3.76236218528 1.68334180107 0
501 2.81892704964 37.718719 97.944153 2.696243 34.99552475 95.9186963812 2.69482514282 3.39385642559 -0.081237232194 0
504 2.85277199745 35.769603 98.891663 2.7044976 32.6884488262 96.7511099558 2.73382650646 3.75173005126 1.68042255764 0
507 2.85328698158 33.862509 99.822852 2.7013631 31.2891971053 98.9418914744 2.74406966778 2.71993116738 2.44690609149 0
510 2.83208298683 31.979521 100.73965 2.7066945 27.8530366039 98.6299809591 2.8053921876 4.63449856334 5.65496094694 0
513 2.86762785912 30.015598 101.64307 2.7044148 27.4173974646 99.9693856424 2.70918031093 3.09060922002 0.273043663731 0
516 2.82346606255 28.083667 102.5122 2.7038251 25.4290339227 101.368847065 2.68933809175 2.89038625592 -0.830044430393 0
519 2.81246185303 26.231599 103.44351 2.6987262 22.9766701715 102.136267592 2.72285266759 3.50762660367 1.38234476734 0
522 2.8262591362 24.326425 104.3449 2.7056645 21.1237949003 102.931293898 2.69637238294 3.50073160475 -0.532399090165 0
525 2.83447313309 23.072168 104.95788 2.6888385 19.3831351764 104.196215629 2.6792857583 3.76684161964 -0.547331782188 0
528 2.85535907745 23.059574 104.94595 2.6093304 19.2506252183 104.934615025 2.59611738699 3.80896564738 -0.757049880213 0
531 2.83164787292 23.148655 105.02795 2.4881616 18.4288067046 105.381022358 2.44836103284 4.73303581456 -2.2804045206 0
534 2.84175491333 23.15609 104.97342 2.3614352 18.5406410747 105.642353189 2.36629737082 4.66367241482 0.278581867172 0
537 2.82274198532 23.189116 104.80794 2.2179164 18.6319421292 104.580593384 2.18736909428 4.56284123902 -1.75023169323 0
540 2.83507394791 23.170444 104.45908 2.0515088 19.0500676341 104.105881562 2.08880830377 4.13548673479 2.13710414391 0
543 2.82092094421 23.203193 104.36781 1.9241471 19.4432752944 105.469392395 1.98306357007 3.91796693798 3.375665079 0
546 2.83881497383 23.268475 104.40083 1.8086424 19.5069101407 105.278676001 1.80329068977 3.86263948506 -0.306630409289 0
549 2.81627988815 23.269141 104.3114 1.6661585 18.5672535601 106.676868258 1.6793695909 5.2633815725 0.756939751439 0
552 2.80402207375 23.273746 104.22596 1.531085 19.6173468785 104.873840666 1.58105541049 3.71335480307 2.86309362179 0
555 2.80798196793 23.201513 103.9692 1.3630267 18.9555154079 103.110783915 1.36701162918 4.33190186037 0.228319623761 0
558 2.83013391495 23.573375 105.47089 1.3112874 20.0134981411 106.354439271 1.39243905727 3.66788529874 4.64964746183 0
561 2.82738900185 24.091257 107.45193 1.3021436 18.5963105727 106.364977982 1.269392559 5.60141954587 -1.87649642419 0
564 2.86483407021 24.69734 109.54228 1.2971878 20.9298023287 109.092902789 1.2831365663 3.79424300525 -0.805076387849 0
567 2.82788109779 25.24514 111.62222 1.291934 21.0901964314 111.204546468 1.2981516771 4.17588400668 0.356246656338 0
570 2.83663702011 25.838263 113.71051 1.2925571 22.2512844023 114.583700953 1.29604868134 3.69173101676 0.200052874781 0
573 2.79960203171 26.485855 115.66064 1.2984976 22.7997910496 115.677277259 1.34902854943 3.68610149681 2.89521013735 0
576 2.81251692772 26.666562 116.70228 1.2516028 22.3859168667 116.604196088 1.29006892356 4.28176870124 2.20394653438 0
579 2.8139898777 26.671044 116.66524 1.1445574 22.9272231552 116.313620319 1.16632455746 3.76029665292 1.24716625422 0
582 2.83465409279 26.68282 116.71548 1.0360889 22.8468510871 116.339994827 0.997481642487 3.85430235147 -2.21203291407 0
585 2.8277900219 26.598988 116.54426 0.86252405 22.7335939994 116.06865513 0.854194147229 3.89454371819 -0.477268272506 0
588 2.86377286911 26.490987 116.49462 0.72378221 21.8295200894 114.925709353 0.706312431918 4.91840974075 -1.00094455312 0
591 2.83148884773 26.414554 116.44154 0.58967497 21.5942830911 115.93562823 0.629414523713 4.8467471931 2.2769087075 0
594 2.81285881996 26.30131 116.37003 0.43724496 20.975005758 116.253516835 0.47847544027 5.32757845519 2.36233250674 0
597 2.83751893044 26.176025 116.35464 0.31453037 20.7810634437 116.66220863 0.353829082148 5.40372174117 2.25165034636 0
600 2.8417069912 26.088883 116.46581 0.14702743 22.2365134587 115.730754165 0.235182825477 3.92186921812 5.05093210215 0
603 2.79969906807 25.977812 116.45377 0.019989929 21.2079232567 116.455220613 0.0491709566799 4.76988896391 1.67194972791 0
606 2.81458997726 25.890585 116.45549 -0.11586106 22.2331700312 116.809412477 -0.0323482131116 3.67449933646 4.78493366183 0
609 2.83267688751 27.617035 116.21759 -0.13548047 23.8757666171 116.27318029 -0.0915859489093 3.7416813591 2.51497080225 0
612 2.85046195984 29.732468 115.90829 -0.14344069 26.7418592179 115.505374038 -0.0950418152075 3.01762856556 2.77305125879 0
615 2.85834503174 31.744289 115.6014 -0.14068963 27.4126842202 115.661277701 -0.157901769331 4.33201861813 -0.986182940044 0
618 2.8451769352 33.87565 115.27561 -0.13567301 29.85557469 115.147503902 -0.106954226522 4.02211594437 1.64546508601 0
621 2.82597494125 35.936054 114.9269 -0.14240112 32.628193289 114.622066467 -0.0920068567556 3.32187687398 2.88737859557 0
624 2.85475111008 38.113735 114.67885 -0.14674677 35.0524453142 114.607987692 -0.151932127082 3.06210973139 -0.29709907605 0
627 2.84045815468 40.163768 114.30534 -0.14012204 36.7061329183 114.500762898 -0.0740598187046 3.46315325496 3.78508646549 0
630 2.8284239769 42.346763 113.98058 -0.16006212 39.7076720493 114.602911791 -0.0954368461511 2.71147522642 3.70275544142 0
633 2.82355618477 44.341947 113.67079 -0.15507802 41.6851633337 114.523757399 -0.0741118893181 2.79034994805 4.63901757158 0
636 2.8166410923 46.544067 113.30502 -0.15009707 42.7879139095 114.283058964 -0.0623732836208 3.88139746151 5.02620272244 0
639 2.81355190277 48.557097 112.97025 -0.14631805 44.7812316231 114.391678041 -0.108641811553 4.03455288961 2.15868945095 0
642 2.82000494003 50.586062 112.64729 -0.14866611 48.1138488792 114.660991553 -0.080290976087 3.1885469512 3.91760659686 0
645 2.8180398941 52.747394 112.3225 -0.14488479 49.3453217271 113.99289468 -0.0583572988152 3.79002825015 4.95766005674 0
648 2.8226120472 54.919709 111.95097 -0.14565598 51.7300913628 114.122933245 -0.0297402841627 3.85889686418 6.6414801508 0
651 2.80922603607 56.9199 111.70562 -0.14317608 54.034794588 113.459750122 -0.0750619583373 3.37650791828 3.90265169652 0
654 2.8241250515 58.963864 111.32719 -0.14485493 56.2058287815 113.136158701 -0.112757320168 3.29835201684 1.83905757583 0
657 2.81059098244 61.070196 111.0267 -0.15209978 57.8290491893 112.308138236 -0.122882257834 3.48527138141 1.67404070796 0
660 2.8386991024 63.25691 110.67843 -0.1447313 60.0267294427 111.834399595 -0.108845954905 3.43079176543 2.05607882031 0
663 2.80893802643 65.338645 110.4192 -0.14848438 61.0121247376 111.831808276 -0.145916359573 4.55128989654 0.147136732158 0
666 2.82327103615 67.412523 110.08404 -0.1445869 63.5841440097 111.951715369 -0.116950994343 4.2596592561 1.58342075719 0
669 2.84904098511 69.507235 109.73429 -0.15139682 65.8551739713 111.720878073 -0.0878987860548 4.15741288902 3.63816935244 0
672 2.82796502113 71.647859 109.39116 -0.14906575 68.6640901509 111.818923803 -0.0950573008077 3.84667565948 3.09445619677 0
675 2.80728816986 73.702975 109.06139 -0.1559357 70.162752959 112.187195799 -0.119215337696 4.7226935106 2.10392178221 0
678 2.8122959137 75.754203 108.72815 -0.15045699 72.1089689127 110.524340225 -0.164336075355 4.06374591686 -0.795213014371 0
681 2.81152200699 77.860742 108.43703 -0.15243836 74.8785726693 109.694334992 -0.156340948103 3.23637911239 -0.223601827472 0
684 2.85933995247 79.97813 108.08555 -0.15170568 75.5730491734 108.94354484 -0.170558115927 4.48786054084 -1.08016501213 0
687 2.81668400764 82.120618 107.73965 -0.14888428 78.3652652484 108.986115261 -0.15744009676 3.95681057609 -0.490212190639 0
690 2.83942222595 84.192494 107.42985 -0.14593359 81.1949232376 109.156815122 -0.156256071946 3.45945646165 -0.591434649631 0
693 2.82549190521 86.28045 107.15458 -0.15823172 82.5102196108 108.360694705 -0.11910318402 3.95845296422 2.24189997017 0
696 2.81666302681 88.385341 106.75858 -0.15035877 84.5047701335 108.950068805 -0.0956164060004 4.45661905832 3.13650641775 0
699 2.79445409775 90.512184 106.42958 -0.15443508 86.9961798214 108.961768283 -0.118738389307 4.33292774971 2.04526971927 0
702 2.8235681057 92.541412 106.11165 -0.15857271 89.3634627552 108.315157713 -0.0995706922287 3.86714463712 3.38056660105 0
705 2.80563187599 94.624435 105.7799 -0.14991569 91.3319368841 108.496524572 -0.0924165258883 4.26855864549 3.29445942913 0
708 2.8314011097 96.812614 105.41142 -0.16008539 93.5962137766 106.80516845 -0.158035778857 3.50539086831 0.117434068115 0
711 2.81477999687 98.833392 105.05687 -0.15857643 94.0613372576 106.885830342 -0.164279535259 5.11053836678 -0.326763861442 0
714 2.81965494156 100.9283 104.72764 -0.15390186 94.8521717564 107.023858948 -0.178372961173 6.49553353372 -1.40209081723 0
717 2.82651305199 103.02648 104.38009 -0.15580909 98.7001699214 106.636756357 -0.106850930048 4.87949812411 2.80509593797 0
720 2.84032416344 103.56436 104.3046 -0.21764658 99.3799642064 105.98329604 -0.200449208535 4.50856834831 0.985336803678 0
723 2.83300590515 103.46604 104.39779 -0.32798619 100.32573854 106.49236623 -0.257864505879 3.77475069938 4.0176765525 0
726 2.82105016708 103.43166 104.43448 -0.46455789 99.0971397419 107.095942413 -0.486450430967 5.08639833721 -1.25435020021 0
729 2.81565093994 103.35806 104.51276 -0.60050128 99.2109726766 107.433227578 -0.572407573954 5.07222477247 1.60965078733 0
732 2.7974178791 103.30537 104.5712 -0.75278089 101.770347784 106.189820321 -0.666043928314 2.23074537937 4.96966183239 0
735 2.8471300602 103.24477 104.73622 -0.88717849 99.0049109102 106.673106206 -0.813552408679 4.661323125 4.2184637218 0
738 2.8617181778 103.11543 104.83266 -1.0218313 100.094132781 107.122722182 -0.964667682617 3.79112406596 3.27523401772 0
741 2.85433602333 103.3336 104.43355 -1.1359167 99.0097308922 105.968204563 -1.09630918034 4.5881378236 2.26934371322 0
744 2.86115884781 104.18264 102.5184 -1.1499809 101.879536562 103.936099734 -1.09970870651 2.70446999994 2.88038451412 0
747 2.86234092712 105.02068 100.61649 -1.1544373 103.927301448 103.294590069 -1.07622071754 2.89269712147 4.481480063 0
750 2.85884714127 105.97315 98.645528 -1.1675657 104.434471865 101.675595612 -1.04067067376 3.39835844766 7.27054944482 0
753 2.86629104614 106.66644 96.709247 -1.154133 104.968433463 99.3012078367 -1.08977365003 3.09862666018 3.68751912527 0
756 2.84412002563 107.65453 94.805864 -1.1707179 105.300131821 98.0385381631 -1.07673812684 3.99917154274 5.38464436149 0
759 2.82600498199 108.36584 92.821603 -1.1639211 106.457924721 95.5846680856 -1.10348512853 3.35777744641 3.46272609596 0
762 2.82954192162 109.18739 90.932737 -1.1605274 107.961344604 92.7820712772 -1.15750716474 2.21883405891 0.173046733256 0
765 2.81428599358 110.00551 88.971931 -1.1631703 107.884701179 90.1514795362 -1.11308577164 2.4267601456 2.86963209399 0
768 2.8455080986 110.83946 87.051439 -1.1600004 108.898301981 88.4979811895 -1.11295368816 2.42086322639 2.69557802838 0
771 2.83074712753 111.68317 85.129972 -1.1502451 110.698207451 87.4111364636 -1.10108601097 2.48472584655 2.81660832599 0
774 2.83302998543 112.49307 83.177328 -1.1488654 111.193251418 85.9261359896 -1.07290699519 3.04063705664 4.35209601396 0
777 2.82903885841 113.40329 81.226755 -1.149046 112.139084021 83.8621216462 -1.10253436148 2.92290508185 2.66492058539 0
780 2.84025502205 114.20236 79.347389 -1.1522317 111.878583222 81.6118596848 -1.11693400023 3.24465190681 2.02240922313 0
783 2.83673095703 115.10134 77.33273 -1.146946 113.56640034 80.7365009383 -1.12942729175 3.73385810661 1.00374804539 0
786 2.83076500893 115.87569 75.433999 -1.1405871 113.71066711 78.1411943344 -1.12412853073 3.46644352236 0.943006555912 0
789 2.82509303093 116.74641 73.521868 -1.1514597 114.788228009 75.9437734808 -1.13674102814 3.11449881458 0.843317777347 0
792 2.82909703255 117.66191 71.592443 -1.1472421 115.346760575 74.4563802652 -1.10397868406 3.68266934676 2.47881114069 0
795 2.82751083374 118.47567 69.543126 -1.1411103 117.414895084 71.3569487385 -1.13560660791 2.10123686183 0.315338328753 0
798 2.82970094681 119.32773 67.660396 -1.1493947 117.378805923 71.3584850746 -1.09994823593 4.18021146134 2.83307370327 0
801 2.84009599686 120.23613 65.736718 -1.1477983 118.421469345 68.1717617476 -1.06826006421 3.0368456244 4.55720522094 0
804 2.84874296188 121.05504 63.851108 -1.1435448 119.68695657 66.1078559104 -1.0785254594 2.63904592656 3.7253338032 0
807 2.81878709793 121.9387 61.889647 -1.1416966 120.577201667 63.9418718289 -1.16105680404 2.46278388376 -1.10925798212 0
810 2.83900785446 122.75206 59.947854 -1.134592 121.001477746 62.2549980401 -1.11756159609 2.8961097786 0.975770267542 0
813 2.83120203018 123.61313 58.017737 -1.1345099 122.392530534 61.0176268549 -1.10397231688 3.23870378378 1.74967462957 0
816 2.81687998772 124.50226 56.14403 -1.1250591 122.94026252 59.2007104034 -1.10341224605 3.43265658287 1.24027337111 0
819 2.81763482094 125.37031 54.195354 -1.1346431 124.3199342 57.2600230173 -1.08816140662 3.23967367287 2.66320485531 0
822 2.80293393135 126.19009 52.293812 -1.120627 125.220734624 55.8808525907 -1.11841877428 3.71571124329 0.126522013909 0
825 2.82483696938 127.09539 50.434417 -1.1252352 125.747124395 54.3348108963 -1.09902138511 4.12685021396 1.50194095795 0
828 2.83716893196 127.94916 48.435924 -1.125081 127.51263698 52.1668484558 -1.08682133698 3.75637453429 2.19211721648 0
831 2.83852410316 128.83417 46.49897 -1.1135569 126.545756912 49.1612731531 -1.11951079563 3.51065414709 -0.341133091405 0
834 2.83984303474 129.69028 44.561049 -1.1141866 128.007626332 47.5343843776 -1.15056862675 3.4164377113 -2.08453658306 0
837 2.80155301094 130.6504 42.689185 -1.1179531 129.220543865 46.0571124821 -1.14915389049 3.6588829021 -1.78767361279 0
840 2.82211685181 131.56218 40.752166 -1.1133477 130.22099105 42.5745792402 -1.10108084603 2.262736798 0.702838960361 0
843 2.80080413818 131.80181 39.159633 -1.0655485 131.925214865 43.3452469625 -1.09269776631 4.1874327462 -1.55553837648 0
846 2.807970047 89.526265 39.287264 -0.26055386 132.796731032 40.822220138 -1.073636869 43.2976826278 -46.5862248093 0
849 2.83790898323 49.129117 22.860079 0.57174269 133.083296561 40.5691004248 -1.07672330549 85.8015950065 -94.4501442127 0
852 2.85189294815 45.693587 19.436118 1.0035584 134.558522294 40.8914742852 -1.03874899213 91.418318942 -117.015594037 0
855 2.85999011993 46.841947 21.209275 1.0214136 114.257523843 64.7161541299 -1.02901807363 80.2353321962 -117.481081079 0
858 2.86090707779 48.00008 22.972907 1.0079248 135.405967604 37.8584732785 -0.965152441292 88.6643630291 -113.048998579 0
861 2.87613797188 49.170996 24.731115 1.014741 35.1932046335 90.7304430406 1.98000377152 67.4632489085 55.3054829291 0
864 2.8516690731 50.349541 26.532036 1.0144485 113.826919253 37.8643397312 2.49484390777 64.480994547 84.8204088757 0
867 2.82909202576 51.518278 28.351001 1.0069992 33.8018587042 76.0563997707 -2.26610244033 50.8888650349 172.465090092 0
870 2.82850503922 52.642563 30.101924 1.0170679 29.3407474019 78.7209287798 -2.63886860691 53.9145827763 150.530267986 0
873 2.82214093208 53.80357 31.912095 1.0183648 27.9532213138 76.5479808197 -2.57975173769 51.5810316891 153.843108194 0
876 2.84194517136 54.946688 33.671099 1.0064723 35.9681873209 102.715646299 1.39907710835 71.605397839 22.494598535 0
879 2.84650301933 56.161659 35.476636 1.0152563 24.1885885657 74.9241376189 -2.60894751104 50.7777768022 152.348417532 0
882 2.84019780159 57.333476 37.252395 1.017552 20.1310500891 72.7736951578 -2.66184268566 51.4371777857 149.186213349 0
885 2.85189795494 58.434052 39.044555 1.0099164 93.4553731052 73.8161250753 0.0723791464691 49.3513426104 -53.7169277636 0
888 2.85129094124 59.558673 40.733157 1.0155176 19.5763093588 66.2991595499 -2.43169494632 47.457453458 162.489270011 0
891 2.83238315582 60.829575 42.673596 1.0256616 89.9336597462 105.338713133 0.165683192435 69.0938829004 -49.2731332259 0
894 2.84025001526 61.938983 44.298725 1.0235902 131.593057951 11.336749202 -1.42432834222 77.0596003476 -140.255401061 0
897 2.85367584229 63.08776 46.123861 1.0214801 107.253688867 105.784530162 -0.860844835277 74.2295407339 -107.849274464 0
900 2.86998391151 64.233274 47.872937 1.026201 61.7003508957 47.0431396789 0.972259491206 2.66538234522 -3.09062079447 0
903 2.8364880085 65.367062 49.701179 1.0288308 62.2816088452 49.6602484595 1.72301866478 3.08572462799 39.774034841 0
906 2.84303212166 66.47055 51.411163 1.0247772 88.9691471306 79.6275395674 -0.808966068319 36.088097476 -105.065749985 0
909 2.85413885117 67.601685 53.206336 1.0345375 38.3032635792 63.9958515727 -1.35613784916 31.2219657299 -136.975607693 0
912 2.86584591866 68.713633 54.989386 1.0321621 66.5859819075 55.7804574346 1.40529511899 2.26995444584 21.3789471852 0
915 2.84449005127 69.889939 56.860516 1.0335194 108.999272915 20.2800561201 -1.62431915197 53.5506306623 -152.282931655 0
918 2.83893489838 70.97178 58.665246 1.0279054 68.9486202175 58.8064489975 1.23622193263 2.02808130809 11.9356581225 0
921 2.83194303513 72.083269 60.388926 1.0348295 69.227697268 60.7066563463 1.28091306739 2.87319377866 14.0995498192 0
924 2.8375351429 73.21006 62.180545 1.0389104 71.3595814434 63.485860124 1.21633712411 2.26453493265 10.1658024645 0
927 2.85410189629 74.211219 63.966291 1.0279221 70.9885158129 66.1646733561 0.94177921594 3.90111532972 -4.93562369172 0
930 2.84802508354 75.394113 65.876292 1.0355825 72.7203746312 66.2906348361 1.14968974032 2.70565275867 6.53786328236 0
933 2.8492770195 76.475569 67.55587 1.0353462 74.2897235455 68.1639975531 1.01584969665 2.26886303504 -1.11706735698 0
936 2.84397602081 77.652303 69.425792 1.0395167 75.8520617682 71.359680716 0.935734442105 2.6421192363 -5.94628536575 0
939 2.84829902649 78.72098 71.209083 1.0347632 74.48694503 71.8876359035 1.02776935641 4.28806321895 -0.400717720385 0
942 2.82169890404 79.923618 73.070281 1.0406815 76.2146122994 74.2317731973 1.05317461539 3.8866164477 0.715802784944 0
945 2.81590604782 80.886825 74.813727 1.0240856 79.2220279224 76.7364753439 0.995672395844 2.54332666083 -1.62795668058 0
948 2.81649518013 82.003807 76.66259 1.0354781 79.9125304984 77.6880715154 1.04131032282 2.32917361835 0.334161752725 0
951 2.82046890259 83.149971 78.458347 1.0359732 82.0366685968 80.0874118239 1.00054721824 1.97314328967 -2.02975924014 0
954 2.8149330616 84.209192 80.07724 1.046865 82.2832852174 80.6343774476 1.02549482146 2.0048738291 -1.22442103805 0
957 2.7883348465 84.421821 80.346791 1.1291589 80.5948244929 81.4867399376 1.12052122445 3.99316739512 -0.494902353588 0
960 2.83134913445 84.549549 80.462185 1.2384433 81.5973779102 80.2322805297 1.19655558184 2.96110962462 -2.39998946425 0
963 2.79846596718 84.477315 80.645515 1.377415 82.1155829852 80.9519699156 1.342848871 2.38153159225 -1.98049330607 0
966 2.83398413658 84.491575 80.745704 1.5042297 82.254172705 80.2648092136 1.43152552493 2.28849925178 -4.16564238454 0
969 2.82309603691 84.58151 81.604236 1.6242617 81.561414358 82.8636580336 1.62411071306 3.27217382574 -0.0086509142872 0
972 2.81292700768 84.52138 83.606555 1.6450761 81.1431780209 83.82902821 1.57279591007 3.38551959683 -4.14134982544 0
975 2.79350495338 84.450105 85.633891 1.6510189 81.1576973416 86.8302586326 1.59968237352 3.50303349993 -2.9413663021 0
978 2.82977795601 84.288283 87.799076 1.6553182 80.8787297385 88.0104536183 1.60606670956 3.41609922877 -2.82190253702 0
981 2.81184911728 84.219899 89.940013 1.6574582 81.2425890179 90.229192736 1.61736613626 2.99132071991 -2.29710604424 0
984 2.80542516708 84.085061 91.960688 1.6559816 80.4783341007 93.1692223272 1.63016905589 3.803818364 -1.4789498358 0
987 2.82658410072 83.972707 94.061302 1.6546883 79.8576499112 94.4716937252 1.65737698331 4.13547049464 0.154050206388 0
990 2.82886004448 83.850194 96.236204 1.650278 80.3851488648 96.3485234347 1.65276177116 3.46686507441 0.142309604937 0
993 2.8137280941 83.742141 98.372522 1.653672 79.2287569347 99.0623092029 1.67319336749 4.56579041412 1.11849196764 0
996 2.85009002686 83.558608 100.37046 1.6603574 79.9705063794 100.777963634 1.64974381011 3.61116774066 -0.608113905948 0
999 2.81429100037 83.448658 102.54165 1.6520527 79.9344488951 102.70042562 1.62539318989 3.51779410004 -1.52747741297 0
1002 2.81046104431 83.308795 104.69204 1.6576029 80.5652114935 104.751192097 1.62758287839 2.74422109675 -1.72002053905 0
1005 2.80785989761 83.194681 106.76107 1.661421 78.7140465029 107.514169996 1.68208609357 4.54348380664 1.18402264505 0
1008 2.81086707115 83.066158 108.84686 1.6653468 78.5879635875 110.06471728 1.71681931079 4.64084060803 2.94915762922 0
1011 2.80933189392 82.920912 111.09751 1.6564676 78.4778268548 111.299758818 1.65650527001 4.44768593676 0.00215833258682 0
1014 2.78983402252 82.798446 113.12029 1.6519674 78.6149037606 113.03230261 1.65869451439 4.18446740332 0.385435262682 0
1017 2.81141901016 82.725101 115.25424 1.6521864 78.231328375 116.613205159 1.65449412358 4.69476077215 0.132222821166 0
1020 2.80399990082 82.605874 115.888 1.7134215 79.0147243356 117.555208632 1.71933476778 3.95928535652 0.338805286719 0
1023 2.83523106575 82.650086 115.98425 1.8265292 77.9719766897 117.596788572 1.83085174518 4.94823073091 0.247663595668 0
1026 2.80012392998 82.697137 116.16336 1.9516157 79.1955003652 116.977347135 1.98181466148 3.59500127642 1.73027303846 0
1029 2.81396198273 82.611261 116.28116 2.0730733 78.3001260431 115.84914184 2.07721526314 4.33272712126 0.237317006701 0
1032 2.7855360508 82.517518 116.45008 2.1971216 79.2104906112 116.42270266 2.23248603372 3.307140709 2.02623279693 0
1035 2.82957601547 82.418538 116.4581 2.3123831 78.5051576596 116.281316448 2.39844179689 3.91737132687 4.93080012218 0
1038 2.80057787895 82.414024 116.83182 2.4679277 78.7854201111 116.404903724 2.52665765244 3.65363157554 3.36497840566 0
1041 2.84507989883 82.282962 116.94587 2.5874118 78.2319102612 117.217326337 2.60372582455 4.06013654123 0.934724753315 0
1044 2.82905697823 82.208722 116.96752 2.707272 78.3031690482 115.125041845 2.75269212862 4.3183410718 2.60238167504 0
1047 2.80921411514 82.043289 117.20312 2.8493508 77.3402208255 116.450866342 2.82156239297 4.76284954824 -1.59215844195 0
1050 2.81844687462 81.832352 117.28824 2.9891727 77.9487069663 117.593850394 3.03517075132 3.89565096755 2.6354942066 0
1053 2.81896710396 81.142386 117.29523 3.0875315 76.3940420258 113.834175912 3.09652727982 5.87585448204 0.515420217312 0
1056 2.84086489677 79.131234 117.37152 3.1037602 74.4113393227 116.102341088 -3.11740258838 4.88755776177 3.55362856185 0
1059 2.80458807945 77.094643 117.50841 3.1079346 74.6766096484 116.947045866 -3.09227919126 2.48234062528 4.75391768215 0
1062 2.80999708176 74.899205 117.59033 3.115912 71.5491501887 117.010338361 -3.0976120425 3.39989081291 3.99129646163 0
1065 2.82157492638 72.824078 117.69503 3.116944 69.4608125661 115.957437953 3.12163091447 3.78560173553 0.268540418268 0
1068 2.81823396683 70.711208 117.83017 3.1174699 67.2036612288 117.099265167 -3.1311416792 3.58289076406 1.98092869525 0
1071 2.80343484879 68.550781 117.88294 3.1169773 65.8285309119 116.755447616 -3.13516897105 2.94650379586 1.77840577045 0
1074 2.82721996307 66.454241 117.99143 3.11617 63.9534030348 117.388641129 3.12722814793 2.57245893086 0.63358520544 0
1077 2.81009602547 64.352032 118.06903 3.1139299 61.0167121767 118.460127028 3.12304794766 3.35817140854 0.522425648326 0
1080 2.82726979256 62.204954 118.16997 3.1178991 59.4831228297 117.684209647 3.09418504019 2.76483779644 -1.35871554249 0
1083 2.81472802162 60.134729 118.2293 3.1166836 57.0941598011 117.031726301 3.09951712032 3.26791123164 -0.983566834954 0
1086 2.82864713669 58.034017 118.36643 3.1239361 55.1162962745 116.719997788 3.10560609687 3.35019898801 -1.05023181767 0
1089 2.83316397667 55.858025 118.47896 3.1251128 52.162039448 116.390859122 3.10860415949 4.24505294157 -0.945875426962 0
1092 2.80867385864 53.766425 118.55 3.1243401 50.5448032606 116.282333624 3.12184024435 3.93969001625 -0.14323117786 0
1095 2.79383111 51.628528 118.603 3.1187628 48.3823764123 117.168859816 -3.12857032508 3.54883899305 2.0541787206 0
1098 2.81177783012 49.494235 118.64783 3.1200968 47.3048590077 117.531073579 3.11978095786 2.45774533669 -0.0180964215193 0
1101 2.79370713234 47.379245 118.80828 3.1260538 46.149302337 117.744757423 3.1369036763 1.62598869216 0.621652120165 0
1104 2.81422901154 45.313934 118.87713 3.1250737 44.2998554404 117.506800665 3.11200521642 1.70474567376 -0.748768953733 0
1107 2.8045759201 43.229975 118.9845 3.131291 41.706498057 117.929811033 -3.11780774052 1.85293033131 1.9530164078 0
1110 2.82999992371 41.038059 119.03542 3.1300111 39.1261719899 116.576760612 3.11724044552 3.11453333972 -0.731704603376 0
1113 2.83289599419 38.877743 119.09254 3.1262084 36.0134326137 118.401473275 3.11102109109 2.9464974474 -0.870168702791 0
1116 2.79458904266 36.866989 119.17866 3.1252668 33.6032328265 118.441029217 3.06800758324 3.34607285224 -3.28071145873 0
1119 2.83256411552 34.67231 119.25843 3.1314701 32.0594131724 119.78790125 3.08487143403 2.66600255744 -2.66990689084 0
1122 2.81101608276 32.567479 119.34722 3.1353596 31.4227227673 119.314844201 3.06242374107 1.14521396458 -4.17891689184 0
1125 2.82624697685 30.502201 119.36971 3.1349527 26.876265857 118.003316776 -3.13491562896 3.87484659087 0.763006647656 0
1128 2.82291412354 29.15421 119.31018 -3.13185 25.6144516322 117.599998254 -3.11631055286 3.93123529036 0.890344736953 0
1131 2.82478785515 28.938717 119.39146 -3.028318 27.1114027124 116.975019978 -3.01391978851 3.02956430661 0.824956750981 0
1134 2.83597612381 28.80706 119.32785 -2.9089456 27.3837435356 116.241902925 -2.89775630792 3.39836712355 0.641099212047 0
1137 2.82282805443 28.607415 119.34948 -2.7753086 26.1429387782 116.659775813 -2.73832816867 3.64803394479 2.11882264 0
1140 2.7974691391 28.309413 119.3977 -2.6319404 25.4347117117 117.585089044 -2.59272776258 3.3984505255 2.2467186275 0
1143 2.82418990135 28.176965 119.31562 -2.5155106 26.7553537375 118.032721275 -2.48533045964 1.91489104664 1.72919466754 0
1146 2.83277702332 28.13257 119.1422 -2.3876282 26.792446875 118.707957317 -2.36444385653 1.40872165387 1.32836503179 0
1149 2.82720994949 28.071656 119.10664 -2.2643471 24.6589495672 117.737597343 -2.28095943026 3.67706989237 -0.951816411611 0
1152 2.83929014206 27.847582 119.05477 -2.1225081 24.9473681972 116.729473298 -2.22014481814 3.71728998826 -5.59417187518 0
1155 2.85050010681 27.651134 118.95518 -2.0012288 22.1343133851 118.887303281 -1.77284795489 5.51723816285 13.0852585464 0
1158 2.81419801712 27.585975 118.8068 -1.8653126 26.2388961551 117.985007347 -1.81860805875 1.57796216017 2.67597309797 0
1161 2.8115401268 27.545652 118.66047 -1.7395281 86.9014082468 94.1839535585 0.323277302406 64.2044052752 118.190043515 0
1164 2.82849979401 27.426878 118.54472 -1.6078392 48.4691779247 93.7493799744 1.21369429215 32.5205669247 161.661960855 0
1167 2.83660507202 27.408113 118.27266 -1.4907581 26.9577703119 117.615292711 -1.60607532981 0.796831405956 -6.60719057346 0
1170 2.83816480637 27.619078 117.43976 -1.368489 26.5166506284 116.747704582 -1.46073126568 1.30164772956 -5.28509251622 0
1173 2.84454393387 28.00462 115.50954 -1.3464267 36.9807890337 139.054667285 -0.326324067578 25.1981076545 58.447575508 0
1176 2.81884002686 28.352772 113.43776 -1.3439724 28.1319063364 114.147672267 -1.38788401694 0.743476340139 -2.51595032222 0
1179 2.83178305626 28.777386 111.37552 -1.3470791 19.7531197657 75.943277175 1.74682276694 36.5633862311 177.267519203 0
1182 2.84124088287 29.292879 109.18718 -1.3487141 23.9703697742 111.040512178 -1.34859420824 5.63595108403 0.00686929182555 0
1185 2.81231594086 29.664866 107.14961 -1.3582731 20.2002513937 78.1562891366 1.99142906875 30.4990423511 -168.076203105 0
1188 2.82083702087 30.155372 105.1583 -1.3627181 27.2348607816 107.144541725 -1.47458468772 3.53193176155 -6.40948334486 0
1191 2.81161689758 30.584999 103.08809 -1.3538609 26.6175045861 104.110193028 -1.34295665232 4.09703630984 0.624767370807 0
1194 2.84487295151 30.932942 101.04272 -1.3388863 28.4643577059 101.45770162 -1.37240366177 2.50322155667 -1.92040336997 0
1197 2.83128809929 31.46397 98.886394 -1.3633561 28.5945767145 98.4825498233 -1.31438070345 2.89767285002 2.80608352234 0
1200 2.83012700081 31.761459 96.890841 -1.3338862 29.4989606231 96.5283465428 -1.3560715273 2.29135356005 -1.27112562149 0
1203 2.82630515099 32.148779 94.808879 -1.340085 30.765701908 94.2256241639 -1.38723169372 1.50102912907 -2.70130656841 0
1206 2.8221988678 32.63242 92.742465 -1.3409888 31.0030703343 92.4567180068 -1.35989716218 1.65421633324 -1.08336935027 0
1209 2.82293891907 33.223163 90.635151 -1.3443959 31.2235839978 92.1065234266 -1.26279481105 2.48258997893 4.67539800073 0
1212 2.80760812759 33.480467 88.544154 -1.3400822 31.5017001956 89.8557541374 -1.31221115979 2.37398672838 1.59689297451 0
1215 2.81389498711 33.996344 86.523674 -1.3537744 33.2779621128 85.9848026978 -1.40138444955 0.898028293674 -2.72785490151 0
1218 2.81214094162 34.391099 84.502242 -1.3500462 32.1005791561 83.3238016519 -1.35867687483 2.57588874163 -0.494501241965 0
1221 2.83188796043 34.871654 82.311763 -1.3462417 33.2731628527 83.1884213048 -1.36398311708 1.82310277587 -1.01650832149 0
1224 2.81895899773 35.319079 80.358924 -1.358939 33.7941496729 80.3236389927 -1.25501740041 1.52533749854 5.95426905679 0
1227 2.83357214928 35.776446 78.250756 -1.3606991 34.787630848 78.0322676096 -1.3159390431 1.01266607605 2.56456235121 0
1230 2.82725691795 36.167733 76.160289 -1.3496683 34.0840872883 77.0937131545 -1.36020968701 2.28316887335 -0.603976985749 0
1233 2.81343698502 36.593873 74.026216 -1.3452321 34.5035173114 74.4486603854 -1.36552175326 2.13261486534 -1.16251149941 0
1236 2.81465792656 37.096668 72.068535 -1.358637 34.4397339239 72.1014205647 -1.35002093982 2.65713758486 0.493663884524 0
1239 2.8053689003 37.456761 70.030489 -1.3570922 35.4481768607 69.2749779095 -1.37392377164 2.14597466258 -0.964378017787 0
1242 2.80544996262 37.942935 67.912468 -1.3598503 35.9258702911 68.7402328947 -1.37573200071 2.18030840957 -0.909954422433 0
1245 2.79650688171 38.381728 65.750541 -1.3597279 36.6391958363 65.0932537259 -1.32817846694 1.86237614414 1.80764936015 0
1248 2.82946014404 38.78715 63.709446 -1.3638712 37.5226883526 63.4229195344 -1.3843746823 1.29651867445 -1.1747630011 0
1251 2.81447505951 39.284372 61.704874 -1.358189 37.8868672411 61.8199892349 -1.3551744237 1.40223787874 0.172722499074 0
1254 2.79887795448 39.616785 59.610797 -1.3616912 38.0541253129 59.7676387064 -1.35850065671 1.57051094186 0.182804664654 0
1257 2.81709480286 40.0981 57.483375 -1.3627524 38.0702272789 58.0870195344 -1.32457451923 2.11581060041 2.18743143863 0
1260 2.82577490807 40.478176 55.366289 -1.371191 40.2410898197 56.6293632776 -1.33326401668 1.28513286766 2.17305607377 0
1263 2.8338201046 40.927924 53.368372 -1.3697355 40.4711696758 53.7429094396 -1.3516994767 0.590679952579 1.03338801402 0
1266 2.81823086739 41.311773 51.24524 -1.3687118 40.8923553339 51.7560428681 -1.32761531521 0.660931727716 2.35465513151 0
1269 2.86126208305 41.752813 49.127024 -1.3690442 40.3884457613 50.3265714042 -1.33561483527 1.81670359083 1.91536151086 0
1272 2.80874705315 42.124468 46.999249 -1.3746445 41.5850491269 47.5093646061 -1.35342193865 0.742422152316 1.21596319603 0
1275 2.80940699577 42.489069 45.000812 -1.3756167 41.8329913873 46.3524906488 -1.3691284317 1.5024889362 0.371750389934 0
1278 2.81760907173 42.919623 42.847052 -1.3693623 41.7795551295 44.3350200004 -1.38771750191 1.87451420896 -1.05167560135 0
1281 2.82138991356 43.26925 40.76156 -1.3849404 43.2721834058 42.711426875 -1.34468722881 1.94986908152 2.30633682108 0
1284 2.79447102547 43.723057 38.666685 -1.382086 43.1771041668 39.8040840081 -1.32425103435 1.26164218368 3.31369944012 0
1287 2.81123518944 44.069109 36.638541 -1.3748634 44.5604711872 37.2373081704 -1.33547062435 0.774570153944 2.25703978806 0
1290 2.80805277824 44.48264 34.512889 -1.372972 44.1265748041 35.6514447018 -1.39039362656 1.19293399225 -0.998185673948 0
1293 2.81088399887 44.660959 33.544964 -1.3339999 44.1573462079 33.3122685795 -1.32414010674 0.554772929332 0.564924540709 0
1296 2.82125091553 44.654294 33.324157 -1.2074321 44.755022494 34.2737453708 -1.19810927897 0.954915861946 0.534158298112 0
1299 2.80965399742 44.699557 33.107025 -1.0711259 44.1873711324 33.9650091341 -1.02786841229 0.999235276233 2.47847147803 0
1302 2.82258200645 44.829945 32.953901 -0.95914547 43.6868315478 32.9215224878 -0.967761791646 1.14357191842 -0.493678865266 0
1305 2.79711413383 44.914184 32.826307 -0.82117543 44.1363760867 33.7928783652 -0.830194663167 1.24066327182 -0.516763994932 0
1308 2.82434201241 44.932468 32.690373 -0.70238554 44.4281685113 33.9455034895 -0.838803947126 1.35265314107 -7.81619897622 0
1311 2.82423400879 45.019913 32.619075 -0.56167342 42.0943164444 32.2455081332 -0.504585838784 2.94935033691 3.27087746628 0
1314 2.80901002884 45.164806 32.47066 -0.44585332 43.9672529886 32.8649623501 -0.636097347428 1.26079639845 -10.9001798492 0
1317 2.79532289505 45.307079 32.373178 -0.30795343 43.7054113976 32.6303255936 -0.500033370457 1.62217877974 -11.0053699173 0
1320 2.81518697739 45.468859 32.25314 -0.19105128 42.020632858 32.2066898735 -0.434692653115 3.44853898641 -13.9596223943 0
1323 2.81530094147 46.833289 32.057508 -0.10389315 45.2571831243 33.986143244 -0.296707678852 2.49073154636 -11.047458732 0
1326 2.8186981678 48.863767 31.868312 -0.084237935 47.1433846275 30.8383212574 -0.417659689002 2.00514249807 -19.1036593022 0
1329 2.81044912338 51.033972 31.691587 -0.08198003 49.0104265934 34.1793343549 -0.0104105686254 3.20680883664 4.10062807879 0
1332 2.83411502838 53.111195 31.42619 -0.084122232 51.5797183152 34.2148141254 -0.043814452188 3.18148477111 2.30946566477 0
1335 2.81069493294 55.206155 31.249451 -0.082409142 53.7922752031 33.8963825554 -0.0118416860222 3.00088365966 4.04321739851 0
1338 2.78329110146 57.287235 31.07162 -0.080297126 56.0123715085 32.1119641595 -0.0103096100051 1.64547649399 4.00998928511 0
1341 2.79676198959 59.516372 30.847745 -0.092608556 58.7762681949 33.5412763199 -0.026645811667 2.79336080982 3.77938685538 0
1344 2.82295680046 61.567611 30.670937 -0.091677002 59.9210633751 33.0508184032 0.0139708878844 2.89395137729 6.05317820484 0
1347 2.81328511238 63.68279 30.502969 -0.089332225 63.3433382572 32.2934792036 -0.109103375491 1.8224034336 -1.13280347926 0
1350 2.81575608253 65.773678 30.270465 -0.081918863 65.938337785 31.9634039698 -0.0786037993569 1.70092774691 0.189939155569 0
1353 2.80964303017 67.870787 30.052005 -0.080757136 68.1214962146 32.1781361018 -0.0841793422633 2.14086164253 -0.196077975512 0
1356 2.79438781738 69.978421 29.855203 -0.080851998 68.9395790764 31.930005882 -0.0992814806597 2.32034470317 -1.05593157501 0
1359 2.79182314873 72.04312 29.748383 -0.089661546 70.6813804901 30.4187311755 -0.106550417953 1.51779483765 -0.967661083672 0
1362 2.79931020737 74.192216 29.503442 -0.097083695 72.6503756735 30.8200405615 -0.120392389958 2.02748695792 -1.33548984703 0
1365 2.79146194458 76.337484 29.313327 -0.092202589 75.5783953436 29.9552890329 -0.0899404474173 0.994148298783 0.129611165351 0
1368 2.77319502831 78.469083 29.072242 -0.088851811 77.7833586586 30.0763700157 -0.06825528619 1.2159321298 1.18009394425 0
1371 2.81730794907 80.508884 28.860474 -0.08148585 79.1678952401 30.3257924021 -0.113932501935 1.98630533246 -1.85905621521 0
1374 2.79053497314 82.648681 28.706332 -0.092016755 81.6740948505 30.2888247898 -0.0667487736809 1.85852134574 1.4477486864 0
1377 2.7745411396 84.803463 28.469695 -0.089914919 83.3371968241 30.6888621479 -0.0655738665219 2.6598194166 1.3946395759 0
1380 2.80027294159 86.909059 28.274418 -0.095059786 84.2958652081 30.1728224621 -0.0278961172182 3.22997233668 3.84819475781 0
1383 2.78367400169 88.999768 28.069648 -0.093100738 87.5614153851 30.2241991549 -0.0395866967427 2.59054992693 3.06612870873 0
1386 2.77387809753 91.148907 27.8824 -0.087682683 89.4532861282 30.2948471566 -0.0424707205502 2.94873386795 2.59045463188 0
1389 2.78678202629 93.191686 27.680334 -0.085944106 91.1599357267 30.2583296467 -0.066982498393 3.28238796112 1.08642008866 0
1392 2.81173801422 94.597595 27.536443 -0.026113958 93.6604366678 30.04249825 -0.0534725948898 2.67555202821 -1.56753442702 0
1395 2.78704595566 66.734672 23.138609 0.64678418 95.3744657281 31.6823975948 -0.00563567808084 29.8870224067 -37.3809043386 0
1398 2.8129298687 41.954155 8.6979942 1.5862633 97.7715840854 31.9106810951 0.023019775024 60.4517511955 -89.5672563323 0
1401 2.81032800674 40.498777 7.6026468 1.6671323 100.661553522 31.5377085288 -0.000464532792176 64.7491070111 -95.5462604484 0
1404 2.78625488281 40.36551 9.5759073 1.6613912 101.137063167 30.5087272709 -0.00372749571907 64.2756923434 -95.404273653 0
1407 2.7999830246 40.15753 11.693798 1.6450717 102.665866314 30.318974271 -0.0111693829375 65.2241466014 -94.8956239085 0
1410 2.79078912735 40.017928 13.779826 1.6578436 102.568843745 30.1385731744 -0.00586292884437 64.6546647167 -95.3233624511 0
1413 2.84671902657 39.937066 15.922073 1.6651068 104.671605391 31.6242869283 -0.00953463531173 66.6117115264 -95.9498864411 0
1416 2.80362892151 39.75755 17.953862 1.6630734 105.911131269 30.1120657647 -0.0291867118633 67.2615657971 -96.9593622481 0
1419 2.80380105972 39.645384 20.177858 1.663423 106.879669906 28.7601169454 -0.0249964068061 67.7798227345 -96.739306058 0
1422 2.81500601768 39.526919 22.292671 1.6684735 111.608739422 31.5403388549 0.076176248159 72.6726096686 -91.2319122608 0
1425 2.81260800362 39.303781 24.413998 1.6572417 112.365676186 33.3622436612 -0.00522548648714 73.6078231481 -95.2523533647 0
1428 2.77735304832 39.21094 26.55624 1.6661167 116.553301483 33.3682524534 0.0947970557986 77.6417696436 -90.0299838787 0
1431 2.81171798706 39.049874 28.673026 1.6660737 116.305920703 35.1728000112 0.11565402171 77.5289869295 -88.8325040401 0
1434 2.81203484535 38.816051 30.701859 1.6598041 120.106845698 34.9156735925 0.134983004954 81.3999357247 -87.3658132586 0
1437 2.84437584877 38.695572 32.853799 1.6647394 122.930365335 34.6123515232 0.125801344193 84.2531478055 -88.1746555298 0
1440 2.80286002159 38.58982 35.008607 1.6723781 123.963191172 33.326070423 0.121109343278 85.3899492595 -88.8811526507 0
1443 2.82993602753 38.393816 37.160762 1.6689022 126.772084937 35.5082491772 0.0767816106501 88.3937170787 -91.2217902456 0
1446 2.82597708702 38.314928 39.264936 1.6781402 129.484195399 37.2092762418 0.139744941758 91.1924396821 -88.1435555202 0
1449 2.83440208435 38.042909 41.445131 1.6601298 129.672300085 37.7820751069 0.254372039824 91.7025806016 -80.5439866758 0
1452 2.80760478973 37.893052 43.482766 1.6655679 135.537212123 27.2412626286 -0.121629794893 98.9856981484 -102.398885073 0
1455 2.79687809944 37.737395 45.529248 1.6663309 137.638563518 27.2006342722 -0.0850018305832 101.568605151 -100.343973986 0
1458 2.8266119957 37.667375 47.706088 1.6735516 140.660806213 26.412983471 -0.123273282702 105.171494111 -102.950482303 0
1461 2.82400918007 37.411337 49.793915 1.6717816 141.838174617 24.9432577352 -0.142191777952 107.342999684 -103.933018706 0
1464 2.82214021683 37.208006 51.943854 1.66906 138.816227522 36.8862963028 0.249526452164 102.717869549 -81.3332811682 0
1467 2.82037305832 37.03196 53.963531 1.6741645 141.588652635 38.8193361118 0.0576006131719 105.647757258 -92.6222880285 0
1470 2.81908297539 36.983983 56.143126 1.6856298 141.543006459 37.3575928669 0.571082624453 106.233166393 -63.858849227 0
1473 2.83871006966 36.720012 58.206076 1.6746777 83.1410735516 106.096695888 0.849091994394 66.6965248634 -47.3025765575 0
1476 2.8394908905 36.536888 60.398002 1.6787317 104.170601751 108.493923463 1.7791787803 82.9911856592 5.75519376583 0
1479 2.78576302528 36.401835 62.417273 1.6766351 69.4020131028 41.0086743071 2.46323279831 39.3362409594 45.0687282878 0
1482 2.79407000542 36.239068 64.615141 1.6886647 83.8520713298 64.0736826282 2.65405300745 47.6160819813 55.3126756083 0
1485 2.80576610565 35.99676 66.655908 1.678851 28.6317433126 124.003559069 -3.01303754013 57.8186523008 91.1745887046 0
1488 2.82735013962 35.830181 68.859683 1.6854848 84.7841180858 72.156185639 -0.0416458040595 49.0648029228 -98.9572942805 0
1491 2.82719993591 35.575227 70.898859 1.683738 135.892747011 17.6467928969 -1.51362549374 113.575469911 176.804566239 0
1494 2.82909703255 35.463169 73.006353 1.6935188 57.2621365537 105.70148769 -0.460585750396 39.2958880648 -123.421099368 0
1497 2.82775783539 35.205801 75.07321 1.6913976 32.0704278222 75.4787899429 1.45024750558 3.1614964897 -13.8168826397 0
1500 2.80987906456 34.978045 77.287591 1.6912075 72.7561958728 136.738059678 -0.115052290337 70.4382489093 -103.49106269 0
1503 2.8444609642 34.814043 79.320098 1.7000185 32.9301696545 78.0528963365 2.04464713374 2.2704138032 19.7457662124 0
1506 2.81659793854 34.580736 81.372215 1.6970036 57.434029888 132.89597184 1.05014497929 56.364621532 -37.0622689085 0
1509 2.82178616524 34.345965 83.441951 1.6955247 31.8408531 82.8206599899 1.85242719445 2.58100525973 8.98985072724 0
1512 2.8149600029 34.142398 85.698773 1.7034669 29.6846575091 85.4105571301 1.8520954314 4.46704809374 8.51578756445 0
1515 2.80740618706 33.910208 87.748137 1.7016389 30.3256031629 86.926171052 1.92541984064 3.67763780953 12.8217034343 0
1518 2.80937814713 33.670818 89.737713 1.6967853 31.6819698873 88.2449588828 1.79507989461 2.48673112134 5.63186542025 0
1521 2.80375599861 33.472926 91.900649 1.7056804 31.5717904782 91.474273388 1.95720266122 1.94836147434 14.4111640212 0
1524 2.82165002823 33.217902 94.036516 1.7078464 28.3750336029 93.0609325548 1.75938120755 4.94015560183 2.95272697075 0
1527 2.84345793724 33.034075 96.178482 1.7177188 28.2416297618 96.1023154726 1.73538791565 4.79305045887 1.01236575476 0
1530 2.83503198624 32.713254 98.174723 1.7080491 28.4815013904 98.0763748585 1.81019515093 4.23289528637 5.85253761211 0
1533 2.85821700096 32.45653 100.24821 1.7068362 27.3573417873 98.7070994973 1.77385564145 5.32698244878 3.83993114022 0
1536 2.81467700005 32.217075 102.39435 1.7082962 28.0882746182 102.083508665 1.71755413404 4.14048486632 0.530440547243 0
1539 2.81997895241 31.955228 104.48204 1.7110577 27.7931265207 103.420438113 1.71215486087 4.29535648002 0.0628626875415 0
1542 2.8193769455 31.741377 106.6002 1.7198575 27.859742552 105.252531306 1.713203176 4.10892892315 -0.38126468069 0
1545 2.82434892654 31.439656 108.68741 1.7105287 27.0293100882 107.862069191 1.71017453501 4.48690745541 -0.0202921592234 0
1548 2.80808091164 31.216018 110.75498 1.7177022 26.8811819348 109.823884046 1.736299719 4.43370537906 1.06555934816 0
1551 2.81343913078 30.916985 112.90957 1.719675 27.622283356 112.617867022 1.74717874155 3.30758968892 1.5758483115 0
1554 2.8069498539 30.668641 114.94646 1.716506 27.7188540952 114.349251839 1.7248089004 3.00963459095 0.475721150835 0
1557 2.81266999245 30.419865 117.12266 1.716223 26.8913424943 115.966981454 1.71590947882 3.71295892454 -0.0179634404565 0
1560 2.81436896324 30.132888 119.21343 1.725557 27.6382460553 115.790793502 1.73080368444 4.23528972198 0.300612874628 0
1563 2.82445216179 29.88258 121.34383 1.72867 26.0270425167 119.557674929 1.72361226842 4.24917865265 -0.289786673272 0
1566 2.81311106682 29.981486 120.5055 1.7055843 26.7785184771 120.251296911 1.71378304749 3.21303908526 0.469753628522 0
1569 2.82367897034 30.170653 118.4575 1.6900862 26.8460904828 118.215205929 1.73521063585 3.33338001855 2.58543972705 0
1572 2.80563306808 30.502618 115.6086 1.6745202 28.2113247787 114.992987194 1.71096505462 2.3725521601 2.08813635477 0
1575 2.83139681816 30.699806 113.48782 1.6738205 27.2758484388 112.612563763 1.67905532242 3.53405699758 0.299933231339 0
1578 2.82472610474 30.8492 111.36091 1.6697397 28.0419586207 111.651482082 1.70605521007 2.82223958872 2.08072545782 0
1581 2.81776118279 30.973164 109.37107 1.6787837 28.5020560849 108.756391196 1.72242677092 2.54641009263 2.50056376867 0
1584 2.80522990227 31.204408 107.09871 1.665475 26.9442829695 107.785947373 1.69059531551 4.3152010941 1.43928805877 0
1587 2.83800888062 31.322843 104.96751 1.6587885 27.709947917 105.099945728 1.72875612745 3.61532157674 4.00884975515 0
1590 2.83248519897 31.457099 102.91722 1.6541397 28.627667738 102.307380719 1.7312000971 2.89440584828 4.41523552117 0
1593 2.82494187355 31.546684 101.34427 1.631357 30.4459402688 101.845415075 1.75431162694 1.20945572389 7.04478119509 0
1596 2.83955907822 31.536552 101.09899 1.5279681 29.3470516983 101.928619551 1.58101474157 2.34140914035 3.03934867928 0
1599 2.80610513687 31.522716 100.84711 1.3818466 29.311436749 101.803998923 1.51157361934 2.4094381788 7.4328106968 0
1602 2.80322003365 31.33472 100.81397 1.2437751 28.7930962202 101.467716796 1.36476526926 2.62435445609 6.93222606103 0
1605 2.80580687523 31.335612 100.76499 1.1262837 28.3080956317 102.232569261 1.23181930975 3.36446789968 6.04674502675 0
1608 2.80022406578 30.238332 99.003137 0.9296569 27.003514152 101.388584528 1.00620798614 4.01925446042 4.3860541531 0
1611 2.83114719391 28.772289 97.32743 0.78863198 26.1186687553 98.853035529 0.865174957693 3.06091042558 4.38558957316 0
1614 2.8073091507 27.005154 95.945316 0.6582802 24.3207661318 97.3113954312 0.714555854887 3.01199456164 3.22435751439 0
1617 2.80212497711 26.209553 95.323497 0.64585939 24.4651387568 94.9324623263 0.777288902006 1.78770500023 7.53035634143 0
1620 2.802298069 26.225548 95.299359 0.74214735 24.4792019549 94.1118419293 0.866773338281 2.1118525759 7.14054314613 0
1623 2.80979514122 26.287241 95.304851 0.87876564 24.962221144 92.7818539854 1.00561035881 2.84977043889 7.26766704152 0
1626 2.82381296158 26.503119 95.525486 1.0159202 25.0552855035 94.2806729698 1.08354099212 1.90939291758 3.87438599577 0
1629 2.82681202888 26.584147 95.637624 1.1414331 22.0241520173 94.4481362318 1.15662002819 4.71258266692 0.870146889074 0
1632 2.82576107979 26.62792 95.717086 1.2595284 25.880238681 96.5272259437 1.35890563725 1.10243098797 5.69389627389 0
1635 2.81374406815 26.756174 95.797181 1.3910555 23.2581737265 96.7503704244 1.39642507265 3.62554492344 0.307653850768 0
1638 2.81706809998 26.381693 93.77201 1.3952992 23.1080701419 94.0345541816 1.47868639045 3.28413398997 4.77773407852 0
1641 2.83551692963 26.011804 91.856332 1.39866 23.5827687813 91.7280345725 1.57356282238 2.43242108276 10.0211935475 0
1644 2.80436396599 25.609249 89.727224 1.3968171 23.9933585275 90.6586405373 1.50572939178 1.86511093106 6.24021465604 0
1647 2.8262591362 25.2462 87.568251 1.3940659 24.0792416086 87.1574482138 1.54255778045 1.237154322 8.50795804198 0
1650 2.7971200943 24.820481 85.505592 1.4017015 23.7725586689 85.5226429184 1.53579139994 1.04806104112 7.68278534194 0
1653 2.8317630291 24.493958 83.448062 1.398475 20.424016958 84.0111965114 1.39223332788 4.10871519621 -0.357621469756 0
1656 2.79268503189 24.080092 81.345956 1.3962744 19.2752360834 80.9838813084 1.39797940854 4.81847885348 0.0976897933009 0
1659 2.81037092209 23.622432 79.208855 1.3888608 20.2389530257 79.0416133946 1.47026919635 3.38760973605 4.66435752785 0
1662 2.82097196579 23.236261 77.182266 1.3737053 19.8908243682 77.468900541 1.41079254316 3.35769349666 2.12494250702 0
1665 2.79946017265 22.741503 75.111069 1.3685019 19.4760487266 75.6668983259 1.41904638149 3.31242175021 2.89598546689 0
1668 2.7923579216 22.23837 73.007777 1.3690406 18.9916336032 72.7158188191 1.40793928647 3.25983692998 2.22873056336 0
1671 2.83206701279 21.796618 70.8705 1.3677106 18.68157282 71.2115630507 1.43508232932 3.1336608748 3.86011574852 0
1674 2.8232190609 21.306705 68.900927 1.3588762 19.2951577489 69.3847888158 1.44081232823 2.0689235366 4.69459433703 0
1677 2.82241415977 20.800373 66.796896 1.3509317 18.9644554506 66.6425185008 1.43843489164 1.84239671637 5.01356357506 0
1680 2.80938816071 20.180988 64.758154 1.3339286 21.1186826171 65.6766020972 1.51622601579 1.31256165653 10.4448725409 0
1683 2.80557799339 19.716632 62.635567 1.3210663 17.9534067437 63.1334763157 1.4332198598 1.83217820942 6.42592563419 0
1686 2.78834199905 19.127208 60.642471 1.320188 16.847441644 61.0272254212 1.39063620979 2.31200575311 4.03638509518 0
1689 2.81196212769 18.573484 58.538556 1.3117791 15.0724688009 59.8267383585 1.37278719848 3.73048538573 3.49550655912 0
1692 2.80579209328 18.03732 56.562177 1.3046299 16.7221165243 56.572069135 1.40806043278 1.31524067641 5.9261330009 0
1695 2.81117486954 17.470308 54.449011 1.30616 16.7028374701 54.3331642483 1.42602057215 0.776164598611 6.86750491422 0
1698 2.80199289322 16.865167 52.414515 1.2995721 14.3751747289 51.4988188494 1.33083521587 2.65302863734 1.79124459357 0
1701 2.81516098976 16.322269 50.452679 1.2871313 15.0252370278 50.9808094727 1.39824431256 1.40043340907 6.36630666839 0
1704 2.8180141449 15.679585 48.421133 1.2791916 14.4703068908 48.5131892545 1.42481184923 1.21277693717 8.34342569254 0
1707 2.81342697144 15.049517 46.343459 1.2810584 13.6760051333 46.7927320013 1.35274903398 1.44512320505 4.10757075795 0
1710 2.81295800209 14.370513 44.264129 1.2685694 14.2555891966 45.0749200508 1.40886437165 0.818895358822 8.03830976228 0
1713 2.82950997353 13.728985 42.398373 1.2622613 13.2425937086 42.1121259245 1.39004610435 0.56437033635 7.32152997527 0
1716 2.8275411129 13.116178 40.310007 1.2578142 12.4679550063 39.5440839662 1.36104610273 1.00340975841 5.91475233781 0
1719 2.81753516197 12.482531 38.460523 1.239848 12.4814784736 38.6663628375 1.41001527397 0.205842528427 9.74986660973 0
1722 2.80310893059 12.331027 38.238303 1.1567887 15.8097304112 37.6725875072 1.37822810753 3.52440228146 12.6875434695 0
1725 2.81319403648 12.263795 38.100898 1.043782 15.9241623031 37.887146882 1.24097865231 3.66660310564 11.2985359117 0
1728 2.82132387161 12.231882 38.075858 0.90529637 11.7336213381 37.4059718807 1.07179836686 0.834871906346 9.53986170054 0
1731 2.8237080574 12.170047 37.918491 0.7605547 11.4936608897 38.7550707472 0.926371795075 1.07580846045 9.50061971891 0
1734 2.81240415573 11.9457 37.868652 0.60051086 12.0890019256 38.0322506709 0.799319701525 0.217485555845 11.3909075493 0
1737 2.82378602028 11.861848 37.85602 0.47073445 10.7701349564 38.1178293571 0.61237720873 1.12266714082 8.11553227382 0
1740 2.77145814896 11.68598 37.868337 0.32347919 12.8726656363 37.1629113946 0.52407025614 1.38052456848 11.4930214978 0
1743 2.79625511169 11.634663 37.834152 0.18688423 12.1550554848 37.1931952696 0.274165366154 0.825611209031 5.00084073273 0
1746 2.81740093231 11.546787 37.799316 0.059161186 12.2923319408 36.3550404444 0.22275197429 1.62535200468 9.37306173624 0
1749 2.82281303406 11.461332 37.784444 -0.088384018 13.4691962743 37.0073712596 -0.114191438276 2.15298884996 -1.47865626191 0
1752 2.78913092613 11.353119 37.809133 -0.22428348 13.964521726 38.0701380835 -0.0944279612071 2.62441381092 7.44017317332 0
1755 2.82445001602 11.259101 37.929753 -0.36642208 12.2291072573 38.6222511901 -0.22210085794 1.19183299267 8.26899691823 0
1758 2.81262898445 11.22919 38.083377 -0.50941267 13.9171040025 37.42134911 -0.248662226557 2.76824179078 14.9398999155 0
1761 2.82098078728 11.185129 38.110347 -0.64618684 13.1767143349 37.2303299099 -0.316564053986 2.17734752057 18.8859944699 0
1764 2.81563806534 11.588805 37.741111 -0.76036767 11.8029166559 37.6800370337 -0.709491388547 0.222651814632 2.91499620457 0
1767 2.82012891769 13.063467 36.224873 -0.77289998 11.3135565432 37.1205531096 -0.676975011641 1.96581521649 5.49609583687 0
1770 2.80981397629 14.493375 34.807156 -0.77803694 13.4418643462 36.8708948164 -0.846096647798 2.31618059691 -3.89953401174 0
1773 2.84570407867 15.892318 33.28564 -0.77023756 20.1918683417 32.5724859868 -0.539991231298 4.35829344899 13.192142883 0
1776 2.80827713013 17.405154 31.857105 -0.77891679 18.1160667794 32.4218129577 -0.777566485419 0.907905313054 0.0773667535636 0
1779 2.83328413963 19.008966 30.381332 -0.78385491 18.0272666142 30.0296312153 -0.722036296722 1.0427977398 3.54194563615 0
1782 2.81844496727 20.517371 28.856906 -0.78454873 20.0383736901 28.4747609431 -0.726428923352 0.612758735089 3.33001962707 0
1785 2.8416519165 22.037399 27.308602 -0.78653789 21.9142108136 27.210264952 -0.819246018862 0.157624567526 -1.87403773954 0
1788 2.82031297684 23.470866 25.802264 -0.78746834 23.849840407 26.1713584477 -0.780419028423 0.529010692253 0.403895801833 0
1791 2.83780097961 25.030138 24.239515 -0.79252133 25.1413659514 25.3799829429 -0.805185896216 1.14587904509 -0.725626193518 0
1794 2.83816695213 26.508975 22.80392 -0.79210599 25.9521902031 24.3288923852 -0.81975421837 1.6234377369 -1.58412679662 0
1797 2.83619999886 27.961008 21.312251 -0.79564812 28.3482398146 22.0332847426 -0.799314873115 0.818436397209 -0.210089478016 0
1800 2.79902601242 29.36401 19.750057 -0.78815021 28.8535410517 19.654923399 -0.774026317876 0.519258075745 0.809239409021 0
1803 2.78627896309 31.016391 18.179875 -0.79578372 30.9096124854 18.8586181518 -0.777133978047 0.687090909084 1.06855150294 0
1806 2.79883909225 32.405165 16.663972 -0.79079715 32.2090764366 17.6674332957 -0.762692162584 1.02244085244 1.61029716221 0
1809 2.82619214058 33.875627 15.226881 -0.79213801 32.9413058245 14.7630038004 -0.862150650538 1.04313858871 -4.01142881538 0
1812 2.82880306244 34.400964 14.714584 -0.72873329 33.556943401 15.2492375325 -0.785247931116 0.999112191598 -3.23805041665 0
1815 2.82950615883 34.541831 14.529671 -0.59347242 32.2484805687 14.7623132856 -0.691873714114 2.30512009095 -5.63797885136 0
1818 2.81266307831 34.648846 14.435796 -0.47955783 33.4800290829 16.2702042255 -0.534866469763 2.17512908206 -3.16895162905 0
1821 2.82552504539 34.668797 14.324629 -0.34405458 33.3442791239 15.7311804206 -0.420823401292 1.93202859781 -4.39852945822 0
1824 2.79982995987 34.864126 14.20779 -0.22615765 33.7865309275 15.2501075837 -0.296169777396 1.49921215494 -4.01139941454 0
1827 2.81273388863 35.017605 14.088235 -0.094353638 34.9965000105 16.2414951888 -0.16732465931 2.15336361566 -4.18093154785 0
1830 2.83479905128 36.599142 14.0692 -0.022879679 37.093440675 14.2621441864 -0.0844964494214 0.530620993917 -3.53038089237 0
1833 2.85366201401 38.63985 14.009333 -0.014813302 39.137946608 14.7043415422 -0.106178480798 0.855065555704 -5.23483913961 0
1836 2.81606578827 40.768535 13.925491 -0.0089087199 39.8471143345 15.0265071905 -0.0787550858319 1.43570633995 -4.00190198223 0
1839 2.79485487938 42.905865 13.952369 -0.011506708 42.2283070094 14.9553243334 -0.00464849168587 1.21037359168 0.392946849787 0
1842 2.80053305626 45.04117 13.838962 -0.010052037 45.6504580215 15.4183237797 -0.0636759070218 1.69281290297 -3.07242143341 0
1845 2.80512499809 47.095509 13.764363 -0.008210261 46.0110325419 15.0807564931 -0.022498836164 1.70557351552 -0.818675052151 0
1848 2.8169670105 49.256947 13.750747 -0.012245698 47.9317123971 16.0131275183 -0.0648306922725 2.62194819972 -3.01289823754 0
1851 2.8046309948 51.347189 13.680192 -0.017629817 50.4403919987 15.2688236961 -0.00917922635587 1.82921608 0.484183178301 0
1854 2.83705592155 53.510554 13.649042 -0.0075411209 52.8004372638 15.2070770801 0.0026662040763 1.71223219508 0.58483664126 0
1857 2.8259780407 55.608657 13.581194 -0.0077936973 55.6001167367 15.7268043126 -0.00643611009179 2.14562730913 0.0777840173512 0
1860 2.7962770462 57.666716 13.591636 -0.01411162 56.9734319321 15.6629874458 -0.0132718972546 2.18429384719 0.0481125692747 0
1863 2.78615498543 59.905766 13.533857 -0.012519778 59.28306953 15.5684789061 -0.0114773364997 2.12777752469 0.0597274983559 0
1866 2.80515098572 62.027534 13.447994 -0.021676244 60.5593576227 14.9914795383 0.0101114505445 2.13023226004 1.82130073785 0
1869 2.82034182549 64.181261 13.371995 -0.025327169 63.6408278967 15.5505081674 -0.00763904117752 2.24454618123 1.01345507172 0
1872 2.80975604057 66.241252 13.310079 -0.024907545 65.8575285927 14.8721888338 -0.00930907449309 1.60854927999 0.893726526905 0
1875 2.82167696953 68.444119 13.24669 -0.026304862 66.5286661425 15.3036625903 -0.0135458833303 2.81071092191 0.73103562867 0
1878 2.82053589821 70.49734 13.123327 -0.017605166 68.8857440099 15.5537594568 -0.016558784588 2.91620362154 0.0599532386702 0
1881 2.84347605705 72.634932 13.039101 -0.019360635 72.0716779209 14.9984371351 -0.00618504538953 2.03868910031 0.754905677276 0
1884 2.83019518852 74.720419 12.994859 -0.019347658 74.2630100687 14.8724610527 0.0189928777373 1.93251452745 2.19675088202 0
1887 2.84825992584 76.914825 12.90632 -0.036038761 76.4302936673 15.1729970063 0.0225708019159 2.31788594697 3.35808059419 0
1890 2.80267882347 79.004774 12.78569 -0.032634565 77.5812447057 15.2336720354 0.0141488136005 2.83179301812 2.68049014517 0
1893 2.80456185341 81.177999 12.691712 -0.029848436 81.0164035745 15.3733249405 0.0277149069339 2.68647744155 3.29813660478 0
1896 2.79886198044 83.222919 12.597068 -0.02122413 81.5549072522 14.6169725896 -0.0285537211745 2.6195949576 -0.419954639858 0
1899 2.80967211723 85.390174 12.538762 -0.021700441 84.4626956663 14.1001305358 -0.0121985995643 1.81606381054 0.544415411869 0
1902 2.81535315514 87.449986 12.512039 -0.030894579 86.5904563324 15.5661472324 0.00113204203103 3.17275406307 1.83499021714 0
1905 2.79964900017 89.572355 12.414566 -0.034322832 87.8381510852 14.8437448987 0.0196137005075 2.98468982305 3.09033567425 0
1908 2.78330898285 91.713838 12.339838 -0.030338307 90.1619069113 14.9606926556 0.00688725354255 3.04587741545 2.1328675091 0
1911 2.82516384125 93.866625 12.234111 -0.027880568 92.7704011224 15.0833981294 0.00536295048281 3.05289107829 1.90471330523 0
1914 2.8081600666 96.027017 12.118277 -0.016096141 94.9394564437 15.0910219068 0.0140366821445 3.16543839686 1.72648359099 0
1917 2.81961107254 98.003729 12.063433 -0.023465033 97.1036874774 15.3752535656 -0.0129253214792 3.43194262793 0.603880987428 0
1920 2.8125269413 100.1865 11.996018 -0.023536261 99.2278643348 14.728282208 0.0113170876096 2.89555694832 1.99694977723 0
1923 2.81687498093 102.26857 11.921444 -0.023061579 101.944380993 15.3117898232 0.0245739678702 3.40581022857 2.72931579046 0
1926 2.81023406982 104.50291 11.810699 -0.022632517 103.787729058 15.3411238039 -0.00700742588868 3.6021359047 0.895251775186 0
1929 2.81648206711 106.528 11.779433 -0.025937223 105.74468578 15.5578316491 0.0411926840475 3.85874040571 3.84626035293 0
1932 2.82213306427 108.61821 11.737233 -0.017267816 108.547171838 15.1791206462 -0.00756930789494 3.44262065727 0.555683581993 0
1935 2.83781814575 110.65428 11.638117 -0.015586443 109.565841916 14.7876521592 0.0216751687316 3.33230688592 2.13493309008 0
1938 2.82965898514 112.94226 11.558687 -0.011710616 111.536009757 15.097579291 -0.0133561919346 3.80805703639 -0.0942845559184 0
1941 2.8407189846 114.89636 11.528856 -0.01668203 113.958579468 15.0057567715 -0.0116868147498 3.60114860861 0.286204751594 0
1944 2.81934404373 117.03777 11.494892 -0.018548407 116.680444902 15.005592895 0.010540676776 3.5288386192 1.66668173027 0
1947 2.81971597672 119.07747 11.406331 -0.016261061 118.482461246 15.3583147218 0.0101269152522 3.99652483467 1.51191966914 0
1950 2.823772192 121.291 11.334615 -0.012126455 120.46333555 15.1143676103 -0.0151978874949 3.86930978813 -0.175980119017 0
1953 2.8248898983 123.43737 11.229443 0.0013807468 122.885394827 15.1517710258 0.000406968407781 3.96097636108 -0.0557933920552 0
1956 2.83562612534 125.58554 11.258252 -0.0049853053 123.939314968 15.7988500609 0.00029840224562 4.82981237809 0.302734142545 0
1959 2.84008789062 127.50849 11.183265 -0.012828209 126.54184476 15.2572786164 -0.00434255284673 4.18712191921 0.486192283981 0
1962 2.81381106377 130.28779 11.390648 -0.01314096 129.240801019 15.4324263694 -0.011130703794 4.17518362631 0.115179196346 0
1965 2.79409384727 132.78769 11.256475 0.0084755214 131.029694366 14.0826313208 -0.00266681707648 3.32831912526 -0.638408968609 0
1968 2.79725909233 125.9239 10.596074 0.27888777 132.640344435 14.4086364448 -0.0421274772735 7.72309900532 -18.3928188281 0
1971 2.80979418755 93.936275 13.265891 0.84250578 132.951463244 14.828974477 -0.0100445438396 39.046486957 -48.8475353785 0
1974 2.81359791756 59.212281 6.4432491 1.3602712 132.819140401 14.5529316146 0.0141340841465 74.0522565587 -77.1279753843 0
1977 2.83291196823 41.747696 3.5851691 1.5088422 137.238991728 11.6693074475 -0.0753708961383 95.8328798095 -90.7687242581 0
1980 2.83325195312 40.889782 2.6549702 1.6071612 138.180294593 12.7030188399 -0.0401322571527 97.8080115434 -94.3829627144 0
1983 2.83506202698 40.408125 3.8011614 1.6070032 37.5268800793 89.3119794816 2.08734432613 85.5593453766 27.5215192537 0
1986 2.80727481842 40.388712 5.5337894 1.5172855 64.5126905943 102.825306603 0.544773444773 100.237745699 -55.7208362901 0
1989 2.82395195961 40.44034 7.6724587 1.5542124 28.0911549353 91.0549628327 -1.03924203513 84.2920184074 -148.593993493 0
1992 2.81006002426 40.554207 9.7439313 1.5604739 34.1137085516 88.9303416392 -1.91573165582 79.447892374 160.828092932 0
1995 2.82630610466 40.580821 11.876658 1.5652859 32.3834255542 94.9324668417 -2.94997549227 83.4593594179 101.294578824 0
1998 2.8275270462 40.665042 14.024391 1.567666 30.6626903688 92.9385525723 2.89559339429 79.5455337201 76.0846351924 0
2001 2.81554484367 40.771617 16.174621 1.5548315 30.4607008357 82.8657421802 -1.99182188207 67.4834841752 156.791729812 0
2004 2.81301307678 40.847233 18.25792 1.5551713 32.2230005779 41.9774671894 0.0851450891616 25.238746081 -84.2262976546 0
2007 2.83856511116 40.88758 20.352438 1.5597309 24.3367492681 97.9318523417 2.8715395003 79.3252515125 75.1610963263 0
2010 2.83574604988 40.971014 22.508388 1.5678505 23.828182516 100.398357126 2.91527715929 79.7541469874 77.2018607808 0
2013 2.87779903412 41.044823 24.54743 1.5705547 21.6811478192 110.994005247 -1.71595791114 88.588725515 171.696698065 0
2016 2.85361003876 41.105608 26.696222 1.5717508 20.8577432959 99.9549841194 2.79429738988 76.0054093624 70.0467598585 0
2019 2.82994294167 41.160404 28.869777 1.5672714 106.452908944 65.8875905049 3.11911489662 75.0561770841 88.9140828212 0
2022 2.84440588951 41.204205 31.003136 1.5608691 60.5859293126 108.22562602 0.419904951402 79.6176123874 -65.3724302904 0
2025 2.83067011833 41.244227 33.116661 1.5660557 63.3339501577 50.253607294 -2.32467164649 27.9576608011 137.07774381 0
2028 2.83479785919 41.277887 35.228156 1.5643441 36.0094148502 55.6181526591 -0.985431233788 21.0596477309 -146.091365333 0
2031 2.80978894234 41.31792 37.33529 1.5797774 33.0658901234 65.6532068678 -2.0130141205 29.4957694053 154.148209205 0
2034 2.80980396271 41.419072 39.474789 1.5713492 65.9240077024 49.2008843847 2.24034574597 26.3645368859 38.3306785931 0
2037 2.82831001282 41.429937 41.518923 1.5745722 14.9431700156 14.8285118132 -1.24388618799 37.6022190117 -161.485770365 0
2040 2.81953287125 41.494048 43.684079 1.5737379 97.2669799235 134.736813414 1.58771278317 106.776497319 0.800701824695 0
2043 2.81276202202 41.508319 45.798644 1.5762653 99.8430808467 133.653594587 2.77557886608 105.458222924 68.7156056493 0
2046 2.80390191078 41.512588 47.943477 1.5772604 17.8083233636 11.7958560516 -1.40657881224 43.2266429668 -170.961393607 0
2049 2.82083201408 41.583607 50.107906 1.5744728 36.416672702 52.0500381038 1.76249240188 5.51988108099 10.7727296535 0
2052 2.82174420357 41.632502 52.265699 1.5728612 107.579505483 105.835567094 1.52002835744 84.9631569333 -3.02709889856 0
2055 2.82777810097 41.660201 54.305408 1.5732479 40.9144029876 53.19702556 1.89441513481 1.33593649126 18.4015270726 0
2058 2.8191421032 41.689009 56.508616 1.5685378 71.2103684812 24.3707555804 2.83020856355 43.6388902009 72.2884098864 0
2061 2.80376386642 41.794127 58.57462 1.5657057 91.8336824438 68.9169430223 0.918756323834 51.0971697309 -37.0674688129 0
2064 2.81071710587 41.856016 60.76704 1.5641567 38.4089373105 56.1882637418 2.52286857443 5.73127765117 54.9301441739 0
2067 2.82363510132 41.858156 62.785084 1.5639758 39.4109589881 64.0115057573 1.64950711013 2.73731319759 4.90058308679 0
2070 2.82263183594 41.958088 65.023529 1.5767642 38.1650311405 64.5262860393 1.7060830631 3.82551054127 7.409425067 0
2073 2.83800792694 41.99726 67.044355 1.5737097 39.7189529295 66.2511673372 1.64006082171 2.41243233604 3.80163923973 0
2076 2.83409500122 42.044947 69.102812 1.5759217 39.1602295615 68.8960108983 1.67152402652 2.89212057077 5.47760982115 0
2079 2.82579183578 42.097902 71.261122 1.5727544 40.1878341427 71.7508724885 1.72400304674 1.97185566418 8.66590911512 0
2082 2.80841398239 42.114798 73.459441 1.5684742 37.6112790398 73.4575713884 1.67800578917 4.50351934827 6.2756977828 0
2085 2.80065083504 42.172982 75.545483 1.5804547 38.7725173108 75.8670651954 1.59501442422 3.41563686757 0.834210748649 0
2088 2.82715296745 42.213453 77.648417 1.5799022 39.0348507187 77.4100693878 1.60187144116 3.1875260073 1.25874479763 0
2091 2.82167601585 42.308345 79.80823 1.5843424 37.7275343145 79.7869021899 1.62711225794 4.58086033535 2.45053235059 0
2094 2.83485603333 42.259747 81.948131 1.5870316 38.5353920467 82.402902118 1.60830195348 3.75201766891 1.21870148288 0
2097 2.82892799377 42.325886 84.065588 1.5841531 37.5518723945 84.2542210192 1.65791057687 4.77773882933 4.22599213207 0
2100 2.83242988586 42.338042 86.100283 1.5789413 37.2786036367 87.0463047175 1.65489711632 5.14712285085 4.3519477048 0
