3 5.41831493378 72.513547 45.80148 1.6808269 143.081134485 10.5353663738 -1.43601206541 78.8890561087 -178.58171814 0
6 5.44499588013 72.505015 45.806851 1.6805552 63.5430375292 78.7987405988 1.08455225133 34.1874511991 -34.1484535364 0
9 5.4007730484 72.51553 45.801787 1.6811119 36.9585854501 80.699058056 -0.868557700857 49.8208373362 -146.085307282 0
12 5.56035685539 72.511327 45.798497 1.6805172 80.3775913264 87.3017651754 -0.513618158155 42.2421517408 -125.714695703 0
15 5.43796491623 72.518426 45.80176 1.6806948 122.733701939 41.651065497 -2.57335078517 50.3865279859 116.261142114 0
18 5.42011904716 72.509508 45.806599 1.6825332 60.5351917367 22.2862678607 0.394830161529 26.392995792 -73.7799493706 0
21 5.43564391136 72.510969 45.800989 1.6811293 61.7865947479 105.338021112 -0.0460583439167 60.4952096929 -98.9605624236 0
24 5.42635703087 72.522343 45.818169 1.6838228 123.903083721 50.8015791816 1.08546498604 51.621845125 -34.2833773784 0
27 5.47110390663 72.508499 45.799812 1.6808804 99.0247213941 87.2177529685 1.13107660035 49.1788153998 -31.5014372804 0
30 5.43386697769 72.523901 45.815543 1.6832165 68.7893771324 105.606777905 -3.09478535437 59.9077494151 86.2406592391 0
33 5.44981789589 72.511009 45.802779 1.6808191 108.211082914 66.1170548095 1.43265603767 41.0751150836 -14.2186961027 0
36 5.49896097183 72.527172 45.853315 1.6851825 119.039995749 62.2180038647 -0.925296637863 49.3076648678 -149.569437107 0
39 5.50857210159 72.188088 49.017093 1.6798669 113.656700561 58.4275986576 1.96007901316 42.522975489 16.0549714525 0
42 5.43641090393 71.804616 53.279503 1.6643548 81.4855937621 131.552930547 -1.59222055967 78.8698344771 173.411976225 0
45 5.43910884857 71.568933 57.324136 1.642571 88.185103926 83.5932172375 -0.0749219564571 31.0831427836 -98.4050977484 0
48 5.5772600174 71.37336 61.652431 1.6431927 35.0118753199 106.497642492 2.43052752247 57.7343100931 45.1109623911 0
51 5.394313097 71.165072 65.844712 1.6344026 76.0456326361 78.9700760559 2.70498260539 14.0033943644 61.3397159397 0
54 5.43888998032 70.960331 70.343426 1.6128178 66.1244736071 29.1397180346 0.9956833367 41.486516687 -35.3592001392 0
57 5.44926190376 70.885213 74.631613 1.6236159 121.297679073 118.953464743 -1.581901568 67.1255784141 176.337377928 0
60 5.42196106911 70.832043 79.069602 1.6124517 56.2773093632 128.719747527 2.46921493628 51.7395131602 49.0889174807 0
63 5.42994999886 70.841819 83.283634 1.5826474 49.4745182697 129.113602246 2.74092649396 50.5662686965 66.3645035822 0
66 5.53557395935 70.897044 87.066595 1.5142468 71.2584406157 66.979976087 1.1337641632 20.0898697575 -21.8000492664 0
69 5.41816282272 70.898205 87.488163 1.2381173 48.6045670091 130.918307955 2.67517275954 48.8178633867 82.337212758 0
72 5.44169616699 70.648486 87.373684 0.94938085 46.3248952577 130.575476555 2.14743584688 49.5785432075 68.6434949458 0
75 5.41712498665 70.490448 87.162959 0.64684814 25.5878383879 76.5232582977 -2.24597507621 46.1459378604 -165.746561166 0
78 5.46421194077 73.090524 88.460194 0.4660111 44.8219119001 132.991372134 1.95806510053 52.7459975359 85.4883970362 0
81 5.45465397835 76.750616 90.291223 0.4640309 46.88958528 110.542973096 -3.12047267147 36.0806670892 154.623073705 0
84 5.44738197327 80.704264 92.172539 0.45240664 42.5933906935 111.112328491 3.07451296129 42.5576584193 150.235625645 0
87 5.42888188362 84.637734 93.972859 0.42386385 84.9588613912 81.5693043605 -1.57917477216 12.407710929 -114.765659251 0
90 5.42896199226 88.678811 95.730817 0.41656148 65.8626006416 109.596505012 1.27419651982 26.6990029619 49.1388681441 0
93 5.46693587303 92.647535 97.41769 0.40779386 93.9583608521 90.8006211803 -0.769930626256 6.74565520759 -67.4786424917 0
96 5.43545913696 96.759828 99.128022 0.39320766 68.7252245783 120.626478281 1.23929950759 35.3287787997 48.4774919474 0
99 5.42776417732 100.07577 100.58602 0.32958371 16.5573790242 69.7260134393 -2.84889844765 89.0374170566 177.886387109 0
102 5.45129609108 100.12714 100.52966 0.1390585 12.3269695223 69.1386338109 2.85613780493 93.2430504709 155.677176775 0
105 5.46605300903 100.08551 100.52401 -0.14356162 19.9974234415 113.068297445 2.48977811422 81.0645468508 150.879252795 0
108 5.44203209877 99.772178 100.71077 -0.40700642 108.286102611 109.949663654 -1.50876646068 12.5636009262 -63.126200367 0
111 5.4515478611 99.760338 100.7618 -0.66729138 97.8030026165 103.95573828 -0.636568522928 3.74598498951 1.76029004483 0
114 5.47055220604 99.638101 100.95548 -0.8821311 14.9536450649 70.1462811872 1.95375627458 90.1147258139 162.484377738 0
117 5.49410009384 99.549051 101.11221 -1.1251977 16.1227406234 71.0424677928 -2.88408408008 88.6799789099 -100.776766222 0
120 5.41210889816 100.80276 98.46873 -1.1938854 95.6175226116 125.686123856 -1.91269784086 27.7069163762 -41.1849191227 0
123 5.40034079552 102.35582 94.496879 -1.1822805 100.852255511 95.197460253 -1.04770274904 1.65877070853 7.71073714636 0
126 5.45871305466 103.84912 90.431736 -1.1842505 101.495242657 91.9349615337 -1.16801727732 2.79292419395 0.930095147466 0
129 5.41902518272 105.46668 86.336829 -1.1831903 105.170611152 86.4692146325 -1.11854985848 0.324318853482 3.70362448499 0
132 5.46898412704 106.96067 82.891423 -1.1821311 105.084738047 83.4124360674 -1.18954454812 1.94693998614 -0.424759288907 0
135 5.42309999466 108.13488 79.987125 -1.1809983 105.596546148 82.3646907924 -1.176118099 3.47792435832 0.279614920557 0
138 5.49484491348 109.11096 77.465416 -1.174964 107.422163929 79.8971836727 -1.16423509179 2.96066313222 0.614721158934 0
141 5.46719002724 110.00241 75.115832 -1.1797573 108.300269441 76.9566774214 -1.16025710005 2.50718853473 1.11727915693 0
144 5.43536400795 110.9669 72.896666 -1.1819268 109.476644961 75.3839393892 -1.15412088477 2.89954979167 1.59316158824 0
147 5.4227449894 111.79529 70.750926 -1.1680053 109.109333949 74.1739765535 -1.16415402986 4.35104987341 0.220661524872 0
150 5.43919610977 112.62755 68.634671 -1.166408 110.246854992 72.087872864 -1.17077465789 4.1943189954 -0.250191067961 0
153 5.45178413391 113.50263 66.493746 -1.1746568 111.214114643 68.9125311015 -1.18250515686 3.32983842045 -0.44967772392 0
156 5.38673305511 114.39844 64.423702 -1.1690506 113.314790933 67.3391429026 -1.14079766875 3.1103200732 1.61877371977 0
159 5.38406300545 114.9392 62.935672 -1.1627449 113.474357076 66.654425958 -1.13543310797 3.99686074211 1.56485041434 0
162 5.41947984695 115.58582 61.52951 -1.1720902 114.31969632 64.6432771834 -1.12553642044 3.36134128662 2.66733508912 0
165 5.42034602165 116.16312 60.165609 -1.1710096 114.37885771 63.2009064395 -1.14505671598 3.52088376187 1.48699072033 0
168 5.43017101288 116.71267 58.758483 -1.1690165 114.523766852 61.8533117822 -1.13872727669 3.79068096584 1.73544466028 0
171 5.42618203163 117.29804 57.404001 -1.1730259 115.053340994 60.3000989341 -1.15386806249 3.66415841211 1.0976632341 0
174 5.38961100578 117.3062 57.346669 -1.1782941 114.844841288 61.2010338807 -1.20330336214 4.57322810946 -1.43292516958 0
177 5.39883685112 117.30973 57.394113 -1.1925087 114.939114527 60.5488992972 -1.24138418441 3.94619998265 -2.80035897837 0
180 5.40460801125 117.3509 57.478875 -1.2542253 115.295075321 60.6516353153 -1.32428184316 3.78058502495 -4.01394425013 0
183 5.34778690338 117.31554 57.561663 -1.3141336 114.713245831 60.5352670704 -1.35277372788 3.95148783491 -2.21391624751 0
186 5.40918302536 117.31761 57.625945 -1.389572 114.30703013 60.9719755129 -1.40638630041 4.50105669198 -0.963388449135 0
189 5.40479207039 117.34247 57.653648 -1.4539696 114.440950874 60.1669787354 -1.45746787286 3.83870350797 -0.200436270546 0
192 5.42671298981 117.36058 57.739095 -1.5147103 114.946324277 60.3111938426 -1.5171467449 3.52765122346 -0.13959800995 0
195 5.39133906364 117.34118 57.80351 -1.5718326 115.696740325 60.7201882078 -1.59126866852 3.34831205401 -1.11360469656 0
198 5.43726086617 117.32521 57.826191 -1.6475747 116.16420766 60.7619336276 -1.65307283998 3.15697817686 -0.315020216146 0
201 5.42342686653 117.28663 57.948056 -1.7072698 115.436772762 59.953943029 -1.68449381642 2.72865435208 1.30496773338 0
204 5.45648598671 117.37131 58.006137 -1.7818651 116.5314039 59.8543428437 -1.72093940206 2.03010026795 3.49078535611 0
207 5.42833805084 117.40314 57.989067 -1.8555926 115.709752798 59.5363229341 -1.7731215862 2.29380930803 4.72524102309 0
210 5.47303104401 117.02719 57.008887 -1.8977403 117.739203936 59.8286382319 -1.83678216631 2.90825735697 3.49264378754 0
213 5.42197012901 116.38504 55.250118 -1.9095407 115.082694077 56.8838906387 -1.85857534426 2.08933432879 2.92009978531 0
216 5.46436405182 115.67443 53.450651 -1.9075572 116.229359349 55.2774337916 -1.82803717415 1.90920977113 4.55616186803 0
219 5.412307024 115.02136 51.574537 -1.9165104 114.619725593 53.5023304245 -1.89558382537 1.96918706183 1.19900440587 0
222 5.46936202049 114.35753 49.684701 -1.9233127 114.517253757 51.2845183956 -1.87198307673 1.60777093452 2.94097077729 0
225 5.4255900383 113.59486 47.870819 -1.9110101 112.855834991 50.1114787212 -1.85517377168 2.35938846962 3.19918595604 0
228 5.45015692711 112.87829 45.986656 -1.9118326 111.678210638 47.9084779763 -1.88425810552 2.2657427443 1.57990215618 0
231 5.46148204803 112.17059 44.128463 -1.9122248 111.354504635 46.0604479467 -1.89730251485 2.0972746975 0.854983960047 0
234 5.36610484123 111.43202 42.277019 -1.9027456 110.622920669 44.4137448916 -1.89881930362 2.28478429253 0.224960211412 0
237 5.38601994514 110.82393 40.37458 -1.9174412 110.249339925 42.5099370961 -1.94694211835 2.21131266035 -1.69027811332 0
240 5.39907217026 110.14399 38.567468 -1.912432 109.50370622 39.7533210819 -1.86497095247 1.34766867253 2.71931771496 0
243 5.52704405785 109.42625 36.696167 -1.9074722 109.162274894 38.7399248288 -1.90554793033 2.06073504346 0.110252531018 0
246 5.46422696114 108.96452 35.308972 -1.917648 109.063685262 36.8548924321 -1.88839779464 1.54909771537 1.67591331708 0
249 5.3928000927 108.91335 35.330429 -1.9171391 108.404494876 38.066954715 -1.96129824954 2.78343430425 -2.53013289537 0
252 5.44987511635 108.9585 35.348205 -1.9450374 107.34533534 37.9409270634 -1.97280428519 3.05360572412 -1.59092533156 0
255 5.41415810585 108.97674 35.368834 -2.0165302 109.517607111 37.2917862256 -2.03313683437 1.99756914624 -0.951490061591 0
258 5.41549992561 108.99865 35.397074 -2.0803106 108.312838433 37.7615176359 -2.11591340162 2.46189585749 -2.03989027187 0
261 5.41485595703 109.05048 35.474836 -2.159245 108.662199787 37.5241631862 -2.16864769147 2.08578604853 -0.538734537341 0
264 5.42587280273 109.09365 35.518169 -2.2238592 109.289534247 37.8117117013 -2.2289457616 2.30189243032 -0.291438511889 0
267 5.40791201591 109.14301 35.568827 -2.2920109 109.03397748 37.896233797 -2.29926200311 2.32995933212 -0.41545760505 0
270 5.42800521851 109.24021 35.586114 -2.3597618 107.891887082 37.9342959796 -2.32679497025 2.70775429092 1.88886020876 0
273 5.44685983658 109.32691 35.57971 -2.4292889 109.043155544 37.9449046826 -2.3865579615 2.38215500708 2.44830243046 0
276 5.4425740242 109.34422 35.612178 -2.4970016 108.111676431 37.8116437316 -2.44957156117 2.52127213025 2.71754104709 0
279 5.45860600471 109.45255 35.562283 -2.5751384 110.454107573 36.8464275347 -2.51629999749 1.62854068355 3.37119213708 0
282 5.45485305786 109.51035 35.610832 -2.6455993 109.498244466 37.4435482983 -2.520454138 1.83275627789 7.17028960919 0
285 5.45141005516 109.52669 35.619453 -2.7060079 110.726009427 36.2427513836 -2.64100961732 1.35161679611 3.72412727314 0
288 5.4313519001 109.56751 35.667144 -2.7779359 111.487149918 36.8969218412 -2.65723932442 2.27977432039 6.91540438232 0
291 5.44232010841 109.58407 35.725569 -2.8421247 111.180872832 36.3898134735 -2.70602870606 1.72945078118 7.79772606126 0
294 5.47746300697 109.62066 35.728072 -2.9074408 108.955389978 37.300144137 -2.73363874009 1.70704276621 9.95812450326 0
297 5.45667505264 108.40689 35.538158 -2.9474042 108.792522938 36.8890100638 -2.87504099898 1.4048181596 4.14610601032 0
300 5.44545507431 106.63579 35.154474 -2.9731605 106.413194484 36.5755583325 -2.85809209698 1.43841212579 6.5929338482 0
303 5.42895698547 104.74277 34.838538 -2.9724974 104.505090523 35.9464634793 -2.93855603014 1.1331330025 1.94469724379 0
306 5.47041010857 102.71686 34.507066 -2.970186 101.445796644 35.8653521005 -2.90139012716 1.86025352762 3.94171316145 0
309 5.46815705299 100.87602 34.149296 -2.9774562 100.331826385 35.9795018806 -2.83137341378 1.90939787796 8.36992711016 0
312 5.50030708313 98.917573 33.856952 -2.9648121 97.5162476193 34.8678717651 -2.85739917222 1.7279096024 6.15430742693 0
315 5.46226787567 96.872255 33.519705 -2.9713846 96.459950583 34.9915863407 -2.90176423043 1.52853839121 3.98895334474 0
318 5.44179105759 94.700759 33.157106 -2.9752463 94.3502943604 34.5864879724 -2.90420817726 1.47171949994 4.07018461755 0
321 5.46138715744 92.656194 32.878926 -2.9695623 92.1566109528 34.1447880572 -2.94596000306 1.36087838141 1.35231200119 0
324 5.44895195961 90.628889 32.525228 -2.9736018 90.459475525 33.8964470762 -2.9239045995 1.38164491836 2.84743984231 0
327 5.44752597809 88.510396 32.191288 -2.9695852 87.5049904624 33.5911988869 -2.92554712403 1.72354018993 2.52319589078 0
330 5.46574997902 87.334812 32.006658 -2.9896435 86.236171194 33.8230930086 -2.98878706496 2.12283955142 0.0490701130653 0
333 5.44507193565 87.328365 31.983283 -3.0015998 86.577484462 33.5548293985 -3.02804222563 1.74171744696 -1.51503938866 0
336 5.37953400612 87.328448 32.00285 -3.0442403 86.9460047004 33.7791634843 -3.09276815011 1.81701746602 -2.78044100018 0
339 5.41310095787 87.480424 31.977098 -3.121648 86.0861630064 34.776812624 -3.01137938497 3.12767736411 6.3179262537 0
342 5.55108499527 87.509332 32.088761 3.0972389 86.6504826328 33.8686866393 -3.1011044137 1.97629894423 4.8610881516 0
345 5.42625403404 87.537767 32.004513 3.0032565 86.5649663083 33.7878947767 3.03034557461 2.03145065095 1.55208964628 0
348 5.3768928051 87.588829 31.971963 2.902116 86.123351481 33.3120879808 2.93702729343 1.98583970219 2.00026977063 0
351 5.43975186348 87.696053 31.883789 2.7788249 86.7317554205 35.1523054909 3.06349341478 3.4077954565 16.3103044571 0
354 5.46447110176 87.777704 31.698119 2.6376296 85.7504774005 32.3431975283 2.77378565705 2.12738665816 7.80116742409 0
357 5.4487631321 87.896098 31.65995 2.4917922 86.7244378683 33.5545249452 2.81781078503 2.22759998366 18.6794889652 0
360 5.4416821003 87.958395 31.594625 2.366513 86.2855915513 34.7263436222 2.65013827094 3.55048347506 16.2505309881 0
363 5.38573718071 87.964094 31.460561 2.2184109 86.7954690858 33.6235547017 2.44298169232 2.45850075119 12.8669586018 0
366 5.40197396278 87.708527 31.831987 2.1125682 85.0405310437 34.2406645028 2.23273232791 3.59443037709 6.88489737797 0
369 5.44171500206 86.721318 33.612273 2.0920166 85.2602846082 35.286184713 2.18836504202 2.22184585304 5.52035909067 0
372 5.42849612236 85.724716 35.405361 2.0873093 84.8237448591 36.3913347957 2.15187393024 1.33562469374 3.69928081845 0
375 5.39699196815 84.755772 37.248267 2.0862059 84.2955293111 38.1574125145 2.0851856176 1.01900387594 -0.0584578752492 0
378 5.47375488281 83.690185 39.149374 2.0868314 82.0899922313 39.9489755377 2.12162430438 1.78884865656 1.99348657807 0
381 6.00119495392 82.666747 40.97523 2.090975 81.1212163926 42.1239350695 2.13873618477 1.92566564982 2.73651431193 0
384 5.39837908745 81.635815 42.877142 2.0910396 80.675327134 43.8916480096 2.15278959658 1.39705382296 3.53801418894 0
387 5.39400982857 80.624097 44.699122 2.0805048 79.1742215188 45.3804240256 2.14164054968 1.60197108625 3.50282043431 0
390 5.4211268425 79.602515 46.546403 2.0762437 78.121270153 46.9024815783 2.13419584205 1.52344289384 3.32041315293 0
393 5.43244194984 78.599692 48.40129 2.0808805 77.2025978097 49.1626191543 2.10871335768 1.59106701867 1.59470527659 0
396 5.42990994453 77.532669 50.298142 2.0919608 76.1154838555 50.884619437 2.12597070838 1.53374362853 1.94862421207 0
399 5.42944979668 76.53881 52.074716 2.0854653 75.447916202 52.7376633807 2.10039653221 1.27653770334 0.855496588777 0
402 5.4097468853 75.533974 53.92833 2.0838411 74.8324042485 54.6848025746 2.10125150052 1.03172228451 0.99754246931 0
405 5.42994809151 74.451304 55.860797 2.0823704 72.4613100568 55.8999459787 2.11122932214 1.99037899323 1.65349443973 0
408 5.41810488701 73.464188 57.689364 2.0801622 71.2285605362 57.9902819686 2.12135381378 2.2557885053 2.36010562092 0
411 5.41564393044 72.461178 59.521835 2.0808323 69.935970441 59.349368471 2.1440808978 2.53109026307 3.62387771379 0
414 5.45368099213 71.469371 61.42577 2.0898858 69.5076902778 61.0778946748 2.12457797927 1.99228725283 1.98771545426 0
417 5.42128586769 70.386885 63.322712 2.0827703 68.1562438427 63.2368851758 2.11645150698 2.23229169603 1.92979100865 0
420 5.41603112221 69.38246 65.186025 2.0922796 66.6875516583 65.3036075707 2.12070657446 2.69747226697 1.62874566086 0
423 5.45611095428 68.400253 67.014087 2.0893798 66.0717792904 67.2094176588 2.11591293219 2.33665228101 1.5202364919 0
426 5.40385890007 67.30799 68.901204 2.089526 64.7761342382 69.2205598857 2.14324209839 2.55191727533 3.0777057296 0
429 5.3969810009 66.315197 70.741557 2.0869248 63.8227204428 70.7245641847 2.13181046543 2.49253448204 2.57175918994 0
432 5.41246700287 65.281228 72.464006 2.0745737 62.7140396222 72.4220369264 2.10948215307 2.56753141561 2.00010703035 0
435 5.38869595528 64.283593 74.421326 2.0918621 61.0411737332 74.3645346209 2.12214602535 3.24291658267 1.73514110984 0
438 5.41926407814 63.28447 76.191493 2.091939 60.3425935636 76.0389322489 2.12394231301 2.9458295521 1.83365476594 0
441 5.40261793137 62.204887 78.125252 2.0893553 58.9623467669 77.9949644334 2.13812240177 3.24515670088 2.79414911066 0
444 5.43033719063 61.273659 79.948227 2.0960183 58.3429480347 79.7025060526 2.1302843041 2.94099397247 1.96329741567 0
447 5.45188999176 60.19879 81.787566 2.089809 57.1797052506 81.9132871239 2.11619714808 3.02170126334 1.51192951404 0
450 5.41374492645 59.161438 83.629466 2.0974137 56.5624775289 83.452792308 2.10230854332 2.60495856474 0.280453863428 0
453 5.45110797882 58.11891 85.485673 2.0964985 56.0665699775 85.3209982987 2.07805977121 2.05893596915 -1.0564613392 0
456 5.40616297722 57.036783 87.336936 2.0992423 54.5998572145 87.8023745844 2.07600133602 2.48097568704 -1.33160914761 0
459 5.39057302475 56.357629 88.602308 2.124456 54.4171242155 88.4777694647 2.09046614862 1.94449702124 -1.94747503052 0
462 5.43947911263 56.200217 88.720884 2.2094598 53.4939568524 88.3689294253 2.21193373488 2.72905038593 0.141746027274 0
465 5.43413805962 56.199637 89.07416 2.3631742 53.077983527 87.5706174296 2.33249688141 3.46487527427 -1.75768088208 0
468 5.425167799 56.109511 89.161307 2.4869631 53.2813645168 88.1281083916 2.47124526288 3.01096527624 -0.900565729798 0
471 5.41313004494 56.023191 89.233423 2.608836 52.3754581922 88.6868454257 2.61596473522 3.6884551891 0.408446441576 0
474 5.4304330349 54.873312 89.789936 2.6823278 52.4362194059 89.4142143249 2.70108379828 2.46588464637 1.07463954198 0
477 5.43899798393 52.997249 90.667048 2.6986067 49.7914513292 90.1810440228 2.70554496876 3.24242788235 0.397533517234 0
480 5.45953917503 51.122563 91.609157 2.7018871 47.3227514848 90.8969448893 2.70430280923 3.86598158839 0.138409943502 0
483 5.44969296455 49.137432 92.566213 2.7007601 46.6880936434 91.52415069 2.7184919566 2.6617949288 1.01596054619 0
486 5.49783992767 47.308569 93.452781 2.7003868 44.5432815374 92.7079937423 2.70438331912 2.86383009447 0.22898367858 0
489 5.39810991287 45.360782 94.336008 2.7008969 42.7410165464 93.3377174061 2.72977129711 2.8035254844 1.65438109052 0
492 5.46232700348 43.468079 95.251019 2.7064338 40.5381012241 94.108179585 2.74355860673 3.14497244751 2.12709474105 0
495 5.42542695999 41.590918 96.131677 2.7064065 38.4311186627 94.7139422645 2.73093537511 3.46327931771 1.40540101995 0
498 5.44950199127 39.606214 97.06058 2.704478 36.2274281913 95.8269912854 2.71917245661 3.59693406359 0.841930346169 0
501 5.46785306931 37.718719 97.944153 2.696243 34.489956933 96.1135085091 2.72445500103 3.71162548455 1.61642859081 0
504 5.58487391472 35.769603 98.891663 2.7044976 32.6053866126 96.7651415749 2.74460295476 3.81239540419 2.2978675638 0
507 5.44954204559 33.862509 99.822852 2.7013631 30.9849190598 98.579720571 2.75640217785 3.13462910305 3.15350686888 0
510 5.42755007744 31.979521 100.73965 2.7066945 29.772278315 99.9162692296 2.7547356564 2.35581751487 2.75255550445 0
513 5.40614891052 30.015598 101.64307 2.7044148 27.7044829757 100.430343909 2.74137326817 2.60997264867 2.11756424335 0
516 5.46682500839 28.083667 102.5122 2.7038251 25.5811952518 101.270873194 2.69270681267 2.79343106055 -0.637030939363 0
519 5.55036687851 26.231599 103.44351 2.6987262 23.4435667916 102.027909798 2.73838188862 3.12682707039 2.27210359137 0
522 5.45161700249 24.326425 104.3449 2.7056645 21.2183596363 103.141098579 2.68611059323 3.33304787949 -1.12035633066 0
525 5.4594271183 23.072168 104.95788 2.6888385 19.7087150377 103.787305764 2.67162597718 3.56132838576 -0.986204912171 0
528 5.44558405876 23.059574 104.94595 2.6093304 19.1555165323 103.709197663 2.58605587505 4.09526812959 -1.33353204958 0
531 5.41811609268 23.148655 105.02795 2.4881616 18.4015434725 104.366619433 2.47647060916 4.79295587022 -0.66984443362 0
534 5.75019097328 23.15609 104.97342 2.3614352 18.5488427346 104.798397994 2.34021903467 4.61057047088 -1.21559673058 0
537 5.42544698715 23.189116 104.80794 2.2179164 19.1039277223 104.347603558 2.20670124516 4.11104280011 -0.642581038927 0
540 5.4200668335 23.170444 104.45908 2.0515088 18.7126360829 103.917266285 2.06845468737 4.49061393652 0.970927826322 0
543 5.40737295151 23.203193 104.36781 1.9241471 19.6595677687 104.498532662 1.9925693876 3.54603556021 3.92030830401 0
546 5.4274930954 23.268475 104.40083 1.8086424 19.8805185461 105.049945683 1.82889118165 3.44957969951 1.16016972877 0
549 5.41630411148 23.269141 104.3114 1.6661585 18.784855177 104.127368328 1.66413980571 4.4880604941 -0.115662663018 0
552 5.43097686768 23.273746 104.22596 1.531085 19.5149807423 105.622300625 1.52236533428 4.00974854603 -0.499600044559 0
555 5.40816712379 23.201513 103.9692 1.3630267 19.0380847077 104.986204619 1.35023196434 4.285841054 -0.733084353316 0
558 5.43486690521 23.573375 105.47089 1.3112874 19.846104678 105.79443631 1.35856293121 3.74128671289 2.70868841255 0
561 5.44663095474 24.091257 107.45193 1.3021436 19.4815747173 106.717794607 1.36352477112 4.66777522191 3.51688204652 0
564 5.41751599312 24.69734 109.54228 1.2971878 21.1702909515 108.209784987 1.29497661038 3.77036045369 -0.126691832776 0
567 5.41954898834 25.24514 111.62222 1.291934 21.3979716133 111.312419903 1.30178221312 3.8596218333 0.564261047386 0
570 5.4809191227 25.838263 113.71051 1.2925571 21.8024342851 113.667616505 1.30212912963 4.03605664827 0.54843689929 0
573 5.44461894035 26.485855 115.66064 1.2984976 22.5402695983 115.528112825 1.33245010082 3.94781048359 1.94533500078 0
576 5.41575193405 26.666562 116.70228 1.2516028 22.5413289403 117.348478968 1.27701036768 4.1755383968 1.45574639578 0
579 5.40153288841 26.671044 116.66524 1.1445574 22.7523801813 117.185979133 1.14882229144 3.95311211178 0.24436027983 0
582 5.4323720932 26.68282 116.71548 1.0360889 23.1043675171 115.99051209 1.0229021412 3.65115059154 -0.755545624582 0
585 5.42009305954 26.598988 116.54426 0.86252405 23.0767981353 115.661133692 0.897910890675 3.63121653434 2.02751662098 0
588 5.43326616287 26.490987 116.49462 0.72378221 22.1691000586 115.686974603 0.750220104491 4.39670306266 1.51477977353 0
591 5.42856788635 26.414554 116.44154 0.58967497 22.1220677299 116.383403913 0.627620392768 4.29287994049 2.17411257643 0
594 5.47451519966 26.30131 116.37003 0.43724496 22.1523434628 116.553884725 0.495285630538 4.15303815139 3.32548546191 0
597 5.42523598671 26.176025 116.35464 0.31453037 21.8649903526 116.104934028 0.367414984756 4.31826039094 3.03006522672 0
600 5.41342687607 26.088883 116.46581 0.14702743 22.3012712733 116.301693729 0.200005371211 3.79116561794 3.03541243869 0
603 5.40052390099 25.977812 116.45377 0.019989929 21.8561606697 115.84367596 0.12053470443 4.16656026313 5.76079128421 0
606 5.42638206482 25.890585 116.45549 -0.11586106 23.7386922043 116.486079782 0.0265475887945 2.15211020599 8.15941454209 0
609 5.42878603935 27.617035 116.21759 -0.13548047 24.1883447144 115.969936715 -0.0634578420135 3.43762261223 4.12659261307 0
612 5.42428708076 29.732468 115.90829 -0.14344069 26.8933149243 114.770703042 -0.0554827210126 3.05857716513 5.03962039752 0
615 5.38475108147 31.744289 115.6014 -0.14068963 27.7753320347 115.226752124 -0.117466225016 3.98660010827 1.33060309149 0
618 5.41704511642 33.87565 115.27561 -0.13567301 30.4895601687 115.25927334 -0.133469157085 3.38612924033 0.126271470686 0
621 5.41124105453 35.936054 114.9269 -0.14240112 32.7597907166 114.176296108 -0.036600798667 3.2637485578 6.06191188351 0
624 5.40836191177 38.113735 114.67885 -0.14674677 34.5486578228 114.173075878 -0.106904741919 3.60077529738 2.2827800563 0
627 5.43251109123 40.163768 114.30534 -0.14012204 36.6924662156 114.359744935 -0.0958914258005 3.47172809635 2.53422751891 0
630 5.46030497551 42.346763 113.98058 -0.16006212 39.2424957364 114.429106358 -0.0789965096152 3.13650301094 4.6447173387 0
633 5.42238092422 44.341947 113.67079 -0.15507802 40.9516306622 114.494930743 -0.0984041215592 3.48904755407 3.24717518921 0
636 5.43266606331 46.544067 113.30502 -0.15009707 42.7022231572 114.290342329 -0.0676775182951 3.9661850945 4.72229246205 0
639 5.37338900566 48.557097 112.97025 -0.14631805 45.1397135108 114.16283521 -0.0725101466599 3.61949850041 4.2288813561 0
642 5.46044111252 50.586062 112.64729 -0.14866611 47.5176962722 114.005751509 -0.0917603656958 3.35563494923 3.26045897868 0
645 5.4332549572 52.747394 112.3225 -0.14488479 49.9064639455 113.758562442 -0.0635726523208 3.18326230663 4.6588423122 0
648 5.41575789452 54.919709 111.95097 -0.14565598 51.5773142696 114.022957298 -0.0401285158073 3.93252258666 6.04627832096 0
651 5.38790988922 56.9199 111.70562 -0.14317608 54.0853827427 113.597067643 -0.07308988438 3.40764761524 4.01564321115 0
654 5.41277909279 58.963864 111.32719 -0.14485493 56.5304237026 113.754955714 -0.0494472650156 3.43739407732 5.4664565368 0
657 5.39176082611 61.070196 111.0267 -0.15209978 57.8381201068 111.858757469 -0.125743618944 3.33745924483 1.51009679267 0
660 5.45531582832 63.25691 110.67843 -0.1447313 59.6808818463 111.482074694 -0.100256280074 3.66521788573 2.54823093549 0
663 5.40560007095 65.338645 110.4192 -0.14848438 61.5493216027 111.3703939 -0.123221933433 3.90688387912 1.44743156845 0
666 5.45889186859 67.412523 110.08404 -0.1445869 63.137118534 111.684421853 -0.101360529049 4.56511833619 2.47668861917 0
669 5.43059420586 69.507235 109.73429 -0.15139682 66.310739738 111.487360045 -0.102707131036 3.64565995978 2.78971368344 0
672 5.41917610168 71.647859 109.39116 -0.14906575 68.439633332 111.623995126 -0.108918543214 3.90874207856 2.30026550808 0
675 5.38194012642 73.702975 109.06139 -0.1559357 69.9578700709 111.205052778 -0.0928536189326 4.31521737969 3.61433700806 0
678 5.43853211403 75.754203 108.72815 -0.15045699 72.1488265345 110.190323221 -0.124230130893 3.89058992785 1.5026883367 0
681 5.42176485062 77.860742 108.43703 -0.15243836 75.0155422673 109.825988669 -0.156483133013 3.16612818816 -0.231748422712 0
684 5.4091129303 79.97813 108.08555 -0.15170568 75.8990624729 109.646477266 -0.181860088868 4.36752628159 -1.72772036184 0
687 5.37476301193 82.120618 107.73965 -0.14888428 78.1163519818 108.971509964 -0.149859724813 4.18946599415 -0.0558888709105 0
690 5.41356706619 84.192494 107.42985 -0.14593359 81.3114565123 108.648700887 -0.150796053862 3.1282542241 -0.278598657324 0
693 5.42559218407 86.28045 107.15458 -0.15823172 82.4171365827 108.959422821 -0.11097377633 4.26411165067 2.70768072078 0
696 5.45356893539 88.385341 106.75858 -0.15035877 84.6637410176 108.884600627 -0.113546640244 4.28605531158 2.10917966992 0
699 5.41337609291 90.512184 106.42958 -0.15443508 87.0397031252 108.886441718 -0.108081810208 4.25373870016 2.65584672573 0
702 5.43463397026 92.541412 106.11165 -0.15857271 89.1974246039 108.815457377 -0.103011088264 4.30032859649 3.18344642837 0
705 5.3924498558 94.624435 105.7799 -0.14991569 91.2123718324 107.473649088 -0.100522911258 3.80932553539 2.82999776036 0
708 5.43421792984 96.812614 105.41142 -0.16008539 93.165881161 107.536719889 -0.128541029354 4.22084825781 1.80735873243 0
711 5.3808350563 98.833392 105.05687 -0.15857643 94.5049359061 107.007296639 -0.153758480295 4.74759899626 0.276048184003 0
714 5.42782282829 100.9283 104.72764 -0.15390186 96.6017184038 107.026029452 -0.11236680583 4.89917364273 2.37978330581 0
717 5.42836403847 103.02648 104.38009 -0.15580909 99.0331411191 106.32494056 -0.146590165761 4.44175631029 0.528205450574 0
720 5.42201805115 103.56436 104.3046 -0.21764658 99.2358062878 106.925630929 -0.199921005745 5.06025497058 1.01560059425 0
723 5.40683913231 103.46604 104.39779 -0.32798619 99.4183974462 106.612996004 -0.323387804056 4.61416816797 0.263468107138 0
726 5.40853500366 103.43166 104.43448 -0.46455789 99.3211122318 106.672860152 -0.432952594038 4.68048594258 1.81085006887 0
729 5.42444896698 103.35806 104.51276 -0.60050128 99.0877519338 106.432657059 -0.545035244991 4.68204396574 3.17796971235 0
732 5.42561507225 103.30537 104.5712 -0.75278089 100.357480173 106.412576589 -0.627305419812 3.47573332938 7.18921487421 0
735 5.43648099899 103.24477 104.73622 -0.88717849 99.7963740015 106.827990397 -0.759477208378 4.03322927173 7.31674447536 0
738 5.47305011749 103.11543 104.83266 -1.0218313 100.075766964 106.333915123 -0.937265113549 3.3901796879 4.84528557317 0
741 5.41807794571 103.3336 104.43355 -1.1359167 99.1076670336 105.623648716 -1.08145155245 4.39031256179 3.12062308506 0
744 5.44048094749 104.18264 102.5184 -1.1499809 101.176093946 104.616502655 -1.09416708886 3.66624520827 3.19789581689 0
747 5.43719410896 105.02068 100.61649 -1.1544373 102.974487169 102.946704205 -1.05982963124 3.10109711944 5.42062012954 0
750 5.45643115044 105.97315 98.645528 -1.1675657 103.917005897 101.186185312 -1.03620113643 3.2684351225 7.52663507042 0
753 5.40874099731 106.66644 96.709247 -1.154133 104.874274702 98.5584484005 -1.07404932986 2.57515092245 4.58845630709 0
756 5.38426995277 107.65453 94.805864 -1.1707179 104.90703505 97.1327651223 -1.08985990507 3.6004440465 4.63282184957 0
759 5.38909101486 108.36584 92.821603 -1.1639211 105.965661984 95.4080742117 -1.12332814747 3.52855322156 2.32580485783 0
762 5.43339180946 109.18739 90.932737 -1.1605274 107.251939917 92.5636732453 -1.14167556934 2.53099191203 1.0801303331 0
765 5.41014504433 110.00551 88.971931 -1.1631703 108.176837184 90.2821097518 -1.14133178449 2.24958054507 1.25125476952 0
768 5.41807198524 110.83946 87.051439 -1.1600004 108.638050378 88.8544495267 -1.12854400641 2.84553181056 1.80231859126 0
771 5.40097594261 111.68317 85.129972 -1.1502451 110.145396908 87.3025472725 -1.09462189285 2.66173428353 3.18697501291 0
774 5.42171287537 112.49307 83.177328 -1.1488654 110.705274319 86.328964215 -1.08495291044 3.6233995402 3.66191591005 0
777 5.40399909019 113.40329 81.226755 -1.149046 111.86696806 83.0520727283 -1.12063770088 2.38580592486 1.62767564278 0
780 5.37935304642 114.20236 79.347389 -1.1522317 111.966784418 81.7499475578 -1.13675529426 3.28178088931 0.886732731032 0
783 5.40726494789 115.10134 77.33273 -1.146946 113.211771648 80.4576961504 -1.11936085415 3.65183269043 1.58051243417 0
786 5.43475985527 115.87569 75.433999 -1.1405871 113.31576751 78.209332953 -1.12276394727 3.77566970311 1.02119142911 0
789 5.41451311111 116.74641 73.521868 -1.1514597 114.224090025 76.0507556173 -1.13891383533 3.57174616101 0.718825095924 0
792 5.42610383034 117.66191 71.592443 -1.1472421 115.563161652 74.3331454466 -1.12472823288 3.45198414351 1.28994956668 0
795 5.41673016548 118.47567 69.543126 -1.1411103 116.824532476 72.146031996 -1.12238636899 3.08243000705 1.0728022228 0
798 5.3898859024 119.32773 67.660396 -1.1493947 117.328669141 70.2831207898 -1.13744428024 3.29771582155 0.684708615858 0
801 5.38353395462 120.23613 65.736718 -1.1477983 118.755259069 68.5316606775 -1.0965645379 3.16301806569 2.93547833684 0
804 5.43601894379 121.05504 63.851108 -1.1435448 119.66479997 66.1959107374 -1.10277402365 2.72596170547 2.33599341218 0
807 5.44011187553 121.9387 61.889647 -1.1416966 120.431872721 63.8694273115 -1.14463836047 2.48798282365 -0.168550459382 0
810 5.42446899414 122.75206 59.947854 -1.134592 121.492798437 62.2738320076 -1.12570148011 2.64497889889 0.509389267507 0
813 5.42428803444 123.61313 58.017737 -1.1345099 122.564469957 61.1347323495 -1.09800024908 3.28866962394 2.09184890915 0
816 5.43896698952 124.50226 56.14403 -1.1250591 123.046532411 59.4767776676 -1.12657573031 3.63680489281 -0.0868965158562 0
819 5.38938808441 125.37031 54.195354 -1.1346431 124.214154458 57.9281749402 -1.12726710583 3.90776762459 0.422613335787 0
822 5.40909194946 126.19009 52.293812 -1.120627 124.633184356 55.4744555507 -1.11391031649 3.54124957928 0.384837617267 0
825 5.40428900719 127.09539 50.434417 -1.1252352 125.813292329 53.9303033673 -1.11274646471 3.72357300591 0.715551823424 0
828 5.38883399963 127.94916 48.435924 -1.125081 126.873034477 51.9681351279 -1.09855423719 3.69250072338 1.51987155319 0
831 5.39544701576 128.83417 46.49897 -1.1135569 127.61579622 49.030701286 -1.14837100998 2.80964374478 -1.99470156963 0
834 5.40428185463 129.69028 44.561049 -1.1141866 128.572284058 47.3674821977 -1.1430971763 3.02092406703 -1.65645400541 0
837 5.38503789902 130.6504 42.689185 -1.1179531 129.257920708 45.1149536289 -1.14254248772 2.79702556633 -1.4088681372 0
840 5.44460916519 131.56218 40.752166 -1.1133477 130.079707481 43.0898037344 -1.09889966556 2.76808145584 0.827811395654 0
843 5.43505811691 131.80181 39.159633 -1.0655485 131.638834106 42.4446471996 -1.11893189316 3.28905448934 -3.0586431244 0
846 5.42000508308 89.526265 39.287264 -0.26055386 132.830638686 40.6075707328 -1.10849743889 43.3244964215 -48.5835883359 0
849 5.3894610405 49.129117 22.860079 0.57174269 133.719114196 40.1927015984 -1.08391898836 86.3474807496 -94.8624264719 0
852 5.4174888134 45.693587 19.436118 1.0035584 133.946338922 39.3352450933 -1.04299423881 90.468356241 -117.258828755 0
855 5.39228105545 46.841947 21.209275 1.0214136 61.2585592428 106.408109907 -0.218679031635 86.4099541611 -71.052073998 0
858 5.39944887161 48.00008 22.972907 1.0079248 65.3546570071 107.918618804 -1.19604837526 86.7003765678 -126.278361102 0
861 5.43454909325 49.170996 24.731115 1.014741 94.3199839406 123.351041718 -1.99952631779 108.463454942 -172.704795633 0
864 5.41957497597 50.349541 26.532036 1.0144485 76.3059990132 135.083846644 -2.61736815516 111.611976538 151.912233694 0
867 5.4230530262 51.518278 28.351001 1.0069992 123.621977312 64.7659321886 0.945734827896 80.777414343 -3.51018995606 0
870 5.44487309456 52.642563 30.101924 1.0170679 54.0709425448 104.227060468 -2.23129377828 74.1388975138 173.882585502 0
873 5.40592384338 53.80357 31.912095 1.0183648 55.8292915104 101.325232692 -2.77085155742 69.4426902693 142.893895058 0
876 5.43326306343 54.946688 33.671099 1.0064723 105.281017066 58.4840967334 -2.7262114872 56.1179965703 146.132972736 0
879 5.36330199242 56.161659 35.476636 1.0152563 35.5152090231 103.574448224 1.55736610396 71.1588921102 31.0606037994 0
882 5.40956091881 57.333476 37.252395 1.017552 99.7609145975 25.1069154302 -2.75027709445 44.1316238079 144.119294961 0
885 5.40563988686 58.434052 39.044555 1.0099164 44.5760166046 119.830719027 1.08784652093 81.9661481543 4.46506702646 0
888 5.39637613297 59.558673 40.733157 1.0155176 90.6370201751 68.4007966543 2.27381364316 41.6096376718 72.0950526508 0
891 5.38608908653 60.829575 42.673596 1.0256616 80.4520600753 48.8785785601 -2.92276878682 20.580178063 133.771603134 0
894 5.44268608093 61.938983 44.298725 1.0235902 35.8499589003 114.179164031 1.52827645346 74.591641205 28.9163923013 0
897 5.43755602837 63.08776 46.123861 1.0214801 34.8601788113 116.001137584 1.87665848307 75.363320804 48.9981120809 0
900 5.41933393478 64.233274 47.872937 1.026201 61.6122547578 49.3980969218 1.28950232005 3.03246676075 15.0860543791 0
903 5.36533904076 65.367062 49.701179 1.0288308 63.4239285411 51.3882872286 1.46496523056 2.57334448024 24.9886621714 0
906 5.40582704544 66.47055 51.411163 1.0247772 64.3648496742 50.1238323214 1.04191890326 2.46803446862 0.982147250203 0
909 5.43837094307 67.601685 53.206336 1.0345375 64.4123077778 54.9673159377 0.996820104951 3.64323721522 -2.16104755055 0
912 5.41845297813 68.713633 54.989386 1.0321621 65.885482636 55.3998040829 1.01127777467 2.85777491838 -1.19658369938 0
915 5.44594621658 69.889939 56.860516 1.0335194 67.53643133 57.9212385263 1.02116114676 2.5814977495 -0.708075752937 0
918 5.44692182541 70.97178 58.665246 1.0279054 68.1727894561 59.3034928424 0.972372397293 2.87083735111 -3.18180667879 0
921 5.39436411858 72.083269 60.388926 1.0348295 68.7023928595 62.3789801817 1.03014512355 3.92309050666 -0.268395000278 0
924 5.4053030014 73.21006 62.180545 1.0389104 70.2633931557 63.6146206705 1.05705248553 3.27710520424 1.03946493225 0
927 5.36220908165 74.211219 63.966291 1.0279221 70.8256957816 64.5397531287 0.992531132811 3.43374813807 -2.02775305284 0
930 5.40843605995 75.394113 65.876292 1.0355825 72.9264073049 66.5042519717 1.01840718624 2.54635133544 -0.984072990025 0
933 5.44215703011 76.475569 67.55587 1.0353462 73.6980859829 68.6493399233 0.998471022867 2.98497711611 -2.11279201849 0
936 5.40791392326 77.652303 69.425792 1.0395167 74.6734835933 71.1107801307 0.981375978093 3.42236030514 -3.33121798311 0
939 5.3979818821 78.72098 71.209083 1.0347632 76.8768899646 72.2375302796 1.01551630969 2.11148570102 -1.10276558378 0
942 5.3983259201 79.923618 73.070281 1.0406815 77.5942215863 74.5482355314 1.02555071468 2.758702095 -0.866930139655 0
945 5.38362789154 80.886825 74.813727 1.0240856 78.8901833626 75.7958544028 0.980011728016 2.22511843811 -2.5252468515 0
948 5.37968492508 82.003807 76.66259 1.0354781 80.1114271669 77.8366385224 1.00802482821 2.2269915504 -1.57295660712 0
951 5.36470603943 83.149971 78.458347 1.0359732 82.0202270156 80.3200560462 0.991823419197 2.17767813117 -2.52959610646 0
954 5.3840470314 84.209192 80.07724 1.046865 82.7353784272 80.5959076028 0.995804257876 1.56241560716 -2.92556502251 0
957 5.39272904396 84.421821 80.346791 1.1291589 81.5921228542 80.9549451039 1.10507127028 2.89431218265 -1.38011952118 0
960 5.38535189629 84.549549 80.462185 1.2384433 80.9900758572 81.2727272558 1.21578966703 3.65059280153 -1.29795755985 0
963 5.39365005493 84.477315 80.645515 1.377415 81.8856816625 81.7090213746 1.33168272267 2.80135844993 -2.6202664784 0
966 5.39900112152 84.491575 80.745704 1.5042297 81.9916843107 80.6825042741 1.45238823419 2.50068943771 -2.97029719496 0
969 5.39569401741 84.58151 81.604236 1.6242617 81.2409069675 82.0790245644 1.58439159804 3.37417438815 -2.28438857105 0
972 5.39593815804 84.52138 83.606555 1.6450761 81.2837940438 82.9179985303 1.6457632804 3.30999589663 0.0393725364046 0
975 5.4251101017 84.450105 85.633891 1.6510189 81.3761568051 86.8525765575 1.63486430836 3.30671317066 -0.92558992064 0
978 5.40819311142 84.288283 87.799076 1.6553182 80.6927839666 88.0514733101 1.59745769659 3.60434705617 -3.31516264572 0
981 5.41041517258 84.219899 89.940013 1.6574582 81.0512423943 90.3764724665 1.6094643585 3.19857492496 -2.74984456056 0
984 5.40834307671 84.085061 91.960688 1.6559816 81.1038514984 92.7649300169 1.62494184015 3.08778485551 -1.77844723641 0
987 5.3674519062 83.972707 94.061302 1.6546883 80.3141798387 94.9695984602 1.67004070769 3.76959194733 0.879628166287 0
990 5.4027531147 83.850194 96.236204 1.650278 79.9412717629 96.2755285099 1.65859906014 3.90912003817 0.476761626982 0
993 5.4189388752 83.742141 98.372522 1.653672 79.4753802859 99.3936772069 1.64788747458 4.3872548305 -0.33142889304 0
996 5.43933796883 83.558608 100.37046 1.6603574 79.5698531748 100.88106701 1.6534251825 4.0213038401 -0.397186805484 0
999 5.41235995293 83.448658 102.54165 1.6520527 79.8261066393 102.760130314 1.66174293239 3.62913378215 0.555209418517 0
1002 5.38893890381 83.308795 104.69204 1.6576029 79.3622803804 104.65397682 1.64849737836 3.94669817039 -0.521707960163 0
1005 5.37935709953 83.194681 106.76107 1.661421 78.8242375045 107.778727327 1.66900446303 4.48736033569 0.434500425902 0
1008 5.38972711563 83.066158 108.84686 1.6653468 78.4104413574 109.325398874 1.66647261846 4.68024538997 0.064504646092 0
1011 5.39002490044 82.920912 111.09751 1.6564676 78.3816808996 111.603735252 1.67777314452 4.56737156235 1.22071778146 0
1014 5.40816998482 82.798446 113.12029 1.6519674 78.1054894795 113.750938961 1.66402800696 4.73514086543 0.691021877221 0
1017 5.39391088486 82.725101 115.25424 1.6521864 78.6873810047 116.166793247 1.66785478389 4.13955748699 0.897732268666 0
1020 5.3926460743 82.605874 115.888 1.7134215 78.737262765 117.72183142 1.70771804823 4.28124871548 -0.326783715112 0
1023 5.35786294937 82.650086 115.98425 1.8265292 78.879298621 116.963494875 1.82831360535 3.89586421529 0.102238895302 0
1026 5.39420390129 82.697137 116.16336 1.9516157 78.7078573855 117.104626977 1.97165746887 4.09882121651 1.14830877024 0
1029 5.39631390572 82.611261 116.28116 2.0730733 78.3052049948 116.938276466 2.08121017884 4.35590637752 0.466208815911 0
1032 5.39554715157 82.517518 116.45008 2.1971216 78.6913319131 116.548705024 2.20178557202 3.82745697132 0.267225912767 0
1035 5.39332604408 82.418538 116.4581 2.3123831 79.0095528491 116.696203587 2.41525006674 3.41729031215 5.89384304555 0
1038 5.39722204208 82.414024 116.83182 2.4679277 78.7375259438 116.136584273 2.49773130044 3.74165614047 1.70762051945 0
1041 5.44153499603 82.282962 116.94587 2.5874118 79.1245469574 116.883967846 2.65200743382 3.15902159827 3.70105719309 0
1044 5.43431401253 82.208722 116.96752 2.707272 78.7783685453 116.102080408 2.7734091933 3.53783980872 3.789382045 0
1047 5.41230201721 82.043289 117.20312 2.8493508 77.7430337972 117.03248219 2.83186706026 4.30363939836 -1.00174449705 0
1050 5.42320013046 81.832352 117.28824 2.9891727 78.1647645691 117.204593181 2.98128524326 3.66854117511 -0.451917982267 0
1053 5.41973900795 81.142386 117.29523 3.0875315 77.0181003052 116.474128508 3.11301576126 4.20522771707 1.46014061445 0
1056 5.4051861763 79.131234 117.37152 3.1037602 74.7849752195 117.088312825 3.12951424414 4.35547605783 1.47559803485 0
1059 5.37031316757 77.094643 117.50841 3.1079346 74.2464188613 116.639497956 -3.09047529129 2.97781612666 4.85727353709 0
1062 5.44789409637 74.899205 117.59033 3.115912 71.867296207 117.006410355 -3.11660301708 3.08762580009 2.90319376939 0
1065 5.43800902367 72.824078 117.69503 3.116944 69.4853718508 116.697105872 -3.12326343965 3.48465368682 2.46245042189 0
1068 5.45873117447 70.711208 117.83017 3.1174699 67.9337768384 117.269767231 -3.13316857554 2.83340345184 1.86479608975 0
1071 5.44458603859 68.550781 117.88294 3.1169773 65.544152673 117.082212629 -3.13531581782 3.11142703904 1.76999207029 0
1074 5.41672110558 66.454241 117.99143 3.11617 63.7160087202 117.106729369 3.1373818503 2.87760511975 1.21534949767 0
1077 5.42216300964 64.352032 118.06903 3.1139299 60.9099465392 116.909653065 3.1148030142 3.63209405119 0.0500257585258 0
1080 5.41399598122 62.204954 118.16997 3.1178991 59.5253284086 117.468626398 3.13209226941 2.76988739099 0.813208705342 0
1083 5.4355199337 60.134729 118.2293 3.1166836 57.1669247986 117.366132832 3.13757866028 3.09077972972 1.19719876655 0
1086 5.41693711281 58.034017 118.36643 3.1239361 54.7893531367 116.79115883 3.1393657993 3.60684388974 0.88405664903 0
1089 5.44680094719 55.858025 118.47896 3.1251128 52.2608091573 116.854247194 3.13363452102 3.94710698101 0.488258648582 0
1092 5.37782406807 53.766425 118.55 3.1243401 51.0665039813 116.880142914 -3.12000381017 3.17458598784 2.22544811925 0
1095 5.40521597862 51.628528 118.603 3.1187628 47.912521098 117.534192538 -3.13848734901 3.86665962902 1.48597510423 0
1098 5.44414305687 49.494235 118.64783 3.1200968 47.2853425061 117.492018156 -3.13984117675 2.49301164614 1.33197391851 0
1101 5.45384311676 47.379245 118.80828 3.1260538 44.8477920456 117.581809585 3.13800235574 2.81291374549 0.684601815303 0
1104 5.44892406464 45.313934 118.87713 3.1250737 42.6939182589 117.507121589 3.1301774247 2.95658680421 0.292421884842 0
1107 5.40433907509 43.229975 118.9845 3.131291 41.0296172995 117.971399094 3.12490804486 2.42238466322 -0.365716390412 0
1110 5.39436483383 41.038059 119.03542 3.1300111 38.7651686645 117.217000576 -3.12986475961 2.91078678004 1.33553296847 0
1113 5.41947603226 38.877743 119.09254 3.1262084 35.9674005517 117.906377762 3.10313740409 3.14278125562 -1.32187069491 0
1116 5.43982982635 36.866989 119.17866 3.1252668 33.9391365888 118.494953805 3.07052579326 3.00662167611 -3.13642865233 0
1119 5.40455698967 34.67231 119.25843 3.1314701 31.9219467251 119.239173111 3.08536517166 2.75043068841 -2.64161780886 0
1122 5.46107506752 32.567479 119.34722 3.1353596 30.693817199 118.787574833 3.11697529992 1.95545678995 -1.05334280378 0
1125 5.41490983963 30.502201 119.36971 3.1349527 27.1942875999 118.067508659 -3.13704751074 3.55499921177 0.640858819318 0
1128 5.4103679657 29.15421 119.31018 -3.13185 26.1815507135 117.766787181 -3.11536219393 3.34944243527 0.944681701485 0
1131 5.38115096092 28.938717 119.39146 -3.028318 26.3678496515 117.747878853 -3.00754562195 3.05134690077 1.19016959275 0
1134 5.43442106247 28.80706 119.32785 -2.9089456 26.4829334741 117.20075661 -2.89485784763 3.1505698527 0.807168753721 0
1137 5.42677211761 28.607415 119.34948 -2.7753086 26.5694271913 117.716797973 -2.75843971125 2.61133010326 0.966516130209 0
1140 5.43134093285 28.309413 119.3977 -2.6319404 26.7812766112 116.29793155 -2.62132974955 3.45597529873 0.607945488514 0
1143 5.42015504837 28.176965 119.31562 -2.5155106 26.2109176934 117.791547666 -2.50301736674 2.48759693086 0.71580953846 0
1146 5.39190006256 28.13257 119.1422 -2.3876282 25.8965901444 117.673680866 -2.37002221389 2.67509894428 1.0087486982 0
1149 5.41179203987 28.071656 119.10664 -2.2643471 25.6421220316 118.034411312 -2.24477993482 2.65561850861 1.12111598177 0
1152 5.42639803886 27.847582 119.05477 -2.1225081 25.093303049 118.608677622 -2.12870512167 2.79017041583 -0.355063187024 0
1155 5.42774009705 27.651134 118.95518 -2.0012288 24.9017104695 119.23399315 -1.95695244427 2.7635242939 2.53684831567 0
1158 5.44584488869 27.585975 118.8068 -1.8653126 25.7664431218 118.563810636 -1.95083742145 1.83568518187 -4.90021131258 0
1161 5.41902279854 27.545652 118.66047 -1.7395281 24.6298117556 117.852894892 -1.76660887753 3.02560768869 -1.55161425837 0
1164 5.38263201714 27.426878 118.54472 -1.6078392 24.2856215525 117.336275835 -1.69048857349 3.36568408641 -4.73546028059 0
1167 5.41309595108 27.408113 118.27266 -1.4907581 26.0190373739 117.916381863 -1.49191888907 1.43403807686 -0.0665083144983 0
1170 5.43198394775 27.619078 117.43976 -1.368489 26.7863146862 116.120790069 -1.37204009045 1.5598642301 -0.203462495655 0
1173 5.43525600433 28.00462 115.50954 -1.3464267 26.6959836085 115.666143989 -1.29270880859 1.31797344995 3.07780846231 0
1176 5.43320798874 28.352772 113.43776 -1.3439724 26.6391851616 113.668778925 -1.37034688831 1.72908923907 -1.51114686688 0
1179 5.43858408928 28.777386 111.37552 -1.3470791 26.8727622652 111.369916472 -1.40371577828 1.90463197773 -3.24504263097 0
1182 5.46525812149 29.292879 109.18718 -1.3487141 27.131902895 110.044548439 -1.40830440418 2.32484372943 -3.41427292922 0
1185 5.43521499634 29.664866 107.14961 -1.3582731 27.7519866787 107.825583332 -1.38962963424 2.02880438762 -1.79659707201 0
1188 5.43659710884 30.155372 105.1583 -1.3627181 26.6986314947 105.916896032 -1.45654628404 3.53900026296 -5.37595894462 0
1191 5.42340517044 30.584999 103.08809 -1.3538609 27.540083063 103.90954388 -1.40287593309 3.15377544219 -2.80835452855 0
1194 5.41994690895 30.932942 101.04272 -1.3388863 28.5053128303 101.325343399 -1.34612220467 2.44402523942 -0.414586798414 0
1197 5.47280597687 31.46397 98.886394 -1.3633561 29.115362788 98.5217644867 -1.39837271722 2.3767436795 -2.00630437967 0
1200 5.41947817802 31.761459 96.890841 -1.3338862 29.245604602 98.0932943567 -1.36891084167 2.78844354919 -2.00676414675 0
1203 5.43037199974 32.148779 94.808879 -1.340085 30.2319607697 94.2237835687 -1.33850153377 2.00412793796 0.0907259318982 0
1206 5.43529200554 32.63242 92.742465 -1.3409888 31.1011904314 92.7089610399 -1.33463459774 1.53159606521 0.36406897194 0
1209 5.40953397751 33.223163 90.635151 -1.3443959 31.436326435 90.6207295111 -1.29672191231 1.78689476172 2.73151828733 0
1212 5.40968585014 33.480467 88.544154 -1.3400822 31.8131834295 89.1054281596 -1.36419094517 1.7592223244 -1.38132934738 0
1215 5.42056488991 33.996344 86.523674 -1.3537744 31.7580900465 86.3859481524 -1.34563904763 2.24248727296 0.466121355852 0
1218 5.42589616776 34.391099 84.502242 -1.3500462 32.6588075662 84.3132276947 -1.34620892065 1.74257281604 0.219859911675 0
1221 5.41979503632 34.871654 82.311763 -1.3462417 33.4058778746 83.2992383859 -1.33601879894 1.76737299045 0.585729085199 0
1224 5.4696969986 35.319079 80.358924 -1.358939 34.1423300791 80.6216313723 -1.33132160304 1.2057168765 1.58236028698 0
1227 5.4191660881 35.776446 78.250756 -1.3606991 34.1215362772 78.1211820789 -1.34858229881 1.65997457556 0.694241569229 0
1230 5.4468228817 36.167733 76.160289 -1.3496683 34.7450333808 77.2134579649 -1.34735903326 1.77009578131 0.132311237909 0
1233 5.44952988625 36.593873 74.026216 -1.3452321 34.99288164 74.6343460924 -1.33744615808 1.7125990611 0.446101611291 0
1236 5.44973087311 37.096668 72.068535 -1.358637 35.2755111535 72.0097095616 -1.36856789748 1.82210666307 -0.568998512507 0
1239 5.42432498932 37.456761 70.030489 -1.3570922 35.4586317018 69.9688178207 -1.40479017356 1.99908079541 -2.73289257615 0
1242 5.40885686874 37.942935 67.912468 -1.3598503 35.841106958 67.8260015189 -1.39644288497 2.10360584961 -2.09660068027 0
1245 5.4268591404 38.381728 65.750541 -1.3597279 37.0571065432 65.2954676923 -1.35221007837 1.40061190888 0.430739450388 0
1248 5.43689489365 38.78715 63.709446 -1.3638712 38.1514903712 63.6934386446 -1.38913249181 0.635861147638 -1.44736540556 0
1251 5.38372993469 39.284372 61.704874 -1.358189 37.7742434875 61.4539011082 -1.35259802557 1.53084144074 0.320339238432 0
1254 5.44369316101 39.616785 59.610797 -1.3616912 38.2239705034 59.5358978846 -1.33675016309 1.39482690663 1.4290161516 0
1257 5.42467904091 40.0981 57.483375 -1.3627524 38.9322696376 58.0181117827 -1.33130642042 1.2826160223 1.80172191277 0
1260 5.42835593224 40.478176 55.366289 -1.371191 39.864434055 56.202592007 -1.32534185196 1.03734367231 2.62696267714 0
1263 5.41578388214 40.927924 53.368372 -1.3697355 40.2209773002 53.6574692667 -1.33937529621 0.763774093587 1.73951154214 0
1266 5.43580794334 41.311773 51.24524 -1.3687118 40.5937125526 51.8197459999 -1.32152781581 0.919602060675 2.70344315443 0
1269 5.42228889465 41.752813 49.127024 -1.3690442 40.782256458 50.1659514627 -1.34407856776 1.42174198571 1.43042536034 0
1272 5.4635848999 42.124468 46.999249 -1.3746445 41.6004076629 47.8825861107 -1.3436406115 1.02709478043 1.77639195959 0
1275 5.40184187889 42.489069 45.000812 -1.3756167 42.2390403964 45.7798703735 -1.37293340942 0.818196951784 0.15374122556 0
1278 5.43773007393 42.919623 42.847052 -1.3693623 41.4646270848 44.2478355729 -1.37982251312 2.01970486247 -0.599326064489 0
1281 5.42848992348 43.26925 40.76156 -1.3849404 42.6697023533 42.0108652147 -1.32380982617 1.38572035423 3.5025238799 0
1284 5.42140412331 43.723057 38.666685 -1.382086 43.4352309654 38.8104821793 -1.35051695785 0.321747501822 1.80877287848 0
1287 5.40160703659 44.069109 36.638541 -1.3748634 43.7671554655 36.9135713465 -1.32473289827 0.40843313836 2.87226617393 0
1290 5.41850113869 44.48264 34.512889 -1.372972 43.6696081011 35.3947361865 -1.36881155837 1.1994479267 0.238375746115 0
1293 5.43741297722 44.660959 33.544964 -1.3339999 44.9431463919 34.4390815942 -1.33065087619 0.937590526994 0.191884929864 0
1296 5.42897701263 44.654294 33.324157 -1.2074321 44.221380734 33.4544707748 -1.18742232162 0.452101289314 1.14647585027 0
1299 5.40943694115 44.699557 33.107025 -1.0711259 43.7520684342 33.0558486839 -1.11384567337 0.948869642065 -2.44766271585 0
1302 5.403840065 44.829945 32.953901 -0.95914547 44.5441811077 33.3299754196 -1.10740046118 0.472327186654 -8.49438528655 0
1305 5.40083289146 44.914184 32.826307 -0.82117543 43.3011578676 33.0970523702 -0.80484548194 1.63559052311 0.935637103534 0
1308 5.43767285347 44.932468 32.690373 -0.70238554 43.7103404677 33.9495979075 -0.746224201077 1.75477721463 -2.5117702592 0
1311 5.43906903267 45.019913 32.619075 -0.56167342 43.8961821948 33.1387940775 -0.710430789963 1.23809484376 -8.52316947035 0
1314 5.4153740406 45.164806 32.47066 -0.44585332 43.9653523812 32.9531656809 -0.54793483534 1.29286531228 -5.84883999527 0
1317 5.41504812241 45.307079 32.373178 -0.30795343 42.962035459 32.8836424681 -0.443773435001 2.39995899596 -7.78191306003 0
1320 5.42974495888 45.468859 32.25314 -0.19105128 42.6773948726 32.161597708 -0.403477481456 2.79296472688 -12.1711248014 0
1323 5.36622786522 46.833289 32.057508 -0.10389315 44.9149576523 33.3067740538 -0.328556566226 2.28924896692 -12.8722655607 0
1326 5.45546197891 48.863767 31.868312 -0.084237935 46.8844390411 32.0658247664 -0.286753763387 1.98915822948 -11.6033022512 0
1329 5.42269492149 51.033972 31.691587 -0.08198003 48.3642603234 29.6269998354 -0.544458412375 3.37488971617 -26.4980594261 0
1332 5.4163980484 53.111195 31.42619 -0.084122232 51.7657058605 33.808710199 -0.0257586080807 2.73619142663 3.34398932767 0
1335 5.38420891762 55.206155 31.249451 -0.082409142 53.69330362 33.6525934363 -0.0538133876489 2.83968534656 1.63841603631 0
1338 5.41553115845 57.287235 31.07162 -0.080297126 55.6300497237 32.9141236094 -0.0384815994778 2.47812077804 2.39585318784 0
1341 5.40754890442 59.516372 30.847745 -0.092608556 58.8201222141 33.736267059 -0.0295240666168 2.97124947619 3.61447499439 0
1344 5.4533200264 61.567611 30.670937 -0.091677002 60.4194970152 33.4213441765 -0.0299520941405 2.9804203325 3.53657671118 0
1347 5.4011888504 63.68279 30.502969 -0.089332225 63.0726596467 32.1261466768 -0.0683488432161 1.73406021192 1.20225921613 0
1350 5.59716892242 65.773678 30.270465 -0.081918863 65.2537834854 32.1175270865 -0.0822200897815 1.91883523462 -0.0172590232579 0
1353 5.81356596947 67.870787 30.052005 -0.080757136 67.1098355407 31.6416596234 -0.0939614744156 1.76239863402 -0.756552862478 0
1356 6.02731108665 69.978421 29.855203 -0.080851998 69.4753601966 31.4609596933 -0.0902770086721 1.68271350203 -0.540013333375 0
1359 6.39140701294 72.04312 29.748383 -0.089661546 70.2750300776 31.1137816426 -0.0986377753952 2.23393272662 -0.514300060289 0
1362 5.93111491203 74.192216 29.503442 -0.097083695 72.3033628358 30.8280183405 -0.111606095062 2.30700428217 -0.83207223196 0
1365 6.06947994232 76.337484 29.313327 -0.092202589 75.1429415444 30.5111516327 -0.101300309479 1.69166058328 -0.521260986644 0
1368 6.45522403717 78.469083 29.072242 -0.088851811 77.9155626742 30.2981589427 -0.110835976905 1.34508628029 -1.25959992245 0
1371 5.56651902199 80.508884 28.860474 -0.08148585 79.2840445377 30.1799788548 -0.101371298373 1.80036795411 -1.13935226551 0
1374 5.62794399261 82.648681 28.706332 -0.092016755 80.8962046125 30.1208786592 -0.0621164704579 2.25213581737 1.7131601105 0
1377 5.69436192513 84.803463 28.469695 -0.089914919 83.4829930388 30.646711045 -0.063721093322 2.54618141111 1.50079566065 0
1380 5.49648714066 86.909059 28.274418 -0.095059786 84.8444570376 30.2449337365 -0.0548137516138 2.85403460579 2.30592791247 0
1383 5.36393094063 88.999768 28.069648 -0.093100738 87.1055912644 30.4112916149 -0.0539361936733 3.01184334331 2.24396309647 0
1386 5.40197491646 91.148907 27.8824 -0.087682683 89.9580928372 30.3626044081 -0.0571147754858 2.75126375982 1.75141208911 0
1389 5.39780211449 93.191686 27.680334 -0.085944106 91.2868346392 29.9410649355 -0.0657165113607 2.95624137541 1.15895580253 0
1392 5.39424300194 94.597595 27.536443 -0.026113958 93.409485985 30.528837722 -0.059506169342 3.21963184291 -1.9132327785 0
1395 5.37759017944 66.734672 23.138609 0.64678418 95.4353458936 31.471205418 -0.01743981156 29.8857967104 -38.0572313677 0
1398 5.41855692863 41.954155 8.6979942 1.5862633 97.995206885 31.3561091015 0.0192869199659 60.4482395713 -89.7811331726 0
1401 5.4183177948 40.498777 7.6026468 1.6671323 99.5957319659 31.456750234 0.0133634318833 63.7296503747 -94.7539764332 0
1404 5.4066259861 40.36551 9.5759073 1.6613912 100.784212372 31.4753598171 -0.00123074659494 64.2651197532 -95.2612204657 0
1407 5.39096784592 40.15753 11.693798 1.6450717 102.144412817 30.8887907784 -0.0258694426656 64.8908421051 -95.7378752895 0
1410 5.42046117783 40.017928 13.779826 1.6578436 102.793218271 29.9409030987 -0.0406325378904 64.8221989873 -97.3155143048 0
1413 5.40364003181 39.937066 15.922073 1.6651068 105.823252392 31.6932280513 0.0545172384714 67.747464078 -92.2799844034 0
1416 5.43649697304 39.75755 17.953862 1.6630734 106.087469468 30.4248890084 0.000885206868003 67.4921086591 -95.2363682229 0
1419 5.4299800396 39.645384 20.177858 1.663423 108.517995698 32.3752121738 0.0834478204612 69.9443499576 -90.525909523 0
1422 5.41610503197 39.526919 22.292671 1.6684735 111.603175088 32.630239298 0.0732319581926 72.8138174387 -91.4006076495 0
1425 5.42732691765 39.303781 24.413998 1.6572417 112.798238111 32.9161644596 0.0471378957718 73.9846069163 -92.2521525602 0
1428 5.43128705025 39.21094 26.55624 1.6661167 116.923099409 33.8968544388 0.0333386697857 78.0580831196 -93.551290013 0
1431 5.40728116035 39.049874 28.673026 1.6660737 117.732248057 34.7832582581 0.0976383355386 78.9192684048 -89.8647268227 0
1434 5.44346404076 38.816051 30.701859 1.6598041 120.309253049 35.0857616278 0.153168964761 81.6110322351 -86.3238345153 0
1437 5.42637610435 38.695572 32.853799 1.6647394 122.326614303 34.8522895057 0.128394494445 83.654917375 -88.0260789647 0
1440 5.43103694916 38.58982 35.008607 1.6723781 124.260593865 35.3020443931 0.0801250707826 85.6712764012 -91.2293784911 0
1443 5.42255091667 38.393816 37.160762 1.6689022 126.020874211 35.3436179493 0.115929021912 87.6458974695 -88.9788088015 0
1446 5.41836595535 38.314928 39.264936 1.6781402 128.910741839 37.0397258209 0.155988551855 90.6231374733 -87.2128652176 0
1449 5.40290999413 38.042909 41.445131 1.6601298 130.934960479 38.4550340326 0.203038742752 92.9401630507 -83.4851679466 0
1452 5.41435599327 37.893052 43.482766 1.6655679 135.610961966 27.9683022632 -0.0710093979825 98.9418440964 -99.4985499726 0
1455 5.4230928421 37.737395 45.529248 1.6663309 137.780259757 27.2655866355 -0.0945036990563 101.696293518 -100.888390947 0
1458 5.46653699875 37.667375 47.706088 1.6735516 140.668518052 26.7672043093 -0.131448858507 105.107907982 -103.418908292 0
1461 5.4262509346 37.411337 49.793915 1.6717816 141.967012017 25.8118050906 -0.149080194514 107.270829092 -104.327695902 0
1464 5.41681909561 37.208006 51.943854 1.66906 139.029092528 37.6422151687 0.110483259999 102.820574473 -89.2998692493 0
1467 5.40197205544 37.03196 53.963531 1.6741645 141.413835991 39.5063668113 0.181790546608 105.378297727 -85.5067289846 0
1470 5.44052100182 36.983983 56.143126 1.6856298 33.7060749612 56.1853672389 2.03084357066 3.2781802014 19.7792920885 0
1473 5.45051002502 36.720012 58.206076 1.6746777 33.4844252254 58.7043423683 2.85207258536 3.2737274092 67.4597577516 0
1476 5.45740604401 36.536888 60.398002 1.6787317 133.931429429 57.4074281335 0.242098040489 97.4404445403 -82.3130453964 0
1479 5.42730498314 36.401835 62.417273 1.6766351 138.253030535 55.6963125896 0.128725080521 102.07270615 -88.6887111821 0
1482 5.3967089653 36.239068 64.615141 1.6886647 32.8615833187 64.8308796917 1.7152944721 3.38436788125 1.52577355066 0
1485 5.43142390251 35.99676 66.655908 1.678851 33.6544700964 66.6480686025 1.70413395539 2.34230302238 1.44860663721 0
1488 5.39437484741 35.830181 68.859683 1.6854848 33.3499288347 68.3872389687 1.69312681778 2.52484735507 0.437855365699 0
1491 5.42090892792 35.575227 70.898859 1.683738 33.0476403754 70.6828391307 1.65414683872 2.53680088471 -1.69544865224 0
1494 5.46126008034 35.463169 73.006353 1.6935188 33.362579114 72.6029073087 1.65038435245 2.13898253736 -2.47142179613 0
1497 5.44319200516 35.205801 75.07321 1.6913976 31.3367643677 73.7113505616 1.69373801367 4.1017198334 0.134095825474 0
1500 5.41099500656 34.978045 77.287591 1.6912075 31.3828083046 75.3124099101 1.72457022013 4.10208084196 1.91154305629 0
1503 5.44352197647 34.814043 79.320098 1.7000185 29.8495018362 78.6002405189 1.74419799995 5.01645928517 2.53129888804 0
1506 5.45047497749 34.580736 81.372215 1.6970036 31.1129540534 81.0809004365 1.70705166703 3.47999652355 0.57571183308 0
1509 5.42160010338 34.345965 83.441951 1.6955247 30.7641785852 83.7508235733 1.70665420306 3.59507944111 0.637673553179 0
1512 5.39603710175 34.142398 85.698773 1.7034669 29.8564978661 84.8318042632 1.72314658138 4.37270794225 1.12756268544 0
1515 5.41920208931 33.910208 87.748137 1.7016389 30.3855696113 87.3573196806 1.6546836669 3.54623940937 -2.69033668244 0
1518 5.42044782639 33.670818 89.737713 1.6967853 29.8170176747 89.3251978286 1.6945076433 3.8758154902 -0.130500116181 0
1521 5.45205283165 33.472926 91.900649 1.7056804 30.1782162347 91.7178667041 1.67621248971 3.2997760235 -1.68838689093 0
1524 5.42192196846 33.217902 94.036516 1.7078464 29.9416550581 93.7089824032 1.67996229401 3.29257836371 -1.59764158868 0
1527 5.36868286133 33.034075 96.178482 1.7177188 28.5391586894 96.0254090723 1.7172625815 4.49752197995 -0.026139394409 0
1530 5.40400600433 32.713254 98.174723 1.7080491 28.5257079139 96.8485810509 1.71731867918 4.39251575892 0.531107765126 0
1533 5.40691399574 32.45653 100.24821 1.7068362 27.8472303028 99.2979662839 1.72037061208 4.70623063805 0.775464690451 0
1536 5.45793104172 32.217075 102.39435 1.7082962 27.832507669 102.079335126 1.69843805781 4.3958690894 -0.564829941448 0
1539 5.41513514519 31.955228 104.48204 1.7110577 27.6684079435 103.714938195 1.65350932712 4.35491347511 -3.29727888413 0
1542 5.41354298592 31.741377 106.6002 1.7198575 27.6934819886 105.449796103 1.68333723163 4.20819238499 -2.09245724447 0
1545 5.42712116241 31.439656 108.68741 1.7105287 27.5346009175 107.8905324 1.68076733597 3.98553247467 -1.70520055142 0
1548 5.41689991951 31.216018 110.75498 1.7177022 26.9925327142 110.671768482 1.69414976233 4.22430492697 -1.3494552759 0
1551 5.4155061245 30.916985 112.90957 1.719675 26.9853070334 112.783313908 1.69076986964 3.93370464496 -1.6561419761 0
1554 5.44149303436 30.668641 114.94646 1.716506 26.7838643468 114.163974981 1.68341771377 3.96279856288 -1.8958191521 0
1557 5.38769698143 30.419865 117.12266 1.716223 27.23398934 115.508004845 1.65846358947 3.57168237522 -3.30937045026 0
1560 5.42133688927 30.132888 119.21343 1.725557 26.4817779715 116.871050284 1.71572238255 4.33789663043 -0.563482072937 0
1563 5.64097213745 29.88258 121.34383 1.72867 25.8361073237 119.975164403 1.70780275277 4.27167258075 -1.19560519616 0
1566 5.42668104172 29.981486 120.5055 1.7055843 26.1249777325 120.061811179 1.71506860973 3.88194742199 0.543410918897 0
1569 5.40124487877 30.170653 118.4575 1.6900862 25.9976394962 118.083568336 1.66776745826 4.18973347512 -1.27876970597 0
1572 5.43767595291 30.502618 115.6086 1.6745202 28.128109158 115.036128242 1.71631727391 2.4425429689 2.39479593079 0
1575 5.45772600174 30.699806 113.48782 1.6738205 27.4505047636 112.353375967 1.68906458917 3.44164521527 0.87342197218 0
1578 5.42860293388 30.8492 111.36091 1.6697397 27.7958920618 111.212591274 1.68539780082 3.05690821091 0.89714309192 0
1581 5.40799117088 30.973164 109.37107 1.6787837 27.7277768633 108.483423896 1.67379907967 3.36458812813 -0.285597707371 0
1584 5.43641495705 31.204408 107.09871 1.665475 27.7730846349 107.47049904 1.6831742021 3.45140654319 1.01408958135 0
1587 5.39776802063 31.322843 104.96751 1.6587885 27.1588571085 105.258724854 1.63530987114 4.17415675267 -1.34522634232 0
1590 5.42434501648 31.457099 102.91722 1.6541397 27.7942961509 102.857187978 1.67438524542 3.66329476765 1.15998430665 0
1593 5.39316296577 31.546684 101.34427 1.631357 28.812558293 101.915459318 1.67242414673 2.79315245162 2.35297418445 0
1596 5.42844986916 31.536552 101.09899 1.5279681 27.9973772512 102.074019666 1.56940226701 3.67102720665 2.37400289715 0
1599 5.39190602303 31.522716 100.84711 1.3818466 28.1385376145 101.832193492 1.45321492763 3.52463513456 4.08910396421 0
1602 5.4203979969 31.33472 100.81397 1.2437751 28.6136057888 101.58020263 1.31770386443 2.82693738778 4.23580618631 0
1605 5.38128995895 31.335612 100.76499 1.1262837 28.5721354515 101.759074772 1.18699566483 2.93683625144 3.47853935046 0
1608 5.46069383621 30.238332 99.003137 0.9296569 27.67288744 101.60489473 1.00076172082 3.65385400343 4.07400613611 0
1611 5.39509916306 28.772289 97.32743 0.78863198 26.5563290834 97.9692517574 0.871052154242 2.30703565651 4.72232813078 0
1614 5.62989902496 27.005154 95.945316 0.6582802 24.3466538834 97.2012377962 0.715853465186 2.94023169635 3.29870510797 0
1617 5.43006515503 26.209553 95.323497 0.64585939 23.6641798795 95.9397367632 0.687515566313 2.61890736154 2.38672309342 0
1620 5.47277212143 26.225548 95.299359 0.74214735 24.2035763735 95.5124703035 0.789723230383 2.03317133715 2.72589715255 0
1623 5.3922970295 26.287241 95.304851 0.87876564 23.6936694111 94.9884640701 0.91017602504 2.61279816983 1.79968249569 0
1626 5.45778203011 26.503119 95.525486 1.0159202 24.1808550898 94.27791713 1.10258735779 2.63615966018 4.96566236405 0
1629 5.58358383179 26.584147 95.637624 1.1414331 24.7687831217 94.6141898975 1.22555241898 2.08397777648 4.81968195284 0
1632 5.40791988373 26.62792 95.717086 1.2595284 25.8362445528 95.8485468742 1.35109555344 0.802516028007 5.24641143412 0
1635 5.5180721283 26.756174 95.797181 1.3910555 22.5211262588 96.3451167335 1.34522613847 4.27034693421 -2.62582899371 0
1638 5.4485938549 26.381693 93.77201 1.3952992 23.6505492652 93.4957629427 1.49636909475 2.74507896733 5.79087840525 0
1641 5.40020108223 26.011804 91.856332 1.39866 23.5259354052 92.15016817 1.49351896525 2.50317445766 5.43501835782 0
1644 5.42825198174 25.609249 89.727224 1.3968171 23.0687363569 90.3834434417 1.46092545735 2.62389566209 3.67313830762 0
1647 5.46260380745 25.2462 87.568251 1.3940659 23.2195601806 87.6833145427 1.49338555071 2.02990358795 5.69059680857 0
1650 5.42208099365 24.820481 85.505592 1.4017015 22.387849103 85.2144547227 1.46017498787 2.44999160417 3.35028406854 0
1653 5.39885902405 24.493958 83.448062 1.398475 20.6885430158 84.3641318902 1.40277661828 3.91412407133 0.246464572513 0
1656 5.41266918182 24.080092 81.345956 1.3962744 21.0311435439 81.8166500351 1.45895899639 3.08506718932 3.59156281355 0
1659 5.41691088676 23.622432 79.208855 1.3888608 20.4022777565 79.3015051032 1.44207944392 3.22148682961 3.04920368795 0
1662 5.42383098602 23.236261 77.182266 1.3737053 20.0166936114 77.6803700938 1.41918666637 3.25787075525 2.60589033956 0
1665 5.40926718712 22.741503 75.111069 1.3685019 19.4847344332 75.5008144219 1.41161019097 3.28000655354 2.46992313466 0
1668 5.43561601639 22.23837 73.007777 1.3690406 18.634557243 72.7817656308 1.4072949099 3.61089289878 2.19181050551 0
1671 5.41841697693 21.796618 70.8705 1.3677106 18.1172109054 71.4918093124 1.3897301479 3.73149592379 1.26162716149 0
1674 5.43414187431 21.306705 68.900927 1.3588762 19.6087633475 69.0017772879 1.45108210204 1.70093404807 5.28300903292 0
1677 5.44655895233 20.800373 66.796896 1.3509317 20.0855984693 67.2401968186 1.48250457688 0.841081592685 7.53857054353 0
1680 5.37928986549 20.180988 64.758154 1.3339286 19.2399540094 65.522967348 1.41970700041 1.21263532394 4.91474031696 0
1683 5.36429810524 19.716632 62.635567 1.3210663 18.1994120891 63.1132766569 1.43953915559 1.59064853889 6.78799461241 0
1686 5.42658305168 19.127208 60.642471 1.320188 17.4796220433 61.1346955427 1.43112519285 1.71954194047 6.35623294156 0
1689 5.41624498367 18.573484 58.538556 1.3117791 16.0832992036 59.1501202035 1.37632425303 2.56418234438 3.69816485674 0
1692 5.43280696869 18.03732 56.562177 1.3046299 16.5317620723 57.1157658356 1.38211352499 1.60410887181 4.4394846935 0
1695 5.39372110367 17.470308 54.449011 1.30616 16.2128691272 54.4047565832 1.40026902016 1.25821737873 5.39204966952 0
1698 5.42332696915 16.865167 52.414515 1.2995721 15.8246522685 51.9938333352 1.44013065492 1.12233861626 8.05341197128 0
1701 5.38306808472 16.322269 50.452679 1.2871313 14.690113413 50.8264154966 1.37118355358 1.674398647 4.81583938843 0
1704 5.4289700985 15.679585 48.421133 1.2791916 14.7999058057 48.4283135038 1.39450531587 0.879708499783 6.60698923924 0
1707 5.41834998131 15.049517 46.343459 1.2810584 13.8148295997 46.4666109867 1.37344037428 1.24081400233 5.29309722936 0
1710 5.43092083931 14.370513 44.264129 1.2685694 13.7767764942 44.8617089186 1.40348962003 0.842392306173 7.73035917883 0
1713 5.4034910202 13.728985 42.398373 1.2622613 12.9679387385 42.6710519643 1.37026292556 0.808421443135 6.18803732509 0
1716 5.40539813042 13.116178 40.310007 1.2578142 13.7064902807 40.2111360524 1.40095805335 0.598534922105 8.20153866022 0
1719 5.39094901085 12.482531 38.460523 1.239848 12.392099186 39.2871517572 1.34192130731 0.831560590228 5.84836970992 0
1722 5.40556406975 12.331027 38.238303 1.1567887 11.2806680907 38.182324199 1.25872084357 1.05184954459 5.84028162323 0
1725 5.41884803772 12.263795 38.100898 1.043782 11.7963420428 37.9033549733 1.14141950351 0.507479570637 5.59421687303 0
1728 5.43430614471 12.231882 38.075858 0.90529637 11.2166446126 37.4836592553 1.0199146199 1.17533242363 6.56714197419 0
1731 5.42505812645 12.170047 37.918491 0.7605547 11.6198669467 37.2046861103 0.962750718164 0.90122999932 11.5849784751 0
1734 5.43563914299 11.9457 37.868652 0.60051086 11.8702932462 37.4492450888 0.751802423344 0.426131828991 8.66836805557 0
1737 5.40384817123 11.861848 37.85602 0.47073445 11.7709320233 37.5141584258 0.674268166236 0.353744329568 11.6616229289 0
1740 5.41196393967 11.68598 37.868337 0.32347919 11.8097328286 37.1842687694 0.506280098062 0.695171997926 10.4737205231 0
1743 5.43032979965 11.634663 37.834152 0.18688423 12.4329567657 37.711648656 0.225309614117 0.807638536538 2.2016123361 0
1746 5.42707085609 11.546787 37.799316 0.059161186 13.3246328564 37.2418055593 0.112680189063 1.86321061093 3.06641299924 0
1749 5.45603895187 11.461332 37.784444 -0.088384018 12.2366182149 37.7945412118 -0.0732604709983 0.77535196443 0.866515414464 0
1752 5.41889595985 11.353119 37.809133 -0.22428348 13.7885680881 38.0004579539 -0.164950038257 2.44295261903 3.39955579588 0
1755 5.42097496986 11.259101 37.929753 -0.36642208 13.6870182787 38.107798914 -0.265948421282 2.43443682603 5.75671659679 0
1758 5.48991298676 11.22919 38.083377 -0.50941267 13.287379678 37.0498734312 -0.270037514497 2.30310103496 13.7151861306 0
1761 5.43561410904 11.185129 38.110347 -0.64618684 12.9718493669 37.1838631601 -0.432452000359 2.0126455165 12.2461042463 0
1764 5.45886111259 11.588805 37.741111 -0.76036767 11.3066935798 37.5856411554 -0.666356094267 0.322114461021 5.38646651487 0
1767 5.41904616356 13.063467 36.224873 -0.77289998 12.4427549222 37.2616408623 -0.792382187463 1.20837539027 -1.11624826323 0
1770 5.45992183685 14.493375 34.807156 -0.77803694 13.3773148862 34.1453212917 -0.590202714764 1.29754204504 10.7621083541 0
1773 5.4532020092 15.892318 33.28564 -0.77023756 16.1026830084 34.1808677163 -0.784559870975 0.91961192941 -0.820607971719 0
1776 5.41784000397 17.405154 31.857105 -0.77891679 17.1114685643 32.1839917815 -0.740848488256 0.439438395029 2.18115302319 0
1779 5.45034503937 19.008966 30.381332 -0.78385491 18.1569931891 30.5705444283 -0.711552630619 0.872730779505 4.14261545772 0
1782 5.46842503548 20.517371 28.856906 -0.78454873 19.961904615 29.6382146091 -0.774947143848 0.95863759968 0.550130363149 0
1785 5.56059002876 22.037399 27.308602 -0.78653789 21.7029897568 27.7268553203 -0.804936361464 0.53550479164 -1.05415476438 0
1788 5.39801692963 23.470866 25.802264 -0.78746834 23.7804173514 25.813238065 -0.758582208513 0.30974581393 1.65505342064 0
1791 5.44759321213 25.030138 24.239515 -0.79252133 24.5877405666 25.0522173271 -0.759671246402 0.925311062045 1.88217114681 0
1794 5.46066188812 26.508975 22.80392 -0.79210599 26.2742025359 23.193026217 -0.755842852682 0.454446650329 2.07772472023 0
1797 5.44785904884 27.961008 21.312251 -0.79564812 28.3121261067 21.427503761 -0.766344250339 0.369549893522 1.67898805497 0
1800 5.45355415344 29.36401 19.750057 -0.78815021 29.2603658803 20.0587473596 -0.799916369455 0.325625308697 -0.67415127787 0
1803 5.46724081039 31.016391 18.179875 -0.79578372 30.9173939883 19.0558829441 -0.786795265301 0.88158398714 0.515000518596 0
1806 5.41655397415 32.405165 16.663972 -0.79079715 32.1749881994 16.9382753956 -0.775263270578 0.358083387414 0.890025730318 0
1809 5.43340396881 33.875627 15.226881 -0.79213801 33.048369443 15.6294746295 -0.792021454389 0.920019943328 0.00667814457483 0
1812 5.46667599678 34.400964 14.714584 -0.72873329 33.7794146688 14.8402231935 -0.747819137983 0.634120475966 -1.09353853785 0
1815 5.43048095703 34.541831 14.529671 -0.59347242 33.4695091928 14.399745048 -0.654271210779 1.08016425195 -3.48351411114 0
1818 5.57243108749 34.648846 14.435796 -0.47955783 33.7214334199 15.1984017696 -0.521890783283 1.20069215606 -2.42549955745 0
1821 5.44617700577 34.668797 14.324629 -0.34405458 33.9308751145 14.3654953399 -0.380819530338 0.739052614351 -2.10647648836 0
1824 5.43612003326 34.864126 14.20779 -0.22615765 34.7517446615 15.0777491659 -0.246132705529 0.877187845048 -1.14448637736 0
1827 5.43783712387 35.017605 14.088235 -0.094353638 34.6856468924 14.6741642728 -0.0900983097726 0.67343098973 0.243812347875 0
1830 5.4262149334 36.599142 14.0692 -0.022879679 37.5590029426 15.3531872957 -0.0718981390891 1.60310835713 -2.80855088134 0
1833 5.38571310043 38.63985 14.009333 -0.014813302 38.556414946 14.8271056883 -0.0498991249116 0.822017991255 -2.01026957358 0
1836 5.37312293053 40.768535 13.925491 -0.0089087199 40.0624982729 14.5236192089 -0.0497390058837 0.925335190264 -2.33940306318 0
1839 5.42997694016 42.905865 13.952369 -0.011506708 42.3825650474 14.8498606471 -0.0299727178648 1.0389100524 -1.0580244297 0
1842 5.41721105576 45.04117 13.838962 -0.010052037 45.1883296673 15.3545693015 -0.0320099484731 1.52273486202 -1.25809565433 0
1845 5.41039609909 47.095509 13.764363 -0.008210261 45.7683823501 15.0559805204 -0.0158619142725 1.85190198544 -0.438407438813 0
1848 5.4144949913 49.256947 13.750747 -0.012245698 48.2418762507 14.7628860015 0.000917705287032 1.43345526073 0.754207452376 0
1851 5.48206782341 51.347189 13.680192 -0.017629817 50.8317929389 14.9260190057 0.00505990335948 1.34822773593 1.30002521493 0
1854 5.41527485847 53.510554 13.649042 -0.0075411209 52.4446699353 14.8414224775 0.0115804384556 1.59933737611 1.09558464878 0
1857 5.39986395836 55.608657 13.581194 -0.0077936973 54.3181795506 15.1446573955 -0.00536193756335 2.02725179408 0.1393295697 0
1860 5.42339086533 57.666716 13.591636 -0.01411162 56.854040911 15.1522605306 0.00499957807337 1.75954247627 1.09499099104 0
1863 5.43203902245 59.905766 13.533857 -0.012519778 59.4578908 15.275719812 -0.000407534350432 1.79852112875 0.693980441554 0
1866 5.42428898811 62.027534 13.447994 -0.021676244 61.117481632 15.2544139798 -0.00606061918235 2.02270819837 0.894709396511 0
1869 5.43746304512 64.181261 13.371995 -0.025327169 63.277279786 15.0897686319 -0.0165181421243 1.94111521697 0.504720061597 0
1872 5.41757297516 66.241252 13.310079 -0.024907545 65.4686532518 14.8832721575 -0.0113356631009 1.7526681193 0.777611552871 0
1875 5.42825198174 68.444119 13.24669 -0.026304862 66.7376921874 14.9337573382 -0.00445892422668 2.39960177331 1.25168003392 0
1878 5.43605804443 70.49734 13.123327 -0.017605166 69.5148063475 14.8234518565 0.000918859321109 1.96361831987 1.06134847049 0
1881 5.44077801704 72.634932 13.039101 -0.019360635 71.8146187755 14.7511879465 0.0119400340622 1.89846135036 1.7933962332 0
1884 5.41791701317 74.720419 12.994859 -0.019347658 73.735927323 14.7161508198 0.00352208003814 1.98294462627 1.31033946816 0
1887 5.50308895111 76.914825 12.90632 -0.036038761 76.1000948095 15.3963256801 -0.00937510520906 2.6199071683 1.52771494321 0
1890 5.41253209114 79.004774 12.78569 -0.032634565 77.8461831047 14.8777168218 0.00185735792452 2.39142407064 1.97624161087 0
1893 5.6147351265 81.177999 12.691712 -0.029848436 81.0401736267 14.8424788356 -0.00364159219296 2.15517837192 1.5015415445 0
1896 5.89011096954 83.222919 12.597068 -0.02122413 82.1158872261 14.4582719713 0.00213688282402 2.16554833035 1.33848743997 0
1899 6.14543390274 85.390174 12.538762 -0.021700441 84.1307172899 14.8564799709 -0.0128422191442 2.63781117547 0.507538726328 0
1902 5.97416496277 87.449986 12.512039 -0.030894579 86.8874700081 14.7878401283 0.00303975077796 2.34428987477 1.94429387688 0
1905 6.03202390671 89.572355 12.414566 -0.034322832 88.1002169553 15.1212217031 -0.00186426791558 3.08109972535 1.85973873109 0
1908 6.23518300056 91.713838 12.339838 -0.030338307 90.3233970324 14.8494569595 0.0188224383948 2.8690614156 2.81670322884 0
1911 6.18630313873 93.866625 12.234111 -0.027880568 92.9512229465 15.0306862615 -0.0132429780305 2.94258289821 0.838672127497 0
1914 5.80344796181 96.027017 12.118277 -0.016096141 94.7533620678 14.9453818846 -0.00328602773221 3.10076102194 0.733965425329 0
1917 6.48375105858 98.003729 12.063433 -0.023465033 97.5382435606 14.8817043388 0.00153710214633 2.85645410136 1.4325168227 0
1920 6.22799396515 100.1865 11.996018 -0.023536261 99.1380752843 15.0129505011 -0.00980628912331 3.19391235018 0.786669441367 0
1923 6.62759494781 102.26857 11.921444 -0.023061579 101.953374276 14.7623324486 0.0166094541651 2.85832040219 2.27298276928 0
1926 6.34736204147 104.50291 11.810699 -0.022632517 104.140723323 15.3068445225 0.00841191604019 3.51485600038 1.77871499058 0
1929 6.02697896957 106.528 11.779433 -0.025937223 105.705062632 15.3545278331 0.0374160149059 3.66858678207 3.6298731505 0
1932 6.05423998833 108.61821 11.737233 -0.017267816 108.375470549 14.7695198707 0.0123984653261 3.04198719714 1.69975271384 0
1935 5.43494319916 110.65428 11.638117 -0.015586443 109.691042413 15.1111385396 -0.000475528555637 3.60412336968 0.865791622245 0
1938 5.43923306465 112.94226 11.558687 -0.011710616 111.218436248 14.5398210838 0.0124050541506 3.44365049837 1.38172611976 0
1941 5.40043020248 114.89636 11.528856 -0.01668203 114.106053075 15.0551286853 0.00471789253067 3.61374931165 1.22612524291 0
1944 5.41381382942 117.03777 11.494892 -0.018548407 116.390329123 14.9544760886 0.0095160308909 3.51964511776 1.60797384556 0
1947 5.43820786476 119.07747 11.406331 -0.016261061 118.062865748 15.3136327175 0.00670127984386 4.03688351321 1.31564521809 0
1950 5.42897105217 121.291 11.334615 -0.012126455 120.04543323 15.1329561712 -0.000284952311181 3.99735315324 0.678468127162 0
1953 5.42213201523 123.43737 11.229443 0.0013807468 122.676324434 14.9537331426 0.015458222241 3.80125340111 0.806579928971 0
1956 5.42587399483 125.58554 11.258252 -0.0049853053 124.480155679 15.0361217353 0.00901686695168 3.93626399448 0.802265374037 0
1959 5.43669891357 127.50849 11.183265 -0.012828209 126.578739326 15.3209477465 -0.016240756834 4.24085543574 -0.195524588275 0
1962 5.44806408882 130.28779 11.390648 -0.01314096 129.103629944 15.2669832652 -0.00353870793103 4.05317284693 0.550168517373 0
1965 5.43893098831 132.78769 11.256475 0.0084755214 130.9927696 14.9202242233 -0.00927869896535 4.07980362437 -1.01724189548 0
1968 5.41930699348 125.9239 10.596074 0.27888777 132.147946557 14.7467029555 0.00270382781377 7.48107453947 -15.8241742566 0
1971 5.44557213783 93.936275 13.265891 0.84250578 133.147149933 14.6924433174 0.0128531962571 39.2368164421 -47.5355915106 0
1974 5.40962290764 59.212281 6.4432491 1.3602712 133.64325788 15.4680749239 -0.00356845882272 74.9761148666 -78.1422563831 0
1977 5.39910793304 41.747696 3.5851691 1.5088422 138.190518571 13.0141290086 -0.0756822995434 96.9026486247 -90.7865663589 0
1980 5.41741394997 40.889782 2.6549702 1.6071612 138.562198714 12.8120208025 -0.077949632473 98.1991174279 -96.5497387125 0
1983 5.43666195869 40.408125 3.8011614 1.6070032 63.2201877222 105.267406752 -0.660270441573 103.9989863 -129.905210663 0
1986 5.4425702095 40.388712 5.5337894 1.5172855 63.4640874297 105.18847481 0.100062809552 102.291393946 -81.2008787928 0
1989 5.43634414673 40.44034 7.6724587 1.5542124 115.747024149 64.1141071542 -2.35804635369 94.1103413963 135.844085051 0
1992 5.43352413177 40.554207 9.7439313 1.5604739 39.4500487765 89.8011034562 1.71466770009 80.0647861362 8.83465397245 0
1995 5.41090202332 40.580821 11.876658 1.5652859 33.6550493529 86.8552024004 -1.54693124048 75.2977319267 -178.316907078 0
1998 5.44355511665 40.665042 14.024391 1.567666 32.0497083461 86.5833516454 -1.9929991179 73.0686440541 155.988916485 0
2001 5.41423010826 40.771617 16.174621 1.5548315 29.3352723793 96.4500806781 2.77424544454 81.0860000543 69.8672725016 0
2004 5.4278409481 40.847233 18.25792 1.5551713 57.3595802549 79.6865839922 -0.301294265075 63.6092632541 -106.36764169 0
2007 5.40143704414 40.88758 20.352438 1.5597309 41.2101823735 96.7862117752 0.0524973717995 76.4344545726 -86.3581199065 0
2010 5.43768215179 40.971014 22.508388 1.5678505 61.2874499911 77.3977533236 -0.30275258951 58.5286254495 -107.177662173 0
2013 5.4218981266 41.044823 24.54743 1.5705547 61.8616794878 75.8754931271 -0.304402705037 55.3887315111 -107.427146075 0
2016 5.42281103134 41.105608 26.696222 1.5717508 109.425869502 82.1853898447 1.86205014945 88.0153729739 16.6329275187 0
2019 5.40138101578 41.160404 28.869777 1.5672714 75.3110730496 43.688651327 -0.854155302209 37.2272377817 -138.737530437 0
2022 5.42585492134 41.204205 31.003136 1.5608691 126.872026754 52.3644707352 -0.844315276386 88.2908959388 -137.806913718 0
2025 5.4251730442 41.244227 33.116661 1.5660557 58.9808778732 65.6392040022 0.880563453938 37.0446296719 -39.2758125883 0
2028 5.45174193382 41.277887 35.228156 1.5643441 130.013922359 49.3122436117 -0.841892044068 89.8467890079 -137.867175567 0
2031 5.45425701141 41.31792 37.33529 1.5797774 39.6696673159 37.2945289324 1.57910424036 1.64875661497 -0.038569206407 0
2034 5.43867301941 41.419072 39.474789 1.5713492 37.8329239915 39.3962229736 1.68018812631 3.5870085251 6.2360111245 0
2037 5.45174002647 41.429937 41.518923 1.5745722 39.1608265424 41.8213418365 1.59233785365 2.28917439733 1.01789697448 0
2040 5.45233917236 41.494048 43.684079 1.5737379 18.2584619772 13.6803851783 -1.56207964046 37.9488353019 -179.669110392 0
2043 5.45229101181 41.508319 45.798644 1.5762653 38.1461208535 46.4041964385 1.52190843992 3.41629479585 -3.11441867027 0
2046 5.465498209 41.512588 47.943477 1.5772604 39.572003728 48.2453585302 1.61360307521 1.96392458487 2.08228190603 0
2049 5.40125107765 41.583607 50.107906 1.5744728 38.7979047088 49.3820101098 1.55481453893 2.87872577696 -1.12633539215 0
2052 5.45571804047 41.632502 52.265699 1.5728612 39.0315514027 52.3346274412 1.52877422517 2.60186378189 -2.52599758904 0
2055 5.43139004707 41.660201 54.305408 1.5732479 38.9032922066 54.288620889 1.55374535713 2.75695990223 -1.11741339619 0
2058 5.42927002907 41.689009 56.508616 1.5685378 38.7439686184 56.9350805691 1.55843802971 2.97575786615 -0.57867421184 0
2061 5.45275402069 41.794127 58.57462 1.5657057 39.4736580299 58.4275890462 1.57938171305 2.32512243603 0.783577828474 0
2064 5.45586395264 41.856016 60.76704 1.5641567 38.8877577497 60.1503440739 1.56503270284 3.03164491746 0.0501912653837 0
2067 5.41217684746 41.858156 62.785084 1.5639758 38.8929091887 62.798413852 1.55613661101 2.96527677235 -0.449152443947 0
2070 5.4154689312 41.958088 65.023529 1.5767642 39.2672845072 64.158794631 1.58387191356 2.82633843791 0.407241988773 0
2073 5.40932893753 41.99726 67.044355 1.5737097 38.7935800819 66.4573767028 1.57025314517 3.25700914015 -0.198046003596 0
2076 5.42458605766 42.044947 69.102812 1.5759217 38.7984646594 69.0787785397 1.57967551829 3.24657129833 0.215077945223 0
2079 5.39854192734 42.097902 71.261122 1.5727544 38.5228914132 71.4217422792 1.57791493851 3.57861699124 0.295677076755 0
2082 5.42612886429 42.114798 73.459441 1.5684742 38.5218749909 72.9354181458 1.59146959577 3.63093592631 1.31753912571 0
2085 5.40733098984 42.172982 75.545483 1.5804547 38.622592329 75.3637413607 1.56068515811 3.55503823323 -1.1327113131 0
2088 5.42452096939 42.213453 77.648417 1.5799022 38.8845631968 77.9426339291 1.57534344046 3.34186638316 -0.261197681623 0
2091 5.41250514984 42.308345 79.80823 1.5843424 38.9125127423 80.2252694545 1.58973352685 3.42134456449 0.308888815115 0
2094 5.42209506035 42.259747 81.948131 1.5870316 38.5608538584 82.2096653732 1.59106122187 3.70812765444 0.230880326314 0
2097 5.44488692284 42.325886 84.065588 1.5841531 39.2706070544 84.3368333736 1.58661925364 3.067295794 0.141300195104 0
2100 5.41090202332 42.338042 86.100283 1.5789413 37.9192584044 86.0196378168 1.60353407655 4.41951944335 1.40906230272 0
