3 2.7722389698 72.513547 45.80148 1.6808269 119.875882658 51.937079409 -1.87897839116 47.7581031772 156.038180928 0
6 2.72322297096 72.505015 45.806851 1.6805552 125.804952218 38.6232563315 0.797840813023 53.7818495392 -50.5758088892 0
9 2.72611999512 72.51553 45.801787 1.6811119 132.360372615 131.780955511 1.46854241991 104.756014651 -12.1793340623 0
12 2.7131049633 72.511327 45.798497 1.6805172 127.098217997 147.093871624 -2.15004687188 115.067291569 140.524845527 0
15 2.71206903458 72.518426 45.80176 1.6806948 104.656377689 55.7150085883 -2.85276011954 33.6321339841 100.252166498 0
18 2.72725200653 72.509508 45.806599 1.6825332 104.8935766 130.23067439 -1.7859982616 90.4220791875 161.267786142 0
21 2.70844078064 72.510969 45.800989 1.6811293 39.3752875422 76.8833336929 -0.325249616826 45.4322081489 -114.957044038 0
24 2.72261881828 72.522343 45.818169 1.6838228 38.4531091085 89.3866895993 2.46009704925 55.3075825287 44.477238227 0
27 2.73802304268 72.508499 45.799812 1.6808804 26.2228784884 10.2332036843 2.1107086595 58.3724446398 24.627345185 0
30 2.74791812897 72.523901 45.815543 1.6832165 83.5204810963 135.416031071 -2.3792997805 90.2727657511 127.234962924 0
33 2.72418117523 72.511009 45.802779 1.6808191 36.7677250284 79.7622829987 1.36227998378 49.3034508012 -18.2509469693 0
36 2.70789194107 72.527172 45.853315 1.6851825 42.4224750526 95.8393237446 3.07165628451 58.3514682635 79.4390962577 0
39 2.70043802261 72.188088 49.017093 1.6798669 28.6515494589 89.1920262329 1.64712395539 59.2406570558 -1.87603253511 0
42 2.69634795189 71.804616 53.279503 1.6643548 21.0131580548 36.8936451304 -1.48757487599 53.369172172 179.407732244 0
45 2.7484960556 71.568933 57.324136 1.642571 54.0307097113 108.511211673 2.69721976998 54.1082802541 60.4269233883 0
48 2.7116689682 71.37336 61.652431 1.6431927 32.3781334737 87.3901692974 -3.12066336281 46.7232154769 87.0511533931 0
51 2.70563292503 71.165072 65.844712 1.6344026 48.9900190038 93.4398840413 0.368076251594 35.4009391878 -72.5551552499 0
54 2.7041618824 70.960331 70.343426 1.6128178 70.8687775178 117.595650821 -2.09753757856 47.2523135156 147.412296315 0
57 2.6963891983 70.885213 74.631613 1.6236159 120.174290032 105.354661329 0.976809752444 58.0802790395 -37.0592624181 0
60 2.68095397949 70.832043 79.069602 1.6124517 92.8836806014 78.3685967911 2.56601250331 22.0627770058 54.635009539 0
63 2.67905187607 70.841819 83.283634 1.5826474 85.42629238 7.37603298085 -0.256476869368 77.2959944386 -105.374058635 0
66 2.70063090324 70.897044 87.066595 1.5142468 94.0771680552 100.404218868 -1.12513384914 26.7434171652 -151.225371724 0
69 2.70603895187 70.898205 87.488163 1.2381173 61.7073106766 93.2630034608 -2.60225568453 10.8545529992 139.96283623 0
72 2.70877289772 70.648486 87.373684 0.94938085 19.7511633542 49.2144069071 3.12325389317 63.6134253186 124.553750571 0
75 2.71896290779 70.490448 87.162959 0.64684814 98.2819192945 93.5745072031 2.52004674773 28.521462569 107.326374413 0
78 2.71723198891 73.090524 88.460194 0.4660111 49.2431783472 62.6571093298 -0.890063828958 35.1353820697 -77.6973701328 0
81 2.70050597191 76.750616 90.291223 0.4640309 73.5087037854 54.9237752932 -0.81882131737 35.5157197886 -73.5020177943 0
84 2.77289700508 80.704264 92.172539 0.45240664 41.8190214104 111.020683049 2.83342674119 43.2124360032 136.422402734 0
87 2.70450282097 84.637734 93.972859 0.42386385 85.0406021297 82.4038267358 -2.08465757699 11.5760446725 -143.727690585 0
90 2.73191094398 88.678811 95.730817 0.41656148 70.6630934233 88.7528246589 0.127337432055 19.319897953 -16.5713172809 0
93 2.73450112343 92.647535 97.41769 0.40779386 89.3330157665 132.770055769 2.28716199919 35.5074049071 107.679862527 0
96 2.70786118507 96.759828 99.128022 0.39320766 88.633632012 137.6743561 2.07025618165 39.3935900085 96.0878023289 0
99 2.72059106827 100.07577 100.58602 0.32958371 84.3690414892 140.345589424 2.13404049265 42.7495576738 103.38775796 0
102 2.71278619766 100.12714 100.52966 0.1390585 20.7868276747 112.788326278 2.71544573031 80.2817542085 147.616114688 0
105 2.73013806343 100.08551 100.52401 -0.14356162 11.292514536 71.8391438652 2.13626114346 93.3114011718 130.624222384 0
108 2.70859980583 99.772178 100.71077 -0.40700642 102.927108422 62.0143275406 -2.49658693297 38.8248405661 -119.724144346 0
111 2.68513703346 99.760338 100.7618 -0.66729138 79.6137060748 125.262578402 -0.263748935431 31.720260406 23.1212789282 0
114 2.69347286224 99.638101 100.95548 -0.8821311 47.3547524521 113.753602625 0.65876126289 53.8269493666 88.2866290775 0
117 2.70645403862 99.549051 101.11221 -1.1251977 13.8096093703 70.2994046364 1.63108575997 91.1080722293 157.923409398 0
120 2.71407008171 100.80276 98.46873 -1.1938854 116.394876572 63.8010076683 -3.05409071732 38.0126961798 -106.58191371 0
123 2.70388102531 102.35582 94.496879 -1.1822805 54.3295651812 39.5088056189 1.792154023 73.0082828595 170.422544606 0
126 2.67983198166 103.84912 90.431736 -1.1842505 117.381619875 63.2512542041 -0.236916984112 30.3629238304 54.2782122517 0
129 2.70412182808 105.46668 86.336829 -1.1831903 57.3266317108 127.649285946 0.932028007866 63.4364512577 121.19308179 0
132 2.67957806587 106.96067 82.891423 -1.1821311 32.7857674164 83.8068994253 -1.45970350148 74.1805518338 -15.9037271139 0
135 2.7129240036 108.13488 79.987125 -1.1809983 108.085426789 81.6217837378 -1.09337136461 1.63540661884 5.02065356931 0
138 2.71019601822 109.11096 77.465416 -1.174964 100.51622809 87.2718995361 1.03664863339 13.0398058248 126.716069811 0
141 2.72170495987 110.00241 75.115832 -1.1797573 115.884460379 57.1541046317 1.77260904654 18.900321868 169.158131233 0
144 2.70894384384 110.9669 72.896666 -1.1819268 108.101693045 73.832386532 -0.614845023425 3.01413068854 32.4913924365 0
147 2.7011179924 111.79529 70.750926 -1.1680053 77.6786097045 51.9759222902 2.16552471609 38.9416054971 -169.002799198 0
150 2.69318294525 112.62755 68.634671 -1.166408 110.034419262 70.9750326271 -1.16846284071 3.49308167205 -0.117733700319 0
153 2.71173214912 113.50263 66.493746 -1.1746568 111.605269516 68.7797202546 -1.13550713792 2.97080041359 2.24311040656 0
156 2.71029806137 114.39844 64.423702 -1.1690506 112.252098816 68.5862004371 -1.08875737832 4.68328663643 4.60046272575 0
159 2.69038295746 114.9392 62.935672 -1.1627449 113.546911402 66.4615342812 -1.12166037687 3.79080101922 2.35396977885 0
162 2.71000099182 115.58582 61.52951 -1.1720902 114.39896918 65.2892521689 -1.10413727971 3.94262299037 3.89341553807 0
165 2.70026183128 116.16312 60.165609 -1.1710096 113.464565583 64.5253383156 -1.11656659725 5.12732246376 3.11935428154 0
168 2.71128201485 116.71267 58.758483 -1.1690165 114.651255902 61.9261239755 -1.16404739435 3.77933558086 0.284708781886 0
171 2.72506999969 117.29804 57.404001 -1.1730259 114.434872993 60.3567711661 -1.11418221407 4.11297665456 3.37149485495 0
174 2.75132989883 117.3062 57.346669 -1.1782941 114.744041643 61.1989593828 -1.18795087196 4.62653181549 -0.553292277081 0
177 2.7219119072 117.30973 57.394113 -1.1925087 114.631290747 60.526901556 -1.24985301782 4.12169879664 -3.28558739035 0
180 2.72589588165 117.3509 57.478875 -1.2542253 114.899777013 60.9691694786 -1.24451092215 4.26499231483 0.556592851179 0
183 2.71351003647 117.31554 57.561663 -1.3141336 115.478602653 61.2023944729 -1.35919086778 4.0778995175 -2.58159128019 0
186 2.72280192375 117.31761 57.625945 -1.389572 114.846681263 60.6701739475 -1.43678202408 3.92081862741 -2.70493513023 0
189 2.71399402618 117.34247 57.653648 -1.4539696 114.535791882 59.7125619365 -1.37370743267 3.48088618817 4.59868344231 0
192 2.73397898674 117.36058 57.739095 -1.5147103 115.779358292 60.807235395 -1.46599371711 3.45162969823 2.79125459186 0
195 2.72358608246 117.34118 57.80351 -1.5718326 116.190362188 60.6135138101 -1.62693724433 3.03652812419 -3.15726355151 0
198 2.7326540947 117.32521 57.826191 -1.6475747 116.622620723 59.3749562505 -1.60435858109 1.70067795122 2.47610122052 0
201 2.71048998833 117.28663 57.948056 -1.7072698 115.336369921 59.3516948205 -1.69060417414 2.40285586611 0.954870024463 0
204 2.7389819622 117.37131 58.006137 -1.7818651 116.608864191 60.5047057022 -1.65467849434 2.61231107851 7.28725571472 0
207 2.72549414635 117.40314 57.989067 -1.8555926 116.957126883 60.7794168331 -1.7386464038 2.8257706721 6.70052347259 0
210 2.74749994278 117.02719 57.008887 -1.8977403 119.768676158 61.825323449 -1.8198314835 5.54200382745 4.46384637256 0
213 2.70522403717 116.38504 55.250118 -1.9095407 59.7685153588 106.113849334 -2.18921959797 76.1088038776 -16.0244204725 0
216 2.72816610336 115.67443 53.450651 -1.9075572 115.692098708 55.1800498929 -1.76927711689 1.72948914831 7.922865153 0
219 2.70978093147 115.02136 51.574537 -1.9165104 115.639240938 52.5775072838 -1.93101782136 1.17801793033 -0.831214015273 0
222 2.70889687538 114.35753 49.684701 -1.9233127 113.717272188 52.9613338903 -1.86716137497 3.33860047984 3.21723393853 0
225 2.70730805397 113.59486 47.870819 -1.9110101 113.52043696 49.7244055535 -1.85323358693 1.85508002532 3.31035035383 0
228 2.71434807777 112.87829 45.986656 -1.9118326 114.148233868 44.5559513062 -1.74364229242 1.91302727307 9.63659477941 0
231 2.72102713585 112.17059 44.128463 -1.9122248 113.074461756 44.8869919832 -1.78355025319 1.17997897009 7.37250846288 0
234 2.7370569706 111.43202 42.277019 -1.9027456 111.313064174 43.6041421805 -1.87064388123 1.33244377922 1.83929300049 0
237 2.72382879257 110.82393 40.37458 -1.9174412 112.495536611 39.6103327012 -1.89407119925 1.83802682134 1.33900241004 0
240 2.71647000313 110.14399 38.567468 -1.912432 112.590411057 37.8054293306 -1.7741569947 2.56235807835 7.92257421577 0
243 2.69325184822 109.42625 36.696167 -1.9074722 109.684298846 37.7052026689 -1.88592242663 1.04150957184 1.23471106337 0
246 2.69621181488 108.96452 35.308972 -1.917648 108.550438999 37.3446282662 -1.83340915635 2.07734434069 4.82653021226 0
249 2.69552397728 108.91335 35.330429 -1.9171391 108.572954458 36.6000955186 -1.8784068852 1.31450454311 2.21919243917 0
252 2.70494198799 108.9585 35.348205 -1.9450374 109.158098453 36.977320606 -1.95465027842 1.64129741368 -0.550777362226 0
255 2.72624015808 108.97674 35.368834 -2.0165302 109.094393867 37.2343054495 -2.03363585534 1.86917793739 -0.980081856557 0
258 2.71376490593 108.99865 35.397074 -2.0803106 107.944736784 38.9678805033 -2.05275309656 3.72308906033 1.57892864078 0
261 2.72400999069 109.05048 35.474836 -2.159245 107.686976636 38.048167823 -2.13325217989 2.91224622822 1.48927888975 0
264 2.72274303436 109.09365 35.518169 -2.2238592 108.916049987 38.1040803925 -2.15715352454 2.59200298885 3.82195367354 0
267 2.71456289291 109.14301 35.568827 -2.2920109 111.528519002 38.4570240954 -2.27889581317 3.7459759291 0.751439123136 0
270 2.72372913361 109.24021 35.586114 -2.3597618 109.039706399 37.7703906592 -2.30217318145 2.19345987388 3.29958479081 0
273 2.7201089859 109.32691 35.57971 -2.4292889 108.110862125 38.0840995886 -2.34936017186 2.78401502243 4.57957878424 0
276 2.75017809868 109.34422 35.612178 -2.4970016 109.779113138 37.7319220762 -2.46687800882 2.16389625202 1.72595463826 0
279 2.70604515076 109.45255 35.562283 -2.5751384 110.123285996 37.0483026331 -2.51152836493 1.63038066925 3.64458654443 0
282 2.7274928093 109.51035 35.610832 -2.6455993 109.118979667 37.4908455823 -2.49673333897 1.92031815249 8.52939128039 0
285 2.74199104309 109.52669 35.619453 -2.7060079 111.255096232 36.1166413366 -2.62421210379 1.79849502215 4.68655390477 0
288 2.72573590279 109.56751 35.667144 -2.7779359 111.445020663 35.0102572203 -2.68521952557 1.98910696819 5.31225694659 0
291 2.72023701668 109.58407 35.725569 -2.8421247 107.813086009 36.4602393557 -2.70016709548 1.91732230695 8.13357160868 0
294 2.72741389275 109.62066 35.728072 -2.9074408 108.412502745 37.6270191547 -2.76028619378 2.25069861333 8.43133787209 0
297 2.73936104774 108.40689 35.538158 -2.9474042 108.77500617 37.9069765405 -2.82534480251 2.39725067367 6.99348832627 0
300 2.74892497063 106.63579 35.154474 -2.9731605 110.409807769 35.6060543844 -2.88397892217 3.80093869546 5.1097280201 0
303 2.71437597275 104.74277 34.838538 -2.9724974 105.398248718 35.7305173648 -2.85055454248 1.10692345561 6.98681107745 0
306 2.72421789169 102.71686 34.507066 -2.970186 103.758565904 35.4000971831 -2.95744236187 1.37209907993 0.730156680492 0
309 2.70396304131 100.87602 34.149296 -2.9774562 100.854014285 35.6085158478 -2.80949315184 1.45938576656 9.62357377383 0
312 2.71065497398 98.917573 33.856952 -2.9648121 98.3431631163 34.0757443759 -2.88319978237 0.614668055359 4.67604135666 0
315 2.6884200573 96.872255 33.519705 -2.9713846 95.1947374542 34.8444989958 -2.85779705265 2.13755567124 6.50808706859 0
318 2.7092089653 94.700759 33.157106 -2.9752463 93.5662368793 34.0974175912 -2.92166543281 1.47354210351 3.06995755265 0
321 2.70713400841 92.656194 32.878926 -2.9695623 91.8002282962 34.9370726115 -2.923734779 2.22904570627 2.62572353878 0
324 2.71524691582 90.628889 32.525228 -2.9736018 91.5872166007 31.7896431283 -2.93725235321 1.20808811505 2.08266988851 0
327 2.69512104988 88.510396 32.191288 -2.9695852 87.1535666335 34.1582438248 -2.93734983998 2.38953994457 1.84695008035 0
330 2.70990419388 87.334812 32.006658 -2.9896435 86.4039080208 33.0585668491 -3.01649586509 1.40466880277 -1.53852718973 0
333 2.69339799881 87.328365 31.983283 -3.0015998 86.8463047298 33.2034331847 -3.08142053654 1.31192552283 -4.57339132113 0
336 2.70293593407 87.328448 32.00285 -3.0442403 86.4470076594 33.8834706482 -3.07290048167 2.07693791345 -1.6421074498 0
339 2.71916103363 87.480424 31.977098 -3.121648 86.1661266555 33.790697506 -3.00968284963 2.23975906694 6.41513056854 0
342 2.71951413155 87.509332 32.088761 3.0972389 87.7653653496 33.2097577154 -3.01716423986 1.14986377977 9.67050584429 0
345 2.71001505852 87.537767 32.004513 3.0032565 87.4050386243 33.2135911417 -3.08868797021 1.21634155341 10.957292829 0
348 2.73589205742 87.588829 31.971963 2.902116 85.7131559087 32.5688170696 2.85215548353 1.96834558088 -2.8625267361 0
351 2.71962404251 87.696053 31.883789 2.7788249 86.9091147865 34.3061220936 2.91492176117 2.54695295763 7.79777575011 0
354 2.72969889641 87.777704 31.698119 2.6376296 86.6409203458 33.2667395331 2.90224292402 1.9372267429 15.1612266692 0
357 2.72262096405 87.896098 31.65995 2.4917922 46.1201279614 73.5483800133 -1.53017616224 59.159718066 129.558187509 0
360 2.71601295471 87.958395 31.594625 2.366513 85.5774041711 33.3253367644 2.39193646423 2.94354896999 1.45665720093 0
363 2.74391102791 87.964094 31.460561 2.2184109 89.2704211698 87.5402617333 -0.0250941696658 56.0949135395 -128.543371808 0
366 2.70111393929 87.708527 31.831987 2.1125682 84.5805002125 35.1114285985 2.14847355379 4.53202921227 2.05722523427 0
369 2.70916199684 86.721318 33.612273 2.0920166 85.3957508637 34.98119342 2.12803515847 1.90553702382 2.06371138475 0
372 2.66689014435 85.724716 35.405361 2.0873093 94.7842817771 85.9071113815 0.10148879579 51.3079187228 -113.779133762 0
375 2.6941640377 84.755772 37.248267 2.0862059 83.4099433701 38.7536434275 1.97984024738 2.0192604808 -6.09430298025 0
378 2.70173215866 83.690185 39.149374 2.0868314 80.9958760318 41.4392859035 2.07952091647 3.53595776872 -0.418859852711 0
381 2.69900107384 82.666747 40.97523 2.090975 81.7636555774 40.9318273992 2.23888106583 0.904133786169 8.47439333659 0
384 2.75397801399 81.635815 42.877142 2.0910396 81.6982739108 44.9007935913 2.21852644929 2.02461524207 7.30445840782 0
387 2.7595140934 80.624097 44.699122 2.0805048 78.4549502794 44.4213576662 2.10710614632 2.18685859642 1.5241448733 0
390 2.74307799339 79.602515 46.546403 2.0762437 77.4801970147 48.2676965515 2.13796994794 2.73259677258 3.53665349191 0
393 2.69214105606 78.599692 48.40129 2.0808805 77.1983663254 48.7971442645 2.10758242234 1.45616422321 1.52990745519 0
396 2.7093539238 77.532669 50.298142 2.0919608 78.2494607785 50.7400251422 2.14354746583 0.842051759147 2.95569823148 0
399 2.71364402771 76.53881 52.074716 2.0854653 76.4984994192 53.4453713852 2.13382083939 1.37124801837 2.77056832338 0
402 2.69115495682 75.533974 53.92833 2.0838411 74.863343664 54.5292141833 2.11258052177 0.900448138023 1.64664757282 0
405 2.71979093552 74.451304 55.860797 2.0823704 72.7787294778 56.6004574053 2.11591710106 1.82882559245 1.92208438757 0
408 2.72129702568 73.464188 57.689364 2.0801622 71.9536879185 57.9458789273 2.1554990062 1.5321261058 4.31648103741 0
411 2.69743299484 72.461178 59.521835 2.0808323 69.7054554675 58.5992009087 2.13228613738 2.90607301049 2.94808772156 0
414 2.69766187668 71.469371 61.42577 2.0898858 69.7862945367 60.9718138302 2.11846904255 1.74322189795 1.63769916269 0
417 2.71457219124 70.386885 63.322712 2.0827703 68.2309731909 64.1453356173 2.12405348072 2.30752363895 2.36535202 0
420 2.71736907959 69.38246 65.186025 2.0922796 67.7471492108 65.5008032005 2.23844955243 1.66533080583 8.37492136588 0
423 2.7061650753 68.400253 67.014087 2.0893798 66.2046639613 67.4200696945 2.13588391841 2.23280836055 2.66448971507 0
426 2.71492791176 67.30799 68.901204 2.089526 64.1086652804 68.7277384053 2.14147440726 3.20402387227 2.97642448819 0
429 2.70306396484 66.315197 70.741557 2.0869248 63.635893652 70.9232816536 2.13905718685 2.68545904465 2.9869657426 0
432 2.71836996078 65.281228 72.464006 2.0745737 62.7211711672 73.0095585578 2.09877601593 2.61754055943 1.38669055713 0
435 2.71453285217 64.283593 74.421326 2.0918621 60.9875924748 74.3850143405 2.10497505379 3.29620053984 0.751316908967 0
438 2.69159293175 63.28447 76.191493 2.091939 60.8766858901 76.2119037243 2.13776364553 2.40787061896 2.62555878654 0
441 2.71314406395 62.204887 78.125252 2.0893553 58.6675342403 78.4490768132 2.12995560963 3.55214400837 2.32622638878 0
444 2.71469306946 61.273659 79.948227 2.0960183 57.2974066871 79.4989516445 2.12638643591 4.00155354841 1.73996601935 0
447 2.66500902176 60.19879 81.787566 2.089809 56.6985758878 82.7145091639 2.12163189426 3.62087316266 1.82331753271 0
450 2.69666099548 59.161438 83.629466 2.0974137 57.1846919895 83.2616011541 2.08974336336 2.01068379785 -0.439477916939 0
453 2.69484806061 58.11891 85.485673 2.0964985 55.5165870207 86.1237495277 2.08805431659 2.67940787182 -0.483816070879 0
456 2.69854211807 57.036783 87.336936 2.0992423 56.3137483453 87.9490210238 2.07110048586 0.94732633672 -1.61240717811 0
459 2.69137001038 56.357629 88.602308 2.124456 54.9436688682 88.7969802183 2.11691308815 1.42729833145 -0.432177014471 0
462 2.69717311859 56.200217 88.720884 2.2094598 53.5544221323 88.8167210212 2.19290773295 2.64753002181 -0.948363584065 0
465 2.70074605942 56.199637 89.07416 2.3631742 53.7693834143 87.2508796645 2.3555572267 3.03817110656 -0.436420422773 0
468 2.68725204468 56.109511 89.161307 2.4869631 53.0288435447 88.8230915275 2.50039404454 3.09917758055 0.769536437151 0
471 2.72816181183 56.023191 89.233423 2.608836 51.7234052739 88.6762976731 2.55836707679 4.33572899529 -2.89165629653 0
474 2.71680688858 54.873312 89.789936 2.6823278 51.6040063772 88.9887337959 2.63998067583 3.36604875594 -2.42631148946 0
477 2.68815588951 52.997249 90.667048 2.6986067 49.4300091854 89.8900485253 2.69891677949 3.65088045254 0.0177662463096 0
480 2.68631219864 51.122563 91.609157 2.7018871 46.9934108646 90.5394069528 2.65839078207 4.26547330563 -2.49215544155 0
483 2.70204687119 49.137432 92.566213 2.7007601 46.6478149632 91.3792891161 2.68248872645 2.75807565092 -1.04687259046 0
486 2.70807385445 47.308569 93.452781 2.7003868 44.3092998907 92.7711010913 2.67995573206 3.07576050562 -1.17061396391 0
489 2.68432116508 45.360782 94.336008 2.7008969 42.9739605751 93.1388914123 2.69268987634 2.67020685317 -0.470227818314 0
492 2.66361784935 43.468079 95.251019 2.7064338 42.1817233392 94.1606361323 2.71973943579 1.68631126556 0.76235677459 0
495 2.66859292984 41.590918 96.131677 2.7064065 38.5260515023 94.7413824577 2.71549072002 3.36546067621 0.52048746718 0
498 2.66646003723 39.606214 97.06058 2.704478 36.3345473201 96.329870061 2.72229060709 3.3522738372 1.02058720835 0
501 2.6676568985 37.718719 97.944153 2.696243 34.3156597051 96.5221328222 2.73972079395 3.68821826239 2.49109409573 0
504 2.66680598259 35.769603 98.891663 2.7044976 32.6437261371 97.0672978652 2.77600691514 3.61931130288 4.09718195318 0
507 2.70707678795 33.862509 99.822852 2.7013631 31.3174559031 97.5493827316 2.69272713015 3.41261743832 -0.494804624616 0
510 2.70195198059 31.979521 100.73965 2.7066945 28.9976533505 99.4439299925 2.74071127353 3.2512190048 1.94901755585 0
513 2.6724178791 30.015598 101.64307 2.7044148 27.4962504086 99.2576317048 2.73543989067 3.46949969687 1.77760675436 0
516 2.67299318314 28.083667 102.5122 2.7038251 25.0425131476 100.876787141 2.70263958358 3.45299753434 -0.0679250871799 0
519 2.69232702255 26.231599 103.44351 2.6987262 22.960859921 101.703239084 2.70652830879 3.70489905192 0.44702790477 0
522 2.6709189415 24.326425 104.3449 2.7056645 20.9220334398 103.971608591 2.67344850801 3.42479610651 -1.84584037403 0
525 2.64722514153 23.072168 104.95788 2.6888385 19.4530522804 104.750687023 2.65775668544 3.62504172689 -1.78085679364 0
528 2.66502213478 23.059574 104.94595 2.6093304 19.2758742462 105.353354911 2.6014886117 3.80556994267 -0.449301373401 0
531 2.66325283051 23.148655 105.02795 2.4881616 18.7772481329 104.823283769 2.47813997911 4.37619540969 -0.574196581096 0
534 2.66105890274 23.15609 104.97342 2.3614352 17.7932589011 104.650539274 2.33278545876 5.37254216909 -1.64150925718 0
537 2.69985103607 23.189116 104.80794 2.2179164 18.9761552537 103.847128426 2.20170705491 4.3211337783 -0.928727062461 0
540 2.64303994179 23.170444 104.45908 2.0515088 18.9394905336 104.348480179 2.04977514726 4.23239879442 -0.0993309850093 0
543 2.66103601456 23.203193 104.36781 1.9241471 19.3343838664 104.247656536 1.97453777484 3.87067448481 2.88717299534 0
546 2.6626470089 23.268475 104.40083 1.8086424 20.1579206795 106.552450946 1.88586227676 3.78219788946 4.4243730327 0
549 2.68446183205 23.269141 104.3114 1.6661585 20.1527283031 104.870429779 1.73568976992 3.16615577488 3.98384831063 0
552 2.67791795731 23.273746 104.22596 1.531085 19.5836657331 105.141889393 1.54001443735 3.80205458004 0.511619073305 0
555 2.67849302292 23.201513 103.9692 1.3630267 19.4178365729 104.59288511 1.40100811829 3.83473472632 2.17617496797 0
558 2.65497994423 23.573375 105.47089 1.3112874 19.2158402468 105.549426534 1.32920623278 4.35824243388 1.02667349184 0
561 2.66423511505 24.091257 107.45193 1.3021436 19.7150534415 106.786857214 1.34874452799 4.42645223578 2.67003649501 0
564 2.68086504936 24.69734 109.54228 1.2971878 19.9359073338 115.092477954 1.40187459013 7.31272441477 5.99811124513 0
567 2.65907788277 25.24514 111.62222 1.291934 21.2786490908 111.353418601 1.29174469802 3.97558855069 -0.0108462042357 0
570 2.66231298447 25.838263 113.71051 1.2925571 21.3938780092 113.661344436 1.27511155377 4.44465692705 -0.999556170032 0
573 2.69869399071 26.485855 115.66064 1.2984976 22.6981513191 114.484281327 1.34558736524 3.96617181956 2.69804480633 0
576 2.66543507576 26.666562 116.70228 1.2516028 21.8287143639 117.000739731 1.25524704728 4.84704528147 0.208799988851 0
579 2.66067218781 26.671044 116.66524 1.1445574 22.7955423889 116.005185956 1.15176303094 3.93130818924 0.412852241481 0
582 2.68743801117 26.68282 116.71548 1.0360889 22.9917336752 115.452709865 1.02593747436 3.90111608006 -0.581633845338 0
585 2.67899894714 26.598988 116.54426 0.86252405 21.9394118347 115.947668494 0.852859061266 4.69761337964 -0.553763063478 0
588 2.68045377731 26.490987 116.49462 0.72378221 22.5801857445 115.591758306 0.759985277237 4.01366736274 2.07428295811 0
591 2.66781306267 26.414554 116.44154 0.58967497 21.2372186097 115.684151195 0.593451256954 5.23244106943 0.216365304684 0
594 2.68740105629 26.30131 116.37003 0.43724496 21.2907581454 117.040353748 0.453668237467 5.05519176836 0.940984484654 0
597 2.64329910278 26.176025 116.35464 0.31453037 20.6167937263 116.441706534 0.297656951153 5.55991303309 -0.966775685865 0
600 2.65293002129 26.088883 116.46581 0.14702743 21.0646121626 116.003893668 0.173755826588 5.04545975559 1.53142431762 0
603 2.67225193977 25.977812 116.45377 0.019989929 19.9929693319 116.110247866 0.0334021319173 5.99469342156 0.768462621132 0
606 2.66676688194 25.890585 116.45549 -0.11586106 23.9621350233 115.867641513 -0.0203811134957 2.01605683352 5.47059796283 0
609 2.69763994217 27.617035 116.21759 -0.13548047 25.8567696097 115.229511006 -0.0372925500576 2.01862189203 5.62575341187 0
612 2.68105816841 29.732468 115.90829 -0.14344069 24.7436419766 116.534756581 -0.127991189426 5.02800611272 0.885191178478 0
615 2.69558405876 31.744289 115.6014 -0.14068963 27.3477723232 115.382049062 -0.101801418089 4.40198520256 2.22813041533 0
618 2.68798780441 33.87565 115.27561 -0.13567301 30.290650672 114.316728547 -0.0384305287142 3.71102059027 5.57158376706 0
621 2.67057299614 35.936054 114.9269 -0.14240112 32.7927595113 114.422903494 -0.0877531609503 3.18344353184 3.13109741255 0
624 2.67282986641 38.113735 114.67885 -0.14674677 35.2253697606 113.441558492 -0.112927665461 3.14221960272 1.937691957 0
627 2.6813890934 40.163768 114.30534 -0.14012204 36.4955415505 115.126725226 -0.106768794669 3.75906357684 1.91100019051 0
630 2.64967107773 42.346763 113.98058 -0.16006212 38.6560845676 114.485313255 -0.0587305457169 3.72503193943 5.80587153784 0
633 2.66331410408 44.341947 113.67079 -0.15507802 40.3923285849 114.430556032 -0.0807241079982 4.02203058758 4.26016534799 0
636 2.68940615654 46.544067 113.30502 -0.15009707 42.6402165925 114.737210948 -0.0173679470348 4.15827114505 7.60481856438 0
639 2.68982791901 48.557097 112.97025 -0.14631805 44.4315185637 114.109533886 -0.0780481463609 4.27999593529 3.91157734628 0
642 2.65347695351 50.586062 112.64729 -0.14866611 47.2703702655 113.980033983 -0.115704938879 3.57351622379 1.88853599304 0
645 2.63874006271 52.747394 112.3225 -0.14488479 49.6690258221 114.154394343 -0.059877926848 3.58220428253 4.87053448826 0
648 2.65047097206 54.919709 111.95097 -0.14565598 50.9734364019 114.451732275 -0.0687328708337 4.67192459014 4.40736950225 0
651 2.66228604317 56.9199 111.70562 -0.14317608 54.0594161665 113.667048087 -0.0494336596635 3.46836674827 5.37104504662 0
654 2.6740128994 58.963864 111.32719 -0.14485493 56.8529784042 113.296241599 -0.0579459766072 2.88669399078 4.97951623131 0
657 2.66174817085 61.070196 111.0267 -0.15209978 58.1866837612 111.856200694 -0.110374505078 3.00045233798 2.39068215203 0
660 2.66633915901 63.25691 110.67843 -0.1447313 59.6851535543 111.54640699 -0.0993081203079 3.67570784501 2.60255648842 0
663 2.66588497162 65.338645 110.4192 -0.14848438 61.3967232521 111.998974661 -0.167695592188 4.24669695707 -1.10072137773 0
666 2.67629003525 67.412523 110.08404 -0.1445869 63.4031504147 112.04047184 -0.136051564673 4.46124355657 0.489038690987 0
669 2.69016695023 69.507235 109.73429 -0.15139682 66.1666373191 110.879611306 -0.101726331851 3.531480392 2.84590933729 0
672 2.66233706474 71.647859 109.39116 -0.14906575 68.3895691753 111.065186786 -0.104611241391 3.66317052064 2.5470557236 0
675 2.67901492119 73.702975 109.06139 -0.1559357 69.7054652491 111.551494762 -0.0819559615506 4.70963968185 4.23872678263 0
678 2.6827890873 75.754203 108.72815 -0.15045699 72.6934493157 110.492855105 -0.149951077509 3.53304362056 0.0289866505432 0
681 2.67390298843 77.860742 108.43703 -0.15243836 74.9540710059 109.533451793 -0.15329983601 3.10658607083 -0.0493589395366 0
684 2.66150212288 79.97813 108.08555 -0.15170568 76.2105807753 108.490298289 -0.152325654763 3.78922793428 -0.0355219373511 0
687 2.68785905838 82.120618 107.73965 -0.14888428 78.5421259922 108.831901807 -0.152037829544 3.74147284628 -0.180685079372 0
690 2.7024140358 84.192494 107.42985 -0.14593359 80.5639469856 108.668711313 -0.146679749252 3.83420536598 -0.0427517759735 0
693 2.6643640995 86.28045 107.15458 -0.15823172 82.4352651971 108.717373058 -0.151497458279 4.15063468789 0.385844774741 0
696 2.6554620266 88.385341 106.75858 -0.15035877 84.4183707496 108.557517566 -0.101297113418 4.35580409739 2.81102585809 0
699 2.63037586212 90.512184 106.42958 -0.15443508 87.1020777044 108.279851265 -0.084543765427 3.87973307072 4.00447734965 0
702 2.67640900612 92.541412 106.11165 -0.15857271 89.4181814265 108.838096725 -0.0883440895644 4.14585105381 4.02380355199 0
705 2.64898490906 94.624435 105.7799 -0.14991569 90.8148385391 108.22838778 -0.102748164364 4.52858891993 2.70250014902 0
708 2.65286612511 96.812614 105.41142 -0.16008539 93.6095506513 107.289195413 -0.132021398107 3.71290389292 1.60794829179 0
711 2.65728902817 98.833392 105.05687 -0.15857643 93.927847411 106.577290218 -0.138411737586 5.13576141909 1.15535177052 0
714 2.64899778366 100.9283 104.72764 -0.15390186 94.5223178057 106.644922219 -0.132210291212 6.68674651703 1.24283534255 0
717 2.64299798012 103.02648 104.38009 -0.15580909 98.2418756156 106.190119029 -0.147626668736 5.11552970868 0.468818204653 0
720 2.66318798065 103.56436 104.3046 -0.21764658 99.5586162182 107.112578555 -0.19426540117 4.89190421115 1.339642867 0
723 2.67851781845 103.46604 104.39779 -0.32798619 99.2749119611 106.841863751 -0.300058629786 4.85170596151 1.60013133236 0
726 2.6862590313 103.43166 104.43448 -0.46455789 98.4012808589 106.239749868 -0.487546703693 5.34450311992 -1.31716200061 0
729 2.68315410614 103.35806 104.51276 -0.60050128 98.9624004054 108.058996873 -0.602774633594 5.64779773284 -0.13025356628 0
732 2.66801095009 103.30537 104.5712 -0.75278089 100.721907508 105.765914759 -0.601964267776 2.84633480171 8.64115593388 0
735 2.66425204277 103.24477 104.73622 -0.88717849 100.321604956 107.688111184 -0.840168800564 4.15434175725 2.6934568009 0
738 2.65232491493 103.11543 104.83266 -1.0218313 99.6726233108 106.25408856 -0.901576282094 3.72469824964 6.89010499128 0
741 2.65722203255 103.3336 104.43355 -1.1359167 100.212304687 107.940671481 -1.06062090995 4.69493189615 4.31413098511 0
744 2.66099882126 104.18264 102.5184 -1.1499809 102.32090417 104.595357428 -1.1208112914 2.78923151779 1.67129546267 0
747 2.67538785934 105.02068 100.61649 -1.1544373 103.413950147 103.020777465 -1.07446530931 2.89174325176 4.58205754555 0
750 2.66867494583 105.97315 98.645528 -1.1675657 103.918874938 102.210744905 -1.05070334904 4.11470747564 6.69571949403 0
753 2.68192410469 106.66644 96.709247 -1.154133 104.241672242 99.1461307127 -1.06922055717 3.43771739834 4.86512460222 0
756 2.69982385635 107.65453 94.805864 -1.1707179 104.630098007 97.1084957008 -1.0731370562 3.80122370135 5.59097051091 0
759 2.6717069149 108.36584 92.821603 -1.1639211 105.898477538 95.2267232379 -1.08614752031 3.44564665568 4.45609787391 0
762 2.65842199326 109.18739 90.932737 -1.1605274 107.344275853 91.5027629114 -1.09112604056 1.92924837663 3.97640498822 0
765 2.66471195221 110.00551 88.971931 -1.1631703 108.080129854 90.1398653407 -1.12236043153 2.25192347401 2.33823322588 0
768 2.66392302513 110.83946 87.051439 -1.1600004 108.208751373 89.3064230858 -1.09009568377 3.46490708488 4.00524520815 0
771 2.67012906075 111.68317 85.129972 -1.1502451 111.057620175 86.6335999687 -1.10862907984 1.62856060754 2.3844223152 0
774 2.68177604675 112.49307 83.177328 -1.1488654 111.273419991 86.4078904186 -1.05563422276 3.45312607422 5.34175297488 0
777 2.66735696793 113.40329 81.226755 -1.149046 111.600466622 83.4751975454 -1.08381313136 2.88195524129 3.73756805883 0
780 2.6754860878 114.20236 79.347389 -1.1522317 112.140064562 82.6019146728 -1.14222099106 3.85292094757 0.573571372 0
783 2.67736196518 115.10134 77.33273 -1.146946 112.472882502 81.0912995293 -1.07846942012 4.58646200525 3.92341902245 0
786 2.66577100754 115.87569 75.433999 -1.1405871 114.561216269 78.4677772467 -1.11405583056 3.30630483174 1.52012976426 0
789 2.6563179493 116.74641 73.521868 -1.1514597 114.617486822 76.356920749 -1.14698345126 3.54539673196 0.256470160983 0
792 2.67570400238 117.66191 71.592443 -1.1472421 115.406781408 74.1246247587 -1.10626717549 3.39080365476 2.34769024014 0
795 2.65750098228 118.47567 69.543126 -1.1411103 117.55062228 71.175493498 -1.11730235782 1.87625609445 1.36409460583 0
798 2.66715192795 119.32773 67.660396 -1.1493947 118.501221476 70.8265718386 -1.14951039343 3.27227532161 -0.00662874505766 0
801 2.68514084816 120.23613 65.736718 -1.1477983 119.434607389 68.7128991379 -1.08554730875 3.08222203317 3.56671906893 0
804 2.70428609848 121.05504 63.851108 -1.1435448 120.053003417 66.7039791228 -1.10562059381 3.02373129716 2.17289695633 0
807 2.67257094383 121.9387 61.889647 -1.1416966 120.439206944 64.771322615 -1.12958765427 3.24846637284 0.693791484953 0
810 2.68652009964 122.75206 59.947854 -1.134592 121.244386637 63.5629799339 -1.05533492425 3.91691389829 4.54109593713 0
813 2.63941192627 123.61313 58.017737 -1.1345099 123.396659154 61.4078520047 -1.07928506237 3.39701918927 3.16415012025 0
816 2.65819001198 124.50226 56.14403 -1.1250591 123.270577253 59.0890215984 -1.11703481148 3.19218074423 0.45975786563 0
819 2.64618992805 125.37031 54.195354 -1.1346431 123.190036993 57.6659594244 -1.09015212095 4.09862079228 2.54914532611 0
822 2.65319108963 126.19009 52.293812 -1.120627 125.245108247 56.3596672259 -1.07859929676 4.17422678243 2.40801001837 0
825 2.66650891304 127.09539 50.434417 -1.1252352 125.853439615 53.820870724 -1.11347905172 3.60700839805 0.673577679754 0
828 2.66314792633 127.94916 48.435924 -1.125081 126.762280579 52.0813400615 -1.10477505084 3.83376329754 1.16344518571 0
831 2.68124699593 128.83417 46.49897 -1.1135569 126.692806834 49.6134502032 -1.10295555765 3.77960621561 0.607412173665 0
834 2.67617702484 129.69028 44.561049 -1.1141866 127.291105044 47.8890917189 -1.12884560605 4.10267093603 -0.839899178689 0
837 2.67293214798 130.6504 42.689185 -1.1179531 128.131975825 46.1279211105 -1.09104090387 4.26231936421 1.54195525574 0
840 2.68348503113 131.56218 40.752166 -1.1133477 130.189123092 44.7511700858 -1.09882050489 4.2281578673 0.832346968188 0
843 2.66907691956 131.80181 39.159633 -1.0655485 131.741630867 42.2664990002 -1.07246989796 3.10744877212 -0.396566891469 0
846 2.6977159977 89.526265 39.287264 -0.26055386 133.061984022 40.6158142382 -1.08124308301 43.5559855416 -47.0220287701 0
849 2.65815901756 49.129117 22.860079 0.57174269 134.300905391 41.0091153128 -1.08585703585 87.0839885216 -94.9734684133 0
852 2.65409898758 45.693587 19.436118 1.0035584 133.180018304 40.1565859187 -1.07830423398 89.906693038 -119.281942453 0
855 2.67110705376 46.841947 21.209275 1.0214136 134.094752532 35.5050077335 -1.14505337037 88.4161752601 -124.129413857 0
858 2.65527200699 48.00008 22.972907 1.0079248 132.912480764 39.1035691257 -0.953791944317 86.4309786135 -112.398090049 0
861 2.66045403481 49.170996 24.731115 1.014741 35.3611559627 91.6498067157 1.36954003371 68.3287859017 20.328487207 0
864 2.69224214554 50.349541 26.532036 1.0144485 108.110520673 73.0583103881 2.16506245783 74.1688949709 65.9253236326 0
867 2.67705392838 51.518278 28.351001 1.0069992 58.9498377014 104.883908134 -2.66423700975 76.8928732328 149.653659586 0
870 2.66680288315 52.642563 30.101924 1.0170679 42.6498924126 103.133025822 0.3929322847 73.7115682832 -35.7603366005 0
873 2.66670799255 53.80357 31.912095 1.0183648 119.295530059 53.6644061413 -1.01095981871 69.0098534444 -116.271735914 0
876 2.67082309723 54.946688 33.671099 1.0064723 36.006044037 102.175610958 1.68842011262 71.074722316 39.0727315114 0
879 2.68506193161 56.161659 35.476636 1.0152563 104.460190061 58.153158285 -3.14118394737 53.3570310793 121.853516027 0
882 2.66561198235 57.333476 37.252395 1.017552 37.1912489911 107.278971166 1.6244689147 72.8658402708 34.7737777274 0
885 2.63852310181 58.434052 39.044555 1.0099164 32.421788544 113.210400934 1.42948875328 78.5952323822 24.0397250436 0
888 2.63418793678 59.558673 40.733157 1.0155176 123.614693276 40.3962304443 -0.67457224102 64.0569063658 -96.8350148884 0
891 2.66492795944 60.829575 42.673596 1.0256616 85.0718292045 42.3620924839 -2.66571969883 24.2442554712 148.499431004 0
894 2.69063806534 61.938983 44.298725 1.0235902 98.8508305323 56.430373335 -0.873779658043 38.8543611397 -108.711285041 0
897 2.66287302971 63.08776 46.123861 1.0214801 48.1807252905 137.306059921 2.31826725264 92.3927112058 74.3004307729 0
900 2.6714720726 64.233274 47.872937 1.026201 16.9401600447 77.4896543472 0.387170086197 55.8013312925 -36.6137743393 0
903 2.68776416779 65.367062 49.701179 1.0288308 121.324722743 95.826290008 1.55352497625 72.517485211 30.0627618344 0
906 2.69104909897 66.47055 51.411163 1.0247772 62.0483326823 52.5493973295 1.25495699987 4.56635340222 13.1883310617 0
909 2.66214799881 67.601685 53.206336 1.0345375 145.373146769 79.0689296958 1.10781690653 81.9589776555 4.19860071956 0
912 2.68081498146 68.713633 54.989386 1.0321621 120.158463697 141.296853837 1.72907665719 100.476612253 39.9302628085 0
915 2.6817741394 69.889939 56.860516 1.0335194 116.108971642 53.5664753514 1.22619193143 46.3362674605 11.0393228791 0
918 2.67917895317 70.97178 58.665246 1.0279054 85.0371147747 49.3269429046 3.03670701045 16.8830550265 115.095854158 0
921 2.65709996223 72.083269 60.388926 1.0348295 87.381306519 13.6610099376 2.90899610237 49.1683647427 107.38183642 0
924 2.63790416718 73.21006 62.180545 1.0389104 136.262229122 56.5623908525 -0.911419280338 63.3019722203 -111.745659342 0
927 2.66379499435 74.211219 63.966291 1.0279221 85.5253062294 55.5609533739 0.679546705713 14.0946184923 -19.9604397788 0
930 2.67696404457 75.394113 65.876292 1.0355825 25.8468251558 23.3930828659 3.05460705187 65.2668123249 115.681585556 0
933 2.68018198013 76.475569 67.55587 1.0353462 13.3195770058 58.8690549818 -1.86677305709 63.7506084672 -166.279185075 0
936 2.66368508339 77.652303 69.425792 1.0395167 75.9159098478 70.8227374406 1.08327388532 2.22856854123 2.50710204204 0
939 2.68742394447 78.72098 71.209083 1.0347632 77.4284592354 71.3367822495 1.09380360741 1.29881369916 3.38276616537 0
942 2.69092178345 79.923618 73.070281 1.0406815 76.2624386045 74.0263692465 1.02967867441 3.78395815268 -0.630415469135 0
945 2.67710804939 80.886825 74.813727 1.0240856 78.4322127294 76.4020460783 1.09151143499 2.92367557944 3.86321577501 0
948 2.70037889481 82.003807 76.66259 1.0354781 80.6452857736 78.2392917411 1.03373565327 2.08124200965 -0.0998348439214 0
951 2.67967820168 83.149971 78.458347 1.0359732 81.2750782787 79.4634811982 1.00908703179 2.1273263672 -1.54046396549 0
954 2.65889191628 84.209192 80.07724 1.046865 82.1168494028 80.40680952 1.02324038605 2.11813918627 -1.35359067201 0
957 2.6751408577 84.421821 80.346791 1.1291589 81.6117557853 80.1533214212 1.09238194975 2.8167174137 -2.10716403261 0
960 2.67931580544 84.549549 80.462185 1.2384433 81.5100203904 80.8430433305 1.25309830033 3.06329679207 0.839669667907 0
963 2.66529583931 84.477315 80.645515 1.377415 82.3737462937 79.360201635 1.3339121408 2.46516363526 -2.49253022899 0
966 2.65179920197 84.491575 80.745704 1.5042297 83.047120796 79.8177048357 1.50575208669 1.7168664469 0.0872263321272 0
969 2.65771102905 84.58151 81.604236 1.6242617 81.6281073995 80.6860132607 1.67723485873 3.09284980552 3.03513842255 0
972 2.65537691116 84.52138 83.606555 1.6450761 80.5436702995 83.6207571785 1.56508018704 3.97773505441 -4.58342819079 0
975 2.68560004234 84.450105 85.633891 1.6510189 82.1350040856 86.7522674193 1.62665409962 2.57108110703 -1.39600023027 0
978 2.67217302322 84.288283 87.799076 1.6553182 80.8923279538 88.0371754372 1.6602032164 3.40429170573 0.279890822345 0
981 2.68914198875 84.219899 89.940013 1.6574582 80.2553784327 89.8317867863 1.58261478533 3.9659975091 -4.28821178488 0
984 2.68595194817 84.085061 91.960688 1.6559816 80.739070056 92.4033345368 1.62340801254 3.37514316051 -1.86632908515 0
987 2.70240283012 83.972707 94.061302 1.6546883 79.2750827118 94.4911803123 1.67034598218 4.71725230578 0.897119105924 0
990 2.67909598351 83.850194 96.236204 1.650278 79.1144956023 95.8615907803 1.64404781925 4.75049201431 -0.356963062739 0
993 2.68171787262 83.742141 98.372522 1.653672 80.1218625181 98.8161739953 1.67589093848 3.64736115283 1.27305140022 0
996 2.69942188263 83.558608 100.37046 1.6603574 79.9543859536 101.155007574 1.6338217666 3.68862189113 -1.52037980025 0
999 2.70402407646 83.448658 102.54165 1.6520527 79.1579654197 101.879946385 1.6374878638 4.34141618511 -0.834503643379 0
1002 2.67151999474 83.308795 104.69204 1.6576029 79.4147103322 105.252983165 1.65766268812 3.93427917596 0.00342560683529 0
1005 2.65978693962 83.194681 106.76107 1.661421 78.6735960852 108.126990936 1.66507864694 4.72291740451 0.209567732465 0
1008 2.66032409668 83.066158 108.84686 1.6653468 78.6405530726 109.135932778 1.66540256329 4.4350357433 0.00319500106946 0
1011 2.65162301064 82.920912 111.09751 1.6564676 78.3776158556 111.917313606 1.67100868826 4.61666739193 0.833142986641 0
1014 2.6787378788 82.798446 113.12029 1.6519674 78.6404720858 114.057017627 1.65315686177 4.26218321038 0.0681511390658 0
1017 2.67718410492 82.725101 115.25424 1.6521864 78.6711064273 115.964652522 1.66979497855 4.11576942345 1.00889723409 0
1020 2.66909003258 82.605874 115.888 1.7134215 78.7714753544 117.572124128 1.70713897023 4.18794544534 -0.35996244052 0
1023 2.64191508293 82.650086 115.98425 1.8265292 77.9720214209 117.477862894 1.79716992336 4.91071967062 -1.68216264092 0
1026 2.6606118679 82.697137 116.16336 1.9516157 77.9326149916 116.957036593 1.96017700262 4.83017520413 0.490526507466 0
1029 2.65254998207 82.611261 116.28116 2.0730733 78.1751098125 115.681339382 2.08167682858 4.47651897494 0.492945876828 0
1032 2.6632668972 82.517518 116.45008 2.1971216 79.0786720826 116.495075585 2.22976219964 3.43914027719 1.87016859988 0
1035 2.6494679451 82.418538 116.4581 2.3123831 78.5694071679 116.832304716 2.37549434262 3.86727776763 3.61600784175 0
1038 2.65799212456 82.414024 116.83182 2.4679277 78.3482356117 115.991093775 2.48208584585 4.15180151295 0.811202002977 0
1041 2.66843485832 82.282962 116.94587 2.5874118 79.0039572496 116.735760906 2.64817709214 3.28572944475 3.48159478058 0
1044 2.663230896 82.208722 116.96752 2.707272 77.6035812914 115.21423883 2.77002694105 4.92760751335 3.59559326592 0
1047 2.67841005325 82.043289 117.20312 2.8493508 78.2440797083 115.072194452 2.89191041947 4.35601135594 2.43848657335 0
1050 2.66254401207 81.832352 117.28824 2.9891727 78.5273844444 117.118808857 3.01846158234 3.30930770039 1.67812934463 0
1053 2.68945789337 81.142386 117.29523 3.0875315 77.4536666861 115.138058505 3.12290010392 4.27317669154 2.02647173169 0
1056 2.67282009125 79.131234 117.37152 3.1037602 74.8984995658 116.492945222 -3.11208531404 4.32295436381 3.85828594021 0
1059 2.68356585503 77.094643 117.50841 3.1079346 73.1897217965 115.386968837 -3.12698056042 4.44397594638 2.76567568566 0
1062 2.63796901703 74.899205 117.59033 3.115912 71.4075707329 116.249334567 -3.08935607891 3.7402912462 4.46432833132 0
1065 2.66956090927 72.824078 117.69503 3.116944 69.2158492784 116.119029763 3.12187644835 3.93739650699 0.282608472897 0
1068 2.66696000099 70.711208 117.83017 3.1174699 67.815420299 116.408877437 3.09595624349 3.22578036429 -1.23264172002 0
1071 2.68201088905 68.550781 117.88294 3.1169773 65.339026777 117.771074742 -3.11820884934 3.21370176355 2.75014916464 0
1074 2.68224310875 66.454241 117.99143 3.11617 63.9001645365 116.50689703 3.11045716253 2.95417411829 -0.327321476288 0
1077 2.68066811562 64.352032 118.06903 3.1139299 61.1158768442 117.469353434 3.11293786526 3.29124781456 -0.0568394037965 0
1080 2.67836904526 62.204954 118.16997 3.1178991 59.951984576 118.158327318 3.09662115637 2.25299950679 -1.21913636643 0
1083 2.66192603111 60.134729 118.2293 3.1166836 56.7229569745 117.239616381 3.10558404032 3.55241636343 -0.635957924121 0
1086 2.67194914818 58.034017 118.36643 3.1239361 54.5604828346 117.371412191 3.12535729125 3.613239549 0.0814282606476 0
1089 2.65070581436 55.858025 118.47896 3.1251128 53.0041021096 116.738980514 3.13162685351 3.34251469323 0.373227773557 0
1092 2.64810299873 53.766425 118.55 3.1243401 50.1587892987 116.997746868 3.1361869076 3.9274069232 0.678772076349 0
1095 2.65944480896 51.628528 118.603 3.1187628 48.3334686945 117.110936968 -3.13369342687 3.61713531953 1.7606466099 0
1098 2.66399598122 49.494235 118.64783 3.1200968 47.1904981092 117.109174789 3.11973609701 2.77031830677 -0.0206667588259 0
1101 2.65904092789 47.379245 118.80828 3.1260538 44.4523028487 117.418672478 3.11390960195 3.24006163849 -0.695811293717 0
1104 2.65923905373 45.313934 118.87713 3.1250737 45.8608006921 116.607012504 3.11280526707 2.33505816262 -0.702929428072 0
1107 2.68700194359 43.229975 118.9845 3.131291 40.5519986061 117.707387957 -3.13242247469 2.96691299788 1.11565382107 0
1110 2.67599511147 41.038059 119.03542 3.1300111 38.9042825699 117.633439576 -3.11844593383 2.55314530807 1.98978349245 0
1113 2.69972491264 38.877743 119.09254 3.1262084 36.3748530623 118.404971921 3.09717322553 2.59561320388 -1.66359295456 0
1116 2.65618896484 36.866989 119.17866 3.1252668 34.4404833107 118.717220335 3.05737257018 2.4699911791 -3.89005282191 0
1119 2.66587591171 34.67231 119.25843 3.1314701 31.7343515225 118.968269519 3.05715240592 2.95225221151 -4.25809021375 0
1122 2.673869133 32.567479 119.34722 3.1353596 30.2992530789 118.210645959 3.09851500715 2.53705525771 -2.11103966829 0
1125 2.67013001442 30.502201 119.36971 3.1349527 27.4500238619 117.294709334 3.1167079282 3.6907198548 -1.04534842237 0
1128 2.68527197838 29.15421 119.31018 -3.13185 26.5435575766 117.971671447 -3.10556528317 2.93378786273 1.5060033399 0
1131 2.67424702644 28.938717 119.39146 -3.028318 26.3528911691 117.119617711 -3.05123991224 3.44205790369 -1.31332882955 0
1134 2.6622531414 28.80706 119.32785 -2.9089456 26.3569117548 116.481140452 -2.91920627944 3.75592620751 -0.587893626869 0
1137 2.68013691902 28.607415 119.34948 -2.7753086 26.924168411 117.439959153 -2.75747298611 2.54550367175 1.02190540107 0
1140 2.66763210297 28.309413 119.3977 -2.6319404 26.7714023981 117.98017121 -2.61373853173 2.09161767075 1.04289023086 0
1143 2.67975687981 28.176965 119.31562 -2.5155106 25.7154976304 118.215924991 -2.51539207412 2.69595080136 0.00679103268094 0
1146 2.67371416092 28.13257 119.1422 -2.3876282 26.0284491033 118.155093105 -2.36055713349 2.32415678682 1.5510578581 0
1149 2.6825530529 28.071656 119.10664 -2.2643471 25.8277210882 116.461354062 -2.31335691214 3.46883000201 -2.80805539048 0
1152 2.67504501343 27.847582 119.05477 -2.1225081 26.4053003509 117.382830968 -2.12733593622 2.20806623133 -0.276614639378 0
1155 2.69178986549 27.651134 118.95518 -2.0012288 25.792627782 118.394845202 -2.0298293514 1.9411389565 -1.63869088695 0
1158 2.64857196808 27.585975 118.8068 -1.8653126 25.1239190017 117.613875238 -1.89273365535 2.7358342836 -1.57111074139 0
1161 2.67982196808 27.545652 118.66047 -1.7395281 25.6774997443 119.283710341 -1.76008530769 1.96937080633 -1.17784123922 0
1164 2.66626310349 27.426878 118.54472 -1.6078392 39.5653249204 140.909084902 -0.711883676034 25.4461531693 51.3344701547 0
1167 2.6399948597 27.408113 118.27266 -1.4907581 118.071868903 113.077494587 -2.42868735271 90.8124791979 -53.7393876621 0
1170 2.67421507835 27.619078 117.43976 -1.368489 58.3696794812 92.8590653208 -2.16068755569 39.3676268318 -45.3896337776 0
1173 2.67450714111 28.00462 115.50954 -1.3464267 57.5137415655 92.0828053549 -2.08324492768 37.6775815532 -42.2165747143 0
1176 2.69752597809 28.352772 113.43776 -1.3439724 55.5858306314 88.9906478922 -1.77334756017 36.5964584739 -24.6013845057 0
1179 2.65650701523 28.777386 111.37552 -1.3470791 24.9537475415 111.146511943 -1.09050327148 3.83049027561 14.7007120991 0
1182 2.67326498032 29.292879 109.18718 -1.3487141 46.529190154 107.69538654 1.44006244288 17.3007476695 159.785125912 0
1185 2.66813206673 29.664866 107.14961 -1.3582731 26.8774394698 106.998975967 -1.34779964381 2.7914937351 0.600084836611 0
1188 2.66024804115 30.155372 105.1583 -1.3627181 26.4311969116 104.592265474 -1.41227842699 3.76694507175 -2.8395975676 0
1191 2.68810319901 30.584999 103.08809 -1.3538609 26.9411220618 103.394831755 -1.47982620082 3.65676491518 -7.21728010203 0
1194 2.69102787971 30.932942 101.04272 -1.3388863 27.4282490159 100.567894825 -1.32043861675 3.53671201257 1.05697439185 0
1197 2.67888903618 31.46397 98.886394 -1.3633561 29.3146092333 99.1866061256 -1.45040188259 2.17022557026 -4.98735596697 0
1200 2.67666482925 31.761459 96.890841 -1.3338862 28.618650297 97.6974381371 -1.36336776261 3.24466415598 -1.68916911114 0
1203 2.70065903664 32.148779 94.808879 -1.340085 28.5339402382 93.2894808233 -1.4133487001 3.92117713103 -4.19770080747 0
1206 2.67721390724 32.63242 92.742465 -1.3409888 30.8820060951 92.3261863289 -1.35063163848 1.79923227253 -0.55249394716 0
1209 2.70649003983 33.223163 90.635151 -1.3443959 32.2706738402 91.4306675754 -1.28452757784 1.24100049209 3.43020218656 0
1212 2.68104100227 33.480467 88.544154 -1.3400822 31.047095823 88.793074941 -1.27719704972 2.44606968832 3.60305370513 0
1215 2.70735216141 33.996344 86.523674 -1.3537744 32.1260558732 86.7415130897 -1.27192538532 1.88293163616 4.68960309853 0
1218 2.67743420601 34.391099 84.502242 -1.3500462 32.7375859415 85.1075503935 -1.34585740533 1.76082471756 0.240000255565 0
1221 2.65991306305 34.871654 82.311763 -1.3462417 32.5513355354 83.680699174 -1.34917774172 2.69404232069 -0.168222798944 0
1224 2.66801190376 35.319079 80.358924 -1.358939 33.8384873094 80.4907116958 -1.29359352197 1.48644534079 3.74402010126 0
1227 2.66816711426 35.776446 78.250756 -1.3606991 34.5187945599 77.878453768 -1.36959877771 1.31160058579 -0.509913971622 0
1230 2.66621899605 36.167733 76.160289 -1.3496683 33.7561912773 76.1733484896 -1.31376259296 2.41157708372 2.05724547375 0
1233 2.66815590858 36.593873 74.026216 -1.3452321 34.6824311928 74.5398455833 -1.37769202205 1.97924862793 -1.85981653668 0
1236 2.65531182289 37.096668 72.068535 -1.358637 35.8011568408 72.2683671181 -1.37045156247 1.31083257472 -0.676924566184 0
1239 2.6602909565 37.456761 70.030489 -1.3570922 36.1256896332 69.554486467 -1.37566764612 1.41362279091 -1.06429466528 0
1242 2.6683151722 37.942935 67.912468 -1.3598503 35.5493470243 67.9171975361 -1.36458053267 2.39359264826 -0.271022368222 0
1245 2.6565580368 38.381728 65.750541 -1.3597279 37.0575318191 65.3339154805 -1.35079032802 1.38819031441 0.512085153439 0
1248 2.64440798759 38.78715 63.709446 -1.3638712 37.7459510822 63.6681304161 -1.36153741538 1.04201831262 0.133716008765 0
1251 2.65649199486 39.284372 61.704874 -1.358189 37.4379203676 61.7520547898 -1.35556568292 1.84705431912 0.150304997148 0
1254 2.66703891754 39.616785 59.610797 -1.3616912 38.5773983975 59.5053113318 -1.36011728507 1.04472567485 0.0901786829343 0
1257 2.6752269268 40.0981 57.483375 -1.3627524 39.9873752635 58.1050650759 -1.32585244928 0.631473291392 2.1142114407 0
1260 2.69027519226 40.478176 55.366289 -1.371191 39.6074578604 56.5986038958 -1.33166606157 1.50889034758 2.26461215763 0
1263 2.66857886314 40.927924 53.368372 -1.3697355 40.3811583001 54.7565975987 -1.33217476229 1.49201978656 2.15207174632 0
1266 2.68806004524 41.311773 51.24524 -1.3687118 41.0329582229 51.9996763896 -1.36080978757 0.804308364951 0.452751961886 0
1269 2.66615486145 41.752813 49.127024 -1.3690442 41.0144309204 50.1798170837 -1.36896512729 1.28591654962 0.0045305323947 0
1272 2.67486000061 42.124468 46.999249 -1.3746445 41.5599494696 47.3879546698 -1.36296677013 0.685400079397 0.669084635838 0
1275 2.65424609184 42.489069 45.000812 -1.3756167 41.899627106 45.6063551154 -1.37277921062 0.845058702668 0.162576165675 0
1278 2.63653516769 42.919623 42.847052 -1.3693623 41.4435524719 43.9101590142 -1.39983151411 1.81906039696 -1.74575737363 0
1281 2.65633296967 43.26925 40.76156 -1.3849404 42.8269064313 41.9647241335 -1.32673759854 1.28190162057 3.33477487939 0
1284 2.66454410553 43.723057 38.666685 -1.382086 44.1616484604 38.825182498 -1.37525434264 0.466351719242 0.391425134071 0
1287 2.66443109512 44.069109 36.638541 -1.3748634 44.2557020942 37.0430110308 -1.35489450245 0.445435728937 1.14413355113 0
1290 2.66886997223 44.48264 34.512889 -1.372972 42.8932598566 35.9001350147 -1.36657671522 2.1096399564 0.366422826435 0
1293 2.6702439785 44.660959 33.544964 -1.3339999 43.7229952026 34.1030595246 -1.31203542852 1.09144248578 1.25847151532 0
1296 2.66460704803 44.654294 33.324157 -1.2074321 45.1741766322 34.3194429597 -1.19577286954 1.12288560987 0.668024697717 0
1299 2.66737794876 44.699557 33.107025 -1.0711259 43.9836519479 32.5546706635 -1.0760609707 0.904220856099 -0.282758722781 0
1302 2.67365288734 44.829945 32.953901 -0.95914547 43.0717965628 33.0468452323 -0.893109686603 1.76060346398 3.78357168549 0
1305 2.67391300201 44.914184 32.826307 -0.82117543 44.2470490882 32.7464978939 -0.943034527261 0.67189172045 -6.98201196833 0
1308 2.63105797768 44.932468 32.690373 -0.70238554 44.0627856843 33.1935871712 -0.841762161088 1.00477451811 -7.98569215116 0
1311 2.63979792595 45.019913 32.619075 -0.56167342 43.3683635057 33.0730169101 -0.574913237963 1.71279858419 -0.758585690801 0
1314 2.66957306862 45.164806 32.47066 -0.44585332 43.1444900561 33.642111673 -0.552824142235 2.33537481689 -6.12897664511 0
1317 2.6689760685 45.307079 32.373178 -0.30795343 43.618083891 33.3435247817 -0.493884105899 1.94789048848 -10.653043011 0
1320 2.64440083504 45.468859 32.25314 -0.19105128 42.7788659339 32.1932150458 -0.406260639882 2.69066045716 -12.3305880329 0
1323 2.64690113068 46.833289 32.057508 -0.10389315 43.2374173585 32.938151849 -0.158200599239 3.70213809187 -3.11158763753 0
1326 2.67323422432 48.863767 31.868312 -0.084237935 46.9430778927 32.1246880395 -0.118061399882 1.9377242633 -1.93794178625 0
1329 2.65737605095 51.033972 31.691587 -0.08198003 48.1007576146 32.9879113287 0.0895704504864 3.20689934298 9.82911850531 0
1332 2.68920898438 53.111195 31.42619 -0.084122232 51.2757430799 33.4897445183 -0.0564913860891 2.76172790138 1.58313085507 0
1335 2.67976903915 55.206155 31.249451 -0.082409142 53.8153881851 32.377229273 0.0215149711372 1.79056308647 5.9544130724 0
1338 2.69256019592 57.287235 31.07162 -0.080297126 56.2044969682 32.9296476363 -0.0223281719786 2.15048560629 3.32137640822 0
1341 2.67404508591 59.516372 30.847745 -0.092608556 58.0594745645 32.2082654878 -0.00240655901836 1.99338057964 5.1681937307 0
1344 2.65407109261 61.567611 30.670937 -0.091677002 59.9589897258 32.8999413198 -0.0116248970591 2.74884023933 4.58664775425 0
1347 2.65133905411 63.68279 30.502969 -0.089332225 63.591812592 32.3434779335 -0.0624266798754 1.84275609428 1.54157418114 0
1350 2.65458393097 65.773678 30.270465 -0.081918863 65.9608658985 32.0487038667 -0.0850721879626 1.78806397434 -0.180672211792 0
1353 2.64570689201 67.870787 30.052005 -0.080757136 66.7978182532 31.484923554 -0.092026766553 1.79011662029 -0.645702267358 0
1356 2.66126489639 69.978421 29.855203 -0.080851998 69.8107973448 31.8129017926 -0.0558417912637 1.96486189137 1.43297929074 0
1359 2.68293094635 72.04312 29.748383 -0.089661546 70.7575857143 30.8801586721 -0.0676414402117 1.71275058654 1.2616591261 0
1362 2.67646813393 74.192216 29.503442 -0.097083695 72.0819983992 31.4546431921 -0.107687617416 2.87405713488 -0.60756000073 0
1365 2.66758489609 76.337484 29.313327 -0.092202589 75.7802957323 30.7975818579 -0.104138574625 1.58539308973 -0.683881600635 0
1368 2.64518213272 78.469083 29.072242 -0.088851811 76.8911487132 30.6027536168 -0.0813582525148 2.19825895254 0.429349274739 0
1371 2.64631319046 80.508884 28.860474 -0.08148585 79.3952332467 30.395022678 -0.0979601915697 1.896063724 -0.943910242199 0
1374 2.63867211342 82.648681 28.706332 -0.092016755 82.1143487091 30.5961232444 -0.105692744477 1.96387931007 -0.783576477685 0
1377 2.66947197914 84.803463 28.469695 -0.089914919 83.207348241 29.7845083601 -0.0366327849085 2.06792565042 3.05284140689 0
1380 2.66739416122 86.909059 28.274418 -0.095059786 85.0324763772 30.358094877 -0.0666612727751 2.80415257572 1.62711495223 0
1383 2.67217588425 88.999768 28.069648 -0.093100738 87.4806705719 30.6866289627 -0.0598731265281 3.02592900701 1.90380190064 0
1386 2.66434502602 91.148907 27.8824 -0.087682683 89.8739295869 30.6826019871 -0.0524587527724 3.07680005399 2.0181825399 0
1389 2.66432595253 93.191686 27.680334 -0.085944106 91.0459336821 30.2403438283 -0.0346614178043 3.34034479219 2.9382815957 0
1392 2.67424201965 94.597595 27.536443 -0.026113958 93.5473651819 29.8887984063 -0.0431252835613 2.57615190323 -0.974677158586 0
1395 2.65374398232 66.734672 23.138609 0.64678418 95.1524246422 31.3083144119 -0.00732986282422 29.568780018 -37.4779739741 0
1398 2.65900111198 41.954155 8.6979942 1.5862633 98.0350382521 30.9869752923 0.0435573725019 60.3478594854 -88.3905386755 0
1401 2.66895699501 40.498777 7.6026468 1.6671323 99.6451260457 31.3445059311 -0.0112304713622 63.7335585107 -96.1631032909 0
1404 2.66305994987 40.36551 9.5759073 1.6613912 101.268411138 30.7614672547 -0.0109025494162 64.4824884574 -95.8153739477 0
1407 2.66760396957 40.15753 11.693798 1.6450717 102.004729653 29.8534673349 0.000865702292202 64.4581235785 -94.2060643188 0
1410 2.64362287521 40.017928 13.779826 1.6578436 102.705857705 30.6723319259 -0.012011956453 64.9240578454 -95.6756757812 0
1413 2.67073106766 39.937066 15.922073 1.6651068 104.160773489 32.0209699307 0.00724099177232 66.2107173044 -94.9887138105 0
1416 2.67721486092 39.75755 17.953862 1.6630734 105.058574901 30.3406825541 0.0413909343155 66.4654585217 -92.9155609941 0
1419 2.66659212112 39.645384 20.177858 1.663423 108.097917921 29.4660744134 0.0159750457002 69.0798115539 -94.3918147488 0
1422 2.66049909592 39.526919 22.292671 1.6684735 111.333348314 32.6432971228 0.0727721803838 72.5485957955 -91.4269509775 0
1425 2.66786909103 39.303781 24.413998 1.6572417 111.320084484 32.2970482055 0.0317532942319 72.446466084 -93.133625298 0
1428 2.68624401093 39.21094 26.55624 1.6661167 114.769690101 32.7159799624 0.0940392561191 75.8094130911 -90.0734026021 0
1431 2.69877505302 39.049874 28.673026 1.6660737 117.053967027 35.5555156144 0.0981348047407 78.3071337256 -89.8362812328 0
1434 2.698376894 38.816051 30.701859 1.6598041 120.330235258 35.0509651347 0.149549109021 81.6301228681 -86.5312369717 0
1437 2.71416211128 38.695572 32.853799 1.6647394 123.733616206 34.7333640218 0.123245421157 85.0588133418 -88.3210991326 0
1440 2.6812748909 38.58982 35.008607 1.6723781 124.145815266 34.7967645994 0.102200328888 85.556257534 -89.96455937 0
1443 2.67487215996 38.393816 37.160762 1.6689022 126.409287451 35.2696755879 0.13288788238 88.0357848975 -88.0071376713 0
1446 2.6629550457 38.314928 39.264936 1.6781402 129.209486282 37.3268183447 0.148266881529 90.9152188873 -87.6552843381 0
1449 2.68015193939 38.042909 41.445131 1.6601298 130.905583872 38.5054651299 0.274128920648 92.9091923319 -79.4120007883 0
1452 2.6722099781 37.893052 43.482766 1.6655679 137.349856775 27.7405083307 -0.0464677692016 100.694958626 -98.0924182211 0
1455 2.68985915184 37.737395 45.529248 1.6663309 138.945728671 27.2109545124 -0.0869563517065 102.852742699 -100.455959797 0
1458 2.67255091667 37.667375 47.706088 1.6735516 140.635978328 26.73774395 -0.0789600492628 105.081895317 -100.41152105 0
1461 2.68220376968 37.411337 49.793915 1.6717816 142.281016207 23.1387319889 -0.121287212541 108.204197693 -102.735275335 0
1464 2.69401812553 37.208006 51.943854 1.66906 138.42153639 38.4052395919 0.094698382497 102.114997988 -90.2042761103 0
1467 2.66250514984 37.03196 53.963531 1.6741645 16.2785446816 104.374054624 2.45321352454 54.5153660857 44.6362211398 0
1470 2.68581080437 36.983983 56.143126 1.6856298 140.718336862 31.239617368 -0.0651273840174 106.681774044 -100.310997596 0
1473 2.67276597023 36.720012 58.206076 1.6746777 109.029055311 134.549037515 -2.63074667166 105.151535973 113.317354491 0
1476 2.68381595612 36.536888 60.398002 1.6787317 87.1287389952 60.8663017544 -2.27697681715 50.59401834 133.354596983 0
1479 2.6811068058 36.401835 62.417273 1.6766351 36.2013279651 65.2560206444 -0.216905232045 2.84581996258 -108.491869364 0
1482 2.68476605415 36.239068 64.615141 1.6886647 111.142717666 84.5117640377 -0.680250630501 77.5011763882 -135.728850462 0
1485 2.68481707573 35.99676 66.655908 1.678851 78.1203712831 76.1170130725 0.722075789452 43.1730371497 -54.8191815072 0
1488 2.69507789612 35.830181 68.859683 1.6854848 121.087824646 4.56868847107 -0.0199028252638 106.781074061 -97.7115133615 0
1491 2.68916106224 35.575227 70.898859 1.683738 120.965116824 4.18856973127 -0.0375452254545 108.359106579 -98.6222641652 0
1494 2.68822407722 35.463169 73.006353 1.6935188 123.820532391 6.75933107749 -0.0673457671452 110.434105144 -100.890107992 0
1497 2.6941280365 35.205801 75.07321 1.6913976 119.191210977 64.9723259567 -2.34294191416 84.5906433803 128.849372715 0
1500 2.69063401222 34.978045 77.287591 1.6912075 22.7731760801 36.6116046305 2.48021267953 42.4675722462 45.2066668012 0
1503 2.68631696701 34.814043 79.320098 1.7000185 32.6859790346 79.087296816 -2.62013825949 2.14075982592 112.473250846 0
1506 2.69990801811 34.580736 81.372215 1.6970036 32.4490311423 76.9491324663 -1.46967814671 4.90997196529 178.562500852 0
1509 2.68092799187 34.345965 83.441951 1.6955247 68.0646322694 64.0396050974 -1.97475902724 38.9024362855 149.708232814 0
1512 2.69191193581 34.142398 85.698773 1.7034669 31.3225645443 86.0127322162 1.9688747974 2.83725767376 15.2067523702 0
1515 2.65555500984 33.910208 87.748137 1.7016389 30.0737770595 87.2840026501 1.75802805522 3.86440461857 3.23086060459 0
1518 2.66294884682 33.670818 89.737713 1.6967853 29.1341443391 89.003083407 1.6457531622 4.59576854774 -2.92392611552 0
1521 2.65650677681 33.472926 91.900649 1.7056804 31.1623551779 93.7135722753 1.83178095416 2.93690795329 7.22502954765 0
1524 2.67471003532 33.217902 94.036516 1.7078464 29.2547268431 92.702901856 1.59413765049 4.18154086542 -6.51503144045 0
1527 2.78063297272 33.034075 96.178482 1.7177188 28.4588729693 96.1748626785 1.79698980981 4.57520346223 4.5418943 0
1530 2.72909283638 32.713254 98.174723 1.7080491 28.2232585794 96.5900578241 1.75427838039 4.76143073001 2.64874265622 0
1533 2.6757349968 32.45653 100.24821 1.7068362 27.1141125646 98.7982802916 1.72129253851 5.53567703297 0.828287183983 0
1536 2.6613471508 32.217075 102.39435 1.7082962 27.4104400094 102.760025424 1.66192303005 4.82052470682 -2.65698692101 0
1539 2.67880892754 31.955228 104.48204 1.7110577 28.6680303358 103.331124123 1.55791017271 3.48285455324 -8.77470695677 0
1542 2.61616182327 31.741377 106.6002 1.7198575 27.2349510106 105.218226052 1.64350228624 4.71356841366 -4.37483149251 0
1545 2.66343522072 31.439656 108.68741 1.7105287 26.6933695068 107.846464895 1.69572469625 4.82020996899 -0.848206934804 0
1548 2.66390991211 31.216018 110.75498 1.7177022 26.8139731464 110.121766089 1.69827252296 4.44735412913 -1.11323849161 0
1551 2.65051293373 30.916985 112.90957 1.719675 26.9470664274 112.372504241 1.69089334417 4.00608201402 -1.64906740619 0
1554 2.67593002319 30.668641 114.94646 1.716506 27.7907821098 113.773467041 1.6850521377 3.10772976216 -1.80217355936 0
1557 2.66773509979 30.419865 117.12266 1.716223 26.9410050433 115.678055641 1.66237238475 3.76687514418 -3.08541297772 0
1560 2.66617202759 30.132888 119.21343 1.725557 26.6447278785 116.309756859 1.70661032579 4.53856571415 -1.08556446821 0
1563 2.68771409988 29.88258 121.34383 1.72867 25.6649597475 120.151408272 1.69774712984 4.3829430947 -1.7717499507 0
1566 2.66859793663 29.981486 120.5055 1.7055843 26.2540882664 118.855342969 1.70478041009 4.07633562065 -0.0460594988858 0
1569 2.67385196686 30.170653 118.4575 1.6900862 27.6720335912 116.951613568 1.63273552728 2.91732632668 -3.2859514992 0
1572 2.67931199074 30.502618 115.6086 1.6745202 27.9242001243 115.210664911 1.67733361452 2.60894443721 0.161196778048 0
1575 2.68227505684 30.699806 113.48782 1.6738205 28.0474065658 112.523527786 1.68083654678 2.82224772687 0.401989869221 0
1578 2.69801688194 30.8492 111.36091 1.6697397 28.3132530669 110.371996829 1.62753810604 2.72194344313 -2.41797322237 0
1581 2.68302679062 30.973164 109.37107 1.6787837 26.7520471731 108.572535012 1.62266093914 4.29598479906 -3.21559733182 0
1584 2.68343114853 31.204408 107.09871 1.665475 28.4629466903 107.692270667 1.7345881829 2.80498206367 3.95989368912 0
1587 2.64757609367 31.322843 104.96751 1.6587885 26.8861906125 105.397740216 1.58728221362 4.45746367855 -4.09700841806 0
1590 2.66766214371 31.457099 102.91722 1.6541397 28.8842598036 103.303381574 1.72600814781 2.60165760456 4.11775873986 0
1593 2.63961720467 31.546684 101.34427 1.631357 29.1878868901 101.834528802 1.68271027718 2.40920681934 2.94232604661 0
1596 2.68074607849 31.536552 101.09899 1.5279681 29.4207756765 102.719927044 1.59095720258 2.66532293547 3.60900973309 0
1599 2.64653396606 31.522716 100.84711 1.3818466 27.3674101821 102.06627716 1.3833936492 4.33046591084 0.0886393900481 0
1602 2.68378400803 31.33472 100.81397 1.2437751 28.1024070031 102.354544381 1.27533406245 3.58067266511 1.80819535411 0
1605 2.65446305275 31.335612 100.76499 1.1262837 28.074071392 101.74993774 1.17642676306 3.40701763838 2.87298588498 0
1608 2.67012286186 30.238332 99.003137 0.9296569 28.2326957668 100.337064873 0.989296582556 2.40872170862 3.41710210197 0
1611 2.68988990784 28.772289 97.32743 0.78863198 25.7443696386 98.7894719233 0.837717601439 3.36241910604 2.81239894326 0
1614 2.67668199539 27.005154 95.945316 0.6582802 24.17486446 97.0081908555 0.765906522746 3.02328328784 6.16653405787 0
1617 2.68101382256 26.209553 95.323497 0.64585939 24.3228224592 95.4674909863 0.658919844954 1.89221732414 0.748308947411 0
1620 2.68756914139 26.225548 95.299359 0.74214735 24.2916527064 95.2494834857 0.817866041069 1.93453833605 4.33836142853 0
1623 2.68709802628 26.287241 95.304851 0.87876564 24.0508514852 94.2208346106 0.992980137883 2.48526248002 6.5440086879 0
1626 2.67394304276 26.503119 95.525486 1.0159202 24.1115878383 94.0444453863 1.10917168223 2.81298819709 5.34291636505 0
1629 2.6587998867 26.584147 95.637624 1.1414331 22.8473932877 93.723606299 1.25043932117 4.19842733243 6.24559641372 0
1632 2.68750500679 26.62792 95.717086 1.2595284 23.8239522343 96.3914909339 1.26264163254 2.88393086708 0.178375084911 0
1635 2.68980288506 26.756174 95.797181 1.3910555 23.8304108679 95.9436556835 1.4344724705 2.92942737379 2.48760916881 0
1638 2.68211102486 26.381693 93.77201 1.3952992 22.7481465077 93.940297806 1.36571045606 3.63744153181 -1.69531014897 0
1641 2.66745305061 26.011804 91.856332 1.39866 22.3628392753 90.4994656167 1.65587486416 3.89307461321 14.7373261443 0
1644 2.68505120277 25.609249 89.727224 1.3968171 23.4195943158 90.4368919495 1.50796568126 2.30178544496 6.36834460503 0
1647 2.69723510742 25.2462 87.568251 1.3940659 22.5339828471 87.3452713192 1.4085727625 2.72136763821 0.831181995469 0
1650 2.6914999485 24.820481 85.505592 1.4017015 21.2846630281 86.2317314251 1.38647675928 3.60961039384 -0.872313387375 0
1653 2.67503285408 24.493958 83.448062 1.398475 19.6357461107 84.6950217061 1.3671788366 5.01568851402 -1.79313807777 0
1656 2.68066596985 24.080092 81.345956 1.3962744 20.1547068964 81.7101128316 1.44160656408 3.94224027798 2.59734167805 0
1659 2.66138195992 23.622432 79.208855 1.3888608 21.3383053888 78.967388287 1.5187507281 2.29685449025 7.44214468134 0
1662 2.67188692093 23.236261 77.182266 1.3737053 19.2274970763 77.4884048882 1.40774475494 4.02043644581 1.95031710471 0
1665 2.64945316315 22.741503 75.111069 1.3685019 19.2603191236 76.435420674 1.40423267245 3.72458702918 2.04722245994 0
1668 2.6638109684 22.23837 73.007777 1.3690406 19.0312523352 72.3456659524 1.44301181396 3.2747510982 4.23823836531 0
1671 2.6860640049 21.796618 70.8705 1.3677106 17.0500849576 71.058259894 1.36702694126 4.75024522525 -0.0391707605575 0
1674 2.66629695892 21.306705 68.900927 1.3588762 19.6524240384 70.1720090236 1.46739212117 2.08621547558 6.21750429291 0
1677 2.67237997055 20.800373 66.796896 1.3509317 20.8101328592 67.0851846618 1.48980278556 0.288453821947 7.95672709887 0
1680 2.67075896263 20.180988 64.758154 1.3339286 19.8060951305 65.2665276282 1.49051237734 0.631655293208 8.97158958194 0
1683 2.65853786469 19.716632 62.635567 1.3210663 19.292876322 63.7417993065 1.49378516364 1.18461757149 9.89606192877 0
1686 2.67888402939 19.127208 60.642471 1.320188 16.7537186121 60.4833843554 1.43208635971 2.37881492238 6.41130374593 0
1689 2.66997504234 18.573484 58.538556 1.3117791 17.4236439022 58.1945652253 1.44640044283 1.20019244441 7.71323477674 0
1692 2.68088793755 18.03732 56.562177 1.3046299 16.9861217255 56.4834402404 1.43904576592 1.05414291711 7.70146181682 0
1695 2.68447995186 17.470308 54.449011 1.30616 16.6215589808 54.802900291 1.41307793294 0.919571926426 6.12594631162 0
1698 2.68079304695 16.865167 52.414515 1.2995721 14.1401631366 51.6860907649 1.34782876343 2.82068217317 2.76490314799 0
1701 2.65202593803 16.322269 50.452679 1.2871313 15.0183014862 50.6379085124 1.41270598438 1.31705780033 7.19489942891 0
1704 2.66829991341 15.679585 48.421133 1.2791916 14.8600917762 49.255384222 1.40802075807 1.16942047408 7.38136703544 0
1707 2.66331291199 15.049517 46.343459 1.2810584 12.7385846078 46.5468145219 1.29261016784 2.31986249363 0.661867542915 0
1710 2.6509180069 14.370513 44.264129 1.2685694 13.1998582676 44.7661750478 1.3596136366 1.27376714379 5.21645050592 0
1713 2.66456604004 13.728985 42.398373 1.2622613 13.5711080356 42.2583497243 1.41062955842 0.211025244065 8.50087502136 0
1716 2.67056512833 13.116178 40.310007 1.2578142 13.5432390882 40.2707624714 1.41413518976 0.428860473891 8.9565329623 0
1719 2.67042613029 12.482531 38.460523 1.239848 14.0538383734 39.7080666184 1.39401777451 2.00633295876 8.83327740816 0
1722 2.67155313492 12.331027 38.238303 1.1567887 9.80920104622 37.5552617744 1.22044054415 2.6126904633 3.64698202773 0
1725 2.69008779526 12.263795 38.100898 1.043782 11.6611088895 36.5706994988 1.13460129287 1.64460876832 5.20356217955 0
1728 2.65594506264 12.231882 38.075858 0.90529637 10.6142728295 38.3951739643 0.929172870457 1.64882446409 1.36802270575 0
1731 2.66253089905 12.170047 37.918491 0.7605547 11.8815518261 37.9204184981 1.0110987619 0.288501612866 14.355117329 0
1734 2.66497397423 11.9457 37.868652 0.60051086 10.2986387182 37.3722288995 0.694064003663 1.72024613374 5.36020029206 0
1737 2.6616859436 11.861848 37.85602 0.47073445 11.6132943757 38.406422659 0.632467617393 0.603922173167 9.26662789891 0
1740 2.67031407356 11.68598 37.868337 0.32347919 10.3880476537 35.9119470255 0.466342997359 2.34778408461 8.18549320682 0
1743 2.68353486061 11.634663 37.834152 0.18688423 10.5713510161 37.9603690393 0.212468165176 1.07077687499 1.4658515089 0
1746 2.68180704117 11.546787 37.799316 0.059161186 12.4343843626 37.7858301428 0.0437179498283 0.887699806511 -0.884832254661 0
1749 2.70214009285 11.461332 37.784444 -0.088384018 11.5492712565 37.3057170712 -0.0392356505161 0.486736874687 2.81599402679 0
1752 2.67771196365 11.353119 37.809133 -0.22428348 11.4235585412 36.3912898151 -0.0506024991071 1.41959185193 9.95118718685 0
1755 2.67421221733 11.259101 37.929753 -0.36642208 12.828979144 36.4870205154 -0.163265887511 2.13213376904 11.6399924116 0
1758 2.68346190453 11.22919 38.083377 -0.50941267 13.4520876814 38.0015610676 -0.310265395892 2.22440282966 11.410298308 0
1761 2.63099598885 11.185129 38.110347 -0.64618684 11.8931622785 38.2330445991 -0.407732691543 0.718585989477 13.662416314 0
1764 2.66664886475 11.588805 37.741111 -0.76036767 13.401147333 37.4066447393 -0.734685962673 1.84294666544 1.4714534405 0
1767 2.68040513992 13.063467 36.224873 -0.77289998 12.4511668395 37.8604358604 -0.748472961129 1.74641843691 1.39956508739 0
1770 2.69049787521 14.493375 34.807156 -0.77803694 14.9253008451 36.8374236486 -0.998342577408 2.07570389518 -12.6225832264 0
1773 2.67571520805 15.892318 33.28564 -0.77023756 15.7942545634 33.4193165961 -0.699266074257 0.165788630284 4.06636659886 0
1776 2.6730568409 17.405154 31.857105 -0.77891679 18.0967930725 32.5435500578 -0.80415575286 0.974459554828 -1.44608605119 0
1779 2.67630314827 19.008966 30.381332 -0.78385491 19.6335063509 31.2075494133 -0.778241203544 1.03570549089 0.321641687327 0
1782 2.68939185143 20.517371 28.856906 -0.78454873 20.3322105736 28.7394889851 -0.800455059154 0.2192513145 -0.911365528045 0
1785 2.69859313965 22.037399 27.308602 -0.78653789 21.6551156717 27.54837731 -0.843634096322 0.451256847448 -3.27137164845 0
1788 2.63077807426 23.470866 25.802264 -0.78746834 23.815004076 26.523475009 -0.787773963808 0.799109713873 -0.0175109542904 0
1791 2.65968799591 25.030138 24.239515 -0.79252133 24.94013013 24.6859510031 -0.769365227449 0.455419061445 1.32674694617 0
1794 2.66945099831 26.508975 22.80392 -0.79210599 26.6190812037 23.2400899533 -0.782152936881 0.449852869576 0.570267936982 0
1797 2.66494417191 27.961008 21.312251 -0.79564812 27.935821585 21.7202068138 -0.780087878509 0.408732554999 0.891536165652 0
1800 2.68575286865 29.36401 19.750057 -0.78815021 28.6521172961 20.6408403068 -0.823730990922 1.14030089079 -2.03862857859 0
1803 2.67463803291 31.016391 18.179875 -0.79578372 31.2589681668 19.2632811908 -0.782220965039 1.11023090219 0.777088617862 0
1806 2.66497802734 32.405165 16.663972 -0.79079715 32.0860701953 17.4816773531 -0.755490903463 0.877760524771 2.02289891699 0
1809 2.66850996017 33.875627 15.226881 -0.79213801 33.5425754038 15.6401658455 -0.823738062645 0.530780302282 -1.81054964893 0
1812 2.67022299767 34.400964 14.714584 -0.72873329 33.3224107303 14.3809454351 -0.742691752948 1.12897823166 -0.799761015388 0
1815 2.67366290092 34.541831 14.529671 -0.59347242 32.5505954627 15.2136652463 -0.672119328767 2.10543750654 -4.50613594411 0
1818 2.68143510818 34.648846 14.435796 -0.47955783 33.0532991996 15.3591414701 -0.520206099324 1.84345774279 -2.32897427676 0
1821 2.66840696335 34.668797 14.324629 -0.34405458 33.4256982423 14.515912462 -0.392275699225 1.25772965469 -2.76286661496 0
1824 2.68132615089 34.864126 14.20779 -0.22615765 35.1919668423 14.573950164 -0.252488091026 0.491480298214 -1.50862314348 0
1827 2.66170883179 35.017605 14.088235 -0.094353638 35.8260126057 15.4067908423 -0.124420313932 1.54664552054 -1.72269363492 0
1830 2.68118214607 36.599142 14.0692 -0.022879679 36.5667260614 14.4752605608 -0.0552032590576 0.407352393013 -1.85200471605 0
1833 2.65396714211 38.63985 14.009333 -0.014813302 39.4171036864 15.0219121548 -0.0971979762062 1.27649513817 -4.72029412858 0
1836 2.65779900551 40.768535 13.925491 -0.0089087199 40.8987879757 13.952793172 -0.0657939090376 0.13308360635 -3.25928125439 0
1839 2.65123295784 42.905865 13.952369 -0.011506708 43.7080881517 13.2355237466 -0.0706630042214 1.07583879015 -3.38940610511 0
1842 2.64749789238 45.04117 13.838962 -0.010052037 44.73289367 15.6714250625 -0.0411232998683 1.8582128971 -1.78025222649 0
1845 2.64955401421 47.095509 13.764363 -0.008210261 45.5761556345 15.1111102439 -0.0419619175244 2.03031100771 -1.93382747042 0
1848 2.6875 49.256947 13.750747 -0.012245698 48.308693435 14.9170086174 -0.0218649479517 1.50311376275 -0.551142424314 0
1851 2.64818310738 51.347189 13.680192 -0.017629817 51.4025323002 14.7815736631 -0.0123419747293 1.10277125853 0.302971044843 0
1854 2.66565012932 53.510554 13.649042 -0.0075411209 53.052515816 14.7032315475 0.045829865627 1.14939748571 3.05793227644 0
1857 2.65864610672 55.608657 13.581194 -0.0077936973 55.1121201772 15.5968418405 -0.0054496148692 2.07590583438 0.134306030115 0
1860 2.64872598648 57.666716 13.591636 -0.01411162 57.5769691964 15.4526505376 0.0129290549572 1.86317728568 1.54931655023 0
1863 2.67810511589 59.905766 13.533857 -0.012519778 58.8517654315 15.5796779478 -0.0013808732292 2.3013692769 0.638212231765 0
1866 2.67650389671 62.027534 13.447994 -0.021676244 60.4852039839 15.4083997357 -0.00279973958524 2.49438820696 1.08154403493 0
1869 2.66487693787 64.181261 13.371995 -0.025327169 63.0901267203 15.022911975 -0.0188695604488 1.97891406451 0.369993715729 0
1872 2.65253615379 66.241252 13.310079 -0.024907545 65.0613163314 14.606145522 0.0191419287405 1.75272262824 2.5238489351 0
1875 2.65086007118 68.444119 13.24669 -0.026304862 67.0058513402 14.7445250128 0.00276803702273 2.07656533406 1.66575441221 0
1878 2.63704705238 70.49734 13.123327 -0.017605166 69.1911674762 14.5230471687 -0.00139205393946 1.9144981621 0.928942893842 0
1881 2.6515250206 72.634932 13.039101 -0.019360635 71.6255304227 15.0531873294 -0.0107065897292 2.25287267426 0.49584026973 0
1884 2.65521407127 74.720419 12.994859 -0.019347658 74.1135251992 15.3395389348 0.000199774632258 2.4219504706 1.11998539014 0
1887 2.68573403358 76.914825 12.90632 -0.036038761 75.4857477137 15.3329723299 -0.0234434782399 2.81618597052 0.721656543928 0
1890 2.65989899635 79.004774 12.78569 -0.032634565 77.6095038912 15.2105606025 -0.0100249432932 2.79763759542 1.29543590019 0
1893 2.65679883957 81.177999 12.691712 -0.029848436 80.9476035403 14.5867068177 -0.0257959760307 1.90894929922 0.232188852884 0
1896 2.65769481659 83.222919 12.597068 -0.02122413 82.34181317 14.8732421679 -0.0330300305866 2.4407614235 -0.676428276964 0
1899 2.6626329422 85.390174 12.538762 -0.021700441 84.3045470298 14.5933512763 -0.00409602159952 2.3237734426 1.00865893243 0
1902 2.66728210449 87.449986 12.512039 -0.030894579 86.9802900721 14.6153915646 0.000887552737158 2.15515806284 1.82098201247 0
1905 2.65671491623 89.572355 12.414566 -0.034322832 88.0890947771 14.8316083311 -0.00553865934053 2.83586927041 1.64921161016 0
1908 2.65444397926 91.713838 12.339838 -0.030338307 90.4132668101 14.9242781767 0.0273202641038 2.89323632754 3.30359277701 0
1911 2.66358113289 93.866625 12.234111 -0.027880568 92.7354820849 14.259585936 0.0055739738096 2.31992090615 1.91680405123 0
1914 2.65446805954 96.027017 12.118277 -0.016096141 94.8566838459 14.5325902272 0.0229970819668 2.68301845888 2.23987668356 0
1917 2.65988302231 98.003729 12.063433 -0.023465033 96.8910823331 15.068320201 0.0144218535058 3.20426741957 2.17075869567 0
1920 2.66724610329 100.1865 11.996018 -0.023536261 99.4114469944 15.4871143507 -0.0147704694159 3.57609576093 0.502242861859 0
1923 2.66829991341 102.26857 11.921444 -0.023061579 102.462360314 15.0267032633 0.0262232025685 3.11130033554 2.8238099781 0
1926 2.66740202904 104.50291 11.810699 -0.022632517 104.411492917 14.7658073431 0.0330717589069 2.95652201115 3.1916199103 0
1929 2.66901993752 106.528 11.779433 -0.025937223 105.276837732 14.9213816481 0.0284723362441 3.38190010615 3.11743810985 0
1932 2.6544148922 108.61821 11.737233 -0.017267816 107.929554018 15.1707055806 -0.00802801249427 3.50185394092 0.529401744408 0
1935 2.68708300591 110.65428 11.638117 -0.015586443 108.928689947 15.1011976892 0.0018360781287 3.86918452545 0.998236929152 0
1938 2.67518901825 112.94226 11.558687 -0.011710616 112.060417961 15.0146704814 -0.00487588217508 3.56671658616 0.391601402263 0
1941 2.66301608086 114.89636 11.528856 -0.01668203 113.449189606 14.8197842946 0.00288801844415 3.59506761946 1.12128118072 0
1944 2.67823910713 117.03777 11.494892 -0.018548407 116.739689451 15.0720853091 0.00330535482356 3.58959106089 1.25212831897 0
1947 2.68213820457 119.07747 11.406331 -0.016261061 117.620302289 15.4179843842 -0.00795517000092 4.26810269464 0.475892499343 0
1950 2.66891503334 121.291 11.334615 -0.012126455 120.206767354 14.8047954731 0.0114231768837 3.63561727159 1.34929451602 0
1953 2.69443893433 123.43737 11.229443 0.0013807468 122.937358635 14.7250248827 0.0317135597986 3.53116185742 1.73794216558 0
1956 2.67245817184 125.58554 11.258252 -0.0049853053 124.336407203 15.1585324883 0.00569082017448 4.0954267948 0.61169693124 0
1959 2.6777510643 127.50849 11.183265 -0.012828209 126.346308468 14.8135425141 0.0189742255288 3.81176871571 1.82214527674 0
1962 2.68576693535 130.28779 11.390648 -0.01314096 129.566781008 15.6663805219 -0.0259105971094 4.33609761938 -0.731646312282 0
1965 2.67639017105 132.78769 11.256475 0.0084755214 131.016634048 14.5673926804 0.00269947065973 3.75483888744 -0.330943329671 0
1968 2.66895198822 125.9239 10.596074 0.27888777 132.160319498 15.1535017898 -0.0134977584404 7.72418773783 -16.7524567703 0
1971 2.66801095009 93.936275 13.265891 0.84250578 132.62024737 14.6003007703 -0.0369295800317 38.7069808658 -50.3879344844 0
1974 2.6767449379 59.212281 6.4432491 1.3602712 133.476263964 13.6497745373 0.00757705399319 74.6128217841 -77.5036655382 0
1977 2.66366100311 41.747696 3.5851691 1.5088422 138.317292022 12.9367606323 0.0279999359917 97.0213334273 -84.8460118523 0
1980 2.67601108551 40.889782 2.6549702 1.6071612 139.616803631 12.1457151947 0.00489287154307 99.1821508169 -91.8032128681 0
1983 2.69647192955 40.408125 3.8011614 1.6070032 137.275193026 13.5080971709 0.189652270833 97.3522134829 -81.2082263302 0
1986 2.68611598015 40.388712 5.5337894 1.5172855 37.1156191889 92.1691271261 0.0162777418228 86.6971445866 -86.0014095599 0
1989 2.67111086845 40.44034 7.6724587 1.5542124 57.0380341605 103.083061753 -0.789241715955 96.8435161817 -134.270030327 0
1992 2.66221904755 40.554207 9.7439313 1.5604739 106.453815677 42.5966208388 -1.03359239018 73.63462252 -148.629050204 0
1995 2.65313696861 40.580821 11.876658 1.5652859 113.684426336 68.7352694493 -1.61699230509 92.612303767 177.668889612 0
1998 2.67161679268 40.665042 14.024391 1.567666 30.9550841733 84.5242283642 -2.50272943079 71.165373247 126.783520866 0
2001 2.66861796379 40.771617 16.174621 1.5548315 138.408461154 62.1655487458 0.454787284282 107.926450749 -63.0278908384 0
2004 2.68201589584 40.847233 18.25792 1.5551713 141.914912326 75.3370003804 1.7634979525 116.071948469 11.9362379484 0
2007 2.68671703339 40.88758 20.352438 1.5597309 107.821074905 72.7843134906 -2.27227124685 85.0246688185 140.4424499 0
2010 2.67972517014 40.971014 22.508388 1.5678505 106.029835372 125.253810889 -0.27070453327 121.611151474 -105.341443809 0
2013 2.68411612511 41.044823 24.54743 1.5705547 111.593094652 35.3916107325 -0.798560615212 71.376851211 -135.740308741 0
2016 2.69508099556 41.105608 26.696222 1.5717508 10.5643951238 80.4980000709 -2.26420093995 61.8659600067 140.216154885 0
2019 2.69004702568 41.160404 28.869777 1.5672714 71.9336391068 55.9072148142 2.15984237076 40.9635819051 33.9518156867 0
2022 2.67925691605 41.204205 31.003136 1.5608691 117.917760484 30.7259190019 -0.672699040902 76.7140563671 -127.974027729 0
2025 2.69274401665 41.244227 33.116661 1.5660557 144.324406167 24.4226080722 -1.07443416774 103.446169061 -151.288925269 0
2028 2.66386508942 41.277887 35.228156 1.5643441 32.381561026 62.4368645563 -0.304969565855 28.626184467 -107.10378364 0
2031 2.68747210503 41.31792 37.33529 1.5797774 91.5262845369 123.833371755 -0.503087942251 100.013989106 -119.339393405 0
2034 2.70433807373 41.419072 39.474789 1.5713492 38.7166754218 38.7127193579 1.59127015548 2.80779226528 1.1413866727 0
2037 2.66845107079 41.429937 41.518923 1.5745722 58.1939744224 137.230092132 2.00137898179 97.168209036 24.4542272643 0
2040 2.64443182945 41.494048 43.684079 1.5737379 64.6974150137 81.8020242706 0.387470728899 44.6248136402 -67.968102279 0
2043 2.67475891113 41.508319 45.798644 1.5762653 141.797082726 18.2157934096 0.544660944289 104.01273853 -59.1065757095 0
2046 2.67245483398 41.512588 47.943477 1.5772604 39.3610608107 48.7336497967 1.95870322716 2.29203889471 21.8550641215 0
2049 2.67384505272 41.583607 50.107906 1.5744728 39.1049114862 50.1110472258 1.69726775455 2.47869750426 7.03563264102 0
2052 2.67360687256 41.632502 52.265699 1.5728612 38.9879297992 50.8149696112 1.62050961976 3.01635175085 2.73005335286 0
2055 2.66944003105 41.660201 54.305408 1.5732479 39.3793549963 54.9472761299 1.56078205331 2.36944153519 -0.714240403124 0
2058 2.68623304367 41.689009 56.508616 1.5685378 39.4076629191 55.8149740337 1.63073819289 2.38446621245 3.56381999647 0
2061 2.77344989777 41.794127 58.57462 1.5657057 39.1675169957 57.6526903164 1.67543063472 2.78370875925 6.28677566692 0
2064 2.7383980751 41.856016 60.76704 1.5641567 38.9453288671 60.6093099079 1.63382434895 2.91495769563 3.9916622533 0
2067 2.67726111412 41.858156 62.785084 1.5639758 39.1064690604 62.5997417986 1.61256236595 2.75792181637 2.78380516976 0
2070 2.73816919327 41.958088 65.023529 1.5767642 39.3799839036 64.2995912696 1.59649647542 2.6778175011 1.13057610168 0
2073 2.71724104881 41.99726 67.044355 1.5737097 38.8307888899 66.5034416808 1.61775977412 3.21233972522 2.52388333405 0
2076 2.71617507935 42.044947 69.102812 1.5759217 39.3214497126 69.0710188956 1.62882738243 2.72368285157 3.0312723155 0
2079 2.71535587311 42.097902 71.261122 1.5727544 38.1971977732 71.3356370226 1.62129839688 3.90141589084 2.78136614175 0
2082 2.75668120384 42.114798 73.459441 1.5684742 38.7266277831 72.5764478927 1.63843276798 3.50133892193 4.00833068611 0
2085 2.72542214394 42.172982 75.545483 1.5804547 39.0040862632 74.7399303295 1.63112769229 3.26968122236 2.90334859323 0
2088 2.83862781525 42.213453 77.648417 1.5799022 39.4098995605 78.0824106531 1.59327864217 2.83694595985 0.766413681383 0
2091 2.66364717484 42.308345 79.80823 1.5843424 38.7160964473 80.1893954449 1.59758272674 3.61241425653 0.758614841765 0
2094 2.70366692543 42.259747 81.948131 1.5870316 38.1628751232 82.1439547513 1.63115688542 4.1015492337 2.5281926241 0
2097 2.67125701904 42.325886 84.065588 1.5841531 38.7446123858 84.4871537204 1.62852848572 3.6060003267 2.54252231625 0
2100 2.67154407501 42.338042 86.100283 1.5789413 37.7670194985 87.4469466957 1.63277152761 4.76526492638 3.08424485231 0
