3 10.9036509991 72.513547 45.80148 1.6808269 40.7472841236 44.2996106059 2.12824616869 31.801746317 25.6352357687 0
6 10.8977441788 72.505015 45.806851 1.6805552 135.929662096 42.0515972888 -1.22752552882 63.535720581 -166.620752245 0
9 10.9098091125 72.51553 45.801787 1.6811119 125.658456651 34.0880277464 -2.5357396403 54.4185888177 118.392203908 0
12 10.8723750114 72.511327 45.798497 1.6805172 138.503702918 11.1581873806 -1.45936593543 74.5315015941 -179.902051824 0
15 11.0112709999 72.518426 45.80176 1.6806948 42.3698897077 33.6936454827 1.94130022589 32.489085517 14.9315910217 0
18 10.9174010754 72.509508 45.806599 1.6825332 20.9504942696 97.2187988868 -1.21453007434 72.8117174228 -165.989498602 0
21 10.9337420464 72.510969 45.800989 1.6811293 80.9381493955 115.018754602 2.92074072883 69.7288781234 71.0245031083 0
24 10.8099789619 72.522343 45.818169 1.6838228 24.5890041792 105.871159935 -1.06058895648 76.8372740979 -157.243210893 0
27 10.8488430977 72.508499 45.799812 1.6808804 24.9101513344 81.8879596222 -0.511181101077 59.7323789858 -125.595872445 0
30 10.9380121231 72.523901 45.815543 1.6832165 25.7066433652 75.3004864049 1.00911245672 55.328270351 -38.6233166326 0
33 10.8653790951 72.511009 45.802779 1.6808191 33.6315198177 95.7571272782 -2.27300756328 63.3012763772 133.462419268 0
36 10.8484628201 72.527172 45.853315 1.6851825 82.6822090937 11.1408430732 -1.91518502685 36.1673953395 153.714136015 0
39 10.8611328602 72.188088 49.017093 1.6798669 88.8056858538 84.4275887146 -2.95868042458 39.1158249969 94.2308152301 0
42 10.881592989 71.804616 53.279503 1.6643548 37.7276861642 88.0576339704 -2.30592656066 48.6904050181 132.519634555 0
45 10.8723011017 71.568933 57.324136 1.642571 108.091537252 99.551523788 -1.0128034003 55.8305731724 -152.141746164 0
48 10.8339631557 71.37336 61.652431 1.6431927 133.793931838 55.701949913 -0.562909656847 62.7035566273 -126.400354221 0
51 10.879625082 71.165072 65.844712 1.6344026 70.5959936981 122.912568523 -2.1457520289 57.0706938649 143.413093857 0
54 10.85166502 70.960331 70.343426 1.6128178 65.4068733342 124.278558241 -2.22096517229 54.2202857052 140.340416119 0
57 10.9162957668 70.885213 74.631613 1.6236159 45.5728950944 87.3894420172 -2.18702932926 28.3456458559 141.666111142 0
60 10.8423609734 70.832043 79.069602 1.6124517 99.3543024351 41.71485332 1.29665491878 46.9988992661 -18.0938227476 0
63 10.9232971668 70.841819 83.283634 1.5826474 41.0251111535 78.5528820781 -2.24583006417 30.1896684406 140.644399342 0
66 10.8505969048 70.897044 87.066595 1.5142468 54.9517790935 107.436585488 -2.22184601352 25.8686680255 145.937649916 0
69 10.9729599953 70.898205 87.488163 1.2381173 99.2502212198 95.6303755587 3.10791360502 29.4980075443 107.131436827 0
72 10.9191880226 70.648486 87.373684 0.94938085 52.4475502211 71.3306402092 -2.05333626551 24.2621787419 -172.04301779 0
75 10.9172041416 70.490448 87.162959 0.64684814 49.996318483 70.4147294948 -2.69203761576 26.4671973624 168.695937918 0
78 10.7660019398 73.090524 88.460194 0.4660111 54.478297923 107.529744855 2.71180454395 26.6470022584 128.674485997 0
81 10.7338290215 76.750616 90.291223 0.4640309 48.4607335428 108.971267204 2.97224870779 33.9007595919 143.710294486 0
84 10.8483569622 80.704264 92.172539 0.45240664 42.8817825235 108.969858685 3.00284152845 41.3846596414 146.129155031 0
87 10.8369259834 84.637734 93.972859 0.42386385 38.2180275981 109.031552107 3.01478210849 48.8011616718 148.448681275 0
90 10.910777092 88.678811 95.730817 0.41656148 34.6194714678 109.58924207 3.05370605398 55.807420081 151.097254055 0
93 10.8358941078 92.647535 97.41769 0.40779386 90.9965111633 133.800199163 2.27475453315 36.4199513005 106.968967089 0
96 10.8510560989 96.759828 99.128022 0.39320766 26.9689366646 110.421913916 2.98954038806 70.6988013194 148.75890753 0
99 10.9755270481 100.07577 100.58602 0.32958371 85.267135027 138.613792916 2.1013874595 40.8094006656 101.516876972 0
102 10.8884100914 100.12714 100.52966 0.1390585 83.738215878 140.688782102 1.89904023586 43.374553852 100.839525485 0
105 10.8404068947 100.08551 100.52401 -0.14356162 82.8255779477 140.007004571 1.59891236167 43.0907427963 99.836405061 0
108 10.8052589893 99.772178 100.71077 -0.40700642 21.2704256478 113.367785125 2.13952361026 79.5155654841 145.905423137 0
111 10.8221020699 99.760338 100.7618 -0.66729138 13.6670901507 69.4127110535 2.2403146781 91.6232105038 166.593555616 0
114 10.803647995 99.638101 100.95548 -0.8821311 75.8886012063 107.593229577 -1.85063358978 24.659652469 -55.4911051122 0
117 10.816395998 99.549051 101.11221 -1.1251977 97.5734875281 103.469456139 -1.14504889018 3.07562357762 -1.13738941557 0
120 10.9059078693 100.80276 98.46873 -1.1938854 98.6306234184 99.8388011953 -1.13422125693 2.56812624483 3.4185035859 0
123 10.8225569725 102.35582 94.496879 -1.1822805 100.514826881 96.1620641218 -1.173086565 2.48235717694 0.526773672697 0
126 10.8427867889 103.84912 90.431736 -1.1842505 102.114787671 92.4290588759 -1.15797028092 2.64522348739 1.50574563796 0
129 10.8539710045 105.46668 86.336829 -1.1831903 103.493397655 88.2845750799 -1.18068834477 2.772644587 0.143351475015 0
132 10.8030648232 106.96067 82.891423 -1.1821311 105.458257742 84.4763921582 -1.18460410877 2.18388869356 -0.141692965316 0
135 10.8810679913 108.13488 79.987125 -1.1809983 106.53078545 82.0852178655 -1.1668608988 2.64104392202 0.810013422229 0
138 10.7449409962 109.11096 77.465416 -1.174964 108.007012079 78.4225080446 -1.16715548615 1.46107022239 0.447394887779 0
141 10.7941150665 110.00241 75.115832 -1.1797573 108.518456562 77.2390935146 -1.15040008452 2.59043572915 1.68204454506 0
144 10.7264881134 110.9669 72.896666 -1.1819268 110.091090368 74.9049612971 -1.13517615206 2.19095698531 2.67861481672 0
147 10.7419219017 111.79529 70.750926 -1.1680053 109.89930654 73.6491885209 -1.16451786141 3.46333349835 0.199815512526 0
150 10.7653300762 112.62755 68.634671 -1.166408 110.525088405 71.4630971359 -1.18245848457 3.52425015614 -0.91962502492 0
153 10.8044040203 113.50263 66.493746 -1.1746568 111.014483054 69.2965377459 -1.18854391355 3.7478682999 -0.795672995833 0
156 10.754117012 114.39844 64.423702 -1.1690506 112.56870874 67.2267141857 -1.14898361805 3.34735623995 1.1497533732 0
159 10.6881959438 114.9392 62.935672 -1.1627449 113.843469013 65.669655599 -1.14243469422 2.94538498585 1.16368907229 0
162 10.7814078331 115.58582 61.52951 -1.1720902 114.125050523 64.4854729479 -1.14878853273 3.29720554628 1.33508719007 0
165 10.6802480221 116.16312 60.165609 -1.1710096 114.517438394 63.0575689774 -1.1571027018 3.32741648438 0.796806572872 0
168 10.7772529125 116.71267 58.758483 -1.1690165 115.213975069 61.7150235106 -1.16021919658 3.31469731432 0.504048357107 0
171 10.7699530125 117.29804 57.404001 -1.1730259 115.366675107 60.2702688349 -1.17400957577 3.45624965114 -0.0563604699895 0
174 10.8451890945 117.3062 57.346669 -1.1782941 114.585110945 59.5940089707 -1.20061427169 3.52914473939 -1.27885163585 0
177 10.7517209053 117.30973 57.394113 -1.1925087 115.32408803 60.9012923636 -1.24403734011 4.03027060155 -2.95237360244 0
180 10.7886149883 117.3509 57.478875 -1.2542253 115.075853271 60.1600651187 -1.32464070847 3.51633588746 -4.03450571803 0
183 10.7416899204 117.31554 57.561663 -1.3141336 114.76921883 60.9038092926 -1.3441585844 4.20162984326 -1.7203048861 0
186 10.8630418777 117.31761 57.625945 -1.389572 115.034834756 60.2493954865 -1.42588887934 3.47757893789 -2.08080391153 0
189 10.7701227665 117.34247 57.653648 -1.4539696 115.196849375 60.5101274006 -1.49787825695 3.57255684799 -2.51578072743 0
192 10.8049881458 117.36058 57.739095 -1.5147103 114.49171151 60.0992222354 -1.52090731032 3.71491682026 -0.355062536693 0
195 10.8334028721 117.34118 57.80351 -1.5718326 114.856380199 59.9410554121 -1.60047202022 3.2777020061 -1.64091790628 0
198 10.9781780243 117.32521 57.826191 -1.6475747 115.229763647 59.9719256556 -1.63891885738 2.99917865944 0.495943250142 0
201 10.743324995 117.28663 57.948056 -1.7072698 115.510136079 59.9401340884 -1.69672498105 2.6691395168 0.604173621667 0
204 10.741765976 117.37131 58.006137 -1.7818651 115.253332825 59.8125568547 -1.75465895779 2.7836989789 1.55879712534 0
207 10.7836110592 117.40314 57.989067 -1.8555926 115.937348124 60.405477707 -1.80102985974 2.8262318601 3.12621473558 0
210 10.7870149612 117.02719 57.008887 -1.8977403 115.376250384 59.055842329 -1.8665692762 2.62975811361 1.7859681071 0
213 10.866050005 116.38504 55.250118 -1.9095407 115.049563457 57.0806142343 -1.84548051675 2.26588041634 3.67037813486 0
216 10.8029639721 115.67443 53.450651 -1.9075572 115.958622165 55.4560916815 -1.85837817868 2.02547710757 2.81775036223 0
219 10.8361070156 115.02136 51.574537 -1.9165104 114.563535468 53.5683337182 -1.90564479824 2.04568537545 0.622553122534 0
222 10.8266370296 114.35753 49.684701 -1.9233127 113.96544648 51.9988086567 -1.91325154997 2.34708835233 0.576461433735 0
225 10.8408448696 113.59486 47.870819 -1.9110101 112.995487244 50.2251808955 -1.86480759862 2.42945830087 2.64720833227 0
228 10.814773798 112.87829 45.986656 -1.9118326 112.123264999 48.1297013784 -1.91644824717 2.27215893953 -0.264457102642 0
231 10.8690459728 112.17059 44.128463 -1.9122248 111.666589002 45.9041603884 -1.9112570369 1.84583808095 0.0554487409538 0
234 10.8305599689 111.43202 42.277019 -1.9027456 110.547008949 44.2268584039 -1.91540225306 2.14128892544 -0.725172803293 0
237 10.8805589676 110.82393 40.37458 -1.9174412 110.426274843 42.4059432628 -1.92511133912 2.06991940169 -0.439466599825 0
240 10.8601720333 110.14399 38.567468 -1.912432 109.581177944 40.45199745 -1.90532393819 1.96677620966 0.40726194234 0
243 10.7710649967 109.42625 36.696167 -1.9074722 109.075136245 38.6016140452 -1.89325215448 1.93752659628 0.814748592664 0
246 10.7083120346 108.96452 35.308972 -1.917648 108.014456864 37.7870310878 -1.93104740465 2.65393986483 -0.767729334265 0
249 10.7903389931 108.91335 35.330429 -1.9171391 109.221178807 37.1231122951 -1.9414932239 1.81892055093 -1.39538851296 0
252 10.8213620186 108.9585 35.348205 -1.9450374 108.566737684 37.4300923916 -1.9883280672 2.11842696919 -2.48037252278 0
255 10.7798240185 108.97674 35.368834 -2.0165302 109.077149038 37.4948051465 -2.04292024225 2.12834097147 -1.51203804181 0
258 10.7321829796 108.99865 35.397074 -2.0803106 108.722421326 37.6497305401 -2.10923481896 2.26952941554 -1.65723567209 0
261 10.8370740414 109.05048 35.474836 -2.159245 108.389357439 38.2794543788 -2.18061800208 2.88148699306 -1.22458281456 0
264 10.7833619118 109.09365 35.518169 -2.2238592 108.220710019 38.1252945309 -2.22637287424 2.74938679424 -0.144022924858 0
267 10.7350850105 109.14301 35.568827 -2.2920109 108.840816645 38.1499912609 -2.27060759141 2.5987939059 1.22631924961 0
270 10.8586211205 109.24021 35.586114 -2.3597618 109.406670125 37.6691887889 -2.34587760425 2.0897151838 0.795505818359 0
273 10.8325028419 109.32691 35.57971 -2.4292889 108.771940958 37.9859436114 -2.38904935836 2.46940292985 2.30555590532 0
276 10.879076004 109.34422 35.612178 -2.4970016 109.565023701 36.6311694914 -2.48029899527 1.04263988693 0.956988757838 0
279 10.9062619209 109.45255 35.562283 -2.5751384 108.386906206 37.5339017432 -2.5237268606 2.24117762868 2.94566422597 0
282 10.875013113 109.51035 35.610832 -2.6455993 110.537792153 36.9498849945 -2.60041262136 1.68780931954 2.58900597613 0
285 10.8869068623 109.52669 35.619453 -2.7060079 108.860593758 37.0654326409 -2.61757240579 1.5920242853 5.06698057735 0
288 10.9008607864 109.56751 35.667144 -2.7779359 109.685653614 36.6857141056 -2.70299635714 1.02539893383 4.29371952432 0
291 10.8664278984 109.58407 35.725569 -2.8421247 109.542864541 36.7003805132 -2.71582899814 0.975682005607 7.23621068703 0
294 10.9609839916 109.62066 35.728072 -2.9074408 108.86795512 36.8296904827 -2.83079116685 1.33421434475 4.39170048059 0
297 10.9228758812 108.40689 35.538158 -2.9474042 109.08109566 37.0774922169 -2.90445014111 1.68050679957 2.46108628742 0
300 10.9704158306 106.63579 35.154474 -2.9731605 105.751965059 36.9231225289 -2.89109829124 1.97718591568 4.70181821969 0
303 10.9285640717 104.74277 34.838538 -2.9724974 104.515875902 36.2611174836 -2.93334276098 1.4405600712 2.24339556404 0
306 10.8444180489 102.71686 34.507066 -2.970186 102.540023202 36.1417742424 -2.87586753083 1.64424520398 5.40405021354 0
309 10.823777914 100.87602 34.149296 -2.9774562 100.686084601 35.4936534393 -2.88249620857 1.35770850355 5.44080673134 0
312 10.8699128628 98.917573 33.856952 -2.9648121 98.4272926583 34.8435720062 -2.89803613619 1.1017231277 3.82598089897 0
315 10.9087069035 96.872255 33.519705 -2.9713846 96.0935546787 34.451241597 -2.91426605361 1.21413945738 3.27265163985 0
318 10.8146150112 94.700759 33.157106 -2.9752463 93.8111035112 34.229174693 -2.90588727294 1.39313250315 3.97397952143 0
321 10.9048280716 92.656194 32.878926 -2.9695623 92.266804356 34.2919919088 -2.91906701337 1.46573515942 2.89316680922 0
324 10.9273130894 90.628889 32.525228 -2.9736018 90.0316771679 33.7893703701 -2.92863776803 1.39811226453 2.57624926195 0
327 10.7585759163 88.510396 32.191288 -2.9695852 87.3521145046 33.1971439064 -2.94620568761 1.53406718467 1.3395473873 0
330 10.8849329948 87.334812 32.006658 -2.9896435 86.1611134782 33.5130345279 -2.99175758358 1.90964354369 -0.12112806642 0
333 10.7920978069 87.328365 31.983283 -3.0015998 86.1099251278 33.3012897302 -3.02645075702 1.79491990432 -1.42385495433 0
336 10.845220089 87.328448 32.00285 -3.0442403 86.3309205501 33.7335291397 -3.07674584457 1.997576356 -1.86243051478 0
339 10.9096269608 87.480424 31.977098 -3.121648 86.6674550182 33.7779210822 -3.09072557103 1.9758244706 1.77172467206 0
342 10.8479220867 87.509332 32.088761 3.0972389 86.5706209241 33.8925272387 3.12766858907 2.03340874589 1.74349275568 0
345 10.8538858891 87.537767 32.004513 3.0032565 86.0950157349 33.2584594937 2.95839390034 1.91152112774 -2.57043761826 0
348 10.9119410515 87.588829 31.971963 2.902116 86.3354924337 34.0667361007 3.00650177535 2.44109133211 5.98086436858 0
351 10.9116430283 87.696053 31.883789 2.7788249 85.9489712624 33.5346050772 2.90271331746 2.40364063841 7.0982834512 0
354 10.9008278847 87.777704 31.698119 2.6376296 86.5599440869 33.9276115623 2.85421046104 2.54038900395 12.4091692607 0
357 10.8438539505 87.896098 31.65995 2.4917922 86.2540891238 33.5732024153 2.77097371894 2.52125523383 15.9959227535 0
360 10.7487740517 87.958395 31.594625 2.366513 86.4139642691 33.6301031597 2.54951162862 2.55508074648 10.4850490766 0
363 10.8088309765 87.964094 31.460561 2.2184109 85.6061485816 33.6043020491 2.38115192939 3.18677458906 9.3243741374 0
366 10.7471671104 87.708527 31.831987 2.1125682 85.9131735382 34.9869077654 2.31548103902 3.6299888552 11.6260492851 0
369 10.921036005 86.721318 33.612273 2.0920166 84.3098959816 36.3914102536 2.29699404666 3.67947822729 11.744342589 0
372 10.9023499489 85.724716 35.405361 2.0873093 84.4977599363 36.4450942386 2.13527920771 1.60824947993 2.74847325536 0
375 10.8237299919 84.755772 37.248267 2.0862059 83.6316755692 38.6785073155 2.05143792031 1.81911520965 -1.99205849825 0
378 10.8374259472 83.690185 39.149374 2.0868314 82.0329492127 40.4954239486 2.12597185592 2.13501309572 2.24258293248 0
381 10.8277070522 82.666747 40.97523 2.090975 80.8715486472 41.8564439297 2.13623637105 1.99981877071 2.59328553622 0
384 10.7834980488 81.635815 42.877142 2.0910396 80.010900193 43.7505363405 2.09730726095 1.84476714093 0.359110519975 0
387 10.8268620968 80.624097 44.699122 2.0805048 78.7396451152 45.0372258395 2.11798258371 1.91454253351 2.14731883219 0
390 10.8139200211 79.602515 46.546403 2.0762437 78.1317759085 47.3418505913 2.10894496749 1.67206768571 1.87364461216 0
393 10.8200428486 78.599692 48.40129 2.0808805 77.1602691774 48.6542525946 2.09130826265 1.46148148688 0.59746678975 0
396 10.8755688667 77.532669 50.298142 2.0919608 75.7812359145 50.9175718548 2.12492661898 1.85774357701 1.88880229559 0
399 10.8012619019 76.53881 52.074716 2.0854653 74.8877159067 52.8975258967 2.100149072 1.8447568488 0.841318162978 0
402 10.7801630497 75.533974 53.92833 2.0838411 73.8239911405 54.5759776337 2.0929815493 1.8285209425 0.523709167929 0
405 10.8268268108 74.451304 55.860797 2.0823704 73.2941788925 55.9512488479 2.11022197572 1.1606550095 1.59577774155 0
408 10.8031029701 73.464188 57.689364 2.0801622 71.1423039262 57.8539932671 2.12421110861 2.32771313696 2.52381655543 0
411 10.8275239468 72.461178 59.521835 2.0808323 69.9640678296 59.488481419 2.12782166586 2.49733291022 2.69229234597 0
414 10.8222179413 71.469371 61.42577 2.0898858 69.4133757837 62.4255707855 2.11299426483 2.28620164027 1.32401750569 0
417 10.8434028625 70.386885 63.322712 2.0827703 67.8976546885 63.7854564576 2.12102035059 2.53187676966 2.19156646475 0
420 10.8810119629 69.38246 65.186025 2.0922796 66.8585803801 65.4029862078 2.1293497006 2.53318781413 2.1239603103 0
423 10.903151989 68.400253 67.014087 2.0893798 65.4584208573 67.3049747813 2.11917018621 2.95617862405 1.70686340005 0
426 10.8287010193 67.30799 68.901204 2.089526 64.8659744207 69.2482724905 2.13269495786 2.46655562005 2.47339909132 0
429 10.9199900627 66.315197 70.741557 2.0869248 63.7730612168 70.492746931 2.11839353892 2.55428283292 1.80302592648 0
432 10.8604400158 65.281228 72.464006 2.0745737 62.6045567408 72.5295810726 2.11418671652 2.67747439199 2.26965866029 0
435 10.6990740299 64.283593 74.421326 2.0918621 61.4649903644 74.4218607543 2.11696893061 2.81860268633 1.43851543119 0
438 10.778865099 63.28447 76.191493 2.091939 60.3300162414 75.8441169716 2.11833685536 2.97480539142 1.51248570054 0
441 10.7273540497 62.204887 78.125252 2.0893553 59.1195531523 78.0047362983 2.12883920789 3.08768667232 2.26226128107 0
444 10.8254928589 61.273659 79.948227 2.0960183 57.8185819097 80.0416169682 2.1317457571 3.45633901493 2.04703250476 0
447 10.8443479538 60.19879 81.787566 2.089809 57.3801870091 81.7804727431 2.12173894723 2.81861191629 1.82945121651 0
450 10.8762099743 59.161438 83.629466 2.0974137 56.649038528 83.6113336373 2.10964228306 2.51246490311 0.700646198835 0
453 10.8991880417 58.11891 85.485673 2.0964985 55.8791540344 85.6935744421 2.08763693446 2.24938431471 -0.507730305072 0
456 10.8947799206 57.036783 87.336936 2.0992423 54.5296467825 87.3301372961 2.07054370144 2.50714543561 -1.64430857559 0
459 10.7301077843 56.357629 88.602308 2.124456 54.0577222284 88.6546968497 2.11545523393 2.30050336877 -0.515705908235 0
462 10.7319989204 56.200217 88.720884 2.2094598 53.5135272822 88.1450882505 2.21230373673 2.74769765167 0.162945571846 0
465 10.7624940872 56.199637 89.07416 2.3631742 53.0262917938 88.3862952719 2.34770794422 3.24704137359 -0.886151181048 0
468 10.7506630421 56.109511 89.161307 2.4869631 53.3514638357 88.327721838 2.48097715484 2.88126506637 -0.342969393819 0
471 10.8806731701 56.023191 89.233423 2.608836 52.746883441 88.4045337248 2.58694611808 3.37953379208 -1.25419784805 0
474 10.8833661079 54.873312 89.789936 2.6823278 51.8660452064 89.6076976479 2.7021796928 3.01278349449 1.13742967256 0
477 10.8016190529 52.997249 90.667048 2.6986067 49.5966876833 89.9254216305 2.71300200372 3.48049234174 0.824790147726 0
480 10.861702919 51.122563 91.609157 2.7018871 47.9540609113 90.9397425493 2.72331231321 3.23844425503 1.22757429216 0
483 10.7769761086 49.137432 92.566213 2.7007601 46.5477720138 91.5226459192 2.70350999193 2.79201917908 0.157557201502 0
486 10.8822350502 47.308569 93.452781 2.7003868 44.5999453096 92.4421359751 2.72744167823 2.8910284783 1.55013033779 0
489 10.8989782333 45.360782 94.336008 2.7008969 42.6915873997 93.6877869061 2.70996010519 2.74677818564 0.519283406326 0
492 10.8313789368 43.468079 95.251019 2.7064338 40.7845631082 94.2183220447 2.73010093481 2.87536441919 1.35602693783 0
495 10.8318109512 41.590918 96.131677 2.7064065 38.4482676404 95.3086401308 2.71109034495 3.24863678648 0.268364547597 0
498 10.8173940182 39.606214 97.06058 2.704478 36.5508430612 95.9932564744 2.73190799281 3.23642875437 1.57162281983 0
501 10.8287320137 37.718719 97.944153 2.696243 34.4257771436 96.6917223403 2.74337147237 3.52307374702 2.70026256165 0
504 10.8393080235 35.769603 98.891663 2.7044976 32.5977595663 97.0625859939 2.75648917375 3.6614359836 2.97889774632 0
507 10.7311580181 33.862509 99.822852 2.7013631 31.4346870194 98.6572151042 2.72542385414 2.69314480532 1.37857966388 0
510 10.8610990047 31.979521 100.73965 2.7066945 29.1074420517 99.4895385238 2.73415863316 3.13234994662 1.57357891827 0
513 10.8369579315 30.015598 101.64307 2.7044148 27.774973774 100.350058635 2.7240344742 2.58694323723 1.12412452694 0
516 10.8254320621 28.083667 102.5122 2.7038251 25.6182719341 101.485134797 2.7057677353 2.67077437503 0.111304803909 0
519 10.825067997 26.231599 103.44351 2.6987262 23.3321910115 102.53760975 2.70871432205 3.03763426809 0.572277239007 0
522 10.7725601196 24.326425 104.3449 2.7056645 21.5572009747 103.895858205 2.70383034291 2.805394845 -0.105089460227 0
525 10.8139059544 23.072168 104.95788 2.6888385 19.9075599967 104.254747042 2.68850528712 3.24178033971 -0.0190916918371 0
528 10.84197402 23.059574 104.94595 2.6093304 19.5302937419 103.834560105 2.59087662022 3.70013602988 -1.05732369745 0
531 10.8346300125 23.148655 105.02795 2.4881616 19.2810299289 104.281579988 2.4742456109 3.93898361079 -0.797327443032 0
534 10.8143107891 23.15609 104.97342 2.3614352 18.8713712244 103.993098759 2.34887647438 4.39543453169 -0.719561974344 0
537 10.872756958 23.189116 104.80794 2.2179164 19.1249389754 104.992182401 2.19910466253 4.0683510357 -1.07783316237 0
540 10.77825284 23.170444 104.45908 2.0515088 18.9362776982 104.507161785 2.07942012089 4.23443929337 1.59920088737 0
543 10.7829508781 23.203193 104.36781 1.9241471 19.2235900601 104.056184587 1.97112418602 3.99178530949 2.69158876252 0
546 10.7478499413 23.268475 104.40083 1.8086424 19.3644779186 104.396125444 1.82335992207 3.90399991606 0.843251899561 0
549 10.8305900097 23.269141 104.3114 1.6661585 19.2618062205 104.245299066 1.69764738745 4.00787990947 1.80418035226 0
552 10.7857987881 23.273746 104.22596 1.531085 19.6622796222 105.01748754 1.54851300482 3.69718883001 0.998551121471 0
555 10.7890210152 23.201513 103.9692 1.3630267 19.3451419849 103.400365181 1.42141330329 3.89809831298 3.3453059488 0
558 10.93791008 23.573375 105.47089 1.3112874 19.484730284 105.6018441 1.33154684452 4.09074132522 1.16078066641 0
561 10.8841290474 24.091257 107.45193 1.3021436 19.5252591618 106.431516379 1.36623419793 4.67863016449 3.67212076814 0
564 10.8681509495 24.69734 109.54228 1.2971878 20.7732193552 108.808695432 1.30964228708 3.99210084465 0.713589545616 0
567 10.9325728416 25.24514 111.62222 1.291934 21.4151556023 111.126517823 1.34148705195 3.86192971644 2.83918073875 0
570 10.8868010044 25.838263 113.71051 1.2925571 22.0586804976 113.597989568 1.30597838874 3.78125703175 0.768983200616 0
573 10.7403571606 26.485855 115.66064 1.2984976 22.4388794848 115.641992321 1.32360611599 4.04701847737 1.43861199606 0
576 10.7987990379 26.666562 116.70228 1.2516028 22.4231126511 116.491725632 1.29220488018 4.24866985289 2.32632783356 0
579 10.7260558605 26.671044 116.66524 1.1445574 22.5917760269 116.269946221 1.15038748838 4.09837582079 0.33403945857 0
582 10.7730989456 26.68282 116.71548 1.0360889 22.70771845 116.245505089 1.01607174094 4.00278762228 -1.14689873221 0
585 10.7907772064 26.598988 116.54426 0.86252405 22.7241155502 116.343337509 0.880356740848 3.88007813709 1.02173792296 0
588 10.7306210995 26.490987 116.49462 0.72378221 22.4183511463 116.260474573 0.752245934586 4.07936108696 1.63085128801 0
591 10.7280359268 26.414554 116.44154 0.58967497 22.235153414 116.380391663 0.619987250548 4.17984788922 1.73676574279 0
594 10.7990188599 26.30131 116.37003 0.43724496 22.0353012717 116.315344161 0.512171842173 4.26635922196 4.2929941206 0
597 10.7504251003 26.176025 116.35464 0.31453037 21.9339220343 116.456874595 0.366667751923 4.24333471275 2.98725193904 0
600 10.8263578415 26.088883 116.46581 0.14702743 22.297525309 116.174009035 0.20255965423 3.80257030767 3.18176207534 0
603 10.7968719006 25.977812 116.45377 0.019989929 21.321336161 115.872756316 0.0859424973768 4.69258395123 3.77880381604 0
606 10.8103950024 25.890585 116.45549 -0.11586106 23.0331058403 115.284581675 0.0166996240302 3.0880760116 7.5951677243 0
609 10.8366069794 27.617035 116.21759 -0.13548047 24.1773758364 116.421550364 -0.0808331261432 3.44570094353 3.13106216459 0
612 10.78967309 29.732468 115.90829 -0.14344069 26.4204877618 115.630312895 -0.0965019175444 3.32362518476 2.68939355723 0
615 10.750647068 31.744289 115.6014 -0.14068963 27.8442589025 115.082891231 -0.124200258586 3.93434697315 0.94477138883 0
618 10.7505631447 33.87565 115.27561 -0.13567301 30.2405105208 114.862834692 -0.117283219695 3.65850003263 1.0536573706 0
621 10.7910029888 35.936054 114.9269 -0.14240112 32.9560859719 114.953977985 -0.102667282753 2.98009104988 2.27658117813 0
624 10.7714569569 38.113735 114.67885 -0.14674677 34.5650269997 114.66125708 -0.119814808874 3.54875160894 1.54308770654 0
627 10.7495269775 40.163768 114.30534 -0.14012204 36.4994651715 114.391540961 -0.10612639953 3.6653166063 1.94780672079 0
630 10.8217329979 42.346763 113.98058 -0.16006212 39.038631844 114.535701659 -0.0877100407455 3.35438396748 4.14546878028 0
633 10.8328580856 44.341947 113.67079 -0.15507802 41.0942930638 114.625110608 -0.0976139946711 3.38496438861 3.29244612518 0
636 10.6903619766 46.544067 113.30502 -0.15009707 43.0354114759 114.189754695 -0.0696150470335 3.61848297872 4.61128024265 0
639 10.7015240192 48.557097 112.97025 -0.14631805 45.1672457178 114.268692469 -0.0773548193817 3.63001991174 3.95130205602 0
642 10.6122851372 50.586062 112.64729 -0.14866611 47.1034866633 113.589463787 -0.0848407613539 3.60777250131 3.65692310337 0
645 10.7339470387 52.747394 112.3225 -0.14488479 49.8556528556 114.135598404 -0.0585682699784 3.41313531342 4.94557229949 0
648 10.7540638447 54.919709 111.95097 -0.14565598 51.4481880244 113.7447984 -0.0592545948366 3.90759238067 4.95043471395 0
651 10.7077660561 56.9199 111.70562 -0.14317608 54.1648249907 113.536446904 -0.0750464673428 3.30792464545 3.90353926512 0
654 10.7902679443 58.963864 111.32719 -0.14485493 56.5026818873 113.903213369 -0.0450280632379 3.56276771504 5.71965814748 0
657 10.7953419685 61.070196 111.0267 -0.15209978 57.6022400299 112.399680736 -0.132382304025 3.72985183506 1.12972815602 0
660 10.8425428867 63.25691 110.67843 -0.1447313 59.7078549562 111.776328943 -0.131415281313 3.71499310808 0.762951670698 0
663 10.87804389 65.338645 110.4192 -0.14848438 61.2583812911 111.596742323 -0.127256229828 4.2467820591 1.21628341171 0
666 10.8216171265 67.412523 110.08404 -0.1445869 63.4213474708 111.366647268 -0.104305642252 4.19220270368 2.30794606241 0
669 10.7870509624 69.507235 109.73429 -0.15139682 66.0445217308 111.229041144 -0.106641548706 3.77155991158 2.56428815611 0
672 10.712433815 71.647859 109.39116 -0.14906575 68.0439178237 110.983587946 -0.116247206853 3.94007852269 1.88036401207 0
675 10.7070889473 73.702975 109.06139 -0.1559357 69.8944141315 111.070000804 -0.0958288758986 4.30576976273 3.44386734094 0
678 10.7029750347 75.754203 108.72815 -0.15045699 72.1879083428 110.195547461 -0.132884827579 3.85638598819 1.00681074362 0
681 10.7579748631 77.860742 108.43703 -0.15243836 74.1592129014 109.682294508 -0.149020334704 3.90538107788 0.195838423739 0
684 10.7978680134 79.97813 108.08555 -0.15170568 76.0313908738 109.463030809 -0.151661076287 4.18021567736 0.00255560448333 0
687 10.8027281761 82.120618 107.73965 -0.14888428 77.9550233663 109.037259472 -0.140741549821 4.36302291922 0.46654407297 0
690 10.7733371258 84.192494 107.42985 -0.14593359 80.8225766223 108.56309616 -0.134203653375 3.55536074005 0.672075862597 0
693 10.7983081341 86.28045 107.15458 -0.15823172 82.5592925711 108.801739702 -0.128688552977 4.06941613672 1.69269878389 0
696 10.794629097 88.385341 106.75858 -0.15035877 84.480150441 108.786660408 -0.116781308388 4.40041173572 1.92384683713 0
699 10.7587649822 90.512184 106.42958 -0.15443508 87.0957938523 108.55522593 -0.0990681291323 4.02369137257 3.17229260923 0
702 10.7560670376 92.541412 106.11165 -0.15857271 89.1758702721 108.288202908 -0.108977844827 4.00802366291 2.84157645993 0
705 10.8903551102 94.624435 105.7799 -0.14991569 90.9541318446 108.259916753 -0.10144113417 4.42962846599 2.77738746281 0
708 10.8181951046 96.812614 105.41142 -0.16008539 93.2049497388 107.102715777 -0.123636277886 3.9844350698 2.08838029112 0
711 10.7981660366 98.833392 105.05687 -0.15857643 95.2449070017 107.202208559 -0.145065689099 4.1808733673 0.77410843171 0
714 10.7667510509 100.9283 104.72764 -0.15390186 96.92035598 107.084864705 -0.120074435775 4.64974446373 1.93816863991 0
717 10.8362319469 103.02648 104.38009 -0.15580909 98.9791361101 106.900691014 -0.120237132311 4.76806271313 2.03812304457 0
720 10.8153531551 103.56436 104.3046 -0.21764658 99.8004106103 106.340807971 -0.19964880759 4.2794226142 1.0311963997 0
723 10.7137818336 103.46604 104.39779 -0.32798619 99.3296124086 106.65346111 -0.293225164975 4.71148441305 1.9916600255 0
726 10.7493710518 103.43166 104.43448 -0.46455789 99.7411792022 107.218033239 -0.423195502718 4.62253362945 2.36989022184 0
729 10.8091778755 103.35806 104.51276 -0.60050128 99.7669470311 107.460679176 -0.571741785018 4.64610802962 1.64779768337 0
732 10.7055158615 103.30537 104.5712 -0.75278089 100.514953196 106.39566572 -0.656375726396 3.33393177895 5.52360899779 0
735 10.8403990269 103.24477 104.73622 -0.88717849 100.175637648 106.893583265 -0.801071159782 3.75150498508 4.93358660666 0
738 10.8762550354 103.11543 104.83266 -1.0218313 100.812062951 106.817879748 -0.956922036307 3.04082179834 3.71902686093 0
741 10.8722271919 103.3336 104.43355 -1.1359167 100.422102529 107.284531837 -1.07911539595 4.07491287712 3.254474993 0
744 10.8430950642 104.18264 102.5184 -1.1499809 101.660800624 104.604120881 -1.10097096448 3.27259918578 2.80806245954 0
747 10.749712944 105.02068 100.61649 -1.1544373 102.314686333 102.888618835 -1.06102605532 3.53340786939 5.3520700793 0
750 10.8343541622 105.97315 98.645528 -1.1675657 103.95776778 101.114010152 -1.05501673963 3.18671768902 6.44858041807 0
753 10.822988987 106.66644 96.709247 -1.154133 104.587969554 98.8833947597 -1.09309024414 3.00781613072 3.49749228068 0
756 10.7716190815 107.65453 94.805864 -1.1707179 105.283586926 97.3666791511 -1.11285924389 3.48986322078 3.3150568033 0
759 10.848279953 108.36584 92.821603 -1.1639211 106.097093597 95.672300792 -1.1044169504 3.64330730837 3.40933663537 0
762 10.7901380062 109.18739 90.932737 -1.1605274 107.082432269 92.7315366417 -1.12934768159 2.76884943613 1.78646627117 0
765 10.8468148708 110.00551 88.971931 -1.1631703 108.199573662 90.4677407977 -1.13982405809 2.3449633274 1.33764112895 0
768 10.7803990841 110.83946 87.051439 -1.1600004 108.726866693 89.2885046994 -1.12599996822 3.07693246992 1.94808124234 0
771 10.8673970699 111.68317 85.129972 -1.1502451 110.221892246 86.6934506704 -1.11384081405 2.1400463142 2.08581194123 0
774 10.8112390041 112.49307 83.177328 -1.1488654 111.002275894 85.9278168746 -1.10772875025 3.12852299263 2.35695641399 0
777 10.7830440998 113.40329 81.226755 -1.149046 112.02452359 83.4310060377 -1.11252373956 2.59994604754 2.09257138147 0
780 10.8125641346 114.20236 79.347389 -1.1522317 112.138792477 82.0403941066 -1.13511520259 3.3927256633 0.980703061896 0
783 10.8627238274 115.10134 77.33273 -1.146946 113.031961708 80.2686132004 -1.1337829389 3.59189875733 0.754187846515 0
786 10.7757508755 115.87569 75.433999 -1.1405871 113.510315482 78.2429828379 -1.12231883873 3.67224547292 1.04669427008 0
789 10.6687159538 116.74641 73.521868 -1.1514597 114.601140399 76.3021600507 -1.14045716783 3.51172401352 0.630398657382 0
792 10.7219471931 117.66191 71.592443 -1.1472421 115.600339596 74.676684686 -1.1345133999 3.70980044045 0.729300794512 0
795 10.8235859871 118.47567 69.543126 -1.1411103 116.738946517 71.9736936745 -1.12375092763 2.98728433159 0.99461877165 0
798 10.8623189926 119.32773 67.660396 -1.1493947 117.381494402 70.3095537681 -1.14864018712 3.28722829793 0.0432304033856 0
801 10.86952281 120.23613 65.736718 -1.1477983 118.596843708 68.2379263731 -1.12623173348 2.99053554962 1.23567324001 0
804 10.8548760414 121.05504 63.851108 -1.1435448 119.499418023 66.3648987166 -1.11280854875 2.95619747348 1.76105747478 0
807 10.7906332016 121.9387 61.889647 -1.1416966 120.295859765 64.4571745786 -1.13759173704 3.04813416777 0.235191323319 0
810 10.8588380814 122.75206 59.947854 -1.134592 121.249819376 62.6843630689 -1.10985367205 3.12173169524 1.41740178368 0
813 10.8276290894 123.61313 58.017737 -1.1345099 122.268851851 60.9664432986 -1.09769716005 3.24067162427 2.1092146314 0
816 10.8301029205 124.50226 56.14403 -1.1250591 123.028682321 59.4249053943 -1.12824343235 3.59660597356 -0.182448804073 0
819 10.8787500858 125.37031 54.195354 -1.1346431 123.629349647 57.8197643753 -1.10850581735 4.0208573113 1.49755598368 0
822 10.8701779842 126.19009 52.293812 -1.120627 124.754978079 55.8388131716 -1.10962507224 3.82447114418 0.630364027156 0
825 10.9069828987 127.09539 50.434417 -1.1252352 125.797188213 53.8851153262 -1.11992412026 3.68682069245 0.304302453705 0
828 10.9054281712 127.94916 48.435924 -1.125081 126.876181813 52.2070898566 -1.09214733624 3.9208384444 1.8869599373 0
831 10.7894968987 128.83417 46.49897 -1.1135569 127.206563789 49.3438943974 -1.13222413633 3.27760534614 -1.06955385669 0
834 10.8224160671 129.69028 44.561049 -1.1141866 128.114833503 47.4288567312 -1.14005146093 3.27205636373 -1.48194736915 0
837 10.8865339756 130.6504 42.689185 -1.1179531 129.006000194 45.2184733814 -1.13488183547 3.01684445027 -0.969945094927 0
840 10.8747467995 131.56218 40.752166 -1.1133477 130.488632373 43.219062097 -1.13233472219 2.69036816464 -1.08787623723 0
843 10.8325440884 131.80181 39.159633 -1.0655485 131.214793497 42.1816311332 -1.09363726464 3.07848357024 -1.6093676655 0
846 10.8689930439 89.526265 39.287264 -0.26055386 132.718917918 40.8365203674 -1.11206948494 43.2204287509 -48.7882514986 0
849 10.8845379353 49.129117 22.860079 0.57174269 133.816232523 40.1208891255 -1.06855122406 86.4282540715 -93.9819184365 0
852 10.848731041 45.693587 19.436118 1.0035584 134.94102534 39.3546924395 -1.02664225604 91.4431783019 -116.321929156 0
855 10.9921290874 46.841947 21.209275 1.0214136 87.8810910081 82.315206305 -2.81812065942 73.6080578576 140.010891639 0
858 10.8832089901 48.00008 22.972907 1.0079248 112.786957447 71.7212413727 2.08706441996 81.0786013285 61.830145729 0
861 11.024230957 49.170996 24.731115 1.014741 62.1350108117 101.942631943 1.85380387745 78.2922986553 48.0747616241 0
864 10.8286340237 50.349541 26.532036 1.0144485 81.1623437769 82.1667291384 -2.36702482712 63.5975463015 166.25584982 0
867 10.8792939186 51.518278 28.351001 1.0069992 63.3202598912 101.187366539 -2.26777836145 73.7863328905 172.369066885 0
870 10.8159759045 52.642563 30.101924 1.0170679 58.644005966 102.785023841 -2.6238906831 72.9304485116 151.388439806 0
873 10.8851220608 53.80357 31.912095 1.0183648 58.888934719 98.2179232516 -2.4739681898 66.5005548432 159.90405903 0
876 10.7797379494 54.946688 33.671099 1.0064723 35.4051042913 102.182036337 1.61570963115 71.243399895 34.9067277968 0
879 10.8893940449 56.161659 35.476636 1.0152563 88.2266182046 127.345985515 -0.598503704847 97.3043626416 -92.4616374248 0
882 10.8448078632 57.333476 37.252395 1.017552 119.951912955 45.7362496879 -0.94679416649 63.1905407246 -112.548744843 0
885 10.9309270382 58.434052 39.044555 1.0099164 89.6999049233 66.7203371848 2.24294774762 41.7552688719 70.6474922262 0
888 10.9278149605 59.558673 40.733157 1.0155176 36.3667472501 110.23804837 1.54446028874 73.2720638735 30.3061836693 0
891 11.0221011639 60.829575 42.673596 1.0256616 86.2200935012 69.4613557464 2.14875983977 36.9088404314 64.3487891172 0
894 11.2166359425 61.938983 44.298725 1.0235902 9.21079254976 72.6929707287 -2.94948793926 59.8873547475 132.359390945 0
897 10.932956934 63.08776 46.123861 1.0214801 60.7099394403 45.9627092933 0.937553345977 2.38327515972 -4.80864879377 0
900 10.9228069782 64.233274 47.872937 1.026201 61.551157154 48.6194486325 0.955197158739 2.78406723927 -4.06822043346 0
903 10.9692370892 65.367062 49.701179 1.0288308 62.4810637861 50.9034193385 0.966777174973 3.12639849065 -3.55541081756 0
906 10.9419009686 66.47055 51.411163 1.0247772 63.114015627 52.4366621314 1.01819944664 3.50969677683 -0.376877506232 0
909 10.8213129044 67.601685 53.206336 1.0345375 65.5350587286 54.3181208447 0.94624791338 2.34670187422 -5.05862068827 0
912 10.8189508915 68.713633 54.989386 1.0321621 66.6883792903 55.6893981038 0.938127612714 2.14281812906 -5.38777925016 0
915 10.8574709892 69.889939 56.860516 1.0335194 67.1903436597 58.34159133 1.04544338497 3.07918806416 0.683194013814 0
918 10.884472847 70.97178 58.665246 1.0279054 68.06321997 59.9327540132 1.00049317605 3.17274297915 -1.57060473935 0
921 10.8545570374 72.083269 60.388926 1.0348295 69.7048752579 62.11144314 1.02325828573 2.93663448352 -0.662981741676 0
924 10.847260952 73.21006 62.180545 1.0389104 69.9648097761 63.4905339971 1.02259823566 3.49967429748 -0.934618171665 0
927 10.891862154 74.211219 63.966291 1.0279221 71.0921481173 65.5878304968 1.01651745638 3.51539379175 -0.653437946433 0
930 10.8842890263 75.394113 65.876292 1.0355825 72.6911046047 67.2085621141 1.01190589547 3.01350262018 -1.35656951283 0
933 10.7732689381 76.475569 67.55587 1.0353462 73.6367535674 68.8878573019 1.00919272896 3.13577155306 -1.49848351021 0
936 10.8052198887 77.652303 69.425792 1.0395167 74.8743848065 70.689122707 0.991468168256 3.05169362236 -2.75297808072 0
939 10.7699129581 78.72098 71.209083 1.0347632 76.152140768 72.2040653996 0.991893501237 2.75480035125 -2.45625280811 0
942 10.7844340801 79.923618 73.070281 1.0406815 77.3176050091 74.5274772639 0.990665097358 2.98575361679 -2.86572877781 0
945 10.9061689377 80.886825 74.813727 1.0240856 78.3346081694 75.9377064548 0.99650081836 2.78875251056 -1.58049156675 0
948 10.8065330982 82.003807 76.66259 1.0354781 80.0913096518 77.7053412271 0.987575918241 2.17829663458 -2.74459284423 0
951 10.7967028618 83.149971 78.458347 1.0359732 81.0323288135 79.7054400853 0.986361490221 2.4575698553 -2.84254158475 0
954 10.766865015 84.209192 80.07724 1.046865 81.8478926647 81.1225431065 0.999742647787 2.58232320505 -2.69991190253 0
957 10.8846418858 84.421821 80.346791 1.1291589 82.264702534 80.6014700644 1.07786396735 2.17210071179 -2.93898315126 0
960 10.7710750103 84.549549 80.462185 1.2384433 81.4655761655 81.1076062155 1.20110797842 3.15078672549 -2.13915635346 0
963 10.8105049133 84.477315 80.645515 1.377415 82.2558097942 80.5503458591 1.32574632133 2.22354279126 -2.96039722058 0
966 10.8035869598 84.491575 80.745704 1.5042297 82.0532655897 80.6909007008 1.47519884933 2.43892521042 -1.66334521898 0
969 10.8826298714 84.58151 81.604236 1.6242617 81.4845913469 82.0114148303 1.60591609802 3.12357163255 -1.05112556586 0
972 10.8120689392 84.52138 83.606555 1.6450761 81.2246183355 83.6861417813 1.62451116787 3.29772217267 -1.17828381707 0
975 10.8042161465 84.450105 85.633891 1.6510189 81.1114288196 87.1776049159 1.63358726608 3.67828917997 -0.99875905341 0
978 10.9115447998 84.288283 87.799076 1.6553182 81.4050837118 88.0298819448 1.61703683529 2.89242277674 -2.1933606319 0
981 10.8477540016 84.219899 89.940013 1.6574582 81.3053574012 90.5244362571 1.62268964258 2.97255837193 -1.99209159971 0
984 10.7621722221 84.085061 91.960688 1.6559816 81.0064767335 92.988640843 1.63606206057 3.24566913492 -1.14130553937 0
987 10.7287790775 83.972707 94.061302 1.6546883 80.3719309708 94.9354020489 1.66056901042 3.70535273729 0.336939887358 0
990 10.7693459988 83.850194 96.236204 1.650278 80.2134292831 96.8266579485 1.66075660068 3.68438508725 0.600379593952 0
993 10.8647589684 83.742141 98.372522 1.653672 79.8377631434 99.3963784541 1.64762201209 4.03639052692 -0.346638773512 0
996 10.7630519867 83.558608 100.37046 1.6603574 79.7716540295 100.867846137 1.65421043501 3.81947815072 -0.352195150483 0
999 10.8066620827 83.448658 102.54165 1.6520527 79.5287621924 102.847272591 1.64323820404 3.93179199737 -0.505033416887 0
1002 10.7706611156 83.308795 104.69204 1.6576029 79.6414967886 105.082649409 1.64648109801 3.68804174071 -0.637232314477 0
1005 10.7945930958 83.194681 106.76107 1.661421 78.7991289996 107.717066264 1.66067193861 4.49831148819 -0.0429180561448 0
1008 10.7847661972 83.066158 108.84686 1.6653468 78.5858081746 109.471405716 1.65830969266 4.52367018128 -0.4031965505 0
1011 10.8169379234 82.920912 111.09751 1.6564676 78.6829668463 111.721051413 1.66659850948 4.28357129262 0.58045835555 0
1014 10.824942112 82.798446 113.12029 1.6519674 78.5967640821 113.640492668 1.66375803715 4.23376212787 0.675553746601 0
1017 10.813657999 82.725101 115.25424 1.6521864 78.4370882121 116.237237086 1.66050804045 4.39924276889 0.476794876217 0
1020 10.8578310013 82.605874 115.888 1.7134215 78.8089483686 117.242327696 1.71556100038 4.0312340243 0.122584342181 0
1023 10.7622961998 82.650086 115.98425 1.8265292 78.4895107054 117.129076982 1.81833252441 4.31520748073 -0.469634917135 0
1026 11.0531179905 82.697137 116.16336 1.9516157 78.0531827662 117.184611012 1.95695567233 4.75492003666 0.305957877343 0
1029 10.926377058 82.611261 116.28116 2.0730733 78.204563441 117.12198754 2.07694538264 4.48619820424 0.221853993211 0
1032 10.7527329922 82.517518 116.45008 2.1971216 78.8118615939 116.837614453 2.22008378208 3.72586531589 1.31563612176 0
1035 10.904848814 82.418538 116.4581 2.3123831 78.5106975276 116.806671107 2.35851696571 3.9233555759 2.64327579766 0
1038 10.8483769894 82.414024 116.83182 2.4679277 78.7889935812 116.882818841 2.50120893037 3.62538914034 1.90687403716 0
1041 10.8685381413 82.282962 116.94587 2.5874118 78.440283359 117.611099439 2.61068923392 3.89983452779 1.3336987213 0
1044 10.8635158539 82.208722 116.96752 2.707272 78.9907277205 116.854052906 2.76083328458 3.2199940938 3.06883555145 0
1047 10.7991948128 82.043289 117.20312 2.8493508 78.4592617917 117.254318597 2.87733372055 3.5843928811 1.60330324575 0
1050 10.78540802 81.832352 117.28824 2.9891727 78.45342105 117.256350513 2.98412746673 3.3790814291 -0.289070573084 0
1053 10.8636550903 81.142386 117.29523 3.0875315 77.6446418195 116.995711614 -3.14148114605 3.51054491721 3.10386484752 0
1056 10.8238480091 79.131234 117.37152 3.1037602 75.5160208338 116.99553959 -3.12013627251 3.63471147488 3.39699999861 0
1059 10.8463771343 77.094643 117.50841 3.1079346 74.0034256691 116.792322753 -3.12134125077 3.17307509097 3.08878432808 0
1062 10.9307990074 74.899205 117.59033 3.115912 71.9239453553 117.29355338 -3.12366640035 2.99002446748 2.49849171895 0
1065 10.8666291237 72.824078 117.69503 3.116944 69.7047704693 116.935116915 -3.1186233457 3.21053692827 2.72830822165 0
1068 10.8937389851 70.711208 117.83017 3.1174699 67.998842027 116.911575719 -3.12296621525 2.86369422683 2.44934827511 0
1071 10.8989989758 68.550781 117.88294 3.1169773 65.6567725622 117.354184535 -3.11438229628 2.94191556291 2.96939450461 0
1074 10.9262340069 66.454241 117.99143 3.11617 63.7212446411 117.168206801 -3.13873085433 2.85428897157 1.62057977391 0
1077 10.877204895 64.352032 118.06903 3.1139299 61.0612130778 117.280941416 3.13513777496 3.38386950022 1.21512172779 0
1080 10.8313541412 62.204954 118.16997 3.1178991 59.5999092366 117.417238976 3.12269931624 2.71161616261 0.275032131084 0
1083 10.8548910618 60.134729 118.2293 3.1166836 56.9693053082 116.909865533 3.13536292788 3.4294043886 1.0702466515 0
1086 10.8495919704 58.034017 118.36643 3.1239361 54.8529002767 117.407536144 3.13913692699 3.32249620541 0.870943231507 0
1089 10.8634748459 55.858025 118.47896 3.1251128 52.5304191043 117.088095969 -3.13580196586 3.60658616283 1.27600802506 0
1092 10.861604929 53.766425 118.55 3.1243401 50.5965976217 117.162715184 -3.13869296031 3.46011051388 1.15463869341 0
1095 10.86835289 51.628528 118.603 3.1187628 47.8619056215 117.008233891 -3.13779842412 4.09032065788 1.5254475928 0
1098 10.8863630295 49.494235 118.64783 3.1200968 47.4429027292 117.020249825 3.13773031262 2.61858383666 1.01032585095 0
1101 10.9143960476 47.379245 118.80828 3.1260538 44.4676001859 117.777336011 3.12896472831 3.08877338622 0.166783906885 0
1104 10.8931930065 45.313934 118.87713 3.1250737 42.3642451424 117.5263979 3.12673568824 3.24424745694 0.095224911797 0
1107 10.8694880009 43.229975 118.9845 3.131291 40.6558031658 117.052385733 -3.1411272423 3.21860624679 0.616907375421 0
1110 10.9424831867 41.038059 119.03542 3.1300111 38.5727590006 117.541481709 -3.11822670147 2.8826299981 2.00234458147 0
1113 10.8272058964 38.877743 119.09254 3.1262084 35.8609298488 118.102253393 3.11896715152 3.17518962481 -0.414892976129 0
1116 10.9387450218 36.866989 119.17866 3.1252668 33.6866686427 118.10384815 3.0960859935 3.35703114203 -1.67193705517 0
1119 10.8920128345 34.67231 119.25843 3.1314701 32.1180299258 119.135034935 3.09301629232 2.55725889171 -2.203240886 0
1122 10.9119000435 32.567479 119.34722 3.1353596 29.9471117542 118.583654804 3.12192878615 2.72935089554 -0.769528948755 0
1125 10.875369072 30.502201 119.36971 3.1349527 27.3584815018 117.918438898 3.13205827844 3.4625366562 -0.16583813946 0
1128 10.8490459919 29.15421 119.31018 -3.13185 26.2932096044 117.795332725 -3.12913365986 3.23729602126 0.155634825772 0
1131 10.8017311096 28.938717 119.39146 -3.028318 26.4829637311 117.615012936 -3.02843335207 3.03092201967 -0.00660918666703 0
1134 10.7838358879 28.80706 119.32785 -2.9089456 26.5506670017 118.295391623 -2.87673489063 2.48138664129 1.84553770205 0
1137 10.9161701202 28.607415 119.34948 -2.7753086 26.6162019673 117.678328062 -2.76645180054 2.59955345017 0.507457229237 0
1140 10.8394200802 28.309413 119.3977 -2.6319404 26.3196220582 117.601965569 -2.62967355399 2.68028545863 0.129880709207 0
1143 10.9426350594 28.176965 119.31562 -2.5155106 26.505656816 117.216722934 -2.51228015398 2.68302812835 0.185090922716 0
1146 10.8918771744 28.13257 119.1422 -2.3876282 25.9270446381 118.23045378 -2.3730226039 2.38655050045 0.836839013952 0
1149 10.9672288895 28.071656 119.10664 -2.2643471 25.7852800874 118.564172139 -2.25070963353 2.34984812151 0.781369272146 0
1152 10.8899261951 27.847582 119.05477 -2.1225081 25.3677349299 118.490421168 -2.11206795664 2.54325207066 0.598176151891 0
1155 10.8898539543 27.651134 118.95518 -2.0012288 25.6800937188 118.49867757 -1.99890902678 2.02321384393 0.132913214698 0
1158 10.8938660622 27.585975 118.8068 -1.8653126 25.1813308293 118.75459423 -1.88014093664 2.40521080786 -0.849601106456 0
1161 10.854665041 27.545652 118.66047 -1.7395281 25.1394427952 118.139408216 -1.75880199936 2.46198052783 -1.10431308802 0
1164 10.9422810078 27.426878 118.54472 -1.6078392 25.9619945601 117.659984446 -1.6269513638 1.71132711439 -1.09504632298 0
1167 10.8519179821 27.408113 118.27266 -1.4907581 26.1520627224 117.639704471 -1.54159635992 1.40651875255 -2.91281773142 0
1170 10.9002680779 27.619078 117.43976 -1.368489 25.8288522458 116.947610694 -1.36651925728 1.8566419124 0.112857944714 0
1173 10.7837569714 28.00462 115.50954 -1.3464267 26.4973245402 115.787940097 -1.30100621987 1.53279033692 2.60240181501 0
1176 10.8406431675 28.352772 113.43776 -1.3439724 26.6635451902 113.798368638 -1.38634013986 1.7272885701 -2.42749268159 0
1179 10.8313109875 28.777386 111.37552 -1.3470791 26.9719448247 111.369079245 -1.36502339982 1.80545266372 -1.02813264617 0
1182 10.8165569305 29.292879 109.18718 -1.3487141 26.4937318535 109.86847479 -1.38874659471 2.88086572729 -2.29369299014 0
1185 10.8424298763 29.664866 107.14961 -1.3582731 27.2226173223 107.50439786 -1.41193274947 2.46788432255 -3.07447144504 0
1188 10.8653969765 30.155372 105.1583 -1.3627181 26.5676977974 105.084748546 -1.44811881817 3.58842806819 -4.8931007183 0
1191 10.945980072 30.584999 103.08809 -1.3538609 27.6845499242 103.0117432 -1.44810888968 2.90145371759 -5.40001203633 0
1194 10.7899029255 30.932942 101.04272 -1.3388863 28.5300955902 101.567259683 -1.39148905249 2.45943342015 -3.01391570842 0
1197 10.7747189999 31.46397 98.886394 -1.3633561 29.0851839196 98.7675506738 -1.39855754395 2.38175291588 -2.01689417131 0
1200 10.7581779957 31.761459 96.890841 -1.3338862 29.8661105988 96.9045212661 -1.35696843671 1.89539777138 -1.32251474525 0
1203 10.9221930504 32.148779 94.808879 -1.340085 30.4062662841 94.9316051678 -1.34326454332 1.74682920669 -0.182174412933 0
1206 10.9717481136 32.63242 92.742465 -1.3409888 31.2970555175 92.6629984757 -1.3446412458 1.33772688907 -0.209269729255 0
1209 10.8302950859 33.223163 90.635151 -1.3443959 31.6232794821 91.0576100984 -1.32159643848 1.65472020617 1.3063129203 0
1212 10.8368849754 33.480467 88.544154 -1.3400822 31.4721413641 88.8422586051 -1.34073356608 2.030329583 -0.0373205275853 0
1215 10.9291110039 33.996344 86.523674 -1.3537744 32.1154088016 86.6576208994 -1.35277539243 1.88569854229 0.0572389174671 0
1218 10.8946361542 34.391099 84.502242 -1.3500462 33.0189654511 84.2661005475 -1.3323221286 1.3923050174 1.01551448706 0
1221 10.8174991608 34.871654 82.311763 -1.3462417 33.2132762728 83.2509314103 -1.33700659652 1.90584731525 0.529132453013 0
1224 10.8163590431 35.319079 80.358924 -1.358939 34.374340062 80.704166099 -1.33866607888 1.00584480305 1.16155281856 0
1227 10.8029830456 35.776446 78.250756 -1.3606991 34.4396891607 78.0790050611 -1.34205925198 1.34774524022 1.06798462229 0
1230 10.7797329426 36.167733 76.160289 -1.3496683 34.8080836662 76.6627076737 -1.35200008583 1.44950710059 -0.133601486557 0
1233 10.7291550636 36.593873 74.026216 -1.3452321 35.2131470145 74.4736071469 -1.34286970703 1.45140038766 0.135355146864 0
1236 10.723097086 37.096668 72.068535 -1.358637 34.9039502423 72.0160867261 -1.37096259235 2.19334493103 -0.706204421534 0
1239 10.7753851414 37.456761 70.030489 -1.3570922 35.5986735581 69.9509868717 -1.37858423714 1.859787496 -1.23140302141 0
1242 10.756975174 37.942935 67.912468 -1.3598503 35.9889811877 67.5878922043 -1.37281864211 1.98072838815 -0.743031270287 0
1245 10.7473449707 38.381728 65.750541 -1.3597279 37.0862568808 65.1702363243 -1.34816114196 1.41950658233 0.662726418271 0
1248 10.7824060917 38.78715 63.709446 -1.3638712 37.625015004 63.3690653107 -1.35745675825 1.21095696144 0.367520440392 0
1251 10.8111150265 39.284372 61.704874 -1.358189 37.8568118248 61.9079104461 -1.35388456083 1.44192643792 0.246626197336 0
1254 10.8299851418 39.616785 59.610797 -1.3616912 38.2995245202 59.4385535693 -1.35993509492 1.32847392561 0.100617409205 0
1257 10.7587928772 40.0981 57.483375 -1.3627524 38.7933946019 57.4866645693 -1.33908182739 1.30470954511 1.35622390896 0
1260 10.8114340305 40.478176 55.366289 -1.371191 39.8180340399 55.8788809298 -1.32381050413 0.835785794369 2.71470244471 0
1263 10.8380260468 40.927924 53.368372 -1.3697355 40.4580258445 53.8534784703 -1.34570310233 0.675375868739 1.37695495824 0
1266 10.8305590153 41.311773 51.24524 -1.3687118 40.6444718244 51.716421724 -1.33629124355 0.816886207521 1.85756105405 0
1269 10.7979931831 41.752813 49.127024 -1.3690442 40.630005447 50.0335398635 -1.35412524434 1.44307581642 0.854793194347 0
1272 10.7554788589 42.124468 46.999249 -1.3746445 41.1103404665 47.9022606314 -1.34966490656 1.35789714652 1.43122527804 0
1275 10.8523948193 42.489069 45.000812 -1.3756167 41.7189173967 45.7609191547 -1.34876820408 1.08207965447 1.53830550244 0
1278 10.8635940552 42.919623 42.847052 -1.3693623 41.9432061645 43.8579102226 -1.36907512564 1.40542669071 0.0164538790141 0
1281 10.8709468842 43.26925 40.76156 -1.3849404 42.9763236306 41.7952442254 -1.34707985356 1.07438770268 2.16924952101 0
1284 10.8164770603 43.723057 38.666685 -1.382086 43.4102555001 38.8538822429 -1.35017192398 0.364537496124 1.82854186278 0
1287 10.8572759628 44.069109 36.638541 -1.3748634 44.0499570774 37.0944196297 -1.32828498487 0.456280748143 2.66874660331 0
1290 10.8023519516 44.48264 34.512889 -1.372972 43.8491724678 35.663853326 -1.36930965792 1.3137731897 0.20983674431 0
1293 10.8919410706 44.660959 33.544964 -1.3339999 44.1858637125 34.1230882816 -1.30783446468 0.748293536759 1.49916901295 0
1296 10.8558170795 44.654294 33.324157 -1.2074321 43.9813004746 33.6624090673 -1.19906777794 0.753216267945 0.479240352701 0
1299 10.8106958866 44.699557 33.107025 -1.0711259 44.4831749855 33.6835293647 -1.04646625322 0.615774681738 1.41289368499 0
1302 10.8927059174 44.829945 32.953901 -0.95914547 43.8593708523 33.1809867205 -0.935878839608 0.996785885054 1.33307972498 0
1305 10.8452529907 44.914184 32.826307 -0.82117543 43.7902354163 33.4681874081 -0.838185020924 1.29432255529 -0.974577771183 0
1308 10.8350379467 44.932468 32.690373 -0.70238554 43.8695679429 33.0583130919 -0.748642861074 1.12478284244 -2.65034926912 0
1311 10.9020929337 45.019913 32.619075 -0.56167342 43.826259696 33.0594366653 -0.745483603887 1.27229187158 -10.5315477682 0
1314 10.8737838268 45.164806 32.47066 -0.44585332 43.7002467954 33.8856641909 -0.701006098772 2.03646029274 -14.6191773547 0
1317 10.823433876 45.307079 32.373178 -0.30795343 44.1727047232 33.0152645881 -0.577952307999 1.30348770092 -15.4697961826 0
1320 10.7990140915 45.468859 32.25314 -0.19105128 43.5181977011 32.2265917591 -0.434083218689 1.95084194954 -13.9247043737 0
1323 10.8328268528 46.833289 32.057508 -0.10389315 44.8722739265 32.6971706833 -0.299756692327 2.06270416367 -11.2221543358 0
1326 10.8664731979 48.863767 31.868312 -0.084237935 46.5763005238 30.1285872039 -0.450669241631 2.87387286532 -20.9949673514 0
1329 10.831856966 51.033972 31.691587 -0.08198003 48.7100279452 29.0274312886 -0.612920557379 3.5353135115 -30.4206513913 0
1332 10.8379671574 53.111195 31.42619 -0.084122232 50.5689271933 27.5168834888 -0.620760245086 4.66323953913 -30.7470932761 0
1335 10.8204071522 55.206155 31.249451 -0.082409142 54.147331153 32.564206661 -0.0360336420261 1.68810259971 2.65712042131 0
1338 10.9124908447 57.287235 31.07162 -0.080297126 56.1668381866 32.8899692714 -0.0399885074111 2.13580970414 2.30951372314 0
1341 10.846875906 59.516372 30.847745 -0.092608556 58.364608899 33.0691457827 -0.0160417058244 2.50223493663 4.38695736567 0
1344 10.9087808132 61.567611 30.670937 -0.091677002 60.1732310906 33.1220478807 -0.0428045372729 2.81997161001 2.80018596326 0
1347 10.7503159046 63.68279 30.502969 -0.089332225 63.0994829851 32.2486065078 -0.0756517672204 1.8405155208 0.783832492576 0
1350 10.8124890327 65.773678 30.270465 -0.081918863 65.1736333973 31.8605876714 -0.09236054528 1.69957160348 -0.59826432566 0
1353 10.7671861649 67.870787 30.052005 -0.080757136 67.2967564055 31.937560396 -0.0838648653756 1.97099727928 -0.178059777093 0
1356 10.8068990707 69.978421 29.855203 -0.080851998 69.5385612178 31.4744946576 -0.089486489131 1.6779696363 -0.494719900051 0
1359 10.8632268906 72.04312 29.748383 -0.089661546 70.6388045893 30.6691347926 -0.107668805945 1.67925151078 -1.03173999546 0
1362 10.7677559853 74.192216 29.503442 -0.097083695 72.614371547 30.9151776783 -0.115892567438 2.11721296596 -1.0776690081 0
1365 10.811054945 76.337484 29.313327 -0.092202589 74.9831813805 30.6106907575 -0.0956241099026 1.8754434954 -0.196038707232 0
1368 10.8537538052 78.469083 29.072242 -0.088851811 77.7700574845 30.0086715439 -0.086265762156 1.16856192048 0.148169684374 0
1371 10.8211379051 80.508884 28.860474 -0.08148585 79.0278009126 30.1990813295 -0.0847478364514 1.99636587186 -0.186898056497 0
1374 10.8780019283 82.648681 28.706332 -0.092016755 81.4155108873 30.4836236406 -0.0714084940672 2.1632092138 1.18076637456 0
1377 10.8284478188 84.803463 28.469695 -0.089914919 83.1849869536 30.2957377618 -0.0666865716078 2.44006083552 1.33088627064 0
1380 10.8740000725 86.909059 28.274418 -0.095059786 85.1098899449 30.291452562 -0.0698285013554 2.70285732388 1.44564612183 0
1383 10.8484921455 88.999768 28.069648 -0.093100738 86.8857327308 30.3388272326 -0.0668338177299 3.10134156602 1.50498367228 0
1386 10.7616410255 91.148907 27.8824 -0.087682683 89.7524670586 30.2529061904 -0.0526643496969 2.75124410197 2.00640270385 0
1389 10.8599669933 93.191686 27.680334 -0.085944106 91.2225044103 30.0638853269 -0.0465184103358 3.09176212884 2.25892596593 0
1392 10.7806410789 94.597595 27.536443 -0.026113958 93.4051479397 30.4279498504 -0.0633858404248 3.12773749821 -2.13552155745 0
1395 10.8569021225 66.734672 23.138609 0.64678418 95.077002398 31.1371346477 -0.0244605186264 29.4493481239 -38.4594882518 0
1398 10.8264579773 41.954155 8.6979942 1.5862633 98.1033072533 31.3992555042 0.0253126770601 60.5646312923 -89.4358827228 0
1401 11.0908539295 40.498777 7.6026468 1.6671323 100.012392124 31.6332684692 0.00950652736793 64.1820937875 -94.9749607839 0
1404 10.8335278034 40.36551 9.5759073 1.6613912 101.761355989 31.2940386064 -0.0128125312509 65.1239367064 -95.9248078457 0
1407 10.8441178799 40.15753 11.693798 1.6450717 102.617812657 30.2088345727 -0.0113168164227 65.1467074297 -94.904071225 0
1410 10.7967631817 40.017928 13.779826 1.6578436 103.197990738 30.5512619748 -0.0203143814888 65.3681986311 -96.1513696955 0
1413 10.8404159546 39.937066 15.922073 1.6651068 105.922294689 31.966517531 0.027107717043 67.9078390578 -93.8504342997 0
1416 10.7794151306 39.75755 17.953862 1.6630734 106.087192101 30.5659650783 0.0250259291244 67.5180462193 -93.8532067233 0
1419 10.8215680122 39.645384 20.177858 1.663423 108.824052644 30.7755881912 0.0415297982088 69.9857134031 -92.9276352836 0
1422 10.8079748154 39.526919 22.292671 1.6684735 110.898415309 31.6317552391 0.0551036271694 71.9799206709 -92.4392845068 0
1425 10.8217940331 39.303781 24.413998 1.6572417 112.884855298 32.6780100098 0.061737059947 74.0436924349 -91.4156820686 0
1428 10.8502819538 39.21094 26.55624 1.6661167 116.147791265 33.4771851328 0.0839759747059 77.2475149382 -90.6499861551 0
1431 10.8468940258 39.049874 28.673026 1.6660737 117.970811494 34.6896206363 0.126186259666 79.1499449523 -88.2290512564 0
1434 10.8770091534 38.816051 30.701859 1.6598041 120.11802428 34.7042501876 0.111538732827 81.4004299401 -88.7090711053 0
1437 10.9060130119 38.695572 32.853799 1.6647394 122.929383113 35.1875151895 0.107867608847 84.266132971 -89.202182876 0
1440 10.7992658615 38.58982 35.008607 1.6723781 124.335567992 35.3160488938 0.110742425521 85.7462991576 -89.4751332847 0
1443 10.8908510208 38.393816 37.160762 1.6689022 126.340834791 35.5108680515 0.104809312579 87.962493509 -89.6159212157 0
1446 10.9000680447 38.314928 39.264936 1.6781402 129.106325116 36.9437626111 0.140135272099 90.8210638349 -88.1211912391 0
1449 10.9111731052 38.042909 41.445131 1.6601298 130.298137749 37.1670021154 0.165062406811 92.3543697848 -85.6610517174 0
1452 10.8684868813 37.893052 43.482766 1.6655679 135.883593214 27.3701317984 -0.0694340080366 99.3064104091 -99.4082867776 0
1455 10.8204920292 37.737395 45.529248 1.6663309 137.585719457 27.4849006318 -0.0710397491912 101.4656906 -99.5440056486 0
1458 10.9002308846 37.667375 47.706088 1.6735516 140.957339853 26.588122143 -0.0766024986306 105.426682207 -100.276443349 0
1461 10.804213047 37.411337 49.793915 1.6717816 142.323238309 25.8428430932 -0.123597756434 107.611155935 -102.867659749 0
1464 10.7587440014 37.208006 51.943854 1.66906 138.118523385 38.1416635205 0.212543394126 101.850051453 -83.4522543073 0
1467 10.8395318985 37.03196 53.963531 1.6741645 141.528783716 37.8355173739 0.226087634537 105.734095685 -82.9686928016 0
1470 10.776250124 36.983983 56.143126 1.6856298 28.6144268418 119.758421201 1.81723559136 64.1635040646 7.54045640459 0
1473 10.8962340355 36.720012 58.206076 1.6746777 124.843470785 97.1347432809 2.94627895917 96.3389076356 72.8573853741 0
1476 10.8493738174 36.536888 60.398002 1.6787317 32.563872994 59.9298068307 1.71656621143 4.00050683719 2.16775782482 0
1479 10.8896698952 36.401835 62.417273 1.6766351 34.2460669918 62.9126201138 1.79576644528 2.21194585562 6.82572329231 0
1482 10.8887019157 36.239068 64.615141 1.6886647 33.3385755674 64.0109545306 1.7095779089 2.96275170096 1.19823860626 0
1485 10.86764884 35.99676 66.655908 1.678851 33.8625601668 65.6649271982 1.72529521169 2.35305160959 2.66105731265 0
1488 10.9428360462 35.830181 68.859683 1.6854848 33.8566679265 68.8907982641 1.71995555554 1.97375834669 1.97502880899 0
1491 10.8829519749 35.575227 70.898859 1.683738 32.9467667261 70.9980106726 1.70222824408 2.63032972567 1.0594129482 0
1494 10.888928175 35.463169 73.006353 1.6935188 32.6411237357 73.0961003089 1.64426010134 2.82347198556 -2.82231553735 0
1497 10.8163628578 35.205801 75.07321 1.6913976 32.0601091485 74.4340930954 1.72257978423 3.20996069172 1.78660755255 0
1500 10.8267199993 34.978045 77.287591 1.6912075 31.914778521 76.3024856013 1.72059149036 3.21776850754 1.68357863287 0
1503 10.8100919724 34.814043 79.320098 1.7000185 31.6408606916 78.1814941826 1.73355743657 3.37127640743 1.92163951462 0
1506 10.8927879333 34.580736 81.372215 1.6970036 31.2260287863 80.7085364519 1.73446709191 3.4197265541 2.14649997202 0
1509 10.8404948711 34.345965 83.441951 1.6955247 30.6958169593 83.1177700476 1.71484290487 3.66451552173 1.10685160685 0
1512 10.796890974 34.142398 85.698773 1.7034669 30.1430169395 85.2746793735 1.7351336095 4.02180360922 1.81436880563 0
1515 10.856637001 33.910208 87.748137 1.7016389 30.6504972002 86.9967852138 1.68773429617 3.34518220804 -0.796675115143 0
1518 10.8452019691 33.670818 89.737713 1.6967853 30.4826298309 89.8015709833 1.69602115822 3.1888276284 -0.0437820989651 0
1521 10.8246340752 33.472926 91.900649 1.7056804 30.2624280734 91.9651921979 1.68496921667 3.2111466427 -1.1866633937 0
1524 10.8501160145 33.217902 94.036516 1.7078464 29.7184613475 93.644501763 1.69585333545 3.52132930043 -0.687151982188 0
1527 10.8574240208 33.034075 96.178482 1.7177188 28.5433500643 95.9671343206 1.71358672916 4.49569552902 -0.236750219679 0
1530 10.8692660332 32.713254 98.174723 1.7080491 28.4977130581 97.116184417 1.71766740243 4.34641109014 0.55108813527 0
1533 10.8856110573 32.45653 100.24821 1.7068362 27.9442905808 99.4376247513 1.7134708367 4.5844686739 0.380136681445 0
1536 10.827988863 32.217075 102.39435 1.7082962 27.7428328383 101.950714185 1.70829261141 4.49618234257 -0.000205610978877 0
1539 10.8581261635 31.955228 104.48204 1.7110577 27.8426055574 103.610761853 1.69853888352 4.2039016359 -0.717275349037 0
1542 10.9009900093 31.741377 106.6002 1.7198575 27.9866868889 105.693785677 1.69152977423 3.86254899724 -1.62305912972 0
1545 10.8760330677 31.439656 108.68741 1.7105287 27.3090282903 108.054539904 1.69314447064 4.17882876351 -0.996042972434 0
1548 10.7214090824 31.216018 110.75498 1.7177022 27.0552456139 110.255157941 1.70082562244 4.19068597486 -0.966956666533 0
1551 10.7767720222 30.916985 112.90957 1.719675 27.432028165 112.603141373 1.69022001171 3.49840287062 -1.68764651436 0
1554 10.7796418667 30.668641 114.94646 1.716506 27.2525100533 114.478181109 1.68281056322 3.44807711122 -1.93060631625 0
1557 10.8581209183 30.419865 117.12266 1.716223 26.5844514805 115.822999994 1.68582240446 4.04963121742 -1.7418258193 0
1560 10.8456330299 30.132888 119.21343 1.725557 26.1610779607 117.665513652 1.70756454953 4.26278312942 -1.0308914749 0
1563 10.8709170818 29.88258 121.34383 1.72867 26.0104135886 120.040680883 1.71338440891 4.08556854543 -0.875799856954 0
1566 10.8342938423 29.981486 120.5055 1.7055843 25.9328247882 119.751521869 1.7043109208 4.11826913035 -0.0729592536815 0
1569 10.7213129997 30.170653 118.4575 1.6900862 27.1470193306 117.802987301 1.70073144622 3.09366246386 0.609927680128 0
1572 10.7574250698 30.502618 115.6086 1.6745202 27.7110338475 114.418351215 1.71958610079 3.03473792147 2.58208591512 0
1575 10.7866609097 30.699806 113.48782 1.6738205 27.5745873912 112.307726752 1.69359528975 3.34060045915 1.13301199337 0
1578 10.7575550079 30.8492 111.36091 1.6697397 28.3187185065 110.979443025 1.70778552525 2.55907280902 2.17986521519 0
1581 10.7033848763 30.973164 109.37107 1.6787837 27.8971443047 108.971158947 1.69238062903 3.1019068355 0.779046647767 0
1584 10.8345410824 31.204408 107.09871 1.665475 27.2552507468 107.543036309 1.68501294302 3.97407459407 1.11944167544 0
1587 10.8695571423 31.322843 104.96751 1.6587885 27.7341139044 105.122219582 1.6763453789 3.59206230124 1.00593506234 0
1590 10.8578419685 31.457099 102.91722 1.6541397 28.3959165843 102.842703248 1.70361482033 3.06208924239 2.83471558576 0
1593 10.8494758606 31.546684 101.34427 1.631357 28.8162169652 101.871900923 1.68367715624 2.78097907562 2.99772413579 0
1596 10.876760006 31.536552 101.09899 1.5279681 28.5831053773 101.884932469 1.59068192633 3.05623175137 3.59323756598 0
1599 10.8525061607 31.522716 100.84711 1.3818466 29.1361888796 101.795870132 1.46480992564 2.56820121565 4.75344841382 0
1602 10.8573579788 31.33472 100.81397 1.2437751 28.9782552469 102.217062699 1.34619169299 2.74255268933 5.86803853035 0
1605 10.7917561531 31.335612 100.76499 1.1262837 28.2275871362 101.799839168 1.20548238761 3.27577950327 4.53775054318 0
1608 10.8263878822 30.238332 99.003137 0.9296569 28.2705013235 100.687984935 1.01938184633 2.59057332148 5.14086074184 0
1611 10.7969090939 28.772289 97.32743 0.78863198 26.1705465904 98.6726775074 0.855420026043 2.92895107877 3.8266731602 0
1614 10.8482670784 27.005154 95.945316 0.6582802 24.5079315395 97.4492814238 0.72797758856 2.91513842094 3.99336620759 0
1617 10.7549681664 26.209553 95.323497 0.64585939 23.6678216157 95.7179029352 0.669648184028 2.57214977633 1.3629974975 0
1620 10.8419480324 26.225548 95.299359 0.74214735 23.9636103724 95.2189428726 0.795965161935 2.26336664832 3.08353348648 0
1623 10.8042089939 26.287241 95.304851 0.87876564 24.5803671186 94.566554001 0.973442979157 1.85970452112 5.4246119492 0
1626 10.7815411091 26.503119 95.525486 1.0159202 23.880453013 94.8061126828 1.07280028556 2.71953577824 3.25898884092 0
1629 10.7429890633 26.584147 95.637624 1.1414331 23.6171163177 94.7527805018 1.22526799391 3.09616199288 4.80338559689 0
1632 10.8635411263 26.62792 95.717086 1.2595284 24.3272775296 95.7946589481 1.28042841007 2.30194989929 1.19748236903 0
1635 10.8503808975 26.756174 95.797181 1.3910555 23.7282012897 95.9032414047 1.44794682531 3.02982962294 3.25963283124 0
1638 10.7569382191 26.381693 93.77201 1.3952992 23.6574765589 93.9700843262 1.51472448202 2.73140781591 6.84256462672 0
1641 10.8569409847 26.011804 91.856332 1.39866 23.4841783079 92.093415878 1.49306431995 2.53872022964 5.40896910116 0
1644 10.8892378807 25.609249 89.727224 1.3968171 23.2273258897 90.1797540239 1.48779208344 2.42452905237 5.21248259241 0
1647 10.8443048 25.2462 87.568251 1.3940659 22.9039532228 87.5175085598 1.46521783366 2.34279635486 4.07670550315 0
1650 10.7178180218 24.820481 85.505592 1.4017015 22.6065162641 85.404199319 1.48133228244 2.21628525407 4.56250775287 0
1653 10.7943840027 24.493958 83.448062 1.398475 21.2283246077 84.2403147073 1.44339982656 3.36036096352 2.57400295753 0
1656 10.8107659817 24.080092 81.345956 1.3962744 21.2265536924 81.5908237466 1.45970408569 2.86402532924 3.63425328587 0
1659 10.7026381493 23.622432 79.208855 1.3888608 20.3885703856 78.9529262563 1.44372840927 3.24397294423 3.14368244329 0
1662 10.7843308449 23.236261 77.182266 1.3737053 19.9209017751 77.4729283873 1.43034970767 3.32807623317 3.24548549249 0
1665 10.7396700382 22.741503 75.111069 1.3685019 19.6469048736 75.4367026814 1.41345262343 3.11168360513 2.57548673851 0
1668 10.7935059071 22.23837 73.007777 1.3690406 18.9236901065 72.699803818 1.42209285792 3.3289563345 3.03967047265 0
1671 10.7876989841 21.796618 70.8705 1.3677106 18.9971937473 71.4705753396 1.42572705538 2.86301703803 3.32409803565 0
1674 10.8162548542 21.306705 68.900927 1.3588762 19.5074039978 69.2233768125 1.46292827786 1.82796552981 5.96174491078 0
1677 10.8413259983 20.800373 66.796896 1.3509317 19.9229796786 66.8011500546 1.4829695818 0.877403634295 7.56521336317 0
1680 10.7335109711 20.180988 64.758154 1.3339286 20.0525958193 65.3255581266 1.47376740219 0.581749082458 8.01217317766 0
1683 10.7635428905 19.716632 62.635567 1.3210663 18.3009411863 63.3898109488 1.43729179777 1.60407743404 6.65923049375 0
1686 10.7279148102 19.127208 60.642471 1.320188 17.3549473152 60.6701248883 1.42469415425 1.77247642367 5.98776157183 0
1689 10.829927206 18.573484 58.538556 1.3117791 17.0365135979 58.6626311987 1.41321543844 1.54197038621 5.81187408198 0
1692 10.7777590752 18.03732 56.562177 1.3046299 16.495874822 56.6287917766 1.38787366704 1.54288391177 4.76951652226 0
1695 10.7826550007 17.470308 54.449011 1.30616 16.1921625797 54.5728752797 1.40613523775 1.28413319994 5.72815917862 0
1698 10.7822589874 16.865167 52.414515 1.2995721 15.2423909008 52.0876017937 1.40009036796 1.65537745316 5.75927251827 0
1701 10.8459019661 16.322269 50.452679 1.2871313 15.1473447799 50.9868072448 1.39037769625 1.29063546549 5.91558275494 0
1704 10.8422939777 15.679585 48.421133 1.2791916 14.3434132268 48.5618233495 1.38189694358 1.34355825405 5.88458272039 0
1707 10.814977169 15.049517 46.343459 1.2810584 13.7132752576 46.0886359697 1.36438880375 1.36032230402 4.77448044005 0
1710 10.8348388672 14.370513 44.264129 1.2685694 13.5799749026 44.7310144925 1.37129384752 0.918113580462 5.88567729568 0
1713 10.7764379978 13.728985 42.398373 1.2622613 13.4211424987 42.5936982739 1.39468008282 0.364580537394 7.58703738375 0
1716 10.7842381001 13.116178 40.310007 1.2578142 12.8682550441 40.1253764688 1.37765411296 0.309118464512 6.86632122987 0
1719 10.8957259655 12.482531 38.460523 1.239848 12.6523364378 38.8592819871 1.36420336301 0.433408140764 7.12503746006 0
1722 10.7831428051 12.331027 38.238303 1.1567887 10.9185111462 38.2110070125 1.26114199126 1.41277956815 5.97900316751 0
1725 10.8398859501 12.263795 38.100898 1.043782 11.100338299 37.7913545411 1.12411518297 1.20393049965 4.60275233904 0
1728 10.8609158993 12.231882 38.075858 0.90529637 11.1226358192 37.6004661471 1.01379295778 1.20682413943 6.21639657141 0
1731 10.9098351002 12.170047 37.918491 0.7605547 10.9275622509 37.9035309016 0.891376264708 1.24257480915 7.49552352707 0
1734 10.855754137 11.9457 37.868652 0.60051086 11.8710428733 37.6774761635 0.771342668793 0.205236173791 9.78794165045 0
1737 10.8548250198 11.861848 37.85602 0.47073445 11.9339734817 37.7765916393 0.646146977328 0.107289093514 10.0503974896 0
1740 10.8776988983 11.68598 37.868337 0.32347919 11.4955398922 37.5328219078 0.489827257466 0.385795038544 9.53104219597 0
1743 10.846807003 11.634663 37.834152 0.18688423 12.147935648 37.339599395 0.201927759307 0.712762997304 0.86193073827 0
1746 10.8528499603 11.546787 37.799316 0.059161186 11.8396877214 37.9026658808 0.0316213663703 0.310599469478 -1.57791543334 0
1749 11.0255138874 11.461332 37.784444 -0.088384018 11.4082570185 37.1576489255 0.0556979986619 0.629038169779 8.25529145846 0
1752 10.9344830513 11.353119 37.809133 -0.22428348 11.7070118785 37.3183240989 -0.103044807683 0.605089701523 6.94646423753 0
1755 10.8462648392 11.259101 37.929753 -0.36642208 13.3573845068 38.1064656929 -0.28819362435 2.10571153072 4.48216034658 0
1758 10.9384160042 11.22919 38.083377 -0.50941267 13.3569145962 36.9979976233 -0.299300153777 2.38856868202 12.0385604025 0
1761 10.7806839943 11.185129 38.110347 -0.64618684 11.6646767193 37.4161689085 -0.453958468604 0.843711584446 11.0138743836 0
1764 10.8345439434 11.588805 37.741111 -0.76036767 11.6477331593 37.9571463378 -0.697307401401 0.223928102571 3.61308724567 0
1767 10.8215198517 13.063467 36.224873 -0.77289998 12.7495850736 36.3348285409 -0.705667480657 0.332583951333 3.85213845845 0
1770 10.9470329285 14.493375 34.807156 -0.77803694 14.3369213023 35.1281168966 -0.710922174901 0.35706253884 3.84539278321 0
1773 10.8364169598 15.892318 33.28564 -0.77023756 15.7522565074 33.7799427844 -0.754272247143 0.513763043011 0.914745045304 0
1776 10.8585021496 17.405154 31.857105 -0.77891679 17.4430331427 31.9902014003 -0.727974407267 0.138381650563 2.91878352895 0
1779 10.8345088959 19.008966 30.381332 -0.78385491 18.8775611167 30.7791063063 -0.775509255384 0.418917225795 0.478170786753 0
1782 10.9518768787 20.517371 28.856906 -0.78454873 19.9407931285 29.0374017684 -0.747693597354 0.604169483116 2.11164355404 0
1785 10.8566091061 22.037399 27.308602 -0.78653789 22.1323852124 27.7328974346 -0.775376951848 0.434797649929 0.639474651523 0
1788 10.8524930477 23.470866 25.802264 -0.78746834 23.9581854933 25.7640326185 -0.770558043345 0.488816864586 0.968888628645 0
1791 10.9511229992 25.030138 24.239515 -0.79252133 24.9523739162 24.448453575 -0.779925828748 0.222940756373 0.72166906258 0
1794 10.8737831116 26.508975 22.80392 -0.79210599 26.281851276 23.1933571977 -0.771042877308 0.45082870021 1.20682746065 0
1797 10.9629588127 27.961008 21.312251 -0.79564812 28.2178373866 21.7025329929 -0.777044126479 0.467205915886 1.06593031085 0
1800 10.8874361515 29.36401 19.750057 -0.78815021 29.1088119951 20.1250608068 -0.793176575043 0.453601010567 -0.287989503266 0
1803 10.9235839844 31.016391 18.179875 -0.79578372 30.7757214549 18.8964447039 -0.768310924623 0.755906059307 1.57407522655 0
1806 10.9514820576 32.405165 16.663972 -0.79079715 32.3753947977 17.5508694515 -0.770568498419 0.887396954288 1.15901636081 0
1809 10.7933211327 33.875627 15.226881 -0.79213801 33.661045791 15.6001742124 -0.78943692918 0.430572778603 0.154760531128 0
1812 10.8230822086 34.400964 14.714584 -0.72873329 33.8847469214 14.8512170136 -0.735861002716 0.533993120367 -0.408387856207 0
1815 10.7617468834 34.541831 14.529671 -0.59347242 33.6189303428 14.4434430848 -0.647404680666 0.926920102452 -3.09009091574 0
1818 10.8569891453 34.648846 14.435796 -0.47955783 34.1018235911 15.1693222145 -0.503000159255 0.915037826156 -1.34314652825 0
1821 10.8125100136 34.668797 14.324629 -0.34405458 33.6381752885 14.7156881238 -0.362609242646 1.10231953194 -1.06310385993 0
1824 10.8389489651 34.864126 14.20779 -0.22615765 34.5734829992 15.1963366602 -0.245788051129 1.0303872346 -1.12473913482 0
1827 10.8528769016 35.017605 14.088235 -0.094353638 34.8977903211 14.9527398498 -0.116589098536 0.872768120807 -1.27399804425 0
1830 10.8604979515 36.599142 14.0692 -0.022879679 36.8696018167 15.0059127793 -0.0585619058681 0.974976586099 -2.04444100317 0
1833 10.8595318794 38.63985 14.009333 -0.014813302 38.3625578315 14.6449994491 -0.035893810324 0.693514802487 -1.20782415695 0
1836 10.8559169769 40.768535 13.925491 -0.0089087199 40.0109630642 14.5390101789 -0.0343590085948 0.974844100742 -1.4581941296 0
1839 10.823857069 42.905865 13.952369 -0.011506708 41.9039373278 15.259161494 -0.0261293259487 1.64668323688 -0.837814293891 0
1842 10.8627278805 45.04117 13.838962 -0.010052037 44.9127270433 14.931954198 -0.00852142312373 1.10051330657 0.0876977151742 0
1845 10.8934469223 47.095509 13.764363 -0.008210261 46.1450914248 15.1412583106 -0.0195855244336 1.67306134485 -0.651754585596 0
1848 10.8653578758 49.256947 13.750747 -0.012245698 48.4598620081 15.1461074251 0.00123288300144 1.60697703786 0.772265805208 0
1851 10.7271509171 51.347189 13.680192 -0.017629817 50.9657888551 14.695809275 0.0122831196565 1.08487073875 1.71388502326 0
1854 10.84085989 53.510554 13.649042 -0.0075411209 52.5147206666 15.0154868042 0.00714495881125 1.69081501969 0.841450385047 0
1857 10.8775060177 55.608657 13.581194 -0.0077936973 54.6430932526 14.8714472614 0.0120344942167 1.61154175518 1.13607168929 0
1860 10.7608249187 57.666716 13.591636 -0.01411162 56.9052517508 14.7544173671 0.0160070987728 1.38992385057 1.72567547002 0
1863 10.7708969116 59.905766 13.533857 -0.012519778 58.9441160669 14.9025141215 -0.00521636536662 1.67272021275 0.418454719935 0
1866 10.8507549763 62.027534 13.447994 -0.021676244 60.8340353676 15.2738147209 0.00816001220138 2.18129784537 1.70949155681 0
1869 10.8367540836 64.181261 13.371995 -0.025327169 63.0708797119 15.0392011756 -0.000370697636061 2.00312831261 1.42990048069 0
1872 10.8918399811 66.241252 13.310079 -0.024907545 65.5368107834 15.1098652083 -0.00986266404741 1.93273583892 0.86200818186 0
1875 10.9252860546 68.444119 13.24669 -0.026304862 66.85896912 15.0139341026 0.00428614261112 2.37399491583 1.75273545528 0
1878 10.9763040543 70.49734 13.123327 -0.017605166 69.2832417031 15.0716193241 -0.00286726626894 2.29562140928 0.844419453477 0
1881 10.989027977 72.634932 13.039101 -0.019360635 71.9657244862 15.0610915963 0.000307198807655 2.12985555101 1.12688386934 0
1884 10.9001801014 74.720419 12.994859 -0.019347658 73.7076350862 14.9697284066 0.00748207501835 2.21942344521 1.53723046741 0
1887 10.8927600384 76.914825 12.90632 -0.036038761 75.8837374013 14.6424313892 -4.66627497656e-05 2.01921380542 2.06219532556 0
1890 10.9005401134 79.004774 12.78569 -0.032634565 77.8062657663 15.1892344529 0.00104990167156 2.6857862765 1.92997777543 0
1893 10.7448978424 81.177999 12.691712 -0.029848436 80.6538745269 14.8280315546 -0.00544203311304 2.19967445382 1.39838387852 0
1896 10.8122041225 83.222919 12.597068 -0.02122413 82.0900238143 14.93484867 0.00321422533599 2.59782023299 1.40021461899 0
1899 10.8457620144 85.390174 12.538762 -0.021700441 84.1806547274 14.855848213 0.00644756482412 2.61377607866 1.61276193543 0
1902 11.8681919575 87.449986 12.512039 -0.030894579 86.7568815289 14.9065308519 0.00975256021637 2.49278660066 2.32890952638 0
1905 10.8452680111 89.572355 12.414566 -0.034322832 88.3839478821 14.8823692398 0.00959109530049 2.73904441515 2.51608269616 0
1908 10.9630489349 91.713838 12.339838 -0.030338307 90.3650066647 14.854920537 0.00900001250691 2.85394221021 2.25391968088 0
1911 10.9522659779 93.866625 12.234111 -0.027880568 92.7556741969 14.7003641474 0.0133549372064 2.70492444885 2.36262041442 0
1914 10.9198670387 96.027017 12.118277 -0.016096141 94.8550453376 15.0253600335 -0.00631435847518 3.13442966762 0.560454854787 0
1917 10.9676451683 98.003729 12.063433 -0.023465033 97.1840659274 14.8475766092 0.0144877394352 2.90229274695 2.17453368135 0
1920 10.9312751293 100.1865 11.996018 -0.023536261 99.0345418266 14.9323045838 0.0123890571365 3.15416970622 2.05836910688 0
1923 10.8489470482 102.26857 11.921444 -0.023061579 101.86587835 15.0228328218 0.00838444741684 3.12742277103 1.80172459614 0
1926 10.9169690609 104.50291 11.810699 -0.022632517 104.147768974 15.0074241131 0.0128740702398 3.21639186001 2.03437759375 0
1929 10.8697040081 106.528 11.779433 -0.025937223 105.637456604 15.2875204912 0.0205171271265 3.61935704058 2.66163820227 0
1932 10.9410951138 108.61821 11.737233 -0.017267816 108.032064171 14.8352617205 0.00247528481465 3.15299046714 1.13119635118 0
1935 10.9443621635 110.65428 11.638117 -0.015586443 109.49093956 15.1195200788 -0.00457524241108 3.67063051492 0.630895321117 0
1938 10.9046568871 112.94226 11.558687 -0.011710616 111.290747079 15.2123137449 -0.000328234783766 4.00954901698 0.652162404499 0
1941 10.9781780243 114.89636 11.528856 -0.01668203 113.811687318 15.0465229474 0.000870903769372 3.68109977841 1.00570902306 0
1944 10.890239954 117.03777 11.494892 -0.018548407 116.368607042 15.1958814016 -0.00131793641798 3.76099742303 0.987233243374 0
1947 10.8687717915 119.07747 11.406331 -0.016261061 118.22166695 15.0361604445 0.0167698888043 3.72935123796 1.8925340171 0
1950 10.9635629654 121.291 11.334615 -0.012126455 120.093350573 14.8316973044 0.0107337700309 3.69647789049 1.30979441299 0
1953 10.7373039722 123.43737 11.229443 0.0013807468 122.864681837 14.9565703092 -0.00282093194559 3.77086856183 -0.240738458992 0
1956 10.7842020988 125.58554 11.258252 -0.0049853053 124.507369459 15.2814340309 0.00646868640798 4.16514650038 0.656265383445 0
1959 10.8002359867 127.50849 11.183265 -0.012828209 126.603581238 15.0236513859 0.00257546369121 3.94555794039 0.882565434207 0
1962 10.8486030102 130.28779 11.390648 -0.01314096 128.755133162 15.2263382436 -0.00529900731193 4.13056371805 0.449310792168 0
1965 10.9488139153 132.78769 11.256475 0.0084755214 131.156882127 14.4695655767 -0.001075615153 3.60326038095 -0.54723981404 0
1968 10.8833551407 125.9239 10.596074 0.27888777 132.758893838 14.7835336584 0.00592284445284 8.01573197897 -15.639738189 0
1971 10.8490540981 93.936275 13.265891 0.84250578 133.218377161 15.0615626882 -0.00276778462696 39.323122803 -48.4306077871 0
1974 10.8989350796 59.212281 6.4432491 1.3602712 133.399935078 15.4729998132 0.0394706776362 74.735161842 -75.6762955101 0
1977 10.9490430355 41.747696 3.5851691 1.5088422 139.030106426 12.68953919 -0.0699704316057 97.7075070451 -90.4593004329 0
1980 10.8154981136 40.889782 2.6549702 1.6071612 139.31412375 12.0031836818 -0.0426770663728 98.867285511 -94.5287695423 0
1983 10.7711150646 40.408125 3.8011614 1.6070032 36.8571923088 92.3711264733 1.93030336364 88.6411182018 18.5237348924 0
1986 10.7468619347 40.388712 5.5337894 1.5172855 38.7952451585 89.8242689083 -1.46672967138 84.3055399859 -170.971475323 0
1989 10.8959131241 40.44034 7.6724587 1.5542124 58.6081969937 104.619663017 2.63941649792 98.6348389399 62.1776147214 0
1992 10.9115159512 40.554207 9.7439313 1.5604739 34.7242970178 95.8019775426 2.6851031484 86.2552906986 64.4365094505 0
1995 10.8129310608 40.580821 11.876658 1.5652859 35.5513174004 84.2795782474 -1.60382769225 72.5773984571 178.423166366 0
1998 11.0056698322 40.665042 14.024391 1.567666 34.6796941565 82.8674558561 -1.34380458909 69.1027638201 -166.814976931 0
2001 10.9699821472 40.771617 16.174621 1.5548315 54.3631252955 79.6838408952 -0.328426110584 64.94728716 -107.902712822 0
2004 10.9314520359 40.847233 18.25792 1.5551713 56.9905745837 79.7354893694 -0.306299467776 63.5617732057 -106.654418681 0
2007 10.9209229946 40.88758 20.352438 1.5597309 59.2025184278 78.8937895458 -0.3895815343 61.3394392738 -111.687375438 0
2010 10.9313490391 40.971014 22.508388 1.5678505 60.1909513597 77.4706384536 -0.336733359286 58.2258960174 -109.124616866 0
2013 10.8907060623 41.044823 24.54743 1.5705547 62.8259830081 76.0773810193 -0.39453905457 55.944211348 -112.591578484 0
2016 10.9552521706 41.105608 26.696222 1.5717508 64.2412158755 75.1650542207 -0.36765058114 53.7073928673 -111.119513921 0
2019 10.8704588413 41.160404 28.869777 1.5672714 65.2048132383 75.2272428047 -0.453352731827 52.2221050079 -115.773234736 0
2022 10.9706261158 41.204205 31.003136 1.5608691 69.3032970152 74.2412342395 -0.418102964281 51.5663854798 -113.386747058 0
2025 10.8442029953 41.244227 33.116661 1.5660557 38.9545040303 33.5636530813 1.61150170597 2.33294517699 2.60386433802 0
2028 10.9384820461 41.277887 35.228156 1.5643441 39.2056481651 35.3924098618 1.59235918035 2.07873834817 1.60514586693 0
2031 10.8392958641 41.31792 37.33529 1.5797774 38.8008514677 37.3334950913 1.60380178783 2.51706917227 1.37649602779 0
2034 10.9046390057 41.419072 39.474789 1.5713492 38.7975584085 39.1501920981 1.5670829549 2.64153301311 -0.244437838548 0
2037 10.9035129547 41.429937 41.518923 1.5745722 38.9249970906 41.4071989652 1.60981206187 2.5074302004 2.01909535589 0
2040 10.9088039398 41.494048 43.684079 1.5737379 39.1054824477 43.2532478562 1.6079709892 2.42710957148 1.96141153071 0
2043 10.9270479679 41.508319 45.798644 1.5762653 38.8830649776 45.7334426923 1.60123425899 2.62606357365 1.43061596893 0
2046 10.9036009312 41.512588 47.943477 1.5772604 39.0081230344 47.9082811363 1.58736195845 2.50471226148 0.578776665432 0
2049 10.9246959686 41.583607 50.107906 1.5744728 39.2552532503 50.1633484933 1.59392775468 2.32901375133 1.1146867937 0
2052 10.9118859768 41.632502 52.265699 1.5728612 39.0347908747 51.885324168 1.58381331023 2.62541198733 0.627509692663 0
2055 10.9007530212 41.660201 54.305408 1.5732479 38.8593417402 54.1439431435 1.59591056606 2.80550948905 1.29847511772 0
2058 10.9307467937 41.689009 56.508616 1.5685378 39.3262556507 57.0007913918 1.59348594003 2.41347053137 1.42942313031 0
2061 10.8076632023 41.794127 58.57462 1.5657057 39.1745235781 58.4557917332 1.61573249541 2.62229713136 2.86632423933 0
2064 10.7975239754 41.856016 60.76704 1.5641567 39.2139262906 60.4864715442 1.60713793108 2.65694499204 2.4626431391 0
2067 10.8186399937 41.858156 62.785084 1.5639758 39.031130178 62.9279272677 1.58612103449 2.83063229642 1.26882847262 0
2070 10.7647938728 41.958088 65.023529 1.5767642 38.9292312763 64.690651185 1.59430256526 3.04709381091 1.00487430912 0
2073 10.7864961624 41.99726 67.044355 1.5737097 38.9986126441 66.5119233792 1.59900242059 3.04554911233 1.44916614193 0
2076 10.9210619926 42.044947 69.102812 1.5759217 39.0331642653 68.9450337652 1.60281357384 3.01591266655 1.54079087408 0
2079 10.8986198902 42.097902 71.261122 1.5727544 38.6607131823 70.9611881931 1.59233119505 3.45025031804 1.12166773304 0
2082 10.9262061119 42.114798 73.459441 1.5684742 38.7011392416 72.9443032258 1.59669659856 3.45230836474 1.61702432537 0
2085 10.8470749855 42.172982 75.545483 1.5804547 39.054041439 75.240408238 1.58160784731 3.13382527169 0.0660704742281 0
2088 10.8966109753 42.213453 77.648417 1.5799022 38.7581951233 77.7609966249 1.58622119038 3.45709143155 0.362051479283 0
2091 10.8824851513 42.308345 79.80823 1.5843424 38.7661173992 79.9032923169 1.60287978202 3.54350295897 1.06211375307 0
2094 10.8100709915 42.259747 81.948131 1.5870316 38.766263364 82.4207491572 1.5804276095 3.52530790676 -0.378380783347 0
2097 10.8776171207 42.325886 84.065588 1.5841531 38.9525642434 83.9047960171 1.58745677349 3.37715171932 0.189286547603 0
2100 10.7726111412 42.338042 86.100283 1.5789413 38.2034389309 86.423099188 1.61081806085 4.14718613404 1.82640386134 0
