58.425211 99.52669 -0.076600623 2.5 2.5 0.523598775598 111.990212955 34.388892406 0.0
58.436309 99.5178 -0.082073852 66.5 98.5 1.91986217719 8.12767060008 114.702485328 0.118819314247
59.138497 99.506199 -0.079127672 61.5 110.5 4.71238898038 11.244570105 -85.4663183517 0.623816569689
60.588187 99.398001 -0.084356487 61.5 108.5 4.71238898038 9.14755643563 -85.1667293203 0.959258786731
62.026729 99.268445 -0.080345137 61.5 107.5 4.71238898038 8.24839021612 -85.3965627455 5.05324650713
63.612811 99.142137 -0.077882356 115.5 58.5 0.174532925199 65.9095113185 14.4623302973 2.53534981462
65.109709 99.045111 -0.075303117 116.5 57.5 0.174532925199 66.0829649537 14.3145507883 5.34196646518
66.576646 98.887554 -0.079079542 118.5 58.5 6.10865238198 65.7813743298 -5.46907599757 2.83230963122
68.114632 98.811042 -0.080004433 119.5 58.5 6.10865238198 65.3103066263 -5.41608364676 5.34564649288
69.601579 98.673025 -0.074381156 74.5 25.5 4.71238898038 73.3367991935 -85.7382736859 2.75844647106
71.154315 98.514904 -0.080273853 68.5 99.5 6.10865238198 2.83121921589 -5.40064701785 5.89150539587
72.642873 98.438251 -0.077397051 70.5 98.5 6.10865238198 2.14376249457 -5.56547563094 2.61724768119
74.179887 98.27586 -0.078945335 71.5 98.5 6.10865238198 2.68924395925 -5.47676549225 4.67335801822
75.689674 98.17429 -0.079512997 73.5 99.5 6.10865238198 2.55972249089 -5.44424085546 2.72123251975
77.259307 98.055637 -0.072379503 74.5 99.5 6.10865238198 3.114475814 -5.85295995485 5.30577841257
78.667542 97.976243 -0.066300397 76.5 99.5 6.10865238198 2.64954217117 -6.20126707186 3.66939885123
80.25432 97.827625 -0.077582567 77.5 99.5 6.10865238198 3.22228440753 -5.55484634711 4.4267508302
81.813353 97.68277 -0.074716444 79.5 99.5 6.10865238198 2.94175576408 -5.71906309857 3.36606150653
82.622729 97.654646 -0.085105116 79.5 99.5 6.10865238198 3.6272259087 -5.12383603823 3.03016744033
81.436592 97.754867 -0.094486992 79.5 99.5 6.10865238198 2.60689043923 -4.58629413951 4.18649838781
79.890684 97.897701 -0.093381766 77.5 100.5 6.10865238198 3.53374165344 -4.64961892472 2.91532398078
78.411812 98.037468 -0.097953665 76.5 100.5 6.10865238198 3.1175453444 -4.38766840766 3.61103952096
76.931086 98.162597 -0.096433306 74.5 100.5 6.10865238198 3.3724815676 -4.47477856171 2.66502740762
75.443161 98.337547 -0.10164342 73.5 100.5 6.10865238198 2.9072457153 -4.17626101872 2.94151948583
73.912871 98.553041 -0.10292365 71.5 100.5 6.10865238198 3.10041865082 -4.10290924292 3.75780596956
72.413468 98.668417 -0.11145399 70.5 100.5 6.10865238198 2.64878388566 -3.61415676311 4.16368203075
70.926618 98.82512 -0.11572496 68.5 100.5 6.10865238198 2.9485077467 -3.36944820768 3.36712472608
69.460294 99.048845 -0.12091472 67.5 100.5 6.10865238198 2.43897589173 -3.07209686299 2.53373996417
67.984026 99.205817 -0.12024712 65.5 96.5 0.174532925199 3.67312275947 16.8896524746 3.03707233629
66.409271 99.378533 -0.12589377 64.5 96.5 0.174532925199 3.45416675676 17.213181688 2.88320622363
64.97003 99.579245 -0.12534264 62.5 96.5 0.174532925199 3.94750528447 17.181604265 2.90377323929
63.450289 99.830398 -0.13542326 61.5 101.5 6.10865238198 2.56733286154 -2.2408187541 2.70770516435
62.015499 100.01094 -0.13023941 59.5 100.5 6.10865238198 2.56259924737 -2.53783148073 6.31832848946
60.420275 100.24313 -0.1356293 58.5 96.5 0.174532925199 4.20695593898 17.7709864683 2.57029134602
58.989222 100.44438 -0.14088208 56.5 96.5 0.174532925199 4.66415691735 18.071948593 2.68877963855
58.528509 100.58832 -0.24160345 56.5 96.5 0.174532925199 4.56390284575 23.8428580008 2.4732478513
58.390768 100.67023 -0.3827913 56.5 97.5 6.10865238198 3.69125478431 11.9323259243 2.08248748163
58.26024 100.80046 -0.53685502 56.5 97.5 6.10865238198 3.74051882353 20.7595268564 1.70935205116
58.2435 100.85046 -0.70040996 56.5 97.5 6.10865238198 3.77695306585 30.1305346369 2.06444909543
58.129433 100.95873 -0.85888639 56.5 97.5 5.75958653158 3.82333167727 19.2105652282 1.6811917048
58.21235 101.09089 -1.0276822 56.5 98.5 5.75958653158 3.10561644679 28.8818527407 1.13402315889
58.152327 101.12822 -1.1869287 56.5 99.5 5.7