31.520043 41.394881 -0.0070850614 2.5 2.5 5.29416539772 48.5280811873 -56.2607225509 0.0
31.529937 41.402987 -0.0081764059 10.5 137.5 0.0581776417331 98.3712059383 3.80180688299 0.294186824019
31.522543 41.401068 -0.0068718684 110.5 36.5 3.19977029532 79.1293825436 -176.27293761 0.497864070152
31.528168 41.375423 -0.0049451513 110.5 36.5 3.19977029532 79.122183987 -176.383330368 0.639600552934
31.523843 41.397689 -0.0081913964 110.5 36.5 3.19977029532 79.1278758215 -176.197334225 0.747710369578
31.52518 41.394772 -0.0077822512 110.5 36.5 3.19977029532 79.1263608854 -176.220776518 0.833767263233
31.646202 41.400982 -0.0069641742 110.5 36.5 3.19977029532 79.0059560007 -176.267648877 0.850760048478
32.968315 41.348607 -0.0066445448 60.5 84.5 3.19977029532 51.186291102 -176.285962293 0.703471602583
34.520488 41.363888 -0.010157874 59.5 84.5 3.19977029532 49.8467669788 -176.084663358 2.9808212079
35.981317 41.339656 -0.012968194 130.5 89.5 0.0581776417331 106.081101853 4.07635611744 1.0125416031
37.47125 41.3168 -0.01805047 42.5 42.5 3.19977029532 5.16607092504 -175.632450917 1.2521152741
39.051821 41.275587 -0.019803098 40.5 42.5 3.19977029532 1.8964202094 -175.53203273 1.56572553219
40.609584 41.247017 -0.013659721 62.5 90.5 6.22500766545 53.8984846452 -2.55068897071 1.8067909294
42.081473 41.279186 -0.014178183 85.5 111.5 6.22500766545 82.5598643753 -2.52098328627 1.84075124544
43.552295 41.213208 -0.0092852628 41.5 42.5 6.22500766545 2.42234357974 -2.80132696322 0.770906278563
45.079977 41.189892 -0.010404952 43.5 42.5 6.22500766545 2.0524888044 -2.7371734977 1.14496437124
46.640834 41.096545 -0.012029947 44.5 41.5 6.22500766545 2.17851925688 -2.64406814247 1.43562400406
48.21014 41.103056 -0.013219293 46.5 42.5 6.22500766545 2.20817376099 -2.57592363629 1.6862836718
49.69993 40.993437 -0.019411138 47.5 42.5 6.22500766545 2.66635032917 -2.22115705039 2.6991917137
51.221815 41.026894 -0.026800957 49.5 42.5 6.22500766545 2.26598503558 -1.79775161032 1.79235394105
52.707826 40.957156 -0.02058299 50.5 42.5 6.22500766545 2.69348533588 -2.15401487657 2.36271166414
54.31159 40.951842 -0.027308534 52.5 42.5 6.22500766545 2.38299213617 -1.76866959044 2.84874051116
55.778879 40.909196 -0.015002614 53.5 42.5 6.22500766545 2.77919896068 -2.47374686947 2.17565408202
57.331901 40.836464 -0.018380323 55.5 42.5 6.22500766545 2.47451273933 -2.28021839935 2.50002511454
58.848313 40.76075 -0.022921269 56.5 42.5 0.0581776417331 2.92225332722 4.64662530812 1.65006652275
60.388876 40.75568 -0.012358794 58.5 41.5 6.22500766545 2.03023762298 -2.62522659726 1.77178024438
61.86858 40.735896 -0.015077049 59.5 41.5 6.22500766545 2.48878005039 -2.46948205812 1.6503058047
63.333062 40.668539 -0.013920495 61.5 42.5 6.22500766545 2.59120931041 -2.5357477211 2.43603481529
64.876385 40.58717 -0.032109511 63.5 42.5 6.22500766545 2.35655559602 -1.4935938708 1.32439206291
66.44697 40.579857 -0.020157695 64.5 41.5 0.0581776417331 2.15345195473 4.48828418155 1.37216757259
67.930314 40.55804 -0.02084507 66.5 41.5 6.22500766545 1.71262569763 -2.13899879868 1.27895880332
69.414343 40.447992 -0.021831497 67.5 41.5 0.0581776417331 2.18436030767 4.58418597189 1.91304632125
70.999462 40.351868 -0.031419309 70.5 41.5 6.22500766545 1.25206604413 -1.53313953242 0.60394170765
72.481812 40.325422 -0.028226015 71.5 41.5 6.22500766545 1.53087827126 -1.71610180136 1.00113835218
74.028193 40.279112 -0.026102315 73.5 41.5 6.22500766545 1.33024635079 -1.83778084831 1.22789264379
75.500101 40.224463 -0.026983514 74.5 42.5 0.0581776417331 2.48561273101 4.87937480197 1.13040661652
77.104162 40.159206 -0.035689283 76.5 42.5 6.22500766545 2.41750455484 -1.28848804359 1.14938940229
78.584191 40.097894 -0.03659834 77.5 42.5 6.22500766545 2.63544746859 -1.23640291415 1.27336282955
80.1084 40.071744 -0.024096447 79.5 42.5 6.22500766545 2.50331335664 -1.95270861897 1.54333986482
80.881063 40.047709 -0.06972902 79.5 41.5 6.22500766545 2.00411680265 0.66184522225 1.01965303052
80.819811 40.085383 -0.20196514 79.5 41.5 6.10865238198 1.934694377 1.57175013077 1.65088328026
80.673305 40.189426 -0.34415967 79.5 41.5 5.99229709851 1.75904770615 3.05222990295 1.73242084721
80.559381 40.228255 -0.49611957 79.5 41.5 5.75958653158 1.65518079018 -1.57444250515 2.18996664099
80.474435 40.358509 -0.64523249 79.5 41.5 5.64323124811 1.50084152138 0.30243181505 2.66778260014
80.446897 40.445937 -0.81868337 79.5 42.5 5.41052068118 2.26181094183 -3.09289814145 3.12066227558
80.377523 40.602704 -0.97166139 79.5 42.5 5.29416539772 2.09040157079 -0.994569903852 3.50500577731
80.303277 40.677658 -1.1291983 79.5 42.5 5.17781011425 1.99152813279 1.36496349001 3.47414762125
80.24067 40.836497 -1.2914427 79.5 42.5 5.06145483078 1.82094323907 3.99421619298 3.02548357886
80.334643 40.99259 -1.4510482 79.5 42.5 5.06145483078 1.72305363978 13.1389377301 2.44435609118
80.305505 41.173119 -1.6076845 79.5 42.5 4.82874426385 1.55224079742 8.78020330527 1.06711621213
80.260339 41.240273 -1.7630876 79.5 42.5 4.71238898038 1.47140324502 11.0174783918 0.83739301026
80.351916 41.337649 -1.9138236 79.5 42.5 4.47967841345 1.44111787105 6.3206816792 0.642033817235
80.458888 41.424429 -2.0695544 79.5 42.5 4.36332312999 1.44094384783 8.57673259273 0.447336854783
80.580246 41.530351 -2.2462491 78.5 42.5 4.24696784652 2.29513455024 12.0339264984 0.328158018776
80.700832 41.575869 -2.3973477 79.5 41.5 3.89790199612 1.20322632841 0.691238568728 0.424118697937
80.863789 41.557834 -2.56541 78.5 42.5 3.89790199612 2.54463655717 10.320499054 0.28971375223
80.910142 41.637692 -2.7112414 78.5 42.5 3.78154671265 2.55975771256 12.0093561278 0.250913769226
81.000304 41.730578 -2.863125 79.5 42.5 3.54883614572 1.68609676665 7.37831205173 1.01294962853
81.313486 41.614906 -3.0334876 79.5 42.5 3.43248086226 2.01795016317 10.4727033519 1.5551448267
81.419836 41.643078 3.1037871 79.5 42.5 3.19977029532 2.10239995742 5.49943199618 1.05764653284
81.472606 41.653948 2.9566422 79.5 42.5 3.08341501186 2.14638729449 7.26354707639 1.06351378013
81.600227 41.551467 2.7956666 79.5 42.5 2.96705972839 2.30448872933 9.82010289431 1.01082275079
81.705618 41.391179 2.6371497 79.5 42.5 2.73434916146 2.46865039484 5.56911891248 0.904058823281
81.817002 41.340993 2.4823985 79.5 42.5 2.61799387799 2.59071331761 7.76904288039 0.853877514889
81.903012 41.262396 2.332631 79.5 42.5 2.50163859453 2.70298544816 9.68342187195 0.878972313524
81.909487 41.089487 2.1583794 79.5 43.5 2.38528331106 3.40825476253 13.0006364587 0.822049976776
81.924053 40.998223 1.9975831 79.5 42.5 2.15257274413 2.85155520805 8.88025247667 1.23910424515
81.960862 40.844259 1.8446809 79.5 42.5 2.03621746066 2.96602765363 10.9742365483 1.18943519693
81.927588 40.703608 1.6857979 79.5 42.5 1.80350689373 3.01996816463 6.74422855132 1.06312214235
81.924928 40.686406 1.5459903 79.5 42.5 1.68715161026 3.02810155081 8.0879473085 1.15533307031
81.81851 40.588718 1.3660151 79.5 43.5 1.57079632679 3.72170008244 11.7331000189 1.11276818528
81.824065 40.431016 1.2110526 79.5 42.5 1.33808575986 3.11158688075 7.27846391832 3.3297823294
82.277545 41.390368 1.1504821 79.5 43.5 1.2217304764 3.48787949942 4.08223126465 5.7121472698
82.927041 42.739254 1.1137092 81.5 45.5 1.2217304764 3.10775875708 6.18916323511 5.34667591121
83.677797 44.09726 1.084748 81.5 45.5 1.10537519293 2.5904592799 1.18185109808 2.76479245309
84.372874 45.412874 1.0478677 82.5 47.5 1.10537519293 2.8042382138 3.29493663525 4.13655994573
85.159381 46.677356 1.0274995 82.5 48.5 1.10537519293 3.22402519436 4.46194853153 6.32910862482
85.928298 47.908079 0.99952116 83.5 49.5 1.10537519293 2.9035915083 6.06498933131 3.52434265228
86.76373 49.194484 0.95689161 84.5 51.5 0.989019909463 3.23107993389 1.84081596219 3.3104382947
87.649962 50.387631 0.93226665 85.5 52.5 0.989019909463 3.0140403769 3.25172224087 2.46630615444
88.570925 51.559268 0.90792052 86.5 53.5 0.872664625997 2.8381633236 -2.02001392932 2.32291965049
89.47196 52.652014 0.8832857 87.5 54.5 0.872664625997 2.70253186804 -0.608542714259 1.96314230664
90.492516 53.754021 0.83763364 88.5 55.5 0.872664625997 2.64925700503 2.00712764982 3.55219445318
91.498687 54.898001 0.81217592 89.5 57.5 0.872664625997 3.28102857652 3.46574756185 4.95965913069
92.568948 55.94073 0.78340538 90.5 58.5 0.872664625997 3.29095863839 5.11417807816 5.59004477153
93.547241 56.960456 0.75288469 91.5 59.5 0.872664625997 3.26197477612 6.86288480298 5.93039979264
94.620679 57.928363 0.72990952 92.5 60.5 0.872664625997 3.33325610789 8.17926507758 6.10649384892
95.770396 58.899507 0.6896339 92.5 61.5 0.756309342531 4.17828359974 3.82022145419 7.35588332693
96.962501 59.840194 0.66858365 93.5 62.5 0.872664625997 4.36617465668 11.6929786035 4.53693929623
98.232224 60.772339 0.64204005 96.5 62.5 0.639954059065 2.44651027325 -0.119518476702 4.35109175692
99.416545 61.686454 0.60185601 97.5 64.5 0.639954059065 3.40428932835 2.18285741908 4.60707834617
100.66015 62.48684 0.57932353 98.5 64.5 0.523598775598 2.95280565024 -3.19279324162 2.9143341712
101.84252 63.245661 0.55317695 100.5 65.5 0.523598775598 2.6238148329 -1.69470455892 1.92064215002
103.2489 64.041483 0.52149049 101.5 66.5 0.523598775598 3.01711071214 0.120795866791 1.77037619961
104.5021 64.838724 0.48902664 102.5 66.5 0.407243492132 2.60158458601 -4.68582920813 2.41118422415
105.89753 65.50297 0.45749312 103.5 67.5 0.523598775598 3.12030109473 3.78757506773 2.84710829216
107.23441 66.106065 0.425495 104.5 68.5 0.523598775598 3.63427060527 5.62093229608 4.02253639664
108.62185 66.694881 0.38650919 106.5 68.5 0.523598775598 2.78580365903 7.85465466998 3.71614780853
110.08086 67.251857 0.35533208 107.5 69.5 0.407243492132 3.42271606886 2.97430482373 3.15896409452
111.50781 67.766864 0.33459052 108.5 69.5 0.407243492132 3.47140913616 4.16270867225 2.91134729965
112.87691 68.182524 0.30685182 109.5 70.5 0.290888208666 4.09563379206 -0.914647555241 2.24216582225
114.36462 68.651393 0.28808498 110.5 70.5 0.290888208666 4.28399761728 0.160613171556 3.42465020706
115.83449 69.001579 0.25083859 112.5 71.5 0.290888208666 4.16664505968 2.29467412065 2.69834166412
117.19736 69.329841 0.23044123 113.5 71.5 0.174532925199 4.28719734266 -3.2033099048 3.11371597638
117.78731 69.484411 0.20147117 115.5 71.5 0.290888208666 3.04866955458 5.1232189321 5.28084263484
116.42938 69.228806 0.13415298 114.5 71.5 0.290888208666 2.98007204108 8.98026710356 5.91185005759
114.80773 69.128985 0.0979988 112.5 71.5 0.290888208666 3.30867494371 11.0517490293 6.19205847239
113.35769 69.056433 0.067460522 111.5 70.5 0.290888208666 2.35263635515 12.8014634723 3.2285654565
111.81488 68.96352 0.032275621 110.5 70.5 0.174532925199 2.0222957758 8.15074313554 4.33143234014
110.29576 68.94659 -0.0039959963 109.5 70.5 0.174532925199 1.74537004836 10.2289537229 5.37256082457
108.74459 69.016615 -0.039899491 107.5 70.5 0.0581776417331 1.9363458695 5.61940577235 2.75452540313
107.27384 69.125159 -0.081381225 106.5 70.5 0.0581776417331 1.57766159898 7.99613405744 2.83762226317
105.77123 69.311189 -0.11875782 104.5 70.5 0.0581776417331 1.74048766345 10.1376552035 3.63366643012
104.23308 69.487176 -0.13593074 103.5 70.5 0.0581776417331 1.2502874635 11.1215910414 4.40507975928
102.67844 69.809947 -0.17996689 101.5 72.5 6.22500766545 2.93685307368 6.97800991576 4.6753962658
101.19539 70.111952 -0.20894349 100.5 72.5 6.22500766545 2.48723551406 8.6382468004 2.17932495074
99.695937 70.47501 -0.24032587 98.5 72.5 6.22500766545 2.35177588389 10.4363247255 3.24177938937
98.200311 70.897104 -0.28344925 96.5 72.5 6.22500766545 2.33673556132 12.9071123978 3.89382408989
96.614615 71.415819 -0.3144709 95.5 73.5 6.10865238198 2.36350947512 8.01785534968 3.16270817721
95.216051 71.909445 -0.34657274 94.5 73.5 6.10865238198 1.74430336886 9.85715529628 3.4427690544
93.790761 72.497598 -0.38120404 92.5 73.5 6.10865238198 1.63428079862 11.8413826253 4.05478144598
92.417114 73.016357 -0.35870282 89.5 73.5 6.10865238198 2.95693500782 10.5521576854 4.47358849931
91.055309 73.519772 -0.33819517 88.5 72.5 6.22500766545 2.75127952369 16.0438225594 4.38453940333
89.614615 74.074076 -0.31837694 88.5 74.5 6.10865238198 1.19322162736 8.24165495629 1.29280724848
88.314109 74.556366 -0.29979055 86.5 75.5 6.10865238198 2.04485612937 7.17673325291 4.13183209738
86.88131 74.994533 -0.2764152 85.5 75.5 6.10865238198 1.47088891633 5.83742435326 3.10243999825
85.443672 75.387112 -0.25727157 83.5 76.5 6.10865238198 2.23972778349 4.7405751497 3.64577765845
84.055287 75.832526 -0.23267107 82.5 75.5 6.22500766545 1.59043742192 9.99773699246 2.8290540047
82.664555 76.128737 -0.22389476 80.5 75.5 6.22500766545 2.254020533 9.49489146976 2.21669719178
81.173968 76.455415 -0.20673661 79.5 75.5 6.22500766545 1.92743007324 8.51180189051 2.42291889892
79.819657 76.754609 -0.1833313 77.5 78.5 6.10865238198 2.90296371671 0.504109742647 3.03066700756
78.325485 77.027059 -0.15611548 76.5 78.5 6.22500766545 2.34562372829 5.61142478733 3.56645704182
76.892215 77.264525 -0.13798763 74.5 78.5 6.22500766545 2.69241361641 4.57277549068 3.01176333254
75.420868 77.548324 -0.12557438 72.5 78.5 6.22500766545 3.07199561888 3.86154865564 3.62961855512
73.926916 77.691819 -0.097717287 71.5 78.5 6.22500766545 2.55794405721 2.26545479724 1.32277312371
72.448195 77.857208 -0.08052134 69.5 77.5 0.0581776417331 2.96975610333 7.94686627607 1.71508546933
71.010734 77.97039 -0.05919809 68.5 77.5 0.0581776417331 2.55441812765 6.72513404557 2.08596651708
70.665666 77.98114 -0.052809071 68.5 78.5 0.0581776417331 2.22695418075 6.35907022164 1.49623246141
70.65903 77.973391 -0.052747867 68.5 79.5 0.0581776417331 2.64422873061 6.35556349075 2.55169630287
70.662549 77.975477 -0.051931253 68.5 79.5 0.0581776417331 2.64590032974 6.30877495506 3.6991178116
70.657477 77.975804 -0.053730261 69.5 79.5 0.0581776417331 1.91387733461 6.41185052077 4.81949242591
70.657208 77.964864 -0.053397677 69.5 79.5 0.174532925199 1.92243930821 13.0594615279 5.74863672088
