31.520043 41.394881 -0.0070850614 2.5 2.5 4.71238898038 48.5280811873 -89.5940558842 1.7763568394e-15
31.529937 41.402987 -0.0081764059 15.5 125.5 2.96705972839 85.6111352322 170.46847355 1.12165859767
31.522543 41.401068 -0.0068718684 94.5 114.5 1.2217304764 96.4863407417 70.3937290567 1.49017771072
31.528168 41.375423 -0.0049451513 94.5 114.5 1.2217304764 96.5021004272 70.2833362985 1.62758700829
31.523843 41.397689 -0.0081913964 10.5 45.5 1.2217304764 21.420339167 70.469332442 1.72030704932
31.52518 41.394772 -0.0077822512 10.5 45.5 1.2217304764 21.4222102259 70.4458901489 1.79884577322
31.646202 41.400982 -0.0069641742 10.5 45.5 1.2217304764 21.5398191169 70.3990177895 1.796005564
32.968315 41.348607 -0.0066445448 133.5 139.5 1.91986217719 140.500233583 110.380704374 1.20895517778
34.520488 41.363888 -0.010157874 90.5 44.5 1.57079632679 56.0672895924 90.582003309 2.9143723825
35.981317 41.339656 -0.012968194 105.5 136.5 1.57079632679 117.848794462 90.7430227841 1.50478688545
37.47125 41.3168 -0.01805047 57.5 66.5 4.71238898038 32.1767678427 -88.9657842508 1.76413522758
39.051821 41.275587 -0.019803098 9.5 79.5 4.71238898038 48.315793211 -88.8653660633 2.13688342016
40.609584 41.247017 -0.013659721 8.5 77.5 4.71238898038 48.4283404739 -89.2173556374 2.13375003515
42.081473 41.279186 -0.014178183 65.5 52.5 1.57079632679 25.967943193 90.8123500471 2.01430720768
43.552295 41.213208 -0.0092852628 65.5 53.5 1.57079632679 25.1528728462 90.5320063701 0.937421997651
45.079977 41.189892 -0.010404952 79.5 111.5 2.96705972839 78.2831352865 170.596159836 1.12350244543
46.640834 41.096545 -0.012029947 44.5 41.5 6.10865238198 2.17851925688 -9.31073480913 0.866407456962
48.21014 41.103056 -0.013219293 46.5 41.5 0.174532925199 1.75560341727 10.757409697 1.96059988874
49.69993 40.993437 -0.019411138 47.5 41.5 0.174532925199 2.25749819 11.1121762829 2.70684636303
51.221815 41.026894 -0.026800957 49.5 41.5 0.174532925199 1.7856304717 11.535581723 1.68345179068
52.707826 40.957156 -0.02058299 50.5 41.5 6.10865238198 2.27358203164 -8.82068154324 1.64263427754
54.31159 40.951842 -0.027308534 52.5 41.5 0.174532925199 1.89270587283 11.5646637429 3.18334605127
55.778879 40.909196 -0.015002614 53.5 41.5 0.174532925199 2.35421725061 10.8595864639 2.11628766521
57.331901 40.836464 -0.018380323 55.5 41.5 0.174532925199 1.94836888117 11.053114934 2.26361876394
58.848313 40.76075 -0.022921269 56.5 41.5 6.10865238198 2.46192292903 -8.68670802522 1.52776133304
60.388876 40.75568 -0.012358794 58.5 41.5 6.10865238198 2.03023762298 -9.29189326393 1.58574512429
61.86858 40.735896 -0.015077049 59.5 41.5 6.10865238198 2.48878005039 -9.13614872479 1.26356369187
63.333062 40.668539 -0.013920495 61.5 41.5 0.174532925199 2.01281983555 10.7975856122 2.89536527696
64.876385 40.58717 -0.032109511 63.5 41.5 0.174532925199 1.65157327331 11.8397394625 1.41869210361
66.44697 40.579857 -0.020157695 64.5 42.5 0.174532925199 2.73452762307 11.1549508482 1.31259928432
67.930314 40.55804 -0.02084507 66.5 42.5 0.174532925199 2.41184717182 11.1943345347 1.12455305492
69.414343 40.447992 -0.021831497 67.5 42.5 0.174532925199 2.80632249638 11.2508526386 1.75778156101
70.999462 40.351868 -0.031419309 70.5 42.5 0.174532925199 2.20543269652 11.8001938009 0.420711600083
72.481812 40.325422 -0.028226015 71.5 42.5 0.174532925199 2.38594725034 11.617231532 0.863703081083
74.028193 40.279112 -0.026102315 73.5 42.5 0.174532925199 2.28283406182 11.495552485 1.12291602201
75.500101 40.224463 -0.026983514 74.5 42.5 0.174532925199 2.48561273101 11.5460414686 0.888050056966
77.104162 40.159206 -0.035689283 76.5 41.5 6.10865238198 1.47062580988 -7.95515471025 0.833846694695
78.584191 40.097894 -0.03659834 77.5 41.5 0.174532925199 1.77239142396 12.0969304192 1.76851150648
80.1084 40.071744 -0.024096447 79.5 41.5 0.174532925199 1.55243864985 11.3806247144 2.34244706747
80.881063 40.047709 -0.06972902 79.5 42.5 6.10865238198 2.81443887101 -6.00482144442 1.79874025455
80.819811 40.085383 -0.20196514 79.5 42.5 6.10865238198 2.75177694089 1.57175013077 1.26230047726
80.673305 40.189426 -0.34415967 79.5 41.5 6.10865238198 1.75904770615 9.71889656962 1.0676019594
80.559381 40.228255 -0.49611957 79.5 41.5 5.75958653158 1.65518079018 -1.57444250515 2.06419777713
80.474435 40.358509 -0.64523249 79.5 41.5 5.75958653158 1.50084152138 6.96909848172 2.18445975499
80.446897 40.445937 -0.81868337 79.5 42.5 5.41052068118 2.26181094183 -3.09289814145 3.62190183901
80.377523 40.602704 -0.97166139 79.5 42.5 5.41052068118 2.09040157079 5.67209676282 3.58101356938
80.303277 40.677658 -1.1291983 79.5 42.5 5.41052068118 1.99152813279 14.6982968233 3.11051240575
80.24067 40.836497 -1.2914427 79.5 42.5 5.41052068118 1.82094323907 23.994216193 2.90491303655
80.334643 40.99259 -1.4510482 80.5 42.5 5.06145483078 1.51645238816 13.1389377301 2.98140010741
80.305505 41.173119 -1.6076845 79.5 42.5 5.06145483078 1.55224079742 22.1135366386 0.91137373298
80.260339 41.240273 -1.7630876 79.5 42.5 4.71238898038 1.47140324502 11.0174783918 1.32699527603
80.351916 41.337649 -1.9138236 79.5 41.5 4.36332312999 0.867247783656 -0.345984987467 0.519404541996
80.458888 41.424429 -2.0695544 79.5 41.5 4.36332312999 0.961861306314 8.57673259273 0.529044789989
80.580246 41.530351 -2.2462491 79.5 41.5 4.01425727959 1.08067229247 -1.29940683494 0.408430691776
80.700832 41.575869 -2.3973477 78.5 41.5 4.01425727959 2.20213932288 7.3579052354 0.467431856305
80.863789 41.557834 -2.56541 79.5 41.5 3.66519142919 1.36501472815 -3.01283427934 0.306938300788
80.910142 41.637692 -2.7112414 78.5 42.5 4.01425727959 2.55975771256 25.3426894611 0.256674926102
81.000304 41.730578 -2.863125 78.5 42.5 3.66519142919 2.61601420227 14.0449787184 1.87765718022
81.313486 41.614906 -3.0334876 78.5 42.5 3.66519142919 2.94942280133 23.8060366853 2.21614495478
81.419836 41.643078 3.1037871 78.5 42.5 3.31612557879 3.04298497876 12.1660986629 1.6735170333
81.472606 41.653948 2.9566422 79.5 42.5 2.96705972839 2.14638729449 0.596880409725 1.48632398602
81.600227 41.551467 2.7956666 79.5 42.5 2.96705972839 2.30448872933 9.82010289431 1.40510363078
81.705618 41.391179 2.6371497 78.5 43.5 2.96705972839 3.83707085835 18.9024522458 0.984779754033
81.817002 41.340993 2.4823985 78.5 43.5 2.96705972839 3.95775359188 27.7690428804 0.963904477246
81.903012 41.262396 2.332631 79.5 43.5 2.61799387799 3.28349483523 16.3500885386 0.968220029769
81.909487 41.089487 2.1583794 78.5 43.5 2.26892802759 4.17554481791 6.33396979202 1.18128830562
81.924053 40.998223 1.9975831 79.5 43.5 2.26892802759 3.48352136559 15.5469191433 2.0173753995
81.960862 40.844259 1.8446809 79.5 43.5 1.91986217719 3.62060796582 4.30756988161 1.97242489167
81.927588 40.703608 1.6857979 79.5 42.5 1.57079632679 3.01996816463 -6.58910478202 1.3668510676
81.924928 40.686406 1.5459903 79.5 43.5 1.57079632679 3.71437572171 1.42128064184 1.49902104752
81.81851 40.588718 1.3660151 79.5 43.5 1.57079632679 3.72170008244 11.7331000189 1.20176043111
81.824065 40.431016 1.2110526 79.5 43.5 1.2217304764 3.84966763714 0.611797251655 2.79029085708
82.277545 41.390368 1.1504821 79.5 44.5 1.2217304764 4.16948047153 4.08223126465 4.72225972478
82.927041 42.739254 1.1137092 81.5 46.5 1.2217304764 4.02239437303 6.18916323511 4.75654498612
83.677797 44.09726 1.084748 82.5 50.5 1.2217304764 6.51016783814 7.84851776474 2.44579408977
84.372874 45.412874 1.0478677 82.5 47.5 1.2217304764 2.8042382138 9.96160330192 3.80131021127
85.159381 46.677356 1.0274995 82.5 48.5 1.2217304764 3.22402519436 11.1286151982 6.06945430138
85.928298 47.908079 0.99952116 83.5 49.5 0.872664625997 2.9035915083 -7.26834400202 2.93296484787
86.76373 49.194484 0.95689161 85.5 51.5 1.2217304764 2.62914768303 15.1741492955 2.49756876642
87.649962 50.387631 0.93226665 84.5 52.5 0.872664625997 3.79267232879 -3.4149444258 1.67933713549
88.570925 51.559268 0.90792052 86.5 53.5 0.872664625997 2.8381633236 -2.02001392932 1.50859370518
89.47196 52.652014 0.8832857 87.5 54.5 0.872664625997 2.70253186804 -0.608542714259 1.5226690738
90.492516 53.754021 0.83763364 88.5 55.5 0.872664625997 2.64925700503 2.00712764982 3.24012089901
91.498687 54.898001 0.81217592 89.5 57.5 0.872664625997 3.28102857652 3.46574756185 4.99192599795
92.568948 55.94073 0.78340538 90.5 58.5 0.872664625997 3.29095863839 5.11417807816 4.71804944552
93.547241 56.960456 0.75288469 91.5 59.5 0.872664625997 3.26197477612 6.86288480298 5.35343735063
94.620679 57.928363 0.72990952 92.5 60.5 0.872664625997 3.33325610789 8.17926507758 5.77978226094
95.770396 58.899507 0.6896339 92.5 60.5 0.872664625997 3.64102565768 10.4868881209 6.44679495246
96.962501 59.840194 0.66858365 93.5 62.5 0.872664625997 4.36617465668 11.6929786035 3.6321108279
98.232224 60.772339 0.64204005 94.5 64.5 0.872664625997 5.27493625716 13.2138148566 3.76041971723
99.416545 61.686454 0.60185601 96.5 64.5 0.523598775598 4.05244072519 -4.48380924758 2.91832333902
100.66015 62.48684 0.57932353 98.5 64.5 0.523598775598 2.95280565024 -3.19279324162 2.05444362972
101.84252 63.245661 0.55317695 99.5 65.5 0.523598775598 3.25106817482 -1.69470455892 1.42281340362
103.2489 64.041483 0.52149049 101.5 66.5 0.523598775598 3.01711071214 0.120795866791 1.50129018175
104.5021 64.838724 0.48902664 101.5 66.5 0.523598775598 3.43109929296 1.98083745854 2.23397228735
105.89753 65.50297 0.45749312 102.5 67.5 0.523598775598 3.94098197431 3.78757506773 2.78201302547
107.23441 66.106065 0.425495 104.5 67.5 0.523598775598 3.06921045748 5.62093229608 3.1744840769
108.62185 66.694881 0.38650919 105.5 68.5 0.523598775598 3.60616167506 7.85465466998 3.01965576237
110.08086 67.251857 0.35533208 107.5 69.5 0.523598775598 3.42271606886 9.6409714904 3.28410162399
111.50781 67.766864 0.33459052 107.5 70.5 0.523598775598 4.85103838272 10.8293753389 2.72690733986
112.87691 68.182524 0.30685182 110.5 69.5 0.523598775598 2.71761736797 12.4186857781 1.69210896025
114.36462 68.651393 0.28808498 110.5 71.5 0.174532925199 4.80102588879 -6.50605349511 2.43436343179
115.83449 69.001579 0.25083859 112.5 70.5 0.523598775598 3.65569269132 15.628007454 1.2475543929
117.19736 69.329841 0.23044123 113.5 71.5 0.174532925199 4.28719734266 -3.2033099048 2.30037772843
117.78731 69.484411 0.20147117 115.5 70.5 0.523598775598 2.50264021646 18.4565522654 3.35449676871
116.42938 69.228806 0.13415298 114.5 70.5 0.523598775598 2.31050673447 22.3136004369 2.95558223748
114.80773 69.128985 0.0979988 112.5 69.5 0.523598775598 2.33736387478 24.3850823627 2.37723895413
113.35769 69.056433 0.067460522 110.5 69.5 0.523598775598 2.89191006423 26.1347968057 2.15670681417
111.81488 68.96352 0.032275621 110.5 67.5 0.523598775598 1.96743493026 28.1507431355 2.19285404926
110.29576 68.94659 -0.0039959963 106.5 69.5 0.523598775598 3.83589058834 30.2289537229 3.50068588004
108.74459 69.016615 -0.039899491 107.5 70.5 0.174532925199 1.9363458695 12.286072439 2.69032998207
107.27384 69.125159 -0.081381225 106.5 70.5 0.174532925199 1.57766159898 14.6628007241 2.84380242804
105.77123 69.311189 -0.11875782 104.5 70.5 0.174532925199 1.74048766345 16.8043218702 1.97576218533
104.23308 69.487176 -0.13593074 102.5 70.5 0.174532925199 2.00733124854 17.7882577081 2.27247938935
102.67844 69.809947 -0.17996689 101.5 70.5 0.174532925199 1.36561120983 20.3113432491 1.93099172692
101.19539 70.111952 -0.20894349 100.5 70.5 0.174532925199 0.796334416187 21.9715801337 1.45497645928
99.695937 70.47501 -0.24032587 98.5 70.5 0.174532925199 1.1961980639 23.7696580588 1.16677829516
98.200311 70.897104 -0.28344925 96.5 70.5 0.174532925199 1.74606674659 26.2404457311 1.77458742137
96.614615 71.415819 -0.3144709 95.5 70.5 0.174532925199 1.44259871031 28.0178553497 1.71736737896
95.216051 71.909445 -0.34657274 94.5 70.5 0.174532925199 1.58090614605 29.8571552963 1.83564985276
93.790761 72.497598 -0.38120404 92.5 70.5 0.174532925199 2.37833171125 31.8413826253 2.80005851348
92.417114 73.016357 -0.35870282 89.5 70.5 0.174532925199 3.85248058275 30.5521576854 3.34307201478
91.055309 73.519772 -0.33819517 88.5 70.5 0.174532925199 3.95583455385 29.3771558927 2.48889327644
89.614615 74.074076 -0.31837694 87.5 69.5 0.174532925199 5.03922294129 28.2416549563 0.658188129915
88.314109 74.556366 -0.29979055 86.5 74.5 6.10865238198 1.81498445994 7.17673325291 2.4854225622
86.88131 74.994533 -0.2764152 85.5 75.5 6.10865238198 1.47088891633 5.83742435326 0.900473435198
85.443672 75.387112 -0.25727157 83.5 75.5 6.10865238198 1.94694749393 4.7405751497 2.0444624604
84.055287 75.832526 -0.23267107 82.5 76.5 6.10865238198 1.69246541857 3.33107032579 2.3147220016
82.664555 76.128737 -0.22389476 80.5 76.5 6.10865238198 2.19616360119 2.82822480309 2.00376300997
81.173968 76.455415 -0.20673661 79.5 76.5 6.10865238198 1.67456164033 1.84513522384 2.16773792182
79.819657 76.754609 -0.1833313 77.5 77.5 6.10865238198 2.43647621382 0.504109742647 2.74757845999
78.325485 77.027059 -0.15611548 77.5 82.5 5.75958653158 5.53484495489 -21.0552418793 3.25707724344
76.892215 77.264525 -0.13798763 74.5 78.5 6.10865238198 2.69241361641 -2.09389117599 2.3884273888
75.420868 77.548324 -0.12557438 72.5 79.5 6.10865238198 3.51290607367 -2.80511801103 3.00189921508
73.926916 77.691819 -0.097717287 71.5 79.5 6.10865238198 3.02645664099 -4.40121186943 2.48657435926
72.448195 77.857208 -0.08052134 69.5 79.5 6.10865238198 3.37499915752 -5.38646705726 2.86726025459
71.010734 77.97039 -0.05919809 68.5 79.5 6.10865238198 2.93998162764 -6.60819928776 3.19593620032
70.665666 77.98114 -0.052809071 68.5 79.5 6.10865238198 2.64519279508 -6.97426311169 2.66132922989
70.65903 77.973391 -0.052747867 68.5 80.5 6.10865238198 3.32342648178 -6.97776984258 3.55112650372
70.662549 77.975477 -0.051931253 68.5 80.5 6.10865238198 3.32412914234 -7.02455837827 3.97059599689
70.657477 77.975804 -0.053730261 69.5 80.5 6.10865238198 2.77692607967 -6.92148281256 4.08708899684
70.657208 77.964864 -0.053397677 69.5 80.5 0.174532925199 2.78676243942 13.0594615279 4.20248513672
