58.425211 99.52669 -0.076600623 2.5 2.5 0.916297857297 111.990212955 56.888892406 1.7763568394e-15
58.436309 99.5178 -0.082073852 34.5 84.5 4.31968989869 28.257409743 -107.797514672 0.120693184694
59.138497 99.506199 -0.079127672 79.5 139.5 4.49422282389 44.8786689068 -97.9663183517 0.598880565932
60.588187 99.398001 -0.084356487 79.5 138.5 4.40695636129 43.4352736465 -102.66672932 0.868285803135
62.026729 99.268445 -0.080345137 77.5 130.5 1.5271630955 34.8544422299 92.1034372545 5.01219934112
63.612811 99.142137 -0.077882356 77.5 133.5 4.75602221168 37.0582887928 -83.0376697027 2.45266754652
65.109709 99.045111 -0.075303117 18.5 37.5 3.18522588489 77.202756823 -173.185449212 5.62926130047
66.576646 98.887554 -0.079079542 118.5 58.5 6.23955207588 65.7813743298 2.03092400243 2.74636340019
68.114632 98.811042 -0.080004433 119.5 58.5 6.23955207588 65.3103066263 2.08391635324 5.34051075356
69.601579 98.673025 -0.074381156 74.5 25.5 4.75602221168 73.3367991935 -83.2382736859 2.69474490992
71.154315 98.514904 -0.080273853 74.5 24.5 4.84328867428 74.0904826698 -77.9006470178 6.35028055042
72.642873 98.438251 -0.077397051 36.5 70.5 4.66875574908 45.682087711 -88.0654756309 2.60240489081
74.179887 98.27586 -0.078945335 35.5 69.5 4.66875574908 48.2097892245 -87.9767654923 4.4971468981
75.689674 98.17429 -0.079512997 73.5 99.5 6.23955207588 2.55972249089 2.05575914454 2.23630081321
77.259307 98.055637 -0.072379503 74.5 98.5 6.23955207588 2.79485842146 1.64704004515 5.92075664043
78.667542 97.976243 -0.066300397 76.5 99.5 6.23955207588 2.64954217117 1.29873292814 3.46653428166
80.25432 97.827625 -0.077582567 77.5 99.5 6.23955207588 3.22228440753 1.94515365289 3.6421418998
81.813353 97.68277 -0.074716444 79.5 99.5 6.23955207588 2.94175576408 1.78093690143 2.62434769744
82.622729 97.654646 -0.085105116 80.5 99.5 6.23955207588 2.81270506679 2.37616396177 4.01665382249
81.436592 97.754867 -0.094486992 79.5 99.5 6.23955207588 2.60689043923 2.91370586049 5.03473529137
79.890684 97.897701 -0.093381766 77.5 99.5 6.23955207588 2.87797360538 2.85038107528 4.06229236438
78.411812 98.037468 -0.097953665 76.5 99.5 6.23955207588 2.40707809893 3.11233159234 3.88717895687
76.931086 98.162597 -0.096433306 74.5 99.5 6.23955207588 2.77467582319 3.02522143829 2.73812380496
75.443161 98.337547 -0.10164342 73.5 99.5 6.23955207588 2.26432587079 3.32373898128 2.96929203149
73.912871 98.553041 -0.10292365 71.5 99.5 6.23955207588 2.59204124395 3.39709075708 3.94719203559
72.413468 98.668417 -0.11145399 70.5 99.5 6.23955207588 2.08635808837 3.88584323689 4.22812700031
70.926618 98.82512 -0.11572496 68.5 99.5 6.23955207588 2.51871751737 4.13055179232 3.67331719669
69.460294 99.048845 -0.12091472 67.5 99.5 6.23955207588 2.01154005689 4.42790313701 2.73190960555
67.984026 99.205817 -0.12024712 65.5 99.5 6.23955207588 2.50138537738 4.3896524746 3.20223463032
66.409271 99.378533 -0.12589377 64.5 99.5 6.23955207588 1.91313093737 4.71318168799 3.05021998291
64.97003 99.579245 -0.12534264 62.5 98.5 0.0436332312999 2.69551812662 9.68160426503 3.17224338541
63.450289 99.830398 -0.13542326 61.5 99.5 6.23955207588 1.97807735489 5.2591812459 3.01193501804
62.015499 100.01094 -0.13023941 59.5 99.5 6.23955207588 2.56686480022 4.96216851927 6.92069192705
60.420275 100.24313 -0.1356293 58.5 99.5 6.23955207588 2.05905276099 5.27098646831 2.91065460003
58.989222 100.44438 -0.14088208 56.5 99.5 6.23955207588 2.66234478415 5.57194859302 2.99693517857
58.528509 100.58832 -0.24160345 56.5 99.5 6.15228561328 2.30201850242 6.3428580008 2.78596954521
58.390768 100.67023 -0.3827913 56.5 98.5 6.06501915068 2.87835054896 9.43232592433 2.42017236712
58.26024 100.80046 -0.53685502 56.5 99.5 5.89048622548 2.18852486145 8.25952685641 2.13288562283
58.2435 100.85046 -0.70040996 56.5 100.5 5.71595330028 1.7783741062 7.63053463693 2.00041804536
58.129433 100.95873 -0.85888639 57.5 97.5 5.71595330028 3.51553681738 16.7105652282 1.07902309081
58.21235 101.09089 -1.0276822 56.5 101.5 5.27962098728 1.76054352818 1.38185274072 1.04193758355
58.152327 101.12822 -1.1869287 56.5 101.5 5.19235452468 1.69363658538 5.50600509295 1.19857128008
58.049715 101.26081 -1.3398137 56.5 101.5 5.01782159948 1.56806518912 4.26567034381 1.0591952968
58.024835 101.49733 -1.4943786 56.5 101.5 4.84328867428 1.5248373376 3.12158677467 0.942651859594
58.064001 101.65215 -1.6522241 56.5 101.5 4.66875574908 1.57138434207 2.1654677398 0.716754318574
58.104403 101.68885 -1.8037565 56.5 101.5 4.58148928649 1.61547928149 5.84763471929 0.680576702633
58.177183 101.78616 -1.9584038 56.5 101.5 4.40695636129 1.70142010129 4.70827232238 0.677927444177
58.164815 101.89412 -2.1101089 56.5 101.5 4.23242343609 1.71083007883 3.40033428299 0.674050256031
58.333441 101.96561 -2.2758326 56.5 101.5 4.14515697349 1.89163912324 7.89560285828 0.639602312338
58.547547 101.97367 -2.4518694 55.5 101.5 3.97062404829 3.08413780271 7.98176853727 1.6701042931
58.609003 102.09152 -2.5989269 55.5 101.5 3.79609112309 3.16477417273 6.40754263302 3.21958712487
58.561869 102.14088 -2.6173282 55.5 101.5 3.79609112309 3.12822137125 7.46185946057 5.93182985895
58.51155 102.01626 -2.5045701 55.5 102.5 3.88335758569 3.05015373221 6.00129622466 5.72003992064
58.437648 101.90068 -2.3721379 55.5 102.5 3.97062404829 2.99815947446 3.41349009303 6.26457191185
58.147744 101.95537 -2.2082701 55.5 102.5 4.14515697349 2.70317778299 4.02455675493 6.93381747292
58.037351 101.82492 -2.0566813 55.5 101.5 4.23242343609 2.5580701913 0.33915829348 6.94057585685
57.944091 101.71587 -1.9011295 55.5 101.5 4.40695636129 2.45360564745 1.42669665782 3.02533172142
57.908577 101.57431 -1.7585036 55.5 101.5 4.58148928649 2.40972304239 3.25483453856 2.06681723455
57.841285 101.40683 -1.6171883 55.5 101.5 4.75602221168 2.34313808815 5.15806426794 1.72563269174
57.86028 101.30305 -1.4556073 55.5 101.5 4.84328867428 2.3684828437 0.900154918433 1.53018492366
57.788579 101.03213 -1.3093986 55.5 101.5 5.01782159948 2.3359144197 2.52301348034 1.25503409065
57.852229 100.87925 -1.1701135 55.5 101.5 5.19235452468 2.43275807078 4.54256510128 1.47666784547
57.956865 100.8248 -1.0236231 55.5 101.5 5.27962098728 2.54795617471 1.1492834421 1.40491150595
57.906072 100.67156 -0.85835482 54.5 101.5 5.45415391248 3.50537291922 1.68010851071 1.32060848986
57.990597 100.53155 -0.72265365 55.5 101.5 5.54142037508 2.67225912271 -1.09499580528 1.24195579414
58.042848 100.37669 -0.56279892 55.5 101.5 5.62868683768 2.7799103056 -5.25399716948 2.63493296022
58.157277 100.32166 -0.41301063 55.5 101.5 5.80321976288 2.90682063608 -3.83623400696 2.24480134108
58.686264 100.08548 -0.29965148 55.5 101.5 6.06501915068 3.48613612874 4.66876512885 1.50456560491
59.980629 99.666017 -0.30408986 56.5 101.5 6.06501915068 3.93424349525 4.92306557072 1.53067141129
61.363687 99.173884 -0.32636207 58.5 100.5 6.06501915068 3.15583378514 6.19916920415 3.69776574523
62.885593 98.69498 -0.37512441 59.5 100.5 6.06501915068 3.83670915787 8.99304548534 5.15754873792
64.287236 98.118834 -0.4012694 61.5 100.5 6.06501915068 3.66587452585 10.4910430677 5.58037117426
66.572969 97.068508 -0.44319642 63.5 99.5 5.97775268808 3.91858288429 7.89328436131 4.54609738475
67.896132 96.441291 -0.47211549 64.5 98.5 5.89048622548 3.97139714812 4.55022501975 4.56830097698
69.150612 95.708615 -0.49267498 66.5 97.5 5.89048622548 3.19918805211 5.72819702569 5.92483177833
70.465141 94.973778 -0.52461339 67.5 96.5 5.80321976288 3.33487852 2.55813312305 5.64112564745
71.675984 94.192345 -0.54871183 68.5 95.5 5.80321976288 3.43465223382 3.9388720279 4.1508030008
72.999296 93.402727 -0.58180979 70.5 94.5 5.80321976288 2.72955830349 5.83524544639 2.92336378002
74.284244 92.44261 -0.63095882 71.5 93.5 5.80321976288 2.97826934034 8.65127743255 5.60258755098
75.447368 91.599491 -0.66374929 72.5 93.5 5.71595330028 3.5069805512 5.5300329718 4.76390951228
76.572595 90.665594 -0.69142624 74.5 92.5 5.71595330028 2.76779612812 7.1158053966 3.06269095928
77.783785 89.658033 -0.71509647 75.5 91.5 5.62868683768 2.93402732695 3.4720096757 3.47766495163
78.874801 88.696028 -0.74032963 76.5 90.5 5.62868683768 2.98228012876 4.91776324748 4.1530340389
80.03236 87.613917 -0.7252394 77.5 89.5 5.62868683768 3.1575554235 4.0531567566 4.39711204272
81.079285 86.604124 -0.70281223 79.5 88.5 5.62868683768 2.46748595104 2.76817456918 3.04313753239
82.380517 85.593177 -0.66953842 80.5 87.5 5.71595330028 2.67811839556 5.86172568786 2.02329046953
83.553536 84.670161 -0.64546431 81.5 86.5 5.71595330028 2.75051283749 4.48238078932 2.07038244948
84.753159 83.736184 -0.60820056 82.5 86.5 5.71595330028 3.56586656525 2.34732518549 3.69499191928
85.938286 82.919631 -0.58097683 83.5 84.5 5.71595330028 2.90565049412 0.78752035389 3.78624841325
87.249998 82.030848 -0.55954063 85.5 83.5 5.71595330028 2.28492901402 -0.440683434909 2.58453798121
88.578333 81.141585 -0.52544337 86.5 82.5 5.80321976288 2.48289334671 2.60568747413 2.8083468547
89.874585 80.458812 -0.49549775 87.5 82.5 5.80321976288 3.13131000918 0.889929833228 2.91334407931
91.229191 79.664539 -0.46697991 89.5 81.5 5.89048622548 2.52170945928 4.2559779604 3.33139156447
92.640842 79.007823 -0.44436504 89.5 81.5 5.97775268808 4.00946812786 7.96024135516 1.62129900567
93.942666 78.269838 -0.40450827 91.5 80.5 5.89048622548 3.30760332171 0.676616649138 2.34623166466
95.385584 77.620959 -0.38607018 92.5 80.5 5.89048622548 4.07620805415 -0.379808090144 4.2626300737
96.747733 77.074345 -0.36376533 94.5 79.5 6.06501915068 3.30697835165 8.34221814218 3.85392749919
98.250871 76.540386 -0.33417824 96.5 79.5 6.06501915068 3.43873003995 6.64700275711 5.75439113656
99.752933 76.027378 -0.30758365 97.5 78.5 6.06501915068 3.34508096425 5.12324499223 4.77918115475
100.00981 75.897783 -0.33361957 97.5 78.5 6.06501915068 3.61533947938 6.61499332397 10.2521188747
98.714105 76.429985 -0.36219797 97.5 79.5 6.06501915068 3.30136987495 8.25241502921 6.06779482923
97.284888 77.028291 -0.39087517 95.5 79.5 6.06501915068 3.04879821458 9.89549755746 6.04466652626
95.817851 77.649213 -0.42317241 94.5 80.5 5.97775268808 3.14065562862 6.74599309938 5.01686802119
94.571565 78.35291 -0.46228827 93.5 80.5 5.97775268808 2.39963476749 8.9871667894 3.27083872989
93.13187 79.138887 -0.4938927 92.5 80.5 5.97775268808 1.50062929988 10.7979672423 2.78634381944
91.836662 79.862922 -0.52529077 89.5 80.5 5.97775268808 2.4219532779 12.5969441382 3.68942751216
90.529269 80.702102 -0.55721841 88.5 80.5 5.97775268808 2.03930818975 14.42626316 3.21579618531
89.308886 81.573217 -0.59808232 86.5 80.5 5.97775268808 3.00693120807 16.7675927374 3.02730784043
88.100372 82.484783 -0.6409076 85.5 81.5 5.97775268808 2.78059923316 19.2213005379 3.20633041822
86.96204 83.432583 -0.67310863 84.5 82.5 5.89048622548 2.63274609742 16.0662836528 1.91703955856
85.711036 84.448892 -0.70015711 83.5 83.5 5.80321976288 2.40604992071 12.6160473991 2.13866380023
84.630521 85.38864 -0.74348817 82.5 84.5 5.80321976288 2.30841954182 15.0987342589 1.70688995877
83.531548 86.470864 -0.76732045 80.5 86.5 5.71595330028 3.03168800882 11.4642233191 3.03227660114
82.436303 87.632765 -0.79615086 79.5 87.5 5.71595330028 2.9393029536 13.1160841337 3.50070599309
81.390428 88.717115 -0.83255466 78.5 88.5 5.62868683768 2.8985708455 10.2018682319 2.67264473225
80.091493 90.270385 -0.85191671 76.5 89.5 5.62868683768 3.67318867161 11.3112319797 2.13294235824
79.121061 91.3195 -0.83027867 75.5 90.5 5.62868683768 3.71263558887 10.0714636107 1.94102399764
78.091476 92.534394 -0.81038411 75.5 92.5 5.62868683768 2.59170422807 8.93158928747 1.68961656563
77.093441 93.512556 -0.78090008 74.5 92.5 5.71595330028 2.78409875429 12.2422788054 3.40661191377
76.051262 94.597058 -0.76703211 73.5 93.5 5.71595330028 2.77713414296 11.447702654 4.05498334862
75.027276 95.58972 -0.75132884 71.5 93.5 5.80321976288 4.09982995484 15.5479715585 4.67055563029
73.852657 96.593273 -0.72312741 70.5 94.5 5.80321976288 3.95248033672 13.9321486432 2.55750245609
72.811015 97.559971 -0.70587276 68.5 94.5 5.89048622548 5.28661260649 17.9435300213 3.75358070458
71.630899 98.505259 -0.68120937 67.5 95.5 5.89048622548 5.10841542998 16.5304218658 3.10351723213
70.538887 99.423882 -0.66641532 67.5 99.5 5.71595330028 3.03984015183 5.68278523886 3.80468908856
69.331788 100.31013 -0.63648641 65.5 99.5 5.80321976288 3.91649203929 8.96798501043 4.29321052637
68.205766 101.18772 -0.63190253 64.5 99.5 5.89048622548 4.07198974031 13.7053480326 3.79016370786
66.997353 102.01418 -0.604237 64.5 102.5 5.80321976288 2.54416844549 7.12022992565 2.12173241679
65.749881 102.79371 -0.58263231 62.5 102.5 5.89048622548 3.2631261205 10.882372371 3.6708128356
64.390622 103.72927 -0.540005 61.5 102.5 5.97775268808 3.14114633212 13.440007416 2.75178874745
63.066948 104.49561 -0.5165186 60.5 104.5 5.89048622548 2.56695175389 7.09433582001 3.90967105809
62.072466 105.11862 -0.50368551 59.5 105.5 5.89048622548 2.60058301647 6.35905392489 2.81490571035
62.084059 105.11634 -0.50537083 59.5 105.5 5.89048622548 2.61238510007 6.45561564802 3.55741357019
62.06969 105.12384 -0.50501376 59.5 105.5 5.89048622548 2.59707586368 6.43515704403 3.97786263867
62.088061 105.11683 -0.50531554 59.5 105.5 5.89048622548 2.61627196381 6.45244776437 4.01529679776
62.080145 105.11527 -0.50526072 59.5 105.5 5.89048622548 2.60867119314 6.44930680974 3.95063291384
62.084425 105.11388 -0.50526675 59.5 105.5 5.89048622548 2.61310949541 6.44965230329 3.87173384864
62.090561 105.10315 -0.50372534 59.5 106.5 5.89048622548 2.94316092275 6.36133601579 3.84601335215
