58.425211 99.52669 -0.076600623 2.5 2.5 2.00712863979 111.990212955 119.388892406 1.7763568394e-15
58.436309 99.5178 -0.082073852 42.5 92.5 3.57792496659 17.4130830522 -150.297514672 0.120463105457
59.138497 99.506199 -0.079127672 62.5 110.5 4.45058959259 11.4962325501 -100.466318352 0.602480929072
60.588187 99.398001 -0.084356487 79.5 138.5 4.27605666739 43.4352736465 -110.16672932 0.882127777245
62.026729 99.268445 -0.080345137 78.5 137.5 4.45058959259 41.6295622744 -100.396562745 4.99479162394
63.612811 99.142137 -0.077882356 77.5 133.5 4.62512251778 37.0582887928 -90.5376697027 2.50244854325
65.109709 99.045111 -0.075303117 81.5 81.5 4.79965544298 24.0098429621 -80.6854492117 5.63236530656
66.576646 98.887554 -0.079079542 118.5 58.5 0.0872664625997 65.7813743298 9.53092400243 2.80354004124
68.114632 98.811042 -0.080004433 119.5 58.5 0.0872664625997 65.3103066263 9.58391635324 5.38645351735
69.601579 98.673025 -0.074381156 74.5 25.5 4.79965544298 73.3367991935 -80.7382736859 2.8260280257
71.154315 98.514904 -0.080273853 74.5 24.5 4.79965544298 74.0904826698 -80.4006470178 6.12949098298
72.642873 98.438251 -0.077397051 36.5 70.5 4.62512251778 45.682087711 -90.5654756309 2.67989005769
74.179887 98.27586 -0.078945335 36.5 69.5 4.62512251778 47.4112223326 -90.4767654923 4.82068484522
75.689674 98.17429 -0.079512997 73.5 99.5 6.19591884458 2.55972249089 -0.444240855464 2.83766380873
77.259307 98.055637 -0.072379503 74.5 99.5 6.19591884458 3.114475814 -0.852959954846 5.32796634146
78.667542 97.976243 -0.066300397 76.5 99.5 6.19591884458 2.64954217117 -1.20126707186 3.91072430976
80.25432 97.827625 -0.077582567 77.5 99.5 6.19591884458 3.22228440753 -0.554846347109 4.43991079826
81.813353 97.68277 -0.074716444 79.5 99.5 6.19591884458 2.94175576408 -0.719063098574 3.35061722253
82.622729 97.654646 -0.085105116 80.5 99.5 6.19591884458 2.81270506679 -0.123836038229 3.02515663246
81.436592 97.754867 -0.094486992 79.5 99.5 6.19591884458 2.60689043923 0.413705860486 4.1812093763
79.890684 97.897701 -0.093381766 77.5 100.5 6.19591884458 3.53374165344 0.350381075278 2.93411333442
78.411812 98.037468 -0.097953665 76.5 100.5 6.19591884458 3.1175453444 0.612331592338 3.51469920434
76.931086 98.162597 -0.096433306 74.5 100.5 6.19591884458 3.3724815676 0.525221438294 2.45011460388
75.443161 98.337547 -0.10164342 73.5 100.5 6.19591884458 2.9072457153 0.823738981276 2.71437947015
73.912871 98.553041 -0.10292365 71.5 100.5 6.19591884458 3.10041865082 0.897090757082 3.60350545369
72.413468 98.668417 -0.11145399 70.5 100.5 6.19591884458 2.64878388566 1.38584323689 3.97643155442
70.926618 98.82512 -0.11572496 68.5 100.5 6.19591884458 2.9485077467 1.63055179232 3.27819698461
69.460294 99.048845 -0.12091472 67.5 100.5 6.19591884458 2.43897589173 1.92790313701 2.49953517244
67.984026 99.205817 -0.12024712 65.5 97.5 0.0872664625997 3.0133364907 11.8896524746 3.01220867474
66.409271 99.378533 -0.12589377 64.5 97.5 0.0872664625997 2.67847008263 12.213181688 2.86939521427
64.97003 99.579245 -0.12534264 62.5 97.5 0.0872664625997 3.22866969059 12.181604265 2.92158783991
63.450289 99.830398 -0.13542326 61.5 100.5 6.19591884458 2.06203637745 2.7591812459 2.74395141883
62.015499 100.01094 -0.13023941 59.5 100.5 6.19591884458 2.56259924737 2.46216851927 6.65256882443
60.420275 100.24313 -0.1356293 58.5 97.5 0.0872664625997 3.34846506216 12.7709864683 2.72480048346
58.989222 100.44438 -0.14088208 56.5 97.5 0.0872664625997 3.85559330709 13.071948593 2.81366663523
58.528509 100.58832 -0.24160345 56.5 96.5 0.0872664625997 4.56390284575 18.8428580008 2.59481183745
58.390768 100.67023 -0.3827913 56.5 96.5 6.19591884458 4.57884503808 16.9323259243 2.18922954885
58.26024 100.80046 -0.53685502 56.5 97.5 6.02138591938 3.74051882353 15.7595268564 1.85594054085
58.2435 100.85046 -0.70040996 56.5 101.5 5.67232006898 1.86056294212 5.13053463693 1.94079267913
58.129433 100.95873 -0.85888639 56.5 96.5 5.84685299418 4.74713862389 24.2105652282 1.5441298843
58.21235 101.09089 -1.0276822 56.5 102.5 5.14872129338 2.21759633716 -6.11814725928 1.18411651031
58.152327 101.12822 -1.1869287 56.5 101.5 5.14872129338 1.69363658538 3.00600509295 0.986437113445
58.049715 101.26081 -1.3398137 56.5 101.5 4.97418836818 1.56806518912 1.76567034381 0.889522534756
58.024835 101.49733 -1.4943786 56.5 101.5 4.79965544298 1.5248373376 0.621586774669 0.820192600278
58.064001 101.65215 -1.6522241 56.5 101.5 4.62512251778 1.57138434207 -0.334532260199 0.760958458342
58.104403 101.68885 -1.8037565 56.5 102.5 4.45058959259 1.797796793 -1.65236528071 0.714018945509
58.177183 101.78616 -1.9584038 56.5 102.5 4.27605666739 1.82277545548 -2.79172767762 0.69704815092
58.164815 101.89412 -2.1101089 56.5 101.5 4.27605666739 1.71083007883 5.90033428299 0.667995063217
58.333441 101.96561 -2.2758326 56.5 101.5 4.10152374219 1.89163912324 5.39560285828 0.629318383859
58.547547 101.97367 -2.4518694 55.5 101.5 3.92699081699 3.08413780271 5.48176853727 1.40409221238
58.609003 102.09152 -2.5989269 55.5 101.5 3.75245789179 3.16477417273 3.90754263302 2.99474825764
58.561869 102.14088 -2.6173282 55.5 101.5 3.75245789179 3.12822137125 4.96185946057 5.5745124916
58.51155 102.01626 -2.5045701 55.5 101.5 3.75245789179 3.05547996068 -1.49870377534 5.61341396723
58.437648 101.90068 -2.3721379 55.5 101.5 3.92699081699 2.96484742176 0.913490093026 5.69681374806
58.147744 101.95537 -2.2082701 55.5 101.5 4.10152374219 2.68661685516 1.52455675493 5.86841735907
58.037351 101.82492 -2.0566813 55.5 101.5 4.27605666739 2.5580701913 2.83915829348 6.05093256187
57.944091 101.71587 -1.9011295 55.5 101.5 4.45058959259 2.45360564745 3.92669665782 2.423791677
57.908577 101.57431 -1.7585036 55.5 101.5 4.62512251778 2.40972304239 5.75483453856 1.19729634961
57.841285 101.40683 -1.6171883 55.5 100.5 4.62512251778 2.51076802993 -2.34193573206 1.01169277711
57.86028 101.30305 -1.4556073 55.5 101.5 4.79965544298 2.3684828437 -1.59984508157 0.89249832667
57.788579 101.03213 -1.3093986 55.5 101.5 4.97418836818 2.3359144197 0.0230134803386 0.828542791722
57.852229 100.87925 -1.1701135 55.5 101.5 5.14872129338 2.43275807078 2.04256510128 0.82017708185
57.956865 100.8248 -1.0236231 55.5 101.5 5.14872129338 2.54795617471 -6.3507165579 0.771775866212
57.906072 100.67156 -0.85835482 55.5 101.5 5.32325421858 2.54469945235 -5.81989148929 0.890557543082
57.990597 100.53155 -0.72265365 55.5 101.5 5.49778714378 2.67225912271 -3.59499580528 0.761402689522
58.042848 100.37669 -0.56279892 55.5 101.5 5.67232006898 2.7799103056 -2.75399716948 1.33056308316
58.157277 100.32166 -0.41301063 55.5 101.5 5.84685299418 2.90682063608 -1.33623400696 1.31885198357
58.686264 100.08548 -0.29965148 56.5 101.5 6.02138591938 2.60396181003 2.16876512885 0.982643957195
59.980629 99.666017 -0.30408986 57.5 101.5 6.02138591938 3.08496578262 2.42306557072 1.12396977737
61.363687 99.173884 -0.32636207 58.5 100.5 6.02138591938 3.15583378514 3.69916920415 3.44802728691
62.885593 98.69498 -0.37512441 59.5 100.5 6.02138591938 3.83670915787 6.49304548534 4.93758237988
64.287236 98.118834 -0.4012694 61.5 100.5 6.02138591938 3.66587452585 7.99104306775 5.43053142508
66.572969 97.068508 -0.44319642 63.5 99.5 6.02138591938 3.91858288429 10.3932843613 4.52140045738
67.896132 96.441291 -0.47211549 64.5 98.5 5.84685299418 3.97139714812 2.05022501975 4.15500998389
69.150612 95.708615 -0.49267498 66.5 97.5 5.84685299418 3.19918805211 3.22819702569 5.15128074906
70.465141 94.973778 -0.52461339 68.5 96.5 5.84685299418 2.48819869447 5.05813312305 5.63408218279
71.675984 94.192345 -0.54871183 68.5 95.5 5.84685299418 3.43465223382 6.4388720279 4.13717278988
72.999296 93.402727 -0.58180979 70.5 94.5 5.84685299418 2.72955830349 8.33524544639 3.0085413143
74.284244 92.44261 -0.63095882 71.5 94.5 5.84685299418 3.46191684817 11.1512774326 5.74034066163
75.447368 91.599491 -0.66374929 72.5 93.5 5.67232006898 3.5069805512 3.0300329718 4.88692477874
76.572595 90.665594 -0.69142624 74.5 92.5 5.67232006898 2.76779612812 4.6158053966 4.03435361098
77.783785 89.658033 -0.71509647 74.5 91.5 5.84685299418 3.76511438808 15.9720096757 3.67010832071
78.874801 88.696028 -0.74032963 76.5 90.5 5.67232006898 2.98228012876 7.41776324748 3.82913567649
80.03236 87.613917 -0.7252394 77.5 89.5 5.67232006898 3.1575554235 6.5531567566 4.1882572309
81.079285 86.604124 -0.70281223 79.5 88.5 5.67232006898 2.46748595104 5.26817456918 3.02949703352
82.380517 85.593177 -0.66953842 80.5 88.5 5.84685299418 3.46207512059 13.3617256879 2.02819923347
83.553536 84.670161 -0.64546431 81.5 87.5 5.84685299418 3.4964265857 11.9823807893 1.85540501029
84.753159 83.736184 -0.60820056 82.5 86.5 5.84685299418 3.56586656525 9.84732518549 3.48237075539
85.938286 82.919631 -0.58097683 83.5 84.5 5.67232006898 2.90565049412 -1.71247964611 3.52132473582
87.249998 82.030848 -0.55954063 85.5 83.5 5.67232006898 2.28492901402 -2.94068343491 2.6506278052
88.578333 81.141585 -0.52544337 86.5 82.5 5.84685299418 2.48289334671 5.10568747413 3.23169281864
89.874585 80.458812 -0.49549775 87.5 82.5 5.84685299418 3.13131000918 3.38992983323 3.18728541411
91.229191 79.664539 -0.46697991 89.5 81.5 5.84685299418 2.52170945928 1.7559779604 3.56723933946
92.640842 79.007823 -0.44436504 89.5 81.5 6.02138591938 4.00946812786 10.4602413552 1.84686890905
93.942666 78.269838 -0.40450827 91.5 80.5 5.84685299418 3.30760332171 -1.82338335086 2.31266028227
95.385584 77.620959 -0.38607018 92.5 80.5 5.84685299418 4.07620805415 -2.87980809014 4.24896802408
96.747733 77.074345 -0.36376533 94.5 79.5 6.02138591938 3.30697835165 5.84221814218 3.82782371746
98.250871 76.540386 -0.33417824 96.5 79.5 6.02138591938 3.43873003995 4.14700275711 5.8059406169
99.752933 76.027378 -0.30758365 97.5 78.5 6.02138591938 3.34508096425 2.62324499223 4.47849098158
100.00981 75.897783 -0.33361957 97.5 78.5 6.02138591938 3.61533947938 4.11499332397 9.97214741924
98.714105 76.429985 -0.36219797 97.5 79.5 6.02138591938 3.30136987495 5.75241502921 5.71560609833
97.284888 77.028291 -0.39087517 95.5 79.5 6.02138591938 3.04879821458 7.39549755746 5.93437755795
95.817851 77.649213 -0.42317241 94.5 80.5 6.02138591938 3.14065562862 9.24599309938 4.98333097162
94.571565 78.35291 -0.46228827 93.5 80.5 6.02138591938 2.39963476749 11.4871667894 2.16899353494
93.13187 79.138887 -0.4938927 91.5 80.5 6.02138591938 2.12500077545 13.2979672423 1.94571911276
91.836662 79.862922 -0.52529077 89.5 80.5 6.02138591938 2.4219532779 15.0969441382 3.23561883256
90.529269 80.702102 -0.55721841 88.5 80.5 6.02138591938 2.03930818975 16.92626316 3.14783627661
89.308886 81.573217 -0.59808232 86.5 80.5 6.02138591938 3.00693120807 19.2675927374 2.80499068469
88.100372 82.484783 -0.6409076 85.5 81.5 6.02138591938 2.78059923316 21.7213005379 3.21918306445
86.96204 83.432583 -0.67310863 83.5 81.5 6.02138591938 3.96492093408 23.5662836528 1.68271211133
85.711036 84.448892 -0.70015711 82.5 83.5 5.84685299418 3.34830527595 15.1160473991 2.27832003424
84.630521 85.38864 -0.74348817 82.5 84.5 5.84685299418 2.30841954182 17.5987342589 1.89406347613
83.531548 86.470864 -0.76732045 80.5 86.5 5.67232006898 3.03168800882 8.96422331908 3.39041848246
82.436303 87.632765 -0.79615086 79.5 87.5 5.67232006898 2.9393029536 10.6160841337 2.88501249965
81.390428 88.717115 -0.83255466 78.5 88.5 5.67232006898 2.8985708455 12.7018682319 2.24989885903
80.091493 90.270385 -0.85191671 76.5 89.5 5.67232006898 3.67318867161 13.8112319797 1.97312156259
79.121061 91.3195 -0.83027867 75.5 90.5 5.67232006898 3.71263558887 12.5714636107 1.71818595802
78.091476 92.534394 -0.81038411 74.5 89.5 5.84685299418 4.70172806591 21.4315892875 1.28359659349
77.093441 93.512556 -0.78090008 73.5 91.5 5.67232006898 4.11864053707 9.74227880543 2.71563606151
76.051262 94.597058 -0.76703211 73.5 93.5 5.67232006898 2.77713414296 8.94770265401 2.25135396098
75.027276 95.58972 -0.75132884 72.5 94.5 5.67232006898 2.7522016021 8.04797155846 2.64353261412
73.852657 96.593273 -0.72312741 71.5 95.5 5.67232006898 2.59427076694 6.43214864323 1.21514957538
72.811015 97.559971 -0.70587276 68.5 94.5 5.84685299418 5.28661260649 15.4435300213 2.0196587196
71.630899 98.505259 -0.68120937 67.5 95.5 5.84685299418 5.10841542998 14.0304218658 2.10397270367
70.538887 99.423882 -0.66641532 67.5 99.5 5.67232006898 3.03984015183 3.18278523886 3.10233081495
69.331788 100.31013 -0.63648641 66.5 100.5 5.67232006898 2.83814620727 1.46798501043 3.36980302883
68.205766 101.18772 -0.63190253 64.5 99.5 5.84685299418 4.07198974031 11.2053480326 3.76866773244
66.997353 102.01418 -0.604237 64.5 102.5 5.67232006898 2.54416844549 -0.379770074354 1.93888536717
65.749881 102.79371 -0.58263231 62.5 102.5 5.84685299418 3.2631261205 8.38237237096 3.79803061604
64.390622 103.72927 -0.540005 62.5 103.5 5.84685299418 1.90447270387 5.94000741596 2.99710735748
63.066948 104.49561 -0.5165186 60.5 105.5 5.84685299418 2.75645085333 4.59433582001 4.27288548705
62.072466 105.11862 -0.50368551 59.5 105.5 5.84685299418 2.60058301647 3.85905392489 3.00576740713
62.084059 105.11634 -0.50537083 59.5 105.5 5.84685299418 2.61238510007 3.95561564802 3.58029744722
62.06969 105.12384 -0.50501376 59.5 105.5 5.84685299418 2.59707586368 3.93515704403 3.87387558863
62.088061 105.11683 -0.50531554 59.5 105.5 5.84685299418 2.61627196381 3.95244776437 3.81578249651
62.080145 105.11527 -0.50526072 59.5 105.5 5.84685299418 2.60867119314 3.94930680974 3.67878998208
62.084425 105.11388 -0.50526675 59.5 106.5 5.84685299418 2.9326747578 3.94965230329 3.59906715419
62.090561 105.10315 -0.50372534 59.5 106.5 5.84685299418 2.94316092275 3.86133601579 3.53210639478
