58.425211 99.52669 -0.076600623 2.5 2.5 0.872664625997 111.990212955 54.388892406 0.0
58.436309 99.5178 -0.082073852 30.5 86.5 0.407243492132 30.8204555025 28.0358186613 0.12050991137
59.138497 99.506199 -0.079127672 80.5 139.5 4.24696784652 45.341128447 -112.132985018 0.599270747027
60.588187 99.398001 -0.084356487 79.5 138.5 4.36332312999 43.4352736465 -105.16672932 0.8700124896
62.026729 99.268445 -0.080345137 78.5 137.5 4.47967841345 41.6295622744 -98.7298960788 4.92344791374
63.612811 99.142137 -0.077882356 77.5 133.5 4.71238898038 37.0582887928 -85.5376697027 2.44937973114
65.109709 99.045111 -0.075303117 77.5 132.5 4.71238898038 35.6756066391 -85.6854492117 5.65825784666
66.576646 98.887554 -0.079079542 118.5 58.5 6.22500766545 65.7813743298 1.19759066909 2.77476037535
68.114632 98.811042 -0.080004433 119.5 58.5 6.22500766545 65.3103066263 1.2505830199 5.40591418803
69.601579 98.673025 -0.074381156 74.5 25.5 4.71238898038 73.3367991935 -85.7382736859 2.82944583164
71.154315 98.514904 -0.080273853 74.5 24.5 4.82874426385 74.0904826698 -78.7339803512 6.56955949507
72.642873 98.438251 -0.077397051 36.5 70.5 4.71238898038 45.682087711 -85.5654756309 2.72982648733
74.179887 98.27586 -0.078945335 36.5 69.5 4.71238898038 47.4112223326 -85.4767654923 4.55301394536
75.689674 98.17429 -0.079512997 73.5 98.5 0.0581776417331 2.21376584814 7.88909247787 2.29629080767
77.259307 98.055637 -0.072379503 74.5 98.5 0.0581776417331 2.79485842146 7.48037337849 6.08294103247
78.667542 97.976243 -0.066300397 76.5 98.5 0.0581776417331 2.22992370202 7.13206626148 3.45271268226
80.25432 97.827625 -0.077582567 77.5 98.5 0.0581776417331 2.83520136904 7.77848698622 3.67942486987
81.813353 97.68277 -0.074716444 79.5 99.5 6.22500766545 2.94175576408 0.947603568092 2.56281758344
82.622729 97.654646 -0.085105116 80.5 98.5 0.0581776417331 2.28486362673 8.2094972951 2.60863034363
81.436592 97.754867 -0.094486992 79.5 99.5 6.22500766545 2.60689043923 2.08037252715 4.01644960315
79.890684 97.897701 -0.093381766 77.5 99.5 6.22500766545 2.87797360538 2.01704774194 2.82553359615
78.411812 98.037468 -0.097953665 76.5 99.5 6.22500766545 2.40707809893 2.27899825901 2.68958213398
76.931086 98.162597 -0.096433306 74.5 99.5 6.22500766545 2.77467582319 2.19188810496 1.39957078209
75.443161 98.337547 -0.10164342 73.5 99.5 6.22500766545 2.26432587079 2.49040564794 1.65730421592
73.912871 98.553041 -0.10292365 71.5 99.5 6.22500766545 2.59204124395 2.56375742375 3.0125133466
72.413468 98.668417 -0.11145399 70.5 99.5 6.22500766545 2.08635808837 3.05250990356 3.00658745928
70.926618 98.82512 -0.11572496 68.5 99.5 6.22500766545 2.51871751737 3.29721845899 2.57798764869
69.460294 99.048845 -0.12091472 67.5 98.5 0.0581776417331 2.03567762685 10.2612364703 3.08927255195
67.984026 99.205817 -0.12024712 65.5 98.5 0.0581776417331 2.5823560572 10.2229858079 3.45126266936
66.409271 99.378533 -0.12589377 64.5 98.5 0.0581776417331 2.10169835693 10.5465150213 3.24559241203
64.97003 99.579245 -0.12534264 62.5 98.5 0.0581776417331 2.69551812662 10.5149375984 3.31403909013
63.450289 99.830398 -0.13542326 61.5 99.5 6.22500766545 1.97807735489 4.42584791257 3.11190494136
62.015499 100.01094 -0.13023941 59.5 99.5 6.22500766545 2.56686480022 4.12883518594 6.97256930745
60.420275 100.24313 -0.1356293 58.5 98.5 0.0581776417331 2.5934452515 11.1043198016 2.92879268999
58.989222 100.44438 -0.14088208 56.5 98.5 0.0581776417331 3.1586135803 11.4052819264 2.99939815802
58.528509 100.58832 -0.24160345 56.5 98.5 6.22500766545 2.91134491009 10.5095246675 2.86366648983
58.390768 100.67023 -0.3827913 56.5 98.5 6.10865238198 2.87835054896 11.9323259243 2.32255900855
58.26024 100.80046 -0.53685502 56.5 99.5 5.87594181505 2.18852486145 7.42619352308 1.88690256678
58.2435 100.85046 -0.70040996 56.5 98.5 5.87594181505 2.92650892047 16.7972013036 1.82454520812
58.129433 100.95873 -0.85888639 56.5 96.5 5.75958653158 4.74713862389 19.2105652282 1.21632653992
58.21235 101.09089 -1.0276822 56.5 101.5 5.29416539772 1.76054352818 2.21518607405 1.04340325367
58.152327 101.12822 -1.1869287 56.5 101.5 5.17781011425 1.69363658538 4.67267175962 1.47808527148
58.049715 101.26081 -1.3398137 56.5 101.5 4.94509954732 1.56806518912 0.0990036771403 0.789177581853
58.024835 101.49733 -1.4943786 56.5 101.5 4.82874426385 1.5248373376 2.28825344134 0.746824183109
58.064001 101.65215 -1.6522241 56.5 101.5 4.71238898038 1.57138434207 4.6654677398 0.781532796102
58.104403 101.68885 -1.8037565 56.5 101.5 4.59603369692 1.61547928149 6.68096805262 0.668720556029
58.177183 101.78616 -1.9584038 56.5 101.5 4.36332312999 1.70142010129 2.20827232238 0.625883869707
58.164815 101.89412 -2.1101089 56.5 101.5 4.24696784652 1.71083007883 4.23366761633 0.654688863772
58.333441 101.96561 -2.2758326 56.5 101.5 4.13061256305 1.89163912324 7.06226952495 0.577810282079
58.547547 101.97367 -2.4518694 55.5 101.5 4.01425727959 3.08413780271 10.4817685373 1.45042148376
58.609003 102.09152 -2.5989269 55.5 101.5 3.78154671265 3.16477417273 5.57420929969 3.07139324324
58.561869 102.14088 -2.6173282 55.5 101.5 3.78154671265 3.12822137125 6.62852612724 5.83625274499
58.51155 102.01626 -2.5045701 55.5 102.5 3.89790199612 3.05015373221 6.83462955799 5.64420433204
58.437648 101.90068 -2.3721379 55.5 101.5 3.89790199612 2.96484742176 -0.753176573641 6.10239675884
58.147744 101.95537 -2.2082701 55.5 101.5 4.01425727959 2.68661685516 -3.47544324507 6.74280088161
58.037351 101.82492 -2.0566813 55.5 101.5 4.24696784652 2.5580701913 1.17249162681 6.27623422643
57.944091 101.71587 -1.9011295 55.5 101.5 4.36332312999 2.45360564745 -1.07330334218 2.14549562842
57.908577 101.57431 -1.7585036 55.5 101.5 4.59603369692 2.40972304239 4.08816787189 1.50130558253
57.841285 101.40683 -1.6171883 55.5 101.5 4.71238898038 2.34313808815 2.65806426794 1.62116782938
57.86028 101.30305 -1.4556073 55.5 101.5 4.82874426385 2.3684828437 0.0668215850998 1.22698520738
57.788579 101.03213 -1.3093986 55.5 101.5 4.94509954732 2.3359144197 -1.64365318633 0.964721540017
57.852229 100.87925 -1.1701135 55.5 101.5 5.17781011425 2.43275807078 3.70923176795 0.91724748983
57.956865 100.8248 -1.0236231 55.5 101.5 5.17781011425 2.54795617471 -4.68404989124 1.10072677073
57.906072 100.67156 -0.85835482 55.5 101.5 5.29416539772 2.54469945235 -7.48655815596 0.949773568516
57.990597 100.53155 -0.72265365 55.5 101.5 5.52687596465 2.67225912271 -1.92832913861 1.14848370933
58.042848 100.37669 -0.56279892 55.5 101.5 5.64323124811 2.7799103056 -4.42066383615 2.10206647191
58.157277 100.32166 -0.41301063 55.5 101.5 5.87594181505 2.90682063608 0.330432659706 1.52810288984
58.686264 100.08548 -0.29965148 55.5 101.5 5.99229709851 3.48613612874 0.502098462182 1.14380822495
59.980629 99.666017 -0.30408986 57.5 101.5 5.99229709851 3.08496578262 0.756398904057 1.29389172708
61.363687 99.173884 -0.32636207 58.5 101.5 5.99229709851 3.68937919973 2.03250253749 3.61089634603
62.885593 98.69498 -0.37512441 59.5 100.5 5.99229709851 3.83670915787 4.82637881867 5.08805960001
64.287236 98.118834 -0.4012694 61.5 100.5 5.99229709851 3.66587452585 6.32437640108 5.4975218916
66.572969 97.068508 -0.44319642 63.5 99.5 5.99229709851 3.91858288429 8.72661769464 4.57653818861
67.896132 96.441291 -0.47211549 64.5 98.5 5.87594181505 3.97139714812 3.71689168642 4.55262489178
69.150612 95.708615 -0.49267498 66.5 97.5 5.87594181505 3.19918805211 4.89486369236 6.58579859422
70.465141 94.973778 -0.52461339 68.5 96.5 5.87594181505 2.48819869447 6.72479978972 5.43536672736
71.675984 94.192345 -0.54871183 68.5 95.5 5.75958653158 3.43465223382 1.4388720279 3.83520213666
72.999296 93.402727 -0.58180979 69.5 94.5 5.75958653158 3.66729880595 3.33524544639 2.92660755126
74.284244 92.44261 -0.63095882 71.5 94.5 5.75958653158 3.46191684817 6.15127743255 5.48240106287
75.447368 91.599491 -0.66374929 72.5 93.5 5.75958653158 3.5069805512 8.0300329718 4.62531039923
76.572595 90.665594 -0.69142624 74.5 92.5 5.75958653158 2.76779612812 9.6158053966 3.10146529348
77.783785 89.658033 -0.71509647 75.5 91.5 5.64323124811 2.93402732695 4.30534300904 3.56008008251
78.874801 88.696028 -0.74032963 76.5 90.5 5.64323124811 2.98228012876 5.75109658082 3.4637227151
80.03236 87.613917 -0.7252394 77.5 89.5 5.64323124811 3.1575554235 4.88649008993 3.73373425977
81.079285 86.604124 -0.70281223 79.5 88.5 5.64323124811 2.46748595104 3.60150790251 2.67527259352
82.380517 85.593177 -0.66953842 80.5 88.5 5.75958653158 3.46207512059 8.36172568786 1.84874042261
83.553536 84.670161 -0.64546431 81.5 87.5 5.75958653158 3.4964265857 6.98238078932 1.77680922946
84.753159 83.736184 -0.60820056 82.5 86.5 5.75958653158 3.56586656525 4.84732518549 3.20457642571
85.938286 82.919631 -0.58097683 83.5 84.5 5.75958653158 2.90565049412 3.28752035389 3.61661456152
87.249998 82.030848 -0.55954063 85.5 83.5 5.75958653158 2.28492901402 2.05931656509 2.2838760973
88.578333 81.141585 -0.52544337 86.5 82.5 5.75958653158 2.48289334671 0.105687474131 2.54242718704
89.874585 80.458812 -0.49549775 87.5 82.5 5.75958653158 3.13131000918 -1.61007016677 2.78703927134
91.229191 79.664539 -0.46697991 89.5 81.5 5.87594181505 2.52170945928 3.42264462707 2.91328631881
92.640842 79.007823 -0.44436504 89.5 81.5 5.87594181505 4.00946812786 2.12690802183 1.85483192728
93.942666 78.269838 -0.40450827 91.5 80.5 5.87594181505 3.30760332171 -0.156716684195 2.53829385971
95.385584 77.620959 -0.38607018 92.5 80.5 5.87594181505 4.07620805415 -1.21314142348 4.54619940967
96.747733 77.074345 -0.36376533 94.5 79.5 5.99229709851 3.30697835165 4.17555147552 3.89636415889
98.250871 76.540386 -0.33417824 96.5 79.5 5.99229709851 3.43873003995 2.48033609044 5.68205330903
99.752933 76.027378 -0.30758365 97.5 78.5 6.10865238198 3.34508096425 7.62324499223 4.42189484733
100.00981 75.897783 -0.33361957 97.5 78.5 6.10865238198 3.61533947938 9.11499332397 9.92387108732
98.714105 76.429985 -0.36219797 97.5 79.5 5.99229709851 3.30136987495 4.08574836254 5.68302858829
97.284888 77.028291 -0.39087517 95.5 79.5 5.99229709851 3.04879821458 5.72883089079 5.75192418937
95.817851 77.649213 -0.42317241 94.5 80.5 5.99229709851 3.14065562862 7.57932643271 4.78560964116
94.571565 78.35291 -0.46228827 93.5 80.5 5.87594181505 2.39963476749 3.15383345607 2.01691773286
93.13187 79.138887 -0.4938927 92.5 81.5 5.87594181505 2.44420013413 4.96463390899 2.9999951436
91.836662 79.862922 -0.52529077 89.5 80.5 5.99229709851 2.4219532779 13.4302774715 2.68573945363
90.529269 80.702102 -0.55721841 88.5 81.5 5.87594181505 2.18049854225 8.59292982666 2.80888791281
89.308886 81.573217 -0.59808232 86.5 81.5 5.87594181505 2.80984008265 10.9342594041 3.22321625105
88.100372 82.484783 -0.6409076 85.5 80.5 5.99229709851 3.27128386042 20.0546338712 2.80023081288
86.96204 83.432583 -0.67310863 84.5 82.5 5.87594181505 2.63274609742 15.2329503195 1.66061952329
85.711036 84.448892 -0.70015711 83.5 84.5 5.75958653158 2.21162660071 10.1160473991 1.91647751882
84.630521 85.38864 -0.74348817 82.5 84.5 5.75958653158 2.30841954182 12.5987342589 1.51513329958
83.531548 86.470864 -0.76732045 81.5 87.5 5.64323124811 2.27734674189 7.29755665241 2.81004130201
82.436303 87.632765 -0.79615086 80.5 88.5 5.64323124811 2.12164225378 8.94941746704 2.22493408352
81.390428 88.717115 -0.83255466 78.5 88.5 5.64323124811 2.8985708455 11.0352015653 2.09249190309
80.091493 90.270385 -0.85191671 77.5 90.5 5.52687596465 2.60164544419 5.47789864634 1.54582246098
79.121061 91.3195 -0.83027867 76.5 91.5 5.64323124811 2.62726873687 10.9047969441 1.43331630625
78.091476 92.534394 -0.81038411 76.5 93.5 5.52687596465 1.86150229809 3.09825595413 1.00245639877
77.093441 93.512556 -0.78090008 75.5 94.5 5.52687596465 1.87459325551 1.4089454721 2.87208877269
76.051262 94.597058 -0.76703211 74.5 95.5 5.52687596465 1.79491449602 0.614369320681 2.74555828851
75.027276 95.58972 -0.75132884 72.5 95.5 5.64323124811 2.52886805875 6.38130489179 3.00870958747
73.852657 96.593273 -0.72312741 71.5 95.5 5.64323124811 2.59427076694 4.76548197656 1.31821323797
72.811015 97.559971 -0.70587276 70.5 97.5 5.64323124811 2.31179299486 3.77686335458 1.9307152595
71.630899 98.505259 -0.68120937 68.5 97.5 5.75958653158 3.28832392037 9.03042186577 1.75611346755
70.538887 99.423882 -0.66641532 68.5 100.5 5.64323124811 2.30544792799 1.51611857219 2.69873591516
69.331788 100.31013 -0.63648641 67.5 101.5 5.64323124811 2.18431634473 -0.198681656233 3.07638929629
68.205766 101.18772 -0.63190253 66.5 102.5 5.64323124811 2.15214229203 -0.461318634028 2.81973322724
66.997353 102.01418 -0.604237 65.5 103.5 5.64323124811 2.1094376215 -2.04643674102 1.52032073278
65.749881 102.79371 -0.58263231 64.5 104.5 5.64323124811 2.11509528822 -3.28429429571 2.64393080502
64.390622 103.72927 -0.540005 62.5 104.5 5.75958653158 2.04168466708 0.940007415962 2.53884136706
63.066948 104.49561 -0.5165186 60.5 105.5 5.87594181505 2.75645085333 6.26100248667 3.44410517294
62.072466 105.11862 -0.50368551 60.5 106.5 5.75958653158 2.09305041161 -1.14094607511 2.56248179975
62.084059 105.11634 -0.50537083 59.5 105.5 5.87594181505 2.61238510007 5.62228231469 3.60213918659
62.06969 105.12384 -0.50501376 59.5 105.5 5.87594181505 2.59707586368 5.6018237107 4.73346553426
62.088061 105.11683 -0.50531554 59.5 106.5 5.87594181505 2.93448785798 5.61911443104 5.32659211695
62.080145 105.11527 -0.50526072 59.5 106.5 5.87594181505 2.92824612933 5.61597347641 5.45102381164
62.084425 105.11388 -0.50526675 59.5 106.5 5.87594181505 2.9326747578 5.61631896996 5.42716869166
62.090561 105.10315 -0.50372534 59.5 106.5 5.87594181505 2.94316092275 5.52800268246 5.368076435
