3 0.624108076096 58.425211 99.52669 -0.076600623 2.5 4.5 0.523598775598 110.261965508 34.388892406 0.0
6 0.623134851456 58.436309 99.5178 -0.082073852 66.5 98.5 1.91986217719 8.12767060008 114.702485328 0.118819314247
9 0.617880105972 59.138497 99.506199 -0.079127672 61.5 110.5 4.71238898038 11.244570105 -85.4663183517 4.53686004795
12 0.619205951691 60.588187 99.398001 -0.084356487 61.5 108.5 4.71238898038 9.14755643563 -85.1667293203 4.88389646789
15 0.618923902512 62.026729 99.268445 -0.080345137 78.5 135.5 4.71238898038 39.8006813404 -85.3965627455 6.09469046847
18 0.628935098648 63.612811 99.142137 -0.077882356 115.5 58.5 0.174532925199 65.9095113185 14.4623302973 7.21361068419
21 0.622797966003 65.109709 99.045111 -0.075303117 116.5 57.5 0.174532925199 66.0829649537 14.3145507883 6.18834327678
24 0.617959976196 66.576646 98.887554 -0.079079542 118.5 58.5 6.10865238198 65.7813743298 -5.46907599757 6.73375890658
27 0.619204998016 68.114632 98.811042 -0.080004433 73.5 27.5 4.71238898038 71.5141028023 -85.4160836468 6.946536643
30 0.624390125275 69.601579 98.673025 -0.074381156 74.5 25.5 4.71238898038 73.3367991935 -85.7382736859 7.49467835511
33 0.631615161896 71.154315 98.514904 -0.080273853 68.5 99.5 6.10865238198 2.83121921589 -5.40064701785 7.34078075819
36 0.629245996475 72.642873 98.438251 -0.077397051 70.5 98.5 6.10865238198 2.14376249457 -5.56547563094 6.524494058
39 0.620573043823 74.179887 98.27586 -0.078945335 71.5 99.5 6.10865238198 2.9462371039 -5.47676549225 5.74180993262
42 0.629300832748 75.689674 98.17429 -0.079512997 73.5 99.5 6.10865238198 2.55972249089 -5.44424085546 5.30094266468
45 0.621164083481 77.259307 98.055637 -0.072379503 74.5 99.5 6.10865238198 3.114475814 -5.85295995485 6.14635812271
48 0.623362064362 78.667542 97.976243 -0.066300397 76.5 99.5 6.10865238198 2.64954217117 -6.20126707186 7.65780464834
51 0.618945837021 80.25432 97.827625 -0.077582567 77.5 99.5 6.10865238198 3.22228440753 -5.55484634711 4.4267508302
54 0.620367050171 81.813353 97.68277 -0.074716444 79.5 99.5 6.10865238198 2.94175576408 -5.71906309857 3.36606150653
57 0.620760917664 82.622729 97.654646 -0.085105116 80.5 99.5 6.10865238198 2.81270506679 -5.12383603823 5.96368237
60 0.619710922241 81.436592 97.754867 -0.094486992 79.5 99.5 6.10865238198 2.60689043923 -4.58629413951 4.18649838781
63 0.61900305748 79.890684 97.897701 -0.093381766 77.5 100.5 6.10865238198 3.53374165344 -4.64961892472 6.90372977788
66 0.62122797966 78.411812 98.037468 -0.097953665 76.5 100.5 6.10865238198 3.1175453444 -4.38766840766 5.66901053545
69 0.619064092636 76.931086 98.162597 -0.096433306 74.5 100.5 6.10865238198 3.3724815676 -4.47477856171 4.69981001632
72 0.625897169113 75.443161 98.337547 -0.10164342 73.5 100.5 6.10865238198 2.9072457153 -4.17626101872 5.52702673221
75 0.619524002075 73.912871 98.553041 -0.10292365 71.5 100.5 6.10865238198 3.10041865082 -4.10290924292 5.75200886811
78 0.618834972382 72.413468 98.668417 -0.11145399 70.5 100.5 6.10865238198 2.64878388566 -3.61415676311 8.05933420466
81 0.617361068726 70.926618 98.82512 -0.11572496 68.5 100.5 6.10865238198 2.9485077467 -3.36944820768 3.36712472608
84 0.618359088898 69.460294 99.048845 -0.12091472 67.5 100.5 6.10865238198 2.43897589173 -3.07209686299 7.31055155837
87 0.618072032928 67.984026 99.205817 -0.12024712 65.5 96.5 0.174532925199 3.67312275947 16.8896524746 3.03707233629
90 0.619017124176 66.409271 99.378533 -0.12589377 64.5 96.5 0.174532925199 3.45416675676 17.213181688 6.77306129609
