183 1.40326189995 57.788579 101.03213 -1.3093986 17.0718083009 98.8455411356 -1.11993102207 40.7754409789 10.8556925698 0
186 1.3931889534 57.852229 100.87925 -1.1701135 37.6875784476 65.4192546369 -1.39058026542 40.7924552222 -12.6318151812 0
189 1.92211604118 57.956865 100.8248 -1.0236231 49.2507142024 2.97615309122 1.41558065954 98.2352012447 139.756080794 0
192 2.43580293655 57.906072 100.67156 -0.85835482 77.1890051825 68.9554693997 -1.21783223583 37.1179459977 -20.5965387575 0
195 1.56822800636 57.990597 100.53155 -0.72265365 135.582992407 77.5158768365 3.08361136507 80.9339300679 -141.917078928 0
198 1.35241484642 58.042848 100.37669 -0.56279892 137.918594117 76.7587536011 2.45635491349 83.294307954 172.98477236 0
201 1.42962694168 58.157277 100.32166 -0.41301063 34.4023072107 58.0716993674 2.90494572615 48.4701739542 -169.895104184 0
204 1.38513016701 58.686264 100.08548 -0.29965148 115.981064484 75.1575542323 2.84337023013 62.4827627875 -179.918121091 0
207 1.40130209923 59.980629 99.666017 -0.30408986 68.4691917331 91.3963854441 -1.8426838252 11.8508439928 -88.15494059 0
210 1.37745499611 61.363687 99.173884 -0.32636207 57.7130276632 104.169444247 -0.219308447465 6.18732056522 6.13372075285 0
213 1.36858105659 62.885593 98.69498 -0.37512441 111.017185431 61.9685256613 -1.43260136226 60.5432294995 -60.588966297 0
216 1.38195490837 64.287236 98.118834 -0.4012694 121.251559783 101.802951278 1.18021890724 57.0833329801 90.6126053544 0
219 1.39212989807 66.572969 97.068508 -0.44319642 58.0432885494 40.5633992432 -0.569748432644 57.1452777069 -7.25089621338 0
222 1.36516690254 67.896132 96.441291 -0.47211549 54.6360074539 115.106768838 -1.79773102645 22.8960906247 -75.9521754953 0
225 1.39019417763 69.150612 95.708615 -0.49267498 57.0996193237 95.1825487985 -1.89759737507 12.0624694873 -80.4961237807 0
228 1.36559486389 70.465141 94.973778 -0.52461339 41.9280458666 70.3250292454 -1.01678367054 37.7084422089 -28.1992798769 0
231 1.90663719177 71.675984 94.192345 -0.54871183 110.527450586 91.5058344651 -1.72844654381 38.9442395578 -67.5938200465 0
234 1.51979589462 72.999296 93.402727 -0.58180979 104.486386391 37.7829151866 -1.27133731747 63.9140072868 -39.5070171822 0
237 1.38581514359 74.284244 92.44261 -0.63095882 60.9907658348 29.0472103907 -0.119666017215 64.77417119 29.294919695 0
240 1.97826814651 75.447368 91.599491 -0.66374929 123.809493847 115.863456182 -2.28863592368 54.1076262902 -93.0991462974 0
243 1.47771883011 76.572595 90.665594 -0.69142624 108.465801831 32.9124590856 -1.14304227585 65.9742467511 -25.8756928146 0
246 1.36254811287 77.783785 89.658033 -0.71509647 33.5996177452 71.7739139098 0.550358220401 47.6663649929 72.505212925 0
249 1.36889886856 78.874801 88.696028 -0.74032963 76.3091876273 90.461578576 -0.612663230441 3.11440858186 7.31474588034 0
252 1.36473989487 80.03236 87.613917 -0.7252394 76.7035228435 88.2037004836 -0.438022012646 3.38068060781 16.4563440981 0
255 1.37747716904 81.079285 86.604124 -0.70281223 78.4925785519 87.578145795 -0.648038104738 2.76401315219 3.13832620401 0
258 1.39414215088 82.380517 85.593177 -0.66953842 79.7098262321 88.4438368763 -0.563773278829 3.90625791629 6.05989620872 0
261 1.36397314072 83.553536 84.670161 -0.64546431 80.1651826651 85.1683312441 -0.451472398839 3.42477910447 11.1149177692 0
264 1.38969683647 84.753159 83.736184 -0.60820056 82.2602626656 84.5547378059 -0.342861818 2.62384497776 15.2027900579 0
267 1.38160586357 85.938286 82.919631 -0.58097683 84.258105444 84.8282486648 -0.384906404709 2.54279926283 11.2340078565 0
270 1.36655306816 87.249998 82.030848 -0.55954063 84.7981482727 83.1733037497 -0.4918227592 2.70495327605 3.87994819443 0
