123 5.54266214371 80.819811 40.085383 -0.20196514 82.0711834698 116.452597251 1.75231840382 76.3774662157 111.972199033 0
126 5.56325411797 80.673305 40.189426 -0.34415967 117.83219199 12.285891687 -0.534439733718 46.4692383144 -10.9022445765 0
129 5.51887893677 80.559381 40.228255 -0.49611957 79.3550167698 54.551779777 -0.379460063967 14.3740688476 6.68409733576 0
132 5.54625916481 80.474435 40.358509 -0.64523249 86.6067832414 121.798726771 2.96339558137 81.6707705703 -153.240841678 0
135 5.52763414383 80.446897 40.445937 -0.81868337 93.3900560493 12.8876472995 -0.151610558102 30.4464233924 38.2204567497 0
138 5.5371260643 80.377523 40.602704 -0.97166139 121.276148671 61.1989617757 2.94717479502 45.7919579852 -135.467225995 0
141 5.54109311104 80.303277 40.677658 -1.1291983 39.5569214925 95.2552058957 -0.00399157384712 68.1100155737 64.4695964883 0
144 5.6252450943 80.24067 40.836497 -1.2914427 112.639636501 58.4353265897 -0.385948426952 36.8702025114 51.8810002189 0
147 5.54635000229 80.334643 40.99259 -1.4510482 100.215764122 126.63242664 2.27057821691 87.9172371994 -146.766513387 0
150 5.55635881424 80.305505 41.173119 -1.6076845 63.4429547961 23.0823185961 2.64500248355 24.7310060174 -116.338984252 0
153 5.59608602524 80.260339 41.240273 -1.7630876 26.1469037851 80.1967109141 0.763097747007 66.6773419215 144.739758651 0
156 5.50314903259 80.351916 41.337649 -1.9138236 117.40277783 75.5600561023 -0.680030656573 50.4374812041 70.6911284514 0
159 5.53181886673 80.458888 41.424429 -2.0695544 28.8888588974 99.7874432575 -2.46273169819 77.8826638916 -22.5273997865 0
162 5.58027505875 80.580246 41.530351 -2.2462491 70.8590357276 100.214626552 0.815438135333 59.4839989087 175.421756774 0
165 5.57659006119 80.700832 41.575869 -2.3973477 28.8017458724 72.148683845 -0.722286190395 60.2346424279 95.9739549252 0
168 5.54111909866 80.863789 41.557834 -2.56541 110.021833679 101.259807873 -1.6836350342 66.4418336128 50.5219840208 0
171 5.58585596085 80.910142 41.637692 -2.7112414 37.0200769316 106.965758665 -2.71469252511 78.7025673398 -0.197734903523 0
174 5.57714295387 81.000304 41.730578 -2.863125 27.5223853825 70.8661276837 -1.23659052978 60.8996554591 93.1935603764 0
177 5.64151597023 81.313486 41.614906 -3.0334876 125.792302626 135.827710873 2.8706608044 104.184536907 -21.7172148087 0
180 5.58437895775 81.419836 41.643078 3.1037871 32.4305284362 105.837759688 2.11342197085 80.7521480374 -56.7437420775 0
183 5.59613990784 81.472606 41.653948 2.9566422 36.0602028853 70.0029190639 -1.57289393285 53.5345731004 100.476696435 0
186 5.55711293221 81.600227 41.551467 2.7956666 105.24773388 64.7971251024 -2.97593767712 33.1596924329 29.3114339013 0
189 5.57278990746 81.705618 41.391179 2.6371497 97.9598925498 61.3746637818 -0.0920078532177 25.7592916277 -156.369209426 0
192 5.54963803291 81.817002 41.340993 2.4823985 36.4531549278 105.889198504 1.71320718988 78.8945464213 -44.071415708 0
195 5.62254500389 81.903012 41.262396 2.332631 110.034129045 66.3412005102 2.65817852927 37.6869497553 18.6524994583 0
198 5.58618783951 81.909487 41.089487 2.1583794 30.7064265774 67.2993669808 -1.64321102355 57.5213978033 142.184913293 0
201 5.59922909737 81.924053 40.998223 1.9975831 34.2213675528 68.5868723087 -2.19126498342 55.1060774285 119.996683798 0
204 5.55641198158 81.960862 40.844259 1.8446809 35.5159151814 105.12218968 1.28110660326 79.3018628879 -32.2904286453 0
207 5.58003902435 81.927588 40.703608 1.6857979 33.6158405573 106.739034445 0.295494694855 81.8211616071 -79.6585058983 0
210 5.58593893051 81.924928 40.686406 1.5459903 113.255297925 63.8027618604 1.73922545081 38.9353051602 11.0715585949 0
