183 5.54044103622 81.472606 41.653948 2.9566422 66.3671139029 62.1119585323 -1.00197021428 25.4304165604 133.188215934 0
186 5.5432870388 81.600227 41.551467 2.7956666 122.001420986 39.7634890869 -2.67116261279 40.4407386248 46.7737587886 0
189 5.52488899231 81.705618 41.391179 2.6371497 144.118966243 83.5255323309 -2.92949346921 75.3042480179 41.0548403487 0
192 5.54110980034 81.817002 41.340993 2.4823985 93.1261131071 73.0906211732 -2.83811087389 33.7036330856 55.1572680165 0
195 5.59795498848 81.903012 41.262396 2.332631 64.3208847212 49.0585732453 -0.53660105681 19.2330855374 -164.394887299 0
198 5.51400899887 81.909487 41.089487 2.1583794 116.656293656 16.8621831857 0.487468718621 42.3592117837 -95.7361299864 0
201 5.5101120472 81.924053 40.998223 1.9975831 83.7272189565 85.5023410145 0.450233999444 44.5406323228 -88.6565728952 0
204 5.56034016609 81.960862 40.844259 1.8446809 27.196811356 40.6541130903 1.80952039311 54.7643807452 -2.01454865016 0
207 5.55127000809 81.927588 40.703608 1.6857979 27.3917174907 66.2810110159 -1.75984102044 60.2359088687 162.579432133 0
210 5.54931092262 81.924928 40.686406 1.5459903 121.445857239 133.967867937 -0.859023544344 101.308119068 -137.797142951 0
213 5.52715301514 81.81851 40.588718 1.3660151 54.2762830129 114.140497247 -1.62648378747 78.5394072926 -171.457556449 0
216 5.53386282921 81.824065 40.431016 1.2110526 55.3150154134 132.824368473 2.79013800318 96.1210762067 90.4749290926 0
219 5.5025908947 82.277545 41.390368 1.1504821 47.3695626356 70.7885474541 -0.511610642802 45.6379248868 -95.2308993219 0
222 5.55098199844 82.927041 42.739254 1.1137092 133.631849851 27.1454345485 1.83977218068 53.0485140762 41.6003444539 0
225 5.52843904495 83.677797 44.09726 1.084748 26.8476828659 53.5506814147 0.763753546934 57.6110149966 -18.3916274078 0
228 5.54681587219 84.372874 45.412874 1.0478677 31.4983964013 62.2658164924 -1.4533669015 55.4953336055 -143.310186238 0
231 5.52790021896 85.159381 46.677356 1.0274995 69.9132755132 56.6110895911 1.56337124482 18.1967798133 30.7031893384 0
234 5.5307841301 85.928298 47.908079 0.99952116 82.2739693275 50.6389609457 1.09761506311 4.56199893117 5.62036664445 0
237 5.55595803261 86.76373 49.194484 0.95689161 88.7304226796 59.9579009554 -2.28951311525 10.9416189228 173.994710652 0
240 5.55963492393 87.649962 50.387631 0.93226665 13.3561986351 46.9393351846 -1.97794129947 74.373745495 -166.74263301 0
243 5.56771302223 88.570925 51.559268 0.90792052 71.4826023404 67.0627845554 -1.817436823 23.0731401613 -156.151473419 0
246 5.54141807556 89.47196 52.652014 0.8832857 118.452411823 109.730464486 -2.7166542952 64.0141866919 153.738631775 0
249 5.5419588089 90.492516 53.754021 0.83763364 41.886021378 70.0867934998 -1.36537810617 51.2771954866 -126.223275273 0
252 5.570333004 91.498687 54.898001 0.81217592 11.4144126027 40.370342099 -2.00429647356 81.3913010026 -161.371981266 0
255 5.53471493721 92.568948 55.94073 0.78340538 11.3307563427 40.1831258068 -2.0327853949 82.7523164247 -161.355845705 0
258 5.56476902962 93.547241 56.960456 0.75288469 10.8545773801 40.2632469566 -2.03784258017 84.3615635606 -159.896894353 0
261 5.49928998947 94.620679 57.928363 0.72990952 90.8117994075 59.6521353579 0.819563503222 4.18078400452 5.13679485513 0
264 5.52230286598 95.770396 58.899507 0.6896339 9.43370246526 37.1495049805 -2.18079961523 89.0341914006 -164.463725795 0
267 5.52684402466 96.962501 59.840194 0.66858365 8.23103798217 35.6296491448 -2.19155444994 91.9751216986 -163.873841951 0
270 5.52751302719 98.232224 60.772339 0.64204005 51.3640134075 93.8527407468 2.37584352195 57.3667337738 99.3396214478 0
