63 1.38359189034 52.707826 40.957156 -0.02058299 51.4351575212 19.0133822979 0.799486677986 21.9806480647 46.9865308823 0
66 1.3757250309 54.31159 40.951842 -0.027308534 102.214159887 55.7442659824 2.12715123255 50.134539083 123.441451754 0
69 1.39379000664 55.778879 40.909196 -0.015002614 79.1840437676 50.3505799119 -0.0158803187342 25.2376993399 -0.0502887769266 0
72 1.38687205315 57.331901 40.836464 -0.018380323 51.9071966702 104.361274458 0.925473669305 63.7560111737 54.0788502356 0
75 1.39698290825 58.848313 40.76075 -0.022921269 125.627963561 130.152000121 -0.472880310423 111.58098999 -25.7807540273 0
78 1.3895418644 60.388876 40.75568 -0.012358794 25.3638350854 137.509996709 -2.12646353063 102.898742912 -121.129278858 0
81 1.39633893967 61.86858 40.735896 -0.015077049 129.192300844 96.448438353 2.47094543095 87.3863305313 142.438595876 0
84 1.39590907097 63.333062 40.668539 -0.013920495 130.429601318 34.7074037189 -0.871263261511 67.3608248334 -49.1221221172 0
87 1.41032290459 64.876385 40.58717 -0.032109511 107.704888073 130.071458084 -1.97521336793 99.2054357851 -111.331650158 0
90 1.40419816971 66.44697 40.579857 -0.020157695 133.241402289 26.7067215809 -0.943169016589 68.2199389562 -52.8846531698 0
93 1.40584182739 67.930314 40.55804 -0.02084507 88.8469892296 81.1825524512 2.08192503397 45.6930882581 120.479852244 0
96 1.38867092133 69.414343 40.447992 -0.021831497 74.734019132 132.582910234 0.654816516016 92.2883639039 38.7690753617 0
99 1.39852309227 70.999462 40.351868 -0.031419309 44.5440901299 41.8476014232 -1.00170643351 26.4976210113 -55.5933571505 0
102 1.39818692207 72.481812 40.325422 -0.028226015 57.7195343755 82.1721544603 1.59095328308 44.3742476924 92.7721400549 0
105 1.38982105255 74.028193 40.279112 -0.026102315 74.0874841502 30.8212326157 -1.90676579243 9.45806522968 -107.754079941 0
108 1.38997983932 75.500101 40.224463 -0.026983514 100.944796961 50.1231892858 0.0241135093865 27.3023320361 2.92764378573 0
111 1.38871097565 77.104162 40.159206 -0.035689283 52.731124222 25.6436566407 -0.2719304509 28.3680479365 -13.5356218679 0
114 1.39097595215 78.584191 40.097894 -0.03659834 113.443208743 24.266096011 -2.54213234498 38.2857277007 -143.556523912 0
117 1.39025092125 80.1084 40.071744 -0.024096447 53.2037284359 120.984802536 -2.84179093465 85.2688946432 -161.442002099 0
120 1.39276099205 80.881063 40.047709 -0.06972902 51.3093765906 79.2308119845 0.860627894784 49.0897157925 53.3055246579 0
123 1.39306688309 80.819811 40.085383 -0.20196514 137.020745942 54.3072390785 -1.97836372493 57.9724613816 -101.78014165 0
126 1.39878892899 80.673305 40.189426 -0.34415967 57.3039862531 119.1058038 1.55409651428 82.3038258146 108.762067794 0
129 1.39716696739 80.559381 40.228255 -0.49611957 122.778687737 38.2007241485 0.279087211926 42.2679635504 44.4160768543 0
132 1.38815712929 80.474435 40.358509 -0.64523249 109.649573184 56.7619551759 0.0345584102184 33.4703112404 38.9491495339 0
135 1.39544582367 80.446897 40.445937 -0.81868337 108.953333883 55.8682420974 0.225321431047 32.4108691381 59.8170688914 0
138 1.39936709404 80.377523 40.602704 -0.97166139 102.613243403 72.5955570535 0.411001136205 38.9611333041 79.2207272425 0
141 1.4038040638 80.303277 40.677658 -1.1291983 120.837539022 65.7882855851 -3.11471189334 47.6819674027 -113.761549064 0
144 1.39137101173 80.24067 40.836497 -1.2914427 33.0362945729 84.487933102 -1.86624772637 64.2938638848 -32.9339020541 0
147 1.40062189102 80.334643 40.99259 -1.4510482 103.950970223 71.2341696879 -0.151864846754 38.3703538365 74.4377229547 0
150 1.39553403854 80.305505 41.173119 -1.6076845 32.1519386568 86.7366537882 -2.52551277864 66.2933002193 -52.587686684 0
