3 1.25475716591 31.520043 41.394881 -0.0070850614 2.5 11.5 0.436332312999 41.6637348989 25.4059441158 1.99420289855
6 1.24001383781 31.529937 41.402987 -0.0081764059 108.5 89.5 2.18166156499 90.7618491314 125.46847355 3.32644005386
9 1.23912191391 31.522543 41.401068 -0.0068718684 52.5 104.5 5.49778714378 66.4945781378 -44.6062709433 3.83061082628
12 1.239112854 31.528168 41.375423 -0.0049451513 52.5 104.5 5.49778714378 66.5171403389 -44.7166637015 4.07801275986
15 1.23939609528 31.523843 41.397689 -0.0081913964 52.5 104.5 5.49778714378 66.4973745048 -44.530667558 4.26702641018
18 1.24043011665 31.52518 41.394772 -0.0077822512 52.5 104.5 5.49778714378 66.4997208638 -44.5541098511 4.42682023253
21 1.24596190453 31.646202 41.400982 -0.0069641742 52.5 104.5 5.49778714378 66.4557519225 -44.6009822105 4.48635141831
24 1.24148797989 32.968315 41.348607 -0.0066445448 55.5 102.5 5.49778714378 65.1703129867 -44.6192956262 3.71930822219
27 1.24038314819 34.520488 41.363888 -0.010157874 128.5 91.5 6.02138591938 106.516563981 -14.417996691 5.45751373429
30 1.24082016945 35.981317 41.339656 -0.012968194 130.5 91.5 6.02138591938 107.003932387 -14.2569772159 3.89475237321
33 1.24117302895 37.47125 41.3168 -0.01805047 10.5 81.5 4.45058959259 48.3956391507 -103.965784251 4.0849649262
36 1.24888110161 39.051821 41.275587 -0.019803098 77.5 77.5 5.49778714378 52.8249047856 -43.8653660633 3.76176684375
39 1.24655604362 40.609584 41.247017 -0.013659721 78.5 76.5 5.49778714378 51.7538059958 -44.2173556374 2.2096274024
42 1.24119901657 42.081473 41.279186 -0.014178183 79.5 75.5 5.49778714378 50.7071027931 -44.1876499529 1.99210022294
45 1.24068903923 43.552295 41.213208 -0.0092852628 41.5 42.5 6.19591884458 2.42234357974 -4.46799362989 0.900246543838
48 1.24187207222 45.079977 41.189892 -0.010404952 43.5 42.5 6.19591884458 2.0524888044 -4.40384016436 1.11585755951
51 1.2419500351 46.640834 41.096545 -0.012029947 44.5 42.5 6.19591884458 2.55985471318 -4.31073480913 2.92774019381
54 1.23882484436 48.21014 41.103056 -0.013219293 46.5 42.5 6.19591884458 2.20817376099 -4.24259030295 3.2030687145
57 1.23728108406 49.69993 40.993437 -0.019411138 47.5 42.5 6.19591884458 2.66635032917 -3.88782371705 4.80301829239
60 1.24007701874 51.221815 41.026894 -0.026800957 49.5 42.5 6.19591884458 2.26598503558 -3.46441827699 1.77111502631
63 1.24101209641 52.707826 40.957156 -0.02058299 50.5 42.5 6.19591884458 2.69348533588 -3.82068154324 5.82360545865
66 1.24006795883 54.31159 40.951842 -0.027308534 52.5 42.5 6.19591884458 2.38299213617 -3.43533625711 5.78358601093
69 1.2411429882 55.778879 40.909196 -0.015002614 53.5 42.5 6.19591884458 2.77919896068 -4.14041353614 4.25374515883
72 1.2429690361 57.331901 40.836464 -0.018380323 55.5 42.5 6.19591884458 2.47451273933 -3.94688506601 3.12200562702
75 1.24045300484 58.848313 40.76075 -0.022921269 56.5 42.5 6.19591884458 2.92225332722 -3.68670802522 1.66585225313
78 1.23991990089 60.388876 40.75568 -0.012358794 58.5 41.5 6.19591884458 2.03023762298 -4.29189326393 4.50587808853
81 1.23859095573 61.86858 40.735896 -0.015077049 59.5 41.5 0.0872664625997 2.48878005039 5.86385127521 6.12655032261
84 1.23537492752 63.333062 40.668539 -0.013920495 61.5 41.5 0.0872664625997 2.01281983555 5.79758561223 3.28398310742
87 1.23981595039 64.876385 40.58717 -0.032109511 63.5 41.5 0.0872664625997 1.65157327331 6.83973946253 1.63250490303
90 1.23956489563 66.44697 40.579857 -0.020157695 64.5 41.5 0.0872664625997 2.15345195473 6.15495084821 3.45273555064
