183 4.91934990883 57.788579 101.03213 -1.3093986 2.5 2.5 0.305432619099 112.984103352 92.5230134803 0.0
186 4.94613909721 57.852229 100.87925 -1.1701135 16.5 70.5 0.305432619099 51.3118473048 84.5425651013 0.110074459527
189 4.90343999863 57.956865 100.8248 -1.0236231 17.5 69.5 0.392699081699 51.1664051959 81.1492834421 0.214130344942
192 4.93093800545 57.906072 100.67156 -0.85835482 32.5 70.5 3.70882466049 39.4435232618 -98.3198914893 0.471718726626
195 28.819341898 57.990597 100.53155 -0.72265365 60.5 93.5 4.49422282389 7.46590910867 -61.0949958053 0.432613480274
198 4.91915893555 58.042848 100.37669 -0.56279892 43.5 140.5 5.10508806208 42.6775635821 -35.2539971695 1.45828261475
201 5.1730890274 58.157277 100.32166 -0.41301063 20.5 67.5 2.31256125889 49.9532969504 156.163765993 1.21672453879
204 4.1213259697 58.686264 100.08548 -0.29965148 18.5 68.5 2.22529479629 51.1133872983 144.668765129 0.796890969511
207 3.73570179939 59.980629 99.666017 -0.30408986 99.5 96.5 5.36688744988 39.6459877904 -35.0769344293 4.8403525386
210 3.87398099899 61.363687 99.173884 -0.32636207 100.5 94.5 5.27962098728 39.4144159779 -38.8008307958 6.90605847477
213 3.7977938652 62.885593 98.69498 -0.37512441 101.5 93.5 5.01782159948 38.9622926066 -51.0069545147 7.07181155807
216 3.74753594398 64.287236 98.118834 -0.4012694 61.5 100.5 6.06501915068 3.66587452585 10.4910430677 7.54321342934
219 6.93262195587 66.572969 97.068508 -0.44319642 63.5 98.5 5.97775268808 3.39003065193 7.89328436131 6.42335868043
222 3.71834897995 67.896132 96.441291 -0.47211549 65.5 97.5 5.97775268808 2.61960174609 9.55022501975 7.24488563029
225 3.73613905907 69.150612 95.708615 -0.49267498 66.5 97.5 5.89048622548 3.19918805211 5.72819702569 8.34822521246
228 3.82625699043 70.465141 94.973778 -0.52461339 67.5 96.5 5.80321976288 3.33487852 2.55813312305 7.38885701447
231 3.74375200272 71.675984 94.192345 -0.54871183 68.5 95.5 5.80321976288 3.43465223382 3.9388720279 6.13812593763
234 3.77978515625 72.999296 93.402727 -0.58180979 70.5 94.5 5.80321976288 2.72955830349 5.83524544639 4.9299701842
237 3.72003912926 74.284244 92.44261 -0.63095882 71.5 93.5 5.80321976288 2.97826934034 8.65127743255 7.49819447359
240 3.69169998169 75.447368 91.599491 -0.66374929 72.5 93.5 5.80321976288 3.5069805512 10.5300329718 6.62304726676
243 3.70301485062 76.572595 90.665594 -0.69142624 74.5 92.5 5.62868683768 2.76779612812 2.1158053966 7.50785225841
246 3.69139504433 77.783785 89.658033 -0.71509647 75.5 91.5 5.62868683768 2.93402732695 3.4720096757 6.07643664938
249 3.77335500717 78.874801 88.696028 -0.74032963 76.5 90.5 5.62868683768 2.98228012876 4.91776324748 4.1462609465
252 3.72568392754 80.03236 87.613917 -0.7252394 77.5 89.5 5.62868683768 3.1575554235 4.0531567566 4.37905138618
255 3.8149960041 81.079285 86.604124 -0.70281223 79.5 88.5 5.62868683768 2.46748595104 2.76817456918 3.0122217088
258 3.76176095009 82.380517 85.593177 -0.66953842 80.5 87.5 5.71595330028 2.67811839556 5.86172568786 3.91473186715
261 3.86223506927 83.553536 84.670161 -0.64546431 81.5 86.5 5.71595330028 2.75051283749 4.48238078932 5.94871270634
264 3.72052097321 84.753159 83.736184 -0.60820056 82.5 85.5 5.71595330028 2.86142837778 2.34732518549 5.68642747185
267 3.75345897675 85.938286 82.919631 -0.58097683 83.5 84.5 5.71595330028 2.90565049412 0.78752035389 3.78768528462
270 3.86623501778 87.249998 82.030848 -0.55954063 85.5 83.5 5.71595330028 2.28492901402 -0.440683434909 4.70045790002
