183 2.79329991341 81.472606 41.653948 2.9566422 3.5 7.5 4.36332312999 85.1247287832 80.5968804097 0.0
186 2.80719399452 81.600227 41.551467 2.7956666 37.5 75.5 2.38528331106 55.6536873379 -23.513230439 1.71754670418
189 2.77661800385 81.705618 41.391179 2.6371497 29.5 87.5 5.64323124811 69.6523504612 172.235785579 0.176129532615
192 2.86017584801 81.817002 41.340993 2.4823985 60.5 102.5 5.99229709851 64.7675745377 -158.897623786 0.439933611102
195 2.8363699913 81.903012 41.262396 2.332631 95.5 45.5 5.87594181505 14.2420283082 -156.983244795 0.544443732161
198 2.81490588188 81.909487 41.089487 2.1583794 75.5 78.5 5.64323124811 37.9556057326 -160.332696875 0.472440637318
201 2.81265997887 81.924053 40.998223 1.9975831 56.5 112.5 3.66519142919 75.8873282248 95.5469191433 0.560450933446
204 2.80277204514 81.960862 40.844259 1.8446809 126.5 49.5 0.407243492132 45.3724218666 -82.3590967851 0.553949299107
207 2.80684804916 81.927588 40.703608 1.6857979 126.5 49.5 0.174532925199 45.4321078502 -86.589104782 0.499888394365
210 2.79612112045 81.924928 40.686406 1.5459903 126.5 49.5 0.0581776417331 45.4380510476 -85.2453860248 0.608940253134
213 2.80006098747 81.81851 40.588718 1.3660151 54.5 42.5 1.33808575986 27.385287793 -1.60023331447 3.10139703257
216 2.81269192696 81.824065 40.431016 1.2110526 54.5 42.5 1.2217304764 27.4022849944 0.611797251655 5.33476051834
219 2.83294391632 82.277545 41.390368 1.1504821 54.5 134.5 2.85070444492 97.164785686 97.415564598 9.04799486034
222 2.82545208931 82.927041 42.739254 1.1137092 56.5 45.5 1.10537519293 26.5708527242 -0.477503431558 7.52659757712
225 2.77500915527 83.677797 44.09726 1.084748 15.5 10.5 2.26892802759 76.0064989542 67.8485177647 5.66249497477
228 2.77000999451 84.372874 45.412874 1.0478677 14.5 12.5 2.26892802759 77.2364926441 69.9616033019 7.13878450411
231 2.75913500786 85.159381 46.677356 1.0274995 73.5 74.5 4.24696784652 30.1668805887 -175.538051468 7.21758396235
234 2.77260398865 85.928298 47.908079 0.99952116 72.5 73.5 4.24696784652 28.900962054 -173.935010669 5.7341701596
237 2.77566313744 86.76373 49.194484 0.95689161 71.5 72.5 4.13061256305 27.8590834296 -178.159184038 3.57651483387
240 2.78912901878 87.649962 50.387631 0.93226665 85.5 52.5 0.989019909463 3.0140403769 3.25172224087 2.48469055043
243 2.81453800201 88.570925 51.559268 0.90792052 86.5 53.5 0.872664625997 2.8381633236 -2.02001392932 2.34685354708
246 2.7754509449 89.47196 52.652014 0.8832857 87.5 54.5 0.872664625997 2.70253186804 -0.608542714259 6.66271258745
249 2.90816807747 90.492516 53.754021 0.83763364 88.5 55.5 0.872664625997 2.64925700503 2.00712764982 7.96330510553
252 2.77320194244 91.498687 54.898001 0.81217592 11.5 40.5 4.36332312999 81.2840227506 -156.534252438 7.51973656908
255 2.81809806824 92.568948 55.94073 0.78340538 10.5 39.5 4.24696784652 83.6995210784 -161.552488589 9.60744336805
258 2.77538204193 93.547241 56.960456 0.75288469 91.5 59.5 0.872664625997 3.26197477612 6.86288480298 9.53669624772
261 2.77440714836 94.620679 57.928363 0.72990952 91.5 60.5 0.872664625997 4.04375497289 8.17926507758 8.58597633408
264 2.77779507637 95.770396 58.899507 0.6896339 92.5 61.5 0.872664625997 4.17828359974 10.4868881209 7.23906423039
267 2.77364110947 96.962501 59.840194 0.66858365 93.5 63.5 0.872664625997 5.03816366672 11.6929786035 5.51333087034
270 2.81786298752 98.232224 60.772339 0.64204005 96.5 63.5 0.639954059065 3.23121254595 -0.119518476702 8.78243104977
