63 2.74425697327 79.890684 97.897701 -0.093381766 49.2673168533 119.426005561 -0.0804949419543 37.4333876727 0.738360629145 0
66 2.75550198555 78.411812 98.037468 -0.097953665 5.21298216763 116.519086424 -0.0980516942378 75.4959529273 -0.00561666159664 0
69 2.73789310455 76.931086 98.162597 -0.096433306 16.0746362064 114.77569797 -1.44029074212 63.0832989413 -76.9973593568 0
72 2.73600101471 75.443161 98.337547 -0.10164342 24.7757407177 57.7597607687 -1.70260140078 64.9133592837 -91.7281354768 0
75 2.74223995209 73.912871 98.553041 -0.10292365 58.2546894504 56.2578620322 0.0811531392675 45.1005633375 10.5468231313 0
78 2.76254582405 72.413468 98.668417 -0.11145399 70.6936422081 135.66237757 -2.25185458113 37.0339157989 -122.635920339 0
81 2.73945188522 70.926618 98.82512 -0.11572496 123.483545936 108.870535491 0.456205644055 53.5083268892 32.7692097867 0
84 2.74842786789 69.460294 99.048845 -0.12091472 90.3957786064 102.949083632 -2.95344239414 21.2956891668 -162.291881082 0
87 2.75479507446 67.984026 99.205817 -0.12024712 142.32292247 115.779999467 -2.17248117885 76.1641323256 -117.584350145 0
90 2.74346184731 66.409271 99.378533 -0.12589377 107.007700534 15.5084143357 2.26794124774 93.1795540092 137.156643367 0
93 2.75570702553 64.97003 99.579245 -0.12534264 68.7186070991 28.8401189442 0.236059445289 70.8383779135 20.7068141943 0
96 2.76370191574 63.450289 99.830398 -0.13542326 84.5183283755 10.044313223 0.234151015874 92.2247434407 21.1750462242 0
99 2.74829387665 62.015499 100.01094 -0.13023941 83.9268702959 11.169105053 0.0772029922856 91.5039880487 11.885574143 0
102 2.75511407852 60.420275 100.24313 -0.1356293 81.3594201677 10.891549505 0.0123422332942 91.7722874146 8.47814434583 0
105 2.74992895126 58.989222 100.44438 -0.14088208 81.0610934679 13.4327832188 -0.000836368294496 89.7673965564 8.02402821963 0
108 2.77365589142 58.528509 100.58832 -0.24160345 79.9560521386 11.8760662172 -0.109511818987 91.2633747797 7.56829296607 0
111 2.76242899895 58.390768 100.67023 -0.3827913 43.7132209183 106.771697427 -1.77988519306 15.8952286267 -80.0475836558 0
114 2.73625707626 58.26024 100.80046 -0.53685502 80.094111659 11.0978244194 -0.34673327634 92.3216160047 10.8931735054 0
117 2.76181101799 58.2435 100.85046 -0.70040996 78.4149331442 9.8296164244 -0.4514103319 93.2291836299 14.2666277904 0
120 2.73850083351 58.129433 100.95873 -0.85888639 81.1233413839 11.5953367639 -0.671951105197 92.2742427411 10.7106028613 0
123 2.75771379471 58.21235 101.09089 -1.0276822 43.8054711938 106.281091073 -2.79674483653 15.3132734617 -101.359822768 0
126 2.73930501938 58.152327 101.12822 -1.1869287 43.35805748 106.904335259 -2.81582279101 15.8818738854 -93.3287566884 0
129 2.77292919159 58.049715 101.26081 -1.3398137 43.1920854755 105.440162779 -2.91758895516 15.4342523219 -90.3998631407 0
132 2.75812697411 58.024835 101.49733 -1.4943786 41.8373440006 106.576165425 -2.86172456538 16.9655366591 -78.3431529504 0
135 2.75032305717 58.064001 101.65215 -1.6522241 41.463582988 103.766540869 3.01266109097 16.734530974 -92.7217666444 0
138 2.74730110168 58.104403 101.68885 -1.8037565 58.4028235701 102.030715044 -1.86712080091 0.453791300815 -3.63050701374 0
141 2.74333310127 58.177183 101.78616 -1.9584038 57.699697139 103.594815264 -1.97083667603 1.87062198505 -0.712351323673 0
144 2.77021217346 58.164815 101.89412 -2.1101089 56.0256156814 103.013747264 -2.04082294274 2.41448523192 3.96979293032 0
147 2.74842405319 58.333441 101.96561 -2.2758326 54.9812146969 102.294744935 -2.13310794961 3.36834543844 8.17752009994 0
150 2.75839304924 58.547547 101.97367 -2.4518694 55.8720339741 102.029038494 -2.29556368209 2.67608587719 8.95565795022 0
