123 0.979871988297 58.21235 101.09089 -1.0276822 7.5 2.5 2.61799387799 110.86886864 -151.118147259 0.0
126 0.967204809189 58.152327 101.12822 -1.1869287 36.5 48.5 2.96705972839 56.9082841499 -121.993994907 0.101189194303
129 0.967408895493 58.049715 101.26081 -1.3398137 77.5 103.5 0.872664625997 19.5787527294 126.765670344 0.243674331979
132 0.967717170715 58.024835 101.49733 -1.4943786 45.5 136.5 4.01425727959 37.1760460365 -44.3784132253 0.155535134249
135 0.978877067566 58.064001 101.65215 -1.6522241 107.5 103.5 0.523598775598 49.470521998 124.66546774 0.359113586427
138 0.980851173401 58.104403 101.68885 -1.8037565 18.5 69.5 0.523598775598 51.0355836776 133.347634719 0.183029342861
141 0.977384805679 58.177183 101.78616 -1.9584038 17.5 69.5 0.174532925199 51.9329312129 122.208272322 0.363466187803
144 0.968542098999 58.164815 101.89412 -2.1101089 18.5 68.5 0.174532925199 51.8504079016 130.900334283 0.21102185144
147 0.971124172211 58.333441 101.96561 -2.2758326 99.5 94.5 2.61799387799 41.8380318917 -79.6043971417 1.20350955082
150 0.976363182068 58.547547 101.97367 -2.4518694 99.5 94.5 2.61799387799 41.6288259501 -69.5182314627 2.51933343985
153 0.968916893005 58.609003 102.09152 -2.5989269 47.5 88.5 5.41052068118 17.5538988138 98.907542633 5.44311970013
156 0.96843290329 58.561869 102.14088 -2.6173282 30.5 66.5 1.2217304764 45.3623281914 -140.038140539 5.61436343687
159 0.969217061996 58.51155 102.01626 -2.5045701 31.5 66.5 1.57079632679 44.6209430401 -126.498703775 8.30756146888
162 0.970093011856 58.437648 101.90068 -2.3721379 47.5 87.5 5.75958653158 18.0834656035 105.913490093 7.86833313759
165 0.986289978027 58.147744 101.95537 -2.2082701 47.5 87.5 5.75958653158 17.9536117293 96.5245567549 6.94625501004
168 0.98381114006 58.037351 101.82492 -2.0566813 47.5 87.5 6.10865238198 17.7831127507 107.839158293 6.2100663108
171 0.986845016479 57.944091 101.71587 -1.9011295 47.5 88.5 6.10865238198 16.8445319517 98.9266966578 2.8970033508
174 0.985255002975 57.908577 101.57431 -1.7585036 30.5 64.5 2.26892802759 46.1056889672 -129.245165461 2.69805610643
177 0.983991861343 57.841285 101.40683 -1.6171883 47.5 88.5 0.174532925199 16.5386951148 102.658064268 2.69117287096
180 0.981887102127 57.86028 101.30305 -1.4556073 30.5 64.5 2.61799387799 45.8590166814 -126.599845082 2.51690695082
183 0.983592987061 57.788579 101.03213 -1.3093986 47.5 88.5 0.523598775598 16.2144731699 105.02301348 2.58394926946
186 0.983653068542 57.852229 100.87925 -1.1701135 30.5 65.5 2.96705972839 44.7195232737 -122.957434899 2.42389788426
189 0.985949039459 57.956865 100.8248 -1.0236231 29.5 65.5 2.96705972839 45.3611580614 -131.350716558 2.7212136547
192 0.985336065292 57.906072 100.67156 -0.85835482 99.5 88.5 3.31612557879 43.3382246903 -120.819891489 4.07597044667
195 2.54515004158 57.990597 100.53155 -0.72265365 30.5 67.5 3.66519142919 42.9745996935 -108.594995805 4.34707661517
198 0.983623981476 58.042848 100.37669 -0.56279892 30.5 67.5 4.01425727959 42.8892203392 -97.7539971695 2.05277691594
201 0.985186100006 58.157277 100.32166 -0.41301063 99.5 40.5 4.36332312999 72.7176165053 -86.336234007 1.94702817947
204 0.971265077591 58.686264 100.08548 -0.29965148 99.5 40.5 4.36332312999 72.2231989953 -92.8312348712 1.93758997686
207 0.967020988464 59.980629 99.666017 -0.30408986 28.5 63.5 4.01425727959 47.9480008747 -112.576934429 5.92409853496
210 0.965820074081 61.363687 99.173884 -0.32636207 101.5 94.5 5.06145483078 40.4075341104 -51.3008307958 7.8391742125
