63 10.8076930046 79.890684 97.897701 -0.093381766 7.8464621222 21.8984103704 0.814220257989 104.719922088 52.0017654521 0
66 10.8496530056 78.411812 98.037468 -0.097953665 73.8682399743 56.6647191276 -2.65320475365 41.6214895939 -146.405102976 0
69 10.7898588181 76.931086 98.162597 -0.096433306 30.5111617168 10.6822128172 -2.11855505326 99.0334639768 -115.85904178 0
72 10.9572780132 75.443161 98.337547 -0.10164342 115.340424788 -1.7995661276 1.54474452565 107.792546511 94.3310807268 0
75 10.839910984 73.912871 98.553041 -0.10292365 29.7980165407 125.584331787 0.470819387634 51.7379074334 32.8730545814 0
78 10.7787668705 72.413468 98.668417 -0.11145399 29.8134727803 35.8191875907 -2.66073053119 75.9261827702 -146.062786622 0
81 10.8551399708 70.926618 98.82512 -0.11572496 59.3555807937 110.071078983 1.21626928107 16.1356901145 76.3176483492 0
84 10.8638079166 69.460294 99.048845 -0.12091472 102.997584013 23.2043475131 -1.33659342459 82.9285090936 -69.6532590171 0
87 10.8391389847 67.984026 99.205817 -0.12024712 103.881770551 23.8994031494 -1.50611724463 83.4248406104 -79.4045090947 0
90 10.8185448647 66.409271 99.378533 -0.12589377 97.0395745756 10.2376511525 1.39517259383 94.2566300782 87.1506830068 0
93 10.8425178528 64.97003 99.579245 -0.12534264 97.1320036814 8.80210274261 1.43207067311 96.306189352 89.2332097989 0
96 10.7981669903 63.450289 99.830398 -0.13542326 60.5265838679 98.3135828474 0.019449875907 3.29374861011 8.87357704743 0
99 10.8179781437 62.015499 100.01094 -0.13023941 59.9473355574 98.9868571936 -0.0343586948706 2.30782270107 5.49356031361 0
102 10.854954958 60.420275 100.24313 -0.1356293 57.9227926472 98.7300872109 0.00107641604545 2.9200542091 7.83266056472 0
105 10.8492770195 58.989222 100.44438 -0.14088208 56.1632026936 98.9376275321 -0.000584400942194 3.20260645721 8.03846488549 0
108 10.9027490616 58.528509 100.58832 -0.24160345 56.3660196043 99.3529645201 -0.115102264059 2.49047456282 7.24798405779 0
111 10.8704099655 58.390768 100.67023 -0.3827913 55.7677326945 100.331416166 -0.268253785257 2.64482684277 6.56251619068 0
114 10.8685350418 58.26024 100.80046 -0.53685502 57.1526531255 100.555444793 -0.448263444222 1.13436375825 5.07592339247 0
117 10.9694981575 58.2435 100.85046 -0.70040996 56.178841966 101.972938915 -0.62638275933 2.35005781052 4.24144616758 0
120 10.8956780434 58.129433 100.95873 -0.85888639 57.1327177473 100.350226666 -0.564850349023 1.16778319999 16.8470241727 0
123 10.8453850746 58.21235 101.09089 -1.0276822 55.8760877878 101.160830577 -0.800586140121 2.33730888171 13.0116457751 0
126 10.8701858521 58.152327 101.12822 -1.1869287 54.8623321464 101.165254854 -1.08755625006 3.29020329422 5.69362198142 0
129 10.8076841831 58.049715 101.26081 -1.3398137 56.4500684469 100.928295585 -1.28953764634 1.63384054638 2.88060568554 0
132 10.9654080868 58.024835 101.49733 -1.4943786 55.8743094399 102.16188475 -1.46846289042 2.25086498933 1.48486078191 0
135 10.8648250103 58.064001 101.65215 -1.6522241 56.970216823 102.360526115 -1.67867897208 1.30313489158 -1.51575251759 0
138 10.9885921478 58.104403 101.68885 -1.8037565 56.453573255 101.763056357 -1.73532292856 1.65249672624 3.92095482044 0
141 10.8669679165 58.177183 101.78616 -1.9584038 55.8187964785 101.513749365 -1.82210404529 2.37406708812 7.80940069331 0
144 10.7805159092 58.164815 101.89412 -2.1101089 57.3655764342 102.779565714 -2.13039091143 1.19281029418 -1.16207365471 0
147 10.8408029079 58.333441 101.96561 -2.2758326 55.260075265 101.923942973 -2.1510040407 3.07364817152 7.15214961072 0
150 10.8829848766 58.547547 101.97367 -2.4518694 55.5718570749 102.04665397 -2.30953762291 2.9765848199 8.15501011786 0
