63 5.55416202545 79.890684 97.897701 -0.093381766 95.6612867787 50.3446322032 0.964385951889 50.0999627145 60.6056259402 0
66 5.52979898453 78.411812 98.037468 -0.097953665 103.864554324 65.4566397003 1.66122430794 41.3443159877 100.793473262 0
69 5.54524302483 76.931086 98.162597 -0.096433306 114.405061172 34.6421660474 -2.08265229131 73.7505522936 -113.801965047 0
72 5.54273200035 75.443161 98.337547 -0.10164342 136.538205332 98.3157327771 1.75237052671 61.095048226 106.227174305 0
75 5.54911398888 73.912871 98.553041 -0.10292365 40.3008300437 133.54661034 0.789765371224 48.5213271912 51.1473133338 0
78 5.55074191093 72.413468 98.668417 -0.11145399 96.3740620129 63.7223875313 1.68660677453 42.3713941366 103.021293115 0
81 5.51281094551 70.926618 98.82512 -0.11572496 51.3570576033 132.714815472 -0.129580216987 39.1341175103 -0.79384774945 0
84 5.58214902878 69.460294 99.048845 -0.12091472 25.168912178 117.18726214 1.63328337992 47.8615574343 100.508147555 0
87 5.53449702263 67.984026 99.205817 -0.12024712 59.0259365281 99.6789593397 0.0978928199794 8.97057582661 12.4984979041 0
90 5.59042000771 66.409271 99.378533 -0.12589377 70.3638631376 31.111954828 0.293584806738 68.381024373 24.0343520432 0
93 5.5736989975 64.97003 99.579245 -0.12534264 99.4186408035 9.92090770992 1.73968163537 96.0485514306 106.858019668 0
96 5.5736181736 63.450289 99.830398 -0.13542326 44.0797301901 101.215548526 -1.61357152423 19.420020355 -84.6916570348 0
99 5.63262987137 62.015499 100.01094 -0.13023941 126.061715432 102.773159518 -1.47563075632 64.1057539997 -77.0852459376 0
102 5.54817485809 60.420275 100.24313 -0.1356293 57.8000184069 98.9694668953 -0.149879893138 2.91341077051 -0.816498842338 0
105 5.55221199989 58.989222 100.44438 -0.14088208 55.7747606702 101.782884622 -0.14679756148 3.4820046329 -0.338932122592 0
108 5.52674388885 58.528509 100.58832 -0.24160345 55.8138263629 99.5351323126 -0.230369554262 2.91182178802 0.643654813254 0
111 5.5843269825 58.390768 100.67023 -0.3827913 35.8056142847 54.6268151372 1.43601887213 51.2843564898 104.210146598 0
114 5.57270884514 58.26024 100.80046 -0.53685502 57.4800662655 102.59576136 -0.539936340716 1.95749279165 -0.176546672331 0
117 5.60332083702 58.2435 100.85046 -0.70040996 56.126839729 102.227504086 -0.603249773084 2.52517348293 5.56686864697 0
120 5.57772493362 58.129433 100.95873 -0.85888639 57.0922488026 103.333855029 -0.704122075558 2.59171178222 8.86734203678 0
123 5.53214406967 58.21235 101.09089 -1.0276822 56.0402655233 101.674177417 -0.874827743658 2.24903872462 8.75791522816 0
126 5.56292700768 58.152327 101.12822 -1.1869287 55.9180225189 103.331221031 -1.20678710218 3.13772689293 -1.1378026327 0
129 5.56369805336 58.049715 101.26081 -1.3398137 56.686311672 101.373978307 -1.30162962452 1.36809199273 2.18778636971 0
132 5.57222485542 58.024835 101.49733 -1.4943786 55.53180827 102.918518552 -1.51808408823 2.86966185784 -1.35822442708 0
135 5.58747005463 58.064001 101.65215 -1.6522241 56.3426687535 102.90297071 -1.68573918942 2.12780101298 -1.92027317386 0
138 5.6101500988 58.104403 101.68885 -1.8037565 57.0474922963 103.937666185 -1.94813296719 2.48480068978 -8.27216223111 0
141 5.58333706856 58.177183 101.78616 -1.9584038 57.3136864682 101.988239029 -1.91381004851 0.886827037458 2.55503375292 0
144 5.59386014938 58.164815 101.89412 -2.1101089 57.8388010013 101.747055142 -2.16724986657 0.357649548948 -3.27393622187 0
147 5.54542517662 58.333441 101.96561 -2.2758326 56.1591450654 101.775440847 -2.24809140798 2.18259641668 1.58945322166 0
150 5.59519791603 58.547547 101.97367 -2.4518694 56.1615233799 101.715912479 -2.35427290014 2.39990575968 5.59186753736 0
