183 2.80679893494 57.788579 101.03213 -1.3093986 8.68226105631 109.593460781 -1.98543833414 49.8470344827 -38.7342235495 0
186 2.82228708267 57.852229 100.87925 -1.1701135 16.1185119897 65.0059408749 0.502238013805 55.0326943106 95.8186836033 0
189 2.75773191452 57.956865 100.8248 -1.0236231 50.8586371623 93.3899838571 0.0929388466637 10.2791696899 63.9742871087 0
192 2.77167606354 57.906072 100.67156 -0.85835482 135.201104207 85.1797349201 0.795584360581 78.8322183387 94.7637346186 0
195 2.75633311272 57.990597 100.53155 -0.72265365 44.7746729106 145.47798506 -1.20881054893 46.8491480625 -27.8547384898 0
198 2.80648183823 58.042848 100.37669 -0.56279892 100.740628901 62.9765559878 -2.07672708413 56.7615232175 -86.7416942904 0
201 2.81358003616 58.157277 100.32166 -0.41301063 19.8760359667 54.0979591735 0.9197221777 60.0173635971 76.3599650999 0
204 3.04172921181 58.686264 100.08548 -0.29965148 107.475377025 112.776546813 -2.96448385567 50.4127040196 -152.683648236 0
207 2.77867698669 59.980629 99.666017 -0.30408986 53.7587471542 102.857928627 0.759669954245 6.99286161287 60.9489477719 0
210 2.86161112785 61.363687 99.173884 -0.32636207 85.9453678537 118.048023115 1.04135669164 30.9918079647 78.3645126029 0
213 2.82212114334 62.885593 98.69498 -0.37512441 33.9449998666 77.5483247401 0.283936318781 35.8432554268 37.761398202 0
216 2.89329504967 64.287236 98.118834 -0.4012694 49.3602570368 131.705706281 -2.95923811319 36.7544921148 -146.560811392 0
219 3.0556139946 66.572969 97.068508 -0.44319642 8.99278324213 123.681118662 -2.47783480925 63.4327111054 -116.576192539 0
222 4.08154702187 67.896132 96.441291 -0.47211549 44.6255327439 128.992642743 -2.06312603327 40.013888714 -91.1581892904 0
225 2.7706360817 69.150612 95.708615 -0.49267498 134.721371288 117.867567701 2.86249171657 69.213753391 -167.763108724 0
228 2.76260113716 70.465141 94.973778 -0.52461339 110.765130459 118.659999182 -0.27094875972 46.7453337167 14.5339127268 0
231 2.7536611557 71.675984 94.192345 -0.54871183 94.2465168451 43.7674756754 -2.43023679844 55.2457817332 -107.80343974 0
234 2.77044701576 72.999296 93.402727 -0.58180979 113.534715185 118.224593936 -0.271038674193 47.5315188762 17.8058733303 0
237 2.78168201447 74.284244 92.44261 -0.63095882 70.7818505376 94.9216645544 -0.559155982363 4.29097558248 4.11399955365 0
240 2.76096796989 75.447368 91.599491 -0.66374929 74.1153797462 93.0624836425 -0.58527727009 1.97851969418 4.49611555068 0
243 2.78531002998 76.572595 90.665594 -0.69142624 73.3671650415 90.8388776722 -0.514341035204 3.21011034858 10.146234849 0
246 2.77290201187 77.783785 89.658033 -0.71509647 8.72397198465 50.9878012905 2.19205900647 79.1495078581 166.56773919 0
249 2.7698738575 78.874801 88.696028 -0.74032963 76.3862779843 90.8320203681 -0.654523328943 3.27951371342 4.91633890619 0
252 2.78716492653 80.03236 87.613917 -0.7252394 78.7454061489 88.9026831352 -0.665964196345 1.82130951961 3.39621899921 0
255 2.8334710598 81.079285 86.604124 -0.70281223 80.078896804 89.3925680807 -0.625702455182 2.96246467221 4.41806465626 0
258 2.8152821064 82.380517 85.593177 -0.66953842 80.2911908324 87.7704144403 -0.604188074679 3.01755641306 3.74429897663 0
261 2.87371087074 83.553536 84.670161 -0.64546431 80.8476655011 87.0838345596 -0.58033302026 3.62595576492 3.73174801634 0
264 2.76863694191 84.753159 83.736184 -0.60820056 82.9336114278 85.228504598 -0.551068917414 2.35324757192 3.27340199685 0
267 2.74592614174 85.938286 82.919631 -0.58097683 84.2290209349 83.7939844253 -0.522901043931 1.91991691883 3.32749743365 0
270 2.75987696648 87.249998 82.030848 -0.55954063 85.3840672927 84.0295627775 -0.50093460683 2.73432956429 3.3578777817 0
