63 0.969130992889 52.707826 40.957156 -0.02058299 3.5 6.5 0.872664625997 60.0725040202 51.1793184568 3.90724637681
66 0.968748092651 54.31159 40.951842 -0.027308534 109.5 84.5 5.06145483078 70.3008013007 -68.4353362571 4.13855842546
69 0.963817834854 55.778879 40.909196 -0.015002614 99.5 89.5 1.57079632679 65.3651486257 90.8595864639 3.6034488879
72 0.962608098984 57.331901 40.836464 -0.018380323 24.5 91.5 1.57079632679 60.3715794335 91.053114934 2.74157610232
75 0.964002132416 58.848313 40.76075 -0.022921269 26.5 101.5 6.10865238198 68.8162033573 -8.68670802522 1.70229844699
78 0.966338157654 60.388876 40.75568 -0.012358794 55.5 117.5 2.96705972839 76.8998814096 170.708106736 4.54824802145
81 0.967893123627 61.86858 40.735896 -0.015077049 60.5 117.5 1.57079632679 76.7763028163 90.8638512752 6.22300828656
84 0.964005231857 63.333062 40.668539 -0.013920495 46.5 129.5 3.31612557879 90.4122803589 -169.202414388 3.35401550638
87 0.963534116745 64.876385 40.58717 -0.032109511 90.5 50.5 0.174532925199 27.4742396488 11.8397394625 1.68342647527
90 0.966617107391 66.44697 40.579857 -0.020157695 91.5 50.5 0.174532925199 26.9455664131 11.1549508482 3.49382101172
93 0.965017080307 67.930314 40.55804 -0.02084507 93.5 50.5 0.174532925199 27.4344930841 11.1943345347 3.33921272884
96 0.966311216354 69.414343 40.447992 -0.021831497 95.5 51.5 0.174532925199 28.3303438375 11.2508526386 2.03854508005
99 0.96756696701 70.999462 40.351868 -0.031419309 97.5 52.5 0.174532925199 29.1522833648 11.8001938009 0.653675331476
102 0.966188192368 72.481812 40.325422 -0.028226015 98.5 52.5 0.174532925199 28.7257107185 11.617231532 1.43121858353
105 0.978251934052 74.028193 40.279112 -0.026102315 100.5 52.5 0.174532925199 29.1565887812 11.495552485 1.23234591073
108 0.973542928696 75.500101 40.224463 -0.026983514 74.5 42.5 6.10865238198 2.48561273101 -8.45395853137 1.12472138082
111 0.95890212059 77.104162 40.159206 -0.035689283 76.5 42.5 6.10865238198 2.41750455484 -7.95515471025 2.9238631429
114 0.973655939102 78.584191 40.097894 -0.03659834 77.5 42.5 6.10865238198 2.63544746859 -7.90306958082 3.83830282478
117 0.960565805435 80.1084 40.071744 -0.024096447 79.5 41.5 0.174532925199 1.55243864985 11.3806247144 6.29163547653
120 0.964757204056 80.881063 40.047709 -0.06972902 79.5 42.5 6.10865238198 2.81443887101 -6.00482144442 4.32082246247
123 0.963589906693 80.819811 40.085383 -0.20196514 79.5 41.5 6.10865238198 1.934694377 1.57175013077 3.1535496384
126 0.967975854874 80.673305 40.189426 -0.34415967 79.5 41.5 6.10865238198 1.75904770615 9.71889656962 2.96883265476
129 0.963407039642 80.559381 40.228255 -0.49611957 79.5 41.5 5.75958653158 1.65518079018 -1.57444250515 5.98564951152
132 0.968064069748 80.474435 40.358509 -0.64523249 79.5 41.5 5.75958653158 1.50084152138 6.96909848172 6.10214469511
135 0.96876502037 80.446897 40.445937 -0.81868337 79.5 42.5 5.41052068118 2.26181094183 -3.09289814145 7.22757037257
138 0.96978187561 80.377523 40.602704 -0.97166139 79.5 42.5 5.41052068118 2.09040157079 5.67209676282 7.5025404409
141 0.981859922409 80.303277 40.677658 -1.1291983 79.5 42.5 5.41052068118 1.99152813279 14.6982968233 3.11113263443
144 0.964962005615 80.24067 40.836497 -1.2914427 79.5 42.5 5.41052068118 1.82094323907 23.994216193 2.90529930229
147 0.981089830399 80.334643 40.99259 -1.4510482 79.5 42.5 5.06145483078 1.72305363978 13.1389377301 2.70078362721
150 0.966886997223 80.305505 41.173119 -1.6076845 79.5 42.5 4.71238898038 1.55224079742 2.1135366386 1.10551153873
