3 0.93748998642 31.520043 41.394881 -0.0070850614 2.5 13.5 4.71238898038 40.2527922227 -89.5940558842 1.99420289855
6 0.930063962936 31.529937 41.402987 -0.0081764059 15.5 125.5 2.96705972839 85.6111352322 170.46847355 3.12165859767
9 0.922426939011 31.522543 41.401068 -0.0068718684 94.5 114.5 1.2217304764 96.4863407417 70.3937290567 3.49017771072
12 0.925014972687 31.528168 41.375423 -0.0049451513 94.5 114.5 1.2217304764 96.5021004272 70.2833362985 3.62758700829
15 0.947973012924 31.523843 41.397689 -0.0081913964 10.5 45.5 1.2217304764 21.420339167 70.469332442 3.72030704932
18 0.928817987442 31.52518 41.394772 -0.0077822512 10.5 45.5 1.2217304764 21.4222102259 70.4458901489 3.79884577322
21 0.938623905182 31.646202 41.400982 -0.0069641742 10.5 45.5 1.2217304764 21.5398191169 70.3990177895 3.796005564
24 0.932749986649 32.968315 41.348607 -0.0066445448 133.5 139.5 1.91986217719 140.500233583 110.380704374 2.87852039518
27 1.02976799011 34.520488 41.363888 -0.010157874 86.5 105.5 4.71238898038 82.5548940417 -89.417996691 4.90913102185
30 0.926960945129 35.981317 41.339656 -0.012968194 105.5 136.5 1.57079632679 117.848794462 90.7430227841 3.54536659559
33 0.928234100342 37.47125 41.3168 -0.01805047 57.5 66.5 4.71238898038 32.1767678427 -88.9657842508 3.85109174932
36 0.926105976105 39.051821 41.275587 -0.019803098 9.5 79.5 4.71238898038 48.315793211 -88.8653660633 3.56876747813
39 0.925478935242 40.609584 41.247017 -0.013659721 65.5 50.5 1.57079632679 26.5546700799 90.7826443626 2.05935378406
42 0.927800893784 42.081473 41.279186 -0.014178183 65.5 52.5 1.57079632679 25.967943193 90.8123500471 2.01430720768
45 0.924652814865 43.552295 41.213208 -0.0092852628 81.5 111.5 2.96705972839 79.8765387609 170.53200637 0.828184681974
48 0.951745986938 45.079977 41.189892 -0.010404952 79.5 111.5 2.96705972839 78.2831352865 170.596159836 1.12350244543
51 0.925835847855 46.640834 41.096545 -0.012029947 44.5 41.5 0.174532925199 2.17851925688 10.6892651909 2.8126669188
54 0.928827047348 48.21014 41.103056 -0.013219293 46.5 41.5 0.174532925199 1.75560341727 10.757409697 3.11422307715
57 0.922576904297 49.69993 40.993437 -0.019411138 47.5 41.5 0.174532925199 2.25749819 11.1121762829 4.61409273984
60 0.923833847046 51.221815 41.026894 -0.026800957 49.5 41.5 0.174532925199 1.7856304717 11.535581723 1.68345179068
63 0.938133001328 52.707826 40.957156 -0.02058299 50.5 41.5 0.174532925199 2.27358203164 11.1793184568 5.48562287335
66 0.930794000626 54.31159 40.951842 -0.027308534 52.5 41.5 0.174532925199 1.89270587283 11.5646637429 5.62972286286
69 0.92486000061 55.778879 40.909196 -0.015002614 53.5 41.5 0.174532925199 2.35421725061 10.8595864639 4.02353404202
72 0.938487052917 57.331901 40.836464 -0.018380323 55.5 41.5 0.174532925199 1.94836888117 11.053114934 2.87231441612
75 0.985114097595 58.848313 40.76075 -0.022921269 56.5 41.5 6.10865238198 2.46192292903 -8.68670802522 1.52776133304
78 0.923486948013 60.388876 40.75568 -0.012358794 58.5 41.5 6.10865238198 2.03023762298 -9.29189326393 4.39733932719
81 0.92459487915 61.86858 40.735896 -0.015077049 59.5 41.5 0.174532925199 2.48878005039 10.8638512752 5.8417716091
84 0.921289920807 63.333062 40.668539 -0.013920495 61.5 41.5 0.174532925199 2.01281983555 10.7975856122 3.16782904507
87 0.922971963882 64.876385 40.58717 -0.032109511 63.5 41.5 0.174532925199 1.65157327331 11.8397394625 1.41869210361
90 0.922307014465 66.44697 40.579857 -0.020157695 64.5 42.5 0.174532925199 2.73452762307 11.1549508482 3.23143986403
