123 2.79229402542 80.819811 40.085383 -0.20196514 146.338791125 111.494726598 2.43235122708 96.9124920208 150.935209736 0
126 2.79373002052 80.673305 40.189426 -0.34415967 73.626649109 143.557578641 -1.17050385771 103.608061172 -47.3460343811 0
129 2.80010390282 80.559381 40.228255 -0.49611957 134.572625882 18.4414952398 -1.90367939127 58.2416820116 -80.6472371712 0
132 2.8588950634 80.474435 40.358509 -0.64523249 89.7941177752 82.233558245 2.34130471206 42.8996064819 171.115977037 0
135 2.8137319088 80.446897 40.445937 -0.81868337 89.2503133043 131.832888899 2.96692664501 91.8099946411 -143.100523258 0
138 2.89660310745 80.377523 40.602704 -0.97166139 109.125583212 70.4058252913 0.597563901402 41.4086585709 89.9099863025 0
141 2.8763320446 80.303277 40.677658 -1.1291983 34.3873768882 94.8202889814 -3.07495968637 70.9908048459 -111.483915378 0
144 2.87726211548 80.24067 40.836497 -1.2914427 109.886764066 58.0923247117 0.287499014828 34.3023976333 90.4666963568 0
147 2.83683419228 80.334643 40.99259 -1.4510482 31.1458638685 95.7753638704 2.18290028723 73.6253238049 -151.790088714 0
150 2.85215902328 80.305505 41.173119 -1.6076845 32.7499714502 93.8209692373 -1.78921921508 70.945929452 -10.4011730091 0
153 2.78861999512 80.260339 41.240273 -1.7630876 116.853853326 69.2507005946 -2.45742711646 46.0832870435 -39.7827238425 0
156 2.8745868206 80.351916 41.337649 -1.9138236 118.813168633 60.7028434903 0.816307932711 43.0613366227 156.42501434 0
159 2.81447005272 80.458888 41.424429 -2.0695544 77.3152838182 125.170809138 -0.147234588536 83.8053604104 110.140812071 0
162 2.93790388107 80.580246 41.530351 -2.2462491 24.3749442791 87.4346551251 -2.83114591708 72.5688712792 -33.5121190691 0
165 2.86627697945 80.700832 41.575869 -2.3973477 51.7844443636 92.069590918 -0.301468589847 58.1873992122 120.085027381 0
168 2.89291000366 80.863789 41.557834 -2.56541 45.3718967314 93.0889559505 0.309652466894 62.571007234 164.728945189 0
171 2.86285281181 80.910142 41.637692 -2.7112414 93.596593653 93.8238174568 1.91262600467 53.7060308135 -95.0719126845 0
174 2.8358771801 81.000304 41.730578 -2.863125 107.734965327 49.4158453394 0.705886922821 27.8173587954 -155.51067979 0
177 2.82550597191 81.313486 41.614906 -3.0334876 13.4327487325 44.4272896954 -0.088584297057 67.9389725712 168.730530333 0
180 2.81326794624 81.419836 41.643078 3.1037871 102.919964292 82.3584045811 -2.05307898916 46.0433853577 64.5333375772 0
183 2.82031297684 81.472606 41.653948 2.9566422 66.7986146443 94.3519436531 2.13432576021 54.702877147 -47.1152614241 0
186 2.83209395409 81.600227 41.551467 2.7956666 36.4502623079 101.370309821 1.28273343201 74.9454019149 -86.6846852112 0
189 2.81430196762 81.705618 41.391179 2.6371497 34.5053521346 106.878823053 1.41868177611 80.724820355 -69.8130695109 0
192 2.84000205994 81.817002 41.340993 2.4823985 97.5357646052 78.7798310034 -2.5153259034 40.6047545108 73.6514845155 0
195 2.81565713882 81.903012 41.262396 2.332631 73.8001585637 88.7981114018 2.81060387296 48.2213694597 27.3858283423 0
198 2.84569787979 81.909487 41.089487 2.1583794 28.7450883379 68.6337493229 -1.2546774882 59.8760358743 164.446245068 0
201 2.79244804382 81.924053 40.998223 1.9975831 32.4041130489 64.7538132318 -2.02719902382 54.9231510387 129.396970846 0
204 2.81507301331 81.960862 40.844259 1.8446809 112.090663906 63.2207044597 1.94912020601 37.5301248906 5.98393144973 0
207 2.77117800713 81.927588 40.703608 1.6857979 34.0726326127 105.146332854 1.13047917569 80.268060533 -31.8174191875 0
210 2.82046794891 81.924928 40.686406 1.5459903 73.3201746523 105.276063147 0.361111312642 65.1603068633 -67.8885652093 0
