63 5.78611302376 52.707826 40.957156 -0.02058299 68.3079252159 47.2816020047 -2.71378680933 16.8333512056 -154.309212216 0
66 5.57769703865 54.31159 40.951842 -0.027308534 136.681202367 128.706744099 2.57739556947 120.356453437 149.23855201 0
69 5.55930519104 55.778879 40.909196 -0.015002614 64.3138245926 50.2612242656 1.53464089454 12.661189871 88.7880327894 0
72 5.67235088348 57.331901 40.836464 -0.018380323 36.7883808269 32.9776070496 3.13278441431 21.9954052855 -179.451560002 0
75 5.62246894836 58.848313 40.76075 -0.022921269 136.352012218 98.6740134572 -1.15865036726 96.7510696417 -65.0724840003 0
78 5.69003510475 60.388876 40.75568 -0.012358794 15.2142566593 21.5510569731 -1.89080211824 49.0873077096 -107.626874533 0
81 5.83014392853 61.86858 40.735896 -0.015077049 63.7389563282 58.6402300709 1.82498169125 18.0017634173 105.427599872 0
84 6.12123012543 63.333062 40.668539 -0.013920495 107.377498428 58.994255218 -1.26207165187 47.7047613466 -71.5137934831 0
87 5.77678513527 64.876385 40.58717 -0.032109511 133.179001006 56.0682047094 2.88375859515 70.0350611404 167.066936099 0
90 5.98683691025 66.44697 40.579857 -0.020157695 30.1023267207 37.9550950765 3.08261566328 36.4392984326 177.775818215 0
93 5.65089917183 67.930314 40.55804 -0.02084507 114.324706179 66.4881347372 -2.17761924936 53.1489363843 -123.57405784 0
96 5.73237395287 69.414343 40.447992 -0.021831497 101.013537923 57.6549975387 -1.87367304169 35.9804135519 -106.102704838 0
99 5.74805998802 70.999462 40.351868 -0.031419309 118.318894179 141.009022447 1.63894889235 111.224958544 95.7050481703 0
102 5.73501706123 72.481812 40.325422 -0.028226015 71.1316922326 40.2624263382 -0.180396731728 1.3515886355 -8.71873983397 0
105 5.6723921299 74.028193 40.279112 -0.026102315 22.819943362 106.125219789 -2.76062180385 83.4145954971 -156.676425707 0
108 5.63787603378 75.500101 40.224463 -0.026983514 117.123558933 100.836219166 -2.85967980559 73.5275270615 -162.30154215 0
111 5.69342899323 77.104162 40.159206 -0.035689283 119.738407736 69.3214286122 -3.11404931021 51.6537911207 -176.377037381 0
114 5.60901403427 78.584191 40.097894 -0.03659834 117.646583041 68.6426616554 3.12992743667 48.3805150083 -178.571437277 0
117 5.62925505638 80.1084 40.071744 -0.024096447 117.065746814 68.8326362211 -3.11781257863 46.8298452363 -177.256877354 0
120 5.65507316589 80.881063 40.047709 -0.06972902 116.964378974 68.546211042 3.04772915546 45.9801077674 178.617196263 0
123 5.75223588943 80.819811 40.085383 -0.20196514 117.418930277 69.9234835413 3.07893203342 47.220840481 -172.018438947 0
126 5.69204998016 80.673305 40.189426 -0.34415967 116.328000816 68.757086877 2.760210168 45.6877290062 177.867289765 0
129 5.65855407715 80.559381 40.228255 -0.49611957 116.553546164 69.5146547937 2.67342406703 46.4033742172 -178.398526616 0
132 5.66415286064 80.474435 40.358509 -0.64523249 116.291826377 69.2729901889 2.596809201 46.0318666524 -174.2446941 0
135 5.85516500473 80.446897 40.445937 -0.81868337 116.562880921 70.5795071304 2.47755105988 47.0361174352 -171.139678882 0
138 5.72816991806 80.377523 40.602704 -0.97166139 117.944096349 69.7679294106 2.20737794607 47.5589929084 -177.854463137 0
141 6.47661018372 80.303277 40.677658 -1.1291983 116.557074529 69.2869030959 2.08256684002 46.1825371785 -175.97941269 0
144 6.15168786049 80.24067 40.836497 -1.2914427 116.11689745 69.8791588698 1.92495217432 46.15820517 -175.714148454 0
147 6.5709400177 80.334643 40.99259 -1.4510482 118.077436286 70.2547940843 1.79614914088 47.7576698858 -173.949297122 0
150 6.28329896927 80.305505 41.173119 -1.6076845 116.812541744 71.3929885767 1.71183585547 47.3920272728 -169.805493624 0
