123 10.8868048191 58.21235 101.09089 -1.0276822 25.8186021805 68.933521579 -0.0744990234341 45.6448380603 54.6133731201 0
126 10.9594800472 58.152327 101.12822 -1.1869287 14.4051021499 76.7265565072 1.71679979713 50.0925230279 166.371387738 0
129 11.0189499855 58.049715 101.26081 -1.3398137 65.1463906766 75.0943128879 1.68421762255 27.1117756109 173.264231897 0
132 10.993388176 58.024835 101.49733 -1.4943786 108.326986642 11.6643393999 -1.8503687131 102.957625555 -20.3967310293 0
135 11.2300441265 58.064001 101.65215 -1.6522241 13.2302287186 54.6079933707 1.55565087966 64.9863047875 -176.20230246 0
138 11.1235909462 58.104403 101.68885 -1.8037565 44.6754550593 106.217365202 -1.73577762444 14.1719473866 3.89490266574 0
141 11.6767890453 58.177183 101.78616 -1.9584038 26.3659100638 58.5921387892 -1.65839311363 53.6440169467 17.1893461379 0
144 13.0736849308 58.164815 101.89412 -2.1101089 17.1553891551 130.947287031 -3.1135043835 50.2579299481 -57.490326387 0
147 11.0528790951 58.333441 101.96561 -2.2758326 34.4454829081 141.133255343 0.22553224016 45.8774343609 143.317648364 0
150 11.2217710018 58.547547 101.97367 -2.4518694 100.969063013 45.2149674563 -2.31870919766 70.8599699073 7.629517593 0
153 11.1409161091 58.609003 102.09152 -2.5989269 59.0851652537 110.22364455 1.50387701895 8.14605304402 -124.926651274 0
156 11.2353680134 58.561869 102.14088 -2.6173282 88.9373039813 98.8716496167 -2.03019521817 30.5508578865 33.6402418718 0
159 11.3534970284 58.51155 102.01626 -2.5045701 92.0775966483 48.0947815345 -2.10067772518 63.5153944135 23.1413284545 0
162 13.0491089821 58.437648 101.90068 -2.3721379 134.458506028 95.6777872081 -2.19814566504 76.2751286459 9.96902073099 0
165 11.5421800613 58.147744 101.95537 -2.2082701 29.9251404683 80.3668253921 -2.67178743322 35.5328103081 -26.5575869245 0
168 11.6095468998 58.037351 101.82492 -2.0566813 127.56672123 25.638299746 0.365700062936 103.144240897 138.792228467 0
171 11.5922608376 57.944091 101.71587 -1.9011295 50.9233509127 116.942012423 -3.00529546131 16.766818555 -63.2640494654 0
174 11.4796609879 57.908577 101.57431 -1.7585036 90.290497935 67.9633332646 -1.90052337659 46.6721175923 -8.13713380598 0
177 11.3455600739 57.841285 101.40683 -1.6171883 104.322060746 32.7295904315 1.60160297971 82.9278345832 -175.576844539 0
180 11.5974910259 57.86028 101.30305 -1.4556073 89.2686112424 48.2148227088 -0.838925506563 61.6834106414 35.3332640665 0
183 11.7120418549 57.788579 101.03213 -1.3093986 48.0145265528 67.9959808973 -0.639351739137 34.4516944253 38.3908572035 0
186 11.7720830441 57.852229 100.87925 -1.1701135 130.152822253 111.817942187 -2.00875840426 73.1233941463 -48.0508135242 0
189 11.5320000648 57.956865 100.8248 -1.0236231 18.3666234655 73.6884743628 0.265684408123 47.9975769581 73.87187871 0
192 11.2365431786 57.906072 100.67156 -0.85835482 27.9927334081 78.8718029625 -1.61970177287 37.014014003 -43.6219671444 0
195 11.1849060059 57.990597 100.53155 -0.72265365 135.808558534 89.144851255 -1.11873657712 78.6466276814 -22.6938800613 0
198 11.1542370319 58.042848 100.37669 -0.56279892 108.450699074 111.598633957 2.18615231581 51.6418771546 157.503303899 0
201 11.108289957 58.157277 100.32166 -0.41301063 89.5793191731 49.579245673 0.393793443465 59.6836438739 46.2264683035 0
204 11.1061050892 58.686264 100.08548 -0.29965148 90.9477586771 49.3832951666 0.328628297922 60.0958865953 35.9977796283 0
207 11.1868920326 59.980629 99.666017 -0.30408986 23.4267571883 77.2639376189 0.237342881455 42.8723536212 31.0218109756 0
210 11.1820189953 61.363687 99.173884 -0.32636207 93.550795358 49.5456213849 0.483120032362 59.1521292486 46.3799080567 0
