183 1.38723707199 81.472606 41.653948 2.9566422 76.8131410789 37.0514000399 -0.31096607439 6.54935577563 172.779836775 0
186 1.39101195335 81.600227 41.551467 2.7956666 80.8078124797 88.4244164866 -2.90321208701 46.8796471227 33.4783032775 0
189 1.38793611526 81.705618 41.391179 2.6371497 123.963157118 102.061397077 -1.15419981754 73.9362899652 142.771673986 0
192 1.39262104034 81.817002 41.340993 2.4823985 108.404625774 26.6407962934 -0.149534050462 30.3808742661 -150.798627105 0
195 1.40016293526 81.903012 41.262396 2.332631 113.225665971 26.2307277887 -1.98334621847 34.742764729 112.712720907 0
198 1.40366697311 81.909487 41.089487 2.1583794 61.2151240924 138.152551066 1.00975068532 99.2446223329 -65.8115775785 0
201 1.38997793198 81.924053 40.998223 1.9975831 57.9856827963 77.0771887154 2.70129543936 43.29823709 40.3197470363 0
204 1.39262509346 81.960862 40.844259 1.8446809 13.6312409686 127.891228766 -1.8784797423 110.66215277 146.678608747 0
207 1.39925503731 81.927588 40.703608 1.6857979 122.837326446 96.2940795035 1.73902600602 69.0210636089 3.04974582639 0
210 1.40198016167 81.924928 40.686406 1.5459903 127.862710371 92.395449538 0.540471966228 69.1672251341 -57.6119567482 0
213 1.39248895645 81.81851 40.588718 1.3660151 108.923034527 33.0589601427 2.17555717898 28.1309883085 46.3833444639 0
216 1.39461112022 81.824065 40.431016 1.2110526 22.7263685279 48.7363743963 -2.45990968715 59.6784442358 149.669354195 0
219 1.40069103241 82.277545 41.390368 1.1504821 38.6418788195 125.440737481 -2.86351427601 94.702354632 130.014948674 0
222 1.40390110016 82.927041 42.739254 1.1137092 52.3838415636 121.664201941 -1.18085411979 84.6288038391 -131.46879405 0
225 1.39914703369 83.677797 44.09726 1.084748 61.1301298118 121.040473555 1.23951444286 80.1788962749 8.86746398621 0
228 1.40196609497 84.372874 45.412874 1.0478677 68.1789946049 68.8306820835 -0.166342328446 28.4716607401 -69.5691100724 0
231 1.38618707657 85.159381 46.677356 1.0274995 114.259887714 81.4821809286 2.2892649488 45.3675581153 72.2938349514 0
234 1.38898396492 85.928298 47.908079 0.99952116 123.62787205 111.253012331 -2.86054335866 73.714574286 138.834594432 0
237 1.38338398933 86.76373 49.194484 0.95689161 69.1186121 48.8138670758 -3.10061817712 17.6492225026 127.521813865 0
240 1.38442897797 87.649962 50.387631 0.93226665 113.418122841 83.3621875363 2.00383811559 41.8487692996 61.3965224251 0
243 1.38024306297 88.570925 51.559268 0.90792052 73.9284802808 65.3934528546 -0.636843645455 20.1441271329 -88.5084670236 0
246 1.38897395134 89.47196 52.652014 0.8832857 116.550876372 111.605274537 3.01986315292 64.8749153358 122.416870655 0
249 1.38535904884 90.492516 53.754021 0.83763364 24.6640906573 72.737511292 2.30078027207 68.5109807751 83.8321268265 0
252 1.40479397774 91.498687 54.898001 0.81217592 111.963169616 87.6070960376 1.96432417339 38.5834154386 66.0132322926 0
255 1.40290594101 92.568948 55.94073 0.78340538 26.3269382915 67.83850163 1.94873585809 67.3020120055 66.7685181326 0
258 1.40944004059 93.547241 56.960456 0.75288469 96.4922780501 43.8088929656 2.23062724586 13.4772717371 84.6684116577 0
261 1.42027282715 94.620679 57.928363 0.72990952 54.5845799215 96.2321522231 1.86293141845 55.4082078601 64.9173728769 0
264 1.38605499268 95.770396 58.899507 0.6896339 56.5759950535 96.8427577642 1.73213552276 54.5517308993 59.7309431194 0
267 1.39310717583 96.962501 59.840194 0.66858365 53.9431323953 97.5360181174 1.2416358234 57.1982624826 32.8334709769 0
270 1.38688397408 98.232224 60.772339 0.64204005 23.472300718 75.3905296967 1.79422464639 76.1757023491 66.0153145934 0
