243 3.74990606308 76.572595 90.665594 -0.69142624 3.5 2.5 0.0436332312999 114.511030497 42.1158053966 4.58550724638
246 3.71945309639 77.783785 89.658033 -0.71509647 111.5 77.5 1.0035643199 35.8413297794 98.4720096757 5.50367961062
249 3.73562717438 78.874801 88.696028 -0.74032963 35.5 138.5 0.392699081699 66.0439928288 64.9177632475 4.09178837075
252 3.74478006363 80.03236 87.613917 -0.7252394 41.5 133.5 5.80321976288 59.9189067011 14.0531567566 4.17600040967
255 3.73647499084 81.079285 86.604124 -0.70281223 96.5 91.5 5.80321976288 16.1792476005 12.7681745692 2.91720655262
258 3.73610711098 82.380517 85.593177 -0.66953842 53.5 107.5 5.80321976288 36.2490435204 10.8617256879 3.96837122956
261 3.71703505516 83.553536 84.670161 -0.64546431 54.5 107.5 5.80321976288 36.9500947613 9.48238078932 6.0392032291
264 3.84870815277 84.753159 83.736184 -0.60820056 94.5 118.5 2.57436064669 36.10434617 -177.652674815 5.7743996009
267 3.80622696877 85.938286 82.919631 -0.58097683 110.5 75.5 4.31968989869 25.6579172731 -79.2124796461 3.95131502439
270 3.78135681152 87.249998 82.030848 -0.55954063 110.5 73.5 4.14515697349 24.7656609159 -90.4406834349 4.84065457457
273 3.89853692055 88.578333 81.141585 -0.52544337 109.5 72.5 4.23242343609 22.63610261 -87.3943125259 5.92494112614
276 3.80006504059 89.874585 80.458812 -0.49549775 108.5 70.5 4.05789051089 21.1207012283 -99.1100701668 4.97312805763
279 3.71326112747 91.229191 79.664539 -0.46697991 88.5 81.5 5.89048622548 3.28898169606 4.2559779604 3.04881917374
282 3.76069998741 92.640842 79.007823 -0.44436504 102.5 57.5 0.916297857297 23.659869963 77.9602413552 1.48556211858
285 3.79558897018 93.942666 78.269838 -0.40450827 91.5 80.5 5.89048622548 3.30760332171 0.676616649138 4.17773582443
288 3.7276699543 95.385584 77.620959 -0.38607018 92.5 79.5 5.97775268808 3.44345612731 4.62019190986 5.77895662532
291 3.78899383545 96.747733 77.074345 -0.36376533 94.5 79.5 6.06501915068 3.30697835165 8.34221814218 6.21982828205
294 3.73124504089 98.250871 76.540386 -0.33417824 96.5 79.5 6.06501915068 3.43873003995 6.64700275711 10.4738267688
297 3.69293999672 99.752933 76.027378 -0.30758365 97.5 78.5 6.06501915068 3.34508096425 5.12324499223 9.21732894023
300 3.72031402588 100.00981 75.897783 -0.33361957 98.5 78.5 6.15228561328 3.00849788951 11.614993324 9.7137675015
303 3.79701185226 98.714105 76.429985 -0.36219797 97.5 79.5 6.06501915068 3.30136987495 8.25241502921 9.59527783138
306 3.75679087639 97.284888 77.028291 -0.39087517 95.5 79.5 6.06501915068 3.04879821458 9.89549755746 8.71650345336
309 3.70245909691 95.817851 77.649213 -0.42317241 95.5 80.5 5.97775268808 2.86845180848 6.74599309938 4.37433660498
312 3.77803993225 94.571565 78.35291 -0.46228827 93.5 80.5 5.97775268808 2.39963476749 8.9871667894 4.25007927101
315 3.71370697021 93.13187 79.138887 -0.4938927 91.5 80.5 5.97775268808 2.12500077545 10.7979672423 4.69136894376
318 3.7140109539 91.836662 79.862922 -0.52529077 89.5 80.5 5.97775268808 2.4219532779 12.5969441382 7.6611160019
321 3.75662398338 90.529269 80.702102 -0.55721841 88.5 80.5 5.97775268808 2.03930818975 14.42626316 3.26520385232
324 3.77595305443 89.308886 81.573217 -0.59808232 86.5 80.5 5.97775268808 3.00693120807 16.7675927374 5.09131967655
327 3.85456800461 88.100372 82.484783 -0.6409076 85.5 81.5 5.97775268808 2.78059923316 19.2213005379 6.13717109336
330 3.74124503136 86.96204 83.432583 -0.67310863 83.5 81.5 5.97775268808 3.96492093408 21.0662836528 1.97300327111
