123 0.93824505806 80.819811 40.085383 -0.20196514 2.5 9.5 5.75958653158 84.080071648 -18.4282498692 1.91884057971
126 0.942672014236 80.673305 40.189426 -0.34415967 66.5 98.5 1.91986217719 60.0083795385 129.71889657 2.44936163571
129 0.941672086716 80.559381 40.228255 -0.49611957 62.5 110.5 4.36332312999 72.5552161285 -81.5744425052 5.94431493463
132 0.947328090668 80.474435 40.358509 -0.64523249 68.5 98.5 1.57079632679 59.3617727942 126.969098482 6.24284633343
135 0.941969871521 80.446897 40.445937 -0.81868337 62.5 110.5 4.01425727959 72.316407922 -83.0928981415 7.65619329275
138 0.938787221909 80.377523 40.602704 -0.97166139 62.5 110.5 4.01425727959 72.147334093 -74.3279032372 8.17039370054
141 0.943552970886 80.303277 40.677658 -1.1291983 43.5 92.5 2.61799387799 63.5612801028 -145.301703177 3.7018060499
144 0.938180208206 80.24067 40.836497 -1.2914427 43.5 92.5 2.26892802759 63.3955390724 -156.005783807 4.03140749821
147 0.942631006241 80.334643 40.99259 -1.4510482 65.5 98.5 0.523598775598 59.3899725362 113.13893773 3.89894881195
150 0.941630125046 80.305505 41.173119 -1.6076845 63.5 111.5 2.96705972839 72.3069511838 -97.8864633614 2.30253897617
153 0.94283080101 80.260339 41.240273 -1.7630876 43.5 93.5 0.872664625997 63.8936740962 151.017478392 1.85201269997
156 0.940989017487 80.351916 41.337649 -1.9138236 109.5 55.5 5.06145483078 32.4065269154 39.6540150125 1.99834887792
159 0.942734956741 80.458888 41.424429 -2.0695544 70.5 102.5 0.872664625997 61.8821850226 168.576732593 4.01516746922
162 0.939892053604 80.580246 41.530351 -2.2462491 70.5 102.5 0.872664625997 61.797325659 178.700593165 2.12178418444
165 0.941970825195 80.700832 41.575869 -2.3973477 70.5 102.5 0.523598775598 61.7722163403 167.357905235 3.07439254857
168 2.46508789062 80.863789 41.557834 -2.56541 74.5 138.5 2.96705972839 97.1508175941 -43.0128342793 2.05464347472
171 0.93940615654 80.910142 41.637692 -2.7112414 74.5 139.5 2.61799387799 98.0720207172 -54.6573105389 3.84928988932
174 0.939992904663 81.000304 41.730578 -2.863125 74.5 139.5 2.61799387799 97.9852735379 -45.9550212816 4.5693476243
177 0.942323923111 81.313486 41.614906 -3.0334876 34.5 103.5 1.57079632679 77.5968255205 -96.1939633147 3.31058534938
180 0.941303014755 81.419836 41.643078 3.1037871 34.5 103.5 1.2217304764 77.6385845413 -107.833901337 2.89758403827
183 0.937814950943 81.472606 41.653948 2.9566422 34.5 103.5 1.2217304764 77.6618301511 -99.4031195903 2.87174366725
186 0.94180393219 81.600227 41.551467 2.7956666 37.5 70.5 4.01425727959 52.7527021517 69.8201028943 3.83151546031
189 0.934292078018 81.705618 41.391179 2.6371497 37.5 70.5 4.01425727959 52.9288212864 78.9024522458 2.64017460291
192 0.938807010651 81.817002 41.340993 2.4823985 13.5 45.5 4.71238898038 68.4434810738 127.76904288 4.04952793368
195 0.937184095383 81.903012 41.262396 2.332631 13.5 45.5 4.71238898038 68.5341472431 136.350088539 2.72860634044
198 0.936810970306 81.909487 41.089487 2.1583794 37.5 70.5 3.31612557879 53.2651932365 66.333969792 4.30183317896
201 0.937398910522 81.924053 40.998223 1.9975831 13.5 45.5 4.01425727959 68.5719842582 115.546919143 4.05610093075
204 0.936470985413 81.960862 40.844259 1.8446809 37.5 69.5 2.96705972839 52.8953659789 64.3075698816 3.5284934561
207 0.935997962952 81.927588 40.703608 1.6857979 37.5 69.5 2.61799387799 52.9437698669 53.410895218 2.8660792419
210 0.93709897995 81.924928 40.686406 1.5459903 37.5 70.5 2.61799387799 53.501631891 61.4212806418 2.96613431571
