63 2.92292189598 52.707826 40.957156 -0.02058299 7.5 8.5 3.19977029532 55.6526235433 -175.48734821 3.90724637681
66 2.96243190765 54.31159 40.951842 -0.027308534 8.5 125.5 3.08341501186 96.161805305 178.23133041 4.13486213424
69 2.89810490608 55.778879 40.909196 -0.015002614 62.5 30.5 6.22500766545 12.3905136642 -2.47374686947 3.87212272829
72 2.93586993217 57.331901 40.836464 -0.018380323 133.5 60.5 3.19977029532 78.6653287878 -175.613551733 2.94762597186
75 2.92178297043 58.848313 40.76075 -0.022921269 125.5 143.5 6.22500766545 122.465508902 -2.02004135855 1.78939286035
78 2.92620706558 60.388876 40.75568 -0.012358794 55.5 117.5 3.08341501186 76.8998814096 177.374773403 4.74163210372
81 2.91518497467 61.86858 40.735896 -0.015077049 105.5 110.5 6.22500766545 82.2844518614 -2.46948205812 6.61779006284
84 2.90701794624 63.333062 40.668539 -0.013920495 106.5 110.5 0.0581776417331 82.0963914048 4.13091894557 2.92534316743
87 2.91031694412 64.876385 40.58717 -0.032109511 90.5 50.5 0.0581776417331 27.4742396488 5.17307279586 1.60268092866
90 2.92596292496 66.44697 40.579857 -0.020157695 91.5 50.5 0.0581776417331 26.9455664131 4.48828418155 3.56448468224
93 2.93296098709 67.930314 40.55804 -0.02084507 93.5 50.5 0.0581776417331 27.4344930841 4.52766786799 3.48072842115
96 2.90363717079 69.414343 40.447992 -0.021831497 95.5 51.5 0.174532925199 28.3303438375 11.2508526386 1.96839100636
99 2.90335798264 70.999462 40.351868 -0.031419309 70.5 41.5 6.22500766545 1.25206604413 -1.53313953242 0.606671269821
102 2.90226793289 72.481812 40.325422 -0.028226015 71.5 41.5 6.22500766545 1.53087827126 -1.71610180136 1.34978717081
105 2.89747595787 74.028193 40.279112 -0.026102315 73.5 41.5 6.22500766545 1.33024635079 -1.83778084831 1.22842054608
108 2.90440297127 75.500101 40.224463 -0.026983514 74.5 42.5 0.0581776417331 2.48561273101 4.87937480197 1.53046987377
111 2.87660098076 77.104162 40.159206 -0.035689283 76.5 42.5 6.22500766545 2.41750455484 -1.28848804359 3.23845523304
114 2.79506707191 78.584191 40.097894 -0.03659834 77.5 42.5 6.22500766545 2.63544746859 -1.23640291415 3.35551448673
117 2.80791592598 80.1084 40.071744 -0.024096447 79.5 42.5 6.22500766545 2.50331335664 -1.95270861897 5.52399504834
120 2.81214499474 80.881063 40.047709 -0.06972902 79.5 41.5 6.22500766545 2.00411680265 0.66184522225 3.51611184028
123 2.80647611618 80.819811 40.085383 -0.20196514 79.5 41.5 6.10865238198 1.934694377 1.57175013077 3.56957983517
126 2.82030200958 80.673305 40.189426 -0.34415967 79.5 41.5 5.99229709851 1.75904770615 3.05222990295 3.63852259462
129 2.87497806549 80.559381 40.228255 -0.49611957 79.5 41.5 5.75958653158 1.65518079018 -1.57444250515 6.11196482137
132 2.88645792007 80.474435 40.358509 -0.64523249 79.5 41.5 5.64323124811 1.50084152138 0.30243181505 4.58224344868
135 2.88444900513 80.446897 40.445937 -0.81868337 79.5 42.5 5.41052068118 2.26181094183 -3.09289814145 6.72805681352
138 2.85042500496 80.377523 40.602704 -0.97166139 79.5 42.5 5.29416539772 2.09040157079 -0.994569903852 5.51469372217
141 2.83751606941 80.303277 40.677658 -1.1291983 79.5 42.5 5.17781011425 1.99152813279 1.36496349001 5.09704612353
144 2.80668497086 80.24067 40.836497 -1.2914427 79.5 42.5 5.17781011425 1.82094323907 10.6608828596 2.8971956451
147 2.80037403107 80.334643 40.99259 -1.4510482 79.5 42.5 5.06145483078 1.72305363978 13.1389377301 2.43899095971
150 2.91401791573 80.305505 41.173119 -1.6076845 79.5 42.5 4.82874426385 1.55224079742 8.78020330527 1.06162700981
