3 1.38375592232 31.520043 41.394881 -0.0070850614 106.415791302 93.2083619325 0.775710346169 91.0714550233 44.850873076 0
6 1.36704397202 31.529937 41.402987 -0.0081764059 125.717524112 11.0421750014 -2.86268476632 98.9599942965 -163.551281637 0
9 1.36567521095 31.522543 41.401068 -0.0068718684 35.3799744752 96.6332116791 1.91029964973 55.3666819755 109.845836591 0
12 1.38071513176 31.528168 41.375423 -0.0049451513 15.8033475761 108.709989759 -1.52408809384 69.1463220859 -87.0404790844 0
15 1.37072205544 31.523843 41.397689 -0.0081913964 26.2782051105 53.7008028901 2.96920173193 13.374727222 170.592060205 0
18 1.38751506805 31.52518 41.394772 -0.0077822512 24.3338964333 62.0807298146 -3.03878971177 21.9003061633 -173.663935163 0
21 1.38460707664 31.646202 41.400982 -0.0069641742 104.043242239 19.5287489978 2.76011491488 75.6288702274 158.541953383 0
24 1.38801503181 32.968315 41.348607 -0.0066445448 123.558296672 88.2685526485 0.490266395773 102.019733772 28.4708996887 0
27 1.38289403915 34.520488 41.363888 -0.010157874 14.8729760435 112.788685247 -1.16586667222 74.077840059 -66.2172364844 0
30 1.38725590706 35.981317 41.339656 -0.012968194 34.2019019269 42.436941426 0.0816830132406 2.09053899956 5.4231147007 0
33 1.38221216202 37.47125 41.3168 -0.01805047 123.016349748 88.1346964219 -3.04692022081 97.5186111279 -173.541453416 0
36 1.38657522202 39.051821 41.275587 -0.019803098 13.9468840273 87.8081790698 0.385389916042 52.8728662467 23.2158495928 0
39 1.39474892616 40.609584 41.247017 -0.013659721 85.1150524728 113.292933901 -2.749743929 84.6838288347 -156.766077511 0
42 1.39026999474 42.081473 41.279186 -0.014178183 35.5269605784 42.7394970538 -3.02644709555 6.71521715649 -172.590295447 0
45 1.38098096848 43.552295 41.213208 -0.0092852628 88.3499728444 118.881581346 1.86089339581 89.6616314735 107.153344074 0
48 1.38944482803 45.079977 41.189892 -0.010404952 33.2837279375 87.3816618202 0.322836841313 47.6742183057 19.0933483142 0
51 1.38759708405 46.640834 41.096545 -0.012029947 110.612633586 48.3994211608 -2.51017222339 64.3872902245 -143.13300906 0
54 1.39499783516 48.21014 41.103056 -0.013219293 21.5539665093 95.2277380222 -0.328685710303 60.332684253 -18.0748942896 0
57 1.37568902969 49.69993 40.993437 -0.019411138 47.1239263056 41.3259634648 0.193384091165 2.59737730867 12.1922685317 0
60 1.36678314209 51.221815 41.026894 -0.026800957 86.2052221007 120.297991295 0.596595701604 86.6472483047 35.7179975006 0
63 1.35897898674 52.707826 40.957156 -0.02058299 31.8946808608 91.0836514328 0.0666205655803 54.2757087007 4.99639569328 0
66 1.35757803917 54.31159 40.951842 -0.027308534 34.6063598259 92.5410624649 0.52653825692 55.224485189 31.7330836166 0
69 1.37039709091 55.778879 40.909196 -0.015002614 54.6414216825 44.3102862313 0.0831872293189 3.58625485855 5.62586361322 0
72 1.35047507286 57.331901 40.836464 -0.018380323 120.961499154 140.264155639 -3.03798942449 118.04487124 -173.010857295 0
75 1.36242008209 58.848313 40.76075 -0.022921269 57.4720138214 39.7342627052 0.11168935658 1.71693785428 7.71262072333 0
78 1.36972784996 60.388876 40.75568 -0.012358794 43.5929953447 93.4816920364 0.337524401745 55.3365516838 20.0468304387 0
81 1.37540316582 61.86858 40.735896 -0.015077049 59.9388805585 41.3622545639 0.030753243231 2.02880876016 2.62588231869 0
84 1.3712580204 63.333062 40.668539 -0.013920495 63.5257279122 42.3629038359 0.110368430701 1.70528365699 7.12123088285 0
87 1.37437987328 64.876385 40.58717 -0.032109511 65.0810420744 42.1861919398 0.095154145634 1.61206565691 7.29167041053 0
90 1.36958193779 66.44697 40.579857 -0.020157695 64.2280837743 41.7116976302 0.0754004262944 2.49088725049 5.47507704837 0
