3 1.86997485161 58.425211 99.52669 -0.076600623 2.5 5.5 0.436332312999 109.401314698 29.388892406 1.7763568394e-15
6 1.86683106422 58.436309 99.5178 -0.082073852 31.5 86.5 0.436332312999 29.9170162179 29.702485328 0.120463105457
9 1.8563079834 59.138497 99.506199 -0.079127672 62.5 110.5 4.45058959259 11.4962325501 -100.466318352 4.51552440733
12 1.85750794411 60.588187 99.398001 -0.084356487 79.5 138.5 4.27605666739 43.4352736465 -110.16672932 4.8067654584
15 1.90540289879 62.026729 99.268445 -0.080345137 60.5 101.5 1.4835298642 2.7038378571 89.6034372545 6.04558864901
18 1.86775302887 63.612811 99.142137 -0.077882356 77.5 133.5 4.62512251778 37.0582887928 -90.5376697027 7.18070941281
21 1.85987615585 65.109709 99.045111 -0.075303117 77.5 132.5 4.62512251778 35.6756066391 -90.6854492117 6.47313372668
24 1.86575102806 66.576646 98.887554 -0.079079542 118.5 58.5 0.0872664625997 65.7813743298 9.53092400243 6.70498931661
27 1.8842420578 68.114632 98.811042 -0.080004433 73.5 27.5 4.79965544298 71.5141028023 -80.4160836468 7.10206992849
30 1.87577581406 69.601579 98.673025 -0.074381156 74.5 25.5 4.79965544298 73.3367991935 -80.7382736859 7.56225990976
33 1.85752487183 71.154315 98.514904 -0.080273853 36.5 72.5 4.62512251778 43.3323987133 -90.4006470178 7.51425473359
36 1.8553879261 72.642873 98.438251 -0.077397051 36.5 70.5 4.62512251778 45.682087711 -90.5654756309 6.5871364345
39 1.85795617104 74.179887 98.27586 -0.078945335 71.5 99.5 6.19591884458 2.9462371039 -0.476765492254 5.8852352961
42 1.88078784943 75.689674 98.17429 -0.079512997 73.5 99.5 6.19591884458 2.55972249089 -0.444240855464 5.41737395366
45 1.86086702347 77.259307 98.055637 -0.072379503 74.5 99.5 6.19591884458 3.114475814 -0.852959954846 6.16854605161
48 1.8642179966 78.667542 97.976243 -0.066300397 76.5 99.5 6.19591884458 2.64954217117 -1.20126707186 7.89913010687
51 1.87179708481 80.25432 97.827625 -0.077582567 77.5 99.5 6.19591884458 3.22228440753 -0.554846347109 4.43991079826
54 1.85857796669 81.813353 97.68277 -0.074716444 79.5 99.5 6.19591884458 2.94175576408 -0.719063098574 3.35061722253
57 1.85970497131 82.622729 97.654646 -0.085105116 80.5 99.5 6.19591884458 2.81270506679 -0.123836038229 5.98167837159
60 1.85659217834 81.436592 97.754867 -0.094486992 79.5 99.5 6.19591884458 2.60689043923 0.413705860486 4.1812093763
63 1.8577299118 79.890684 97.897701 -0.093381766 77.5 100.5 6.19591884458 3.53374165344 0.350381075278 6.92251913152
66 1.85941815376 78.411812 98.037468 -0.097953665 76.5 100.5 6.19591884458 3.1175453444 0.612331592338 5.57267021883
69 1.86858892441 76.931086 98.162597 -0.096433306 74.5 100.5 6.19591884458 3.3724815676 0.525221438294 4.48489721257
72 1.85971879959 75.443161 98.337547 -0.10164342 73.5 100.5 6.19591884458 2.9072457153 0.823738981276 5.29988671653
75 1.85800004005 73.912871 98.553041 -0.10292365 71.5 100.5 6.19591884458 3.10041865082 0.897090757082 5.59770835224
78 1.85577011108 72.413468 98.668417 -0.11145399 70.5 100.5 6.19591884458 2.64878388566 1.38584323689 7.87208372833
81 1.856164217 70.926618 98.82512 -0.11572496 68.5 100.5 6.19591884458 2.9485077467 1.63055179232 3.27819698461
84 1.85700011253 69.460294 99.048845 -0.12091472 67.5 100.5 6.19591884458 2.43897589173 1.92790313701 7.27634676664
87 1.85991597176 67.984026 99.205817 -0.12024712 65.5 97.5 0.0872664625997 3.0133364907 11.8896524746 3.01220867474
90 1.85197806358 66.409271 99.378533 -0.12589377 64.5 97.5 0.0872664625997 2.67847008263 12.213181688 6.75925028673
