3 1.3964381218 58.425211 99.52669 -0.076600623 110.528363185 28.6406097471 1.64804805846 87.9748534594 98.8150905906 0
6 1.39270281792 58.436309 99.5178 -0.082073852 17.7213520524 13.5783131419 0.60017421478 95.096283422 39.0899348074 0
9 1.39452910423 59.138497 99.506199 -0.079127672 59.3078910519 104.533672488 0.345309914602 5.03032643227 24.318482379 0
12 1.39734911919 60.588187 99.398001 -0.084356487 63.4781829276 107.668602099 -0.291136655322 8.76098847195 -11.8476309318 0
15 1.41060304642 62.026729 99.268445 -0.080345137 122.25644337 69.3277719761 2.94249745716 67.2611507058 173.196122778 0
18 1.39282298088 63.612811 99.142137 -0.077882356 63.3083280523 100.363491948 -2.68341376867 1.25873657891 -149.285953335 0
21 1.39161586761 65.109709 99.045111 -0.075303117 75.408019751 108.537512862 -0.695430457369 14.0057451581 -35.5306793638 0
24 1.39158391953 66.576646 98.887554 -0.079079542 80.4501621355 49.6007860576 0.362791633034 51.2021478473 25.3173534179 0
27 1.38784909248 68.114632 98.811042 -0.080004433 41.0752033167 94.4686521638 1.03966708868 27.3858914956 64.1524526334 0
30 1.39097309113 69.601579 98.673025 -0.074381156 111.418422007 87.9905132031 1.78413193653 43.1597546024 106.484956372 0
33 1.40211319923 71.154315 98.514904 -0.080273853 36.8606146981 70.7075716451 -1.86148387167 44.1509412481 -102.055816496 0
36 1.3934879303 72.642873 98.438251 -0.077397051 60.1981952557 87.7989603817 -1.76961826255 16.372675683 -96.9571334242 0
39 1.40213084221 74.179887 98.27586 -0.078945335 111.648774539 55.8600326205 -0.221174782864 56.5952290012 -8.14914708506 0
42 1.40116000175 75.689674 98.17429 -0.079512997 96.8011640527 31.4592864853 -2.91819993102 69.9756150827 -162.644780678 0
45 1.41069197655 77.259307 98.055637 -0.072379503 33.5308326646 66.1811950645 -1.80884636886 54.1124709878 -99.4922226783 0
48 1.40839099884 78.667542 97.976243 -0.066300397 79.3005202796 97.1725246764 -0.808928336982 1.02304674675 -42.5494467095 0
51 1.40365099907 80.25432 97.827625 -0.077582567 89.7874007544 69.8730929834 -1.33440265191 29.5353261187 -72.0104864727 0
54 1.39938783646 81.813353 97.68277 -0.074716444 113.344313454 52.3397458223 -0.566184012521 55.2285370866 -28.1590174438 0
57 1.41745090485 82.622729 97.654646 -0.085105116 121.731675843 48.7142355037 -2.55030173828 62.6472146443 -141.245362127 0
60 1.3906390667 81.436592 97.754867 -0.094486992 69.3806422116 71.829102893 -2.95444639409 28.5918024936 -163.863603319 0
63 1.39529490471 79.890684 97.897701 -0.093381766 70.6892724694 19.1659601721 -0.600082847527 79.267603647 -29.0318334462 0
66 1.40651583672 78.411812 98.037468 -0.097953665 45.3236248228 82.9608495729 -0.724503953277 36.3611407119 -35.898687171 0
69 1.40437602997 76.931086 98.162597 -0.096433306 55.3463190406 11.9976136833 0.712932585347 88.8273973201 46.373249656 0
72 1.40780496597 75.443161 98.337547 -0.10164342 134.026516329 121.598386999 -1.46052658222 63.0323424847 -77.8582700466 0
75 1.41761493683 73.912871 98.553041 -0.10292365 68.0259764775 48.3728300467 -3.05757015488 50.5243416428 -169.288774683 0
78 1.41179800034 72.413468 98.668417 -0.11145399 105.785482142 20.6939108819 -1.52626437701 84.8157705397 -81.0626639871 0
81 1.40592598915 70.926618 98.82512 -0.11572496 106.117509555 41.7378331985 1.53006554941 67.0623378862 94.2968501517 0
84 1.40911197662 69.460294 99.048845 -0.12091472 51.9032612696 93.1882025331 -1.5567687464 18.5093632635 -82.2683757097 0
87 1.40800714493 67.984026 99.205817 -0.12024712 56.3579533546 91.235559506 -1.91358276813 14.0957642459 -102.750563888 0
90 1.40436887741 66.409271 99.378533 -0.12589377 36.4509623956 63.5498726989 1.6869593682 46.703245641 103.868833696 0
