3 2.82957291603 31.520043 41.394881 -0.0070850614 7.5 4.5 3.08341501186 44.0249328191 177.072610782 0.0
6 2.82737803459 31.529937 41.402987 -0.0081764059 10.5 137.5 0.0581776417331 98.3712059383 3.80180688299 0.294186824019
9 2.9674270153 31.522543 41.401068 -0.0068718684 110.5 36.5 3.19977029532 79.1293825436 -176.27293761 0.497864070152
12 2.80119204521 31.528168 41.375423 -0.0049451513 110.5 36.5 3.19977029532 79.122183987 -176.383330368 0.639600552934
15 2.86107897758 31.523843 41.397689 -0.0081913964 110.5 36.5 3.19977029532 79.1278758215 -176.197334225 0.747710369578
18 2.82915520668 31.52518 41.394772 -0.0077822512 110.5 36.5 3.19977029532 79.1263608854 -176.220776518 0.833767263233
21 2.79742693901 31.646202 41.400982 -0.0069641742 110.5 36.5 3.19977029532 79.0059560007 -176.267648877 0.850760048478
24 2.8011469841 32.968315 41.348607 -0.0066445448 60.5 84.5 3.19977029532 51.186291102 -176.285962293 3.93245710983
27 2.81334090233 34.520488 41.363888 -0.010157874 128.5 89.5 0.0581776417331 105.589933016 3.91533664236 2.89111052496
30 2.86126089096 35.981317 41.339656 -0.012968194 130.5 89.5 0.0581776417331 106.081101853 4.07635611744 1.0125416031
33 2.94606995583 37.47125 41.3168 -0.01805047 42.5 42.5 3.19977029532 5.16607092504 -175.632450917 1.2521152741
36 2.80292606354 39.051821 41.275587 -0.019803098 40.5 42.5 3.19977029532 1.8964202094 -175.53203273 2.99760959016
39 2.83191108704 40.609584 41.247017 -0.013659721 83.5 110.5 0.0581776417331 81.4589678246 4.11597769596 1.7912751771
42 2.81402492523 42.081473 41.279186 -0.014178183 85.5 111.5 6.22500766545 82.5598643753 -2.52098328627 1.84075124544
45 2.7942969799 43.552295 41.213208 -0.0092852628 41.5 42.5 6.22500766545 2.42234357974 -2.80132696322 0.770906278563
48 2.79753994942 45.079977 41.189892 -0.010404952 43.5 42.5 6.22500766545 2.0524888044 -2.7371734977 2.40293538574
51 2.81045985222 46.640834 41.096545 -0.012029947 44.5 41.5 6.22500766545 2.17851925688 -2.64406814247 1.43562400406
54 2.78788495064 48.21014 41.103056 -0.013219293 46.5 42.5 6.22500766545 2.20817376099 -2.57592363629 2.8399068602
57 2.83965706825 49.69993 40.993437 -0.019411138 47.5 42.5 6.22500766545 2.66635032917 -2.22115705039 4.60643809051
60 2.84740114212 51.221815 41.026894 -0.026800957 49.5 42.5 6.22500766545 2.26598503558 -1.79775161032 2.81264379612
63 2.79047894478 52.707826 40.957156 -0.02058299 50.5 42.5 6.22500766545 2.69348533588 -2.15401487657 6.26995804095
66 2.786206007 54.31159 40.951842 -0.027308534 52.5 42.5 6.22500766545 2.38299213617 -1.76866959044 5.29511732275
69 2.78532195091 55.778879 40.909196 -0.015002614 53.5 42.5 6.22500766545 2.77919896068 -2.47374686947 4.08290045883
72 2.78477692604 57.331901 40.836464 -0.018380323 55.5 42.5 6.22500766545 2.47451273933 -2.28021839935 3.10872076671
75 2.78119182587 58.848313 40.76075 -0.022921269 56.5 42.5 0.0581776417331 2.92225332722 4.64662530812 1.65006652275
78 2.78554201126 60.388876 40.75568 -0.012358794 58.5 41.5 6.22500766545 2.03023762298 -2.62522659726 4.58337444728
81 2.7770857811 61.86858 40.735896 -0.015077049 59.5 41.5 6.22500766545 2.48878005039 -2.46948205812 6.42711739891
84 2.77762198448 63.333062 40.668539 -0.013920495 61.5 42.5 6.22500766545 2.59120931041 -2.5357477211 2.70849858341
87 2.78437709808 64.876385 40.58717 -0.032109511 63.5 42.5 6.22500766545 2.35655559602 -1.4935938708 1.32439206291
90 2.82871198654 66.44697 40.579857 -0.020157695 64.5 41.5 0.0581776417331 2.15345195473 4.48828418155 3.2910081523
