123 10.9950258732 80.819811 40.085383 -0.20196514 3.30869346224 36.1699132442 1.65570568954 77.6099493967 106.436698257 0
126 11.2060070038 80.673305 40.189426 -0.34415967 22.0431689634 66.6866092282 -1.10410837596 64.3396733804 -43.5418534978 0
129 11.1371259689 80.559381 40.228255 -0.49611957 78.016736371 83.659639494 0.11175120948 43.5057490543 34.8284301535 0
132 11.1217911243 80.474435 40.358509 -0.64523249 69.5733576953 49.0850016036 1.08125112033 13.9637086608 98.9202242703 0
135 11.0579919815 80.446897 40.445937 -0.81868337 69.4271829971 96.4083897022 0.857043923173 57.0370950273 96.0121015137 0
138 11.1175329685 80.377523 40.602704 -0.97166139 67.7073938359 112.791564561 -1.74026619372 73.2923172105 -44.0378113667 0
141 11.1499159336 80.303277 40.677658 -1.1291983 62.3599487687 9.31660205016 0.871776030452 36.1314109648 114.647384049 0
144 11.1506860256 80.24067 40.836497 -1.2914427 145.515427547 12.7528416217 3.04179585539 71.0597331283 -111.723719153 0
147 11.1104850769 80.334643 40.99259 -1.4510482 42.3627521906 91.6765562587 2.49549126299 63.3303160213 -133.879945089 0
150 11.0981190205 80.305505 41.173119 -1.6076845 101.761877747 95.5745730982 -2.03926381963 58.4798609734 -24.7276735397 0
153 11.1430981159 80.260339 41.240273 -1.7630876 108.011196731 56.7096434405 -2.31811885207 31.771237411 -31.8009482417 0
156 11.1132600307 80.351916 41.337649 -1.9138236 42.7009793638 97.3105128271 1.2039963184 67.4577980266 178.637922606 0
159 11.088214159 80.458888 41.424429 -2.0695544 38.5291778944 84.9630692871 1.12657211372 60.4459575786 -176.875439974 0
162 11.0914740562 80.580246 41.530351 -2.2462491 59.2918442384 31.4726770107 -1.95749660377 23.5446990984 16.544299358 0
165 11.1573188305 80.700832 41.575869 -2.3973477 13.3007887802 105.906099761 0.771217451875 93.1726591644 -178.454589685 0
168 11.1125340462 80.863789 41.557834 -2.56541 32.255755026 102.573222398 1.72137474432 78.0103748751 -114.38532647 0
171 11.0602560043 80.910142 41.637692 -2.7112414 33.7019647461 105.115395832 2.3949698656 79.1077169649 -67.4356451792 0
174 11.2567689419 81.000304 41.730578 -2.863125 111.060301902 17.1669294632 0.973744808752 38.8197926751 -140.163553417 0
177 11.1794199944 81.313486 41.614906 -3.0334876 121.759360518 134.483123795 -0.523146379896 101.293507403 143.83195705 0
180 11.1445100307 81.419836 41.643078 3.1037871 33.3539895911 104.783209477 1.60283835442 79.353650161 -85.998028387 0
183 11.1385729313 81.472606 41.653948 2.9566422 33.6014631991 103.703051318 1.36993700948 78.3692384522 -90.9115107484 0
186 11.0854249001 81.600227 41.551467 2.7956666 40.2463147973 70.6354786333 1.78727766389 50.5571536694 -57.7764301465 0
189 11.206952095 81.705618 41.391179 2.6371497 33.5623659461 105.605921684 1.23829982648 80.2577466434 -80.1481939248 0
192 11.1406559944 81.817002 41.340993 2.4823985 35.1861443258 68.1915153484 -2.10055790371 53.8088044637 97.4159403748 0
195 11.074244976 81.903012 41.262396 2.332631 72.3646602546 88.1450893279 2.38841957214 47.8431508965 3.19644972863 0
198 11.2551698685 81.909487 41.089487 2.1583794 34.5088136742 69.2143214105 -2.25322392747 55.1165142435 107.23374845 0
201 11.1985750198 81.924053 40.998223 1.9975831 32.4618951441 106.172434876 0.579399903486 81.817986735 -81.2559117366 0
204 11.2396211624 81.960862 40.844259 1.8446809 33.9773223165 104.893798821 0.872600043299 80.0297671608 -55.6961304344 0
207 11.4024522305 81.927588 40.703608 1.6857979 34.953088475 106.323399922 0.596154082328 80.7004380256 -62.4319919251 0
210 11.1690559387 81.924928 40.686406 1.5459903 34.527539735 105.864546134 0.339137765863 80.5897162523 -69.1475567007 0
