243 2.76749396324 76.572595 90.665594 -0.69142624 82.9348692127 20.7960592713 2.3226248953 70.1586089968 172.692409289 0
246 2.79520201683 77.783785 89.658033 -0.71509647 92.7501691315 132.019484735 -2.05508641465 44.9275555429 -76.7757684186 0
249 2.77423381805 78.874801 88.696028 -0.74032963 13.2251987709 26.7875349919 2.38935599556 90.2359782978 179.317777547 0
252 2.78649187088 80.03236 87.613917 -0.7252394 87.1274340952 114.845333306 0.56399997136 28.1405421132 73.8679747611 0
255 2.78832697868 81.079285 86.604124 -0.70281223 123.856513848 77.3614335993 1.41218973026 43.7643534593 121.180685985 0
258 2.81197285652 82.380517 85.593177 -0.66953842 18.5846306379 16.5845569705 -0.794326865496 93.9792783283 -7.14985125893 0
261 2.79470396042 83.553536 84.670161 -0.64546431 30.8228311761 84.8017912123 0.500027414194 52.7308691161 65.6318412635 0
264 2.78557109833 84.753159 83.736184 -0.60820056 39.654516566 8.34209845693 2.88620094278 87.8530345763 -159.785541966 0
267 2.8130068779 85.938286 82.919631 -0.58097683 49.0788774868 41.5989932662 -0.480823833864 55.3715730197 5.73834398419 0
270 2.79561805725 87.249998 82.030848 -0.55954063 86.5795996801 86.0135123477 -0.125643478884 4.03869399853 24.8604755017 0
273 2.80948209763 88.578333 81.141585 -0.52544337 109.014365338 75.4048293115 2.49926292884 21.2259695545 173.30290519 0
276 2.79018092155 89.874585 80.458812 -0.49549775 87.8158173723 79.7057648998 -0.033736450286 2.19216880733 26.4569736161 0
279 2.79320716858 91.229191 79.664539 -0.46697991 89.6132802823 84.1134698513 -0.327423992189 4.73330256449 7.99596509663 0
282 2.79936695099 92.640842 79.007823 -0.44436504 90.1226729348 80.3494854477 -0.327611117185 2.85328469736 6.68950701889 0
285 2.80490207672 93.942666 78.269838 -0.40450827 89.8974958503 81.2250212643 -0.361115022744 5.00964167045 2.48624992715 0
288 2.80267286301 95.385584 77.620959 -0.38607018 93.7719118039 78.6240815098 -0.240469778466 1.90005071672 8.34228850331 0
291 2.79269194603 96.747733 77.074345 -0.36376533 94.4327554988 79.793193034 -0.26462285235 3.5708900099 5.68044553981 0
294 2.80737304688 98.250871 76.540386 -0.33417824 95.3694362046 77.7683773718 -0.133796960765 3.13219240933 11.4810015936 0
297 2.85721302032 99.752933 76.027378 -0.30758365 96.9970851745 79.0540365397 -0.209305023176 4.09333105833 5.63095053336 0
300 2.81070709229 100.00981 75.897783 -0.33361957 97.5434039631 79.2765191362 -0.130487448764 4.18318259423 11.6386132304 0
303 2.81003212929 98.714105 76.429985 -0.36219797 97.6554410124 78.7819821063 -0.192511726457 2.57927505838 9.72230559646 0
306 2.81645607948 97.284888 77.028291 -0.39087517 96.1726633496 81.6281943949 -0.333694094579 4.73245759786 3.27623428963 0
309 2.79989504814 95.817851 77.649213 -0.42317241 94.0878442148 77.8242516567 -0.312960212589 1.73883927034 6.3146937625 0
312 2.80272507668 94.571565 78.35291 -0.46228827 92.1842596111 77.6503239082 -0.177283520461 2.48854460198 16.3295692898 0
315 2.78150010109 93.13187 79.138887 -0.4938927 92.205503089 80.4438380427 -0.319144981702 1.60032899046 10.012306738 0
318 2.81703805923 91.836662 79.862922 -0.52529077 89.0321971105 79.9055869376 -0.294606440756 2.80478940625 13.2172384655 0
321 2.81102800369 90.529269 80.702102 -0.55721841 87.3931353665 81.0448945251 -0.348702970283 3.15481233708 11.9470546591 0
324 2.79772496223 89.308886 81.573217 -0.59808232 87.9895907504 80.7904994027 -0.404733485762 1.53401003669 11.0780721756 0
327 2.80132198334 88.100372 82.484783 -0.6409076 85.5253097441 82.2176820422 -0.458898013301 2.58887785413 10.4283811488 0
330 2.85443401337 86.96204 83.432583 -0.67310863 85.3381999691 83.0403378321 -0.517873897161 1.6705426417 8.8942950255 0
