3 5.60732007027 31.520043 41.394881 -0.0070850614 39.5084948249 51.5770313804 0.0945255735164 12.941852608 5.82186053436 0
6 5.63375782967 31.529937 41.402987 -0.0081764059 57.9455443691 122.939286015 1.64996358423 85.7085314874 95.0044232762 0
9 5.64736604691 31.522543 41.401068 -0.0068718684 18.5704955394 102.825040485 -0.985412819158 62.774675859 -56.0662665591 0
12 5.67426586151 31.528168 41.375423 -0.0049451513 23.5277331907 114.574510619 -3.06022955864 73.6350010886 -175.054901753 0
15 5.59484195709 31.523843 41.397689 -0.0081913964 116.565330313 113.315273674 0.105985731075 111.374115259 6.54186752126 0
18 5.62591218948 31.52518 41.394772 -0.0077822512 71.4521239905 3.12281484486 2.72175309288 55.307355396 156.390855247 0
21 5.64534807205 31.646202 41.400982 -0.0069641742 34.127439045 122.201759611 2.91901242071 80.8388656511 167.646109843 0
24 5.65659308434 32.968315 41.348607 -0.0066445448 36.9833587165 96.6286906804 2.20663619065 55.4257000656 126.811645019 0
27 5.65038490295 34.520488 41.363888 -0.010157874 39.0553391009 96.3004101308 -0.175587549909 55.1233737931 -9.47842223581 0
30 5.66830992699 35.981317 41.339656 -0.012968194 50.2943600125 48.7132448208 0.694378816254 16.1007146542 40.5279983387 0
33 5.62796211243 37.47125 41.3168 -0.01805047 9.28374615261 79.7494182584 -1.67266398985 47.6613209987 -94.8023714127 0
36 5.65409398079 39.051821 41.275587 -0.019803098 12.7570454825 14.7688117654 -1.05103013918 37.336635532 -59.0849571791 0
39 5.65588903427 40.609584 41.247017 -0.013659721 91.1180993635 26.601542668 0.248744747679 52.5889726334 15.0346685807 0
42 5.69262695312 42.081473 41.279186 -0.014178183 84.5412549524 110.865689437 -0.0210094027975 81.5175719955 -0.391400063324 0
45 5.66723203659 43.552295 41.213208 -0.0092852628 41.4227375557 28.460992589 0.0050250958741 12.9288055441 0.819923155345 0
48 5.68507218361 45.079977 41.189892 -0.010404952 97.8669317416 135.614430295 0.949496414594 108.177890639 54.9982970547 0
51 5.61005997658 46.640834 41.096545 -0.012029947 126.465459065 61.807556536 0.896204896692 82.4676710326 52.0380233503 0
54 5.61715698242 48.21014 41.103056 -0.013219293 127.728578664 63.300692638 -0.264563181085 82.5585680587 -14.4009439937 0
57 5.64110994339 49.69993 40.993437 -0.019411138 48.0149586739 40.658879317 0.195364215589 1.71786414273 12.3057213041 0
60 5.62877202034 51.221815 41.026894 -0.026800957 34.3976439764 95.7031064686 3.09006428933 57.2061267746 178.583223925 0
63 5.63556003571 52.707826 40.957156 -0.02058299 96.0323750686 124.996175077 0.337324945076 94.5493166525 20.5066141341 0
66 5.62596201897 54.31159 40.951842 -0.027308534 30.7826301068 94.957642436 3.1010069068 58.908729696 179.239271744 0
69 5.67034101486 55.778879 40.909196 -0.015002614 54.0936869596 41.7737414538 0.122931280087 1.89401981365 7.903029983 0
72 5.67220807076 57.331901 40.836464 -0.018380323 55.4053027502 41.4866678555 0.158435683999 2.03335827381 10.1308109514 0
75 5.65784096718 58.848313 40.76075 -0.022921269 56.8692001274 41.3046524623 0.0399546715159 2.0524905971 3.60252602448 0
78 5.65777993202 60.388876 40.75568 -0.012358794 58.0591351251 41.4489406797 0.00534916136951 2.43070008729 1.01459110648 0
81 5.62131714821 61.86858 40.735896 -0.015077049 60.1378307341 41.6833093109 0.0626814993577 1.97309021667 4.45523664196 0
84 5.58177089691 63.333062 40.668539 -0.013920495 61.4012677885 41.7091826175 0.0425705269051 2.19425796439 3.23669713555 0
87 5.56623411179 64.876385 40.58717 -0.032109511 63.7228858521 41.1451313453 0.0960363941985 1.28135910153 7.34221952976 0
90 5.63699507713 66.44697 40.579857 -0.020157695 64.7687143838 42.0368938147 0.0586374030995 2.22249818731 4.51462656742 0
