243 3.74049401283 88.570925 51.559268 0.90792052 3.5 8.5 0.741764932098 95.3475895922 -9.52001392932 1.7763568394e-15
246 3.73559904099 89.47196 52.652014 0.8832857 18.5 70.5 0.741764932098 73.1817580446 -8.10854271426 4.85969289142
249 3.70434594154 90.492516 53.754021 0.83763364 20.5 71.5 6.06501915068 72.2071469224 -60.4928723502 6.8318067401
252 3.69763112068 91.498687 54.898001 0.81217592 22.5 70.5 6.15228561328 70.7406614368 -54.0342524382 7.95413382193
255 3.70580291748 92.568948 55.94073 0.78340538 26.5 68.5 1.87622894589 67.2520717358 62.6141780782 11.0406452518
258 3.70386099815 93.547241 56.960456 0.75288469 26.5 70.5 2.22529479629 68.4006708844 84.362884803 11.4927545702
261 3.72696185112 94.620679 57.928363 0.72990952 25.5 71.5 2.22529479629 70.4404542595 85.6792650776 12.5156347186
264 3.70192408562 95.770396 58.899507 0.6896339 24.5 69.5 4.58148928649 72.0544224725 -137.013111879 9.06385241915
267 3.71297502518 96.962501 59.840194 0.66858365 52.5 94.5 3.88335758569 56.3756698154 -175.807021396 6.92742964072
270 3.74450778961 98.232224 60.772339 0.64204005 34.5 141.5 2.31256125889 102.853058421 95.7138148566 10.7539026109
273 3.71474695206 99.416545 61.686454 0.60185601 50.5 94.5 2.22529479629 58.9029470895 93.0161907524 5.85282109453
276 3.70192718506 100.66015 62.48684 0.57932353 51.5 84.5 4.40695636129 53.8637128428 -140.692793242 4.49074087763
279 3.70487594604 101.84252 63.245661 0.55317695 87.5 100.5 2.39982772149 39.9198403589 105.805295441 3.37737260687
282 3.71188020706 103.2489 64.041483 0.52149049 86.5 102.5 2.31256125889 41.9473858667 102.620795867 3.47649103194
285 3.7238779068 104.5021 64.838724 0.48902664 85.5 104.5 2.13802833369 43.9783653443 94.4808374585 5.10076421534
288 3.70144581795 105.89753 65.50297 0.45749312 84.5 106.5 2.13802833369 46.2451160548 96.2875750677 6.67276916968
291 3.69833922386 107.23441 66.106065 0.425495 83.5 107.5 2.22529479629 47.7156166557 103.120932296 6.21873426393
294 3.70528697968 108.62185 66.694881 0.38650919 82.5 108.5 2.22529479629 49.2952231157 105.35465467 5.84599513091
297 3.70594096184 110.08086 67.251857 0.35533208 97.5 62.5 6.15228561328 13.4483524377 -27.8590285096 6.04430513956
300 3.71569395065 111.50781 67.766864 0.33459052 98.5 62.5 6.23955207588 14.0336373542 -21.6706246611 4.85610165321
303 3.71253204346 112.87691 68.182524 0.30685182 100.5 62.5 6.23955207588 13.6190667874 -20.0813142219 4.4057904538
306 3.69922113419 114.36462 68.651393 0.28808498 101.5 63.5 6.15228561328 13.8576800939 -24.0060534951 4.87909719201
309 3.70180702209 115.83449 69.001579 0.25083859 104.5 62.5 6.06501915068 13.0667973526 -26.871992546 7.15687065959
312 3.77515792847 117.19736 69.329841 0.23044123 105.5 61.5 6.06501915068 14.076030728 -25.7033099048 7.79901891331
315 3.74157905579 117.78731 69.484411 0.20147117 106.5 61.5 6.06501915068 13.8258520914 -24.0434477346 10.461043265
318 3.71791386604 116.42938 69.228806 0.13415298 105.5 61.5 5.89048622548 13.3860296343 -30.1863995631 12.8493154747
321 3.75882411003 114.80773 69.128985 0.0979988 104.5 61.5 5.89048622548 12.8238336656 -28.1149176373 6.66678281895
324 3.75194811821 113.35769 69.056433 0.067460522 101.5 62.5 5.89048622548 13.5495987328 -26.3652031943 7.95544863741
327 3.76877403259 111.81488 68.96352 0.032275621 100.5 63.5 5.80321976288 12.5648939592 -29.3492568645 6.83022083243
330 3.80014300346 110.29576 68.94659 -0.0039959963 109.5 69.5 0.218166156499 0.969276330929 12.7289537229 8.30465001948
