243 1.38202309608 76.572595 90.665594 -0.69142624 19.9682372905 82.9220137197 -2.0283262085 57.1315704953 -76.598725826 0
246 1.38284707069 77.783785 89.658033 -0.71509647 106.987930252 24.2603741292 2.81246023318 71.622174539 -157.885888914 0
249 1.38655686378 78.874801 88.696028 -0.74032963 132.958641166 61.0364967085 -0.908334210188 60.7462874454 -9.62595338361 0
252 1.39209008217 80.03236 87.613917 -0.7252394 17.9319698118 91.1311258066 0.707032250695 62.1999133385 82.0631207011 0
255 1.39351606369 81.079285 86.604124 -0.70281223 109.941949281 69.2163567774 1.75589213758 33.6955165915 140.873383333 0
258 1.38614201546 82.380517 85.593177 -0.66953842 109.235982007 71.6298081506 1.11461364824 30.2686582189 102.22438352 0
261 1.40479397774 83.553536 84.670161 -0.64546431 78.0148634889 78.2801959597 0.955691811304 8.45627260689 91.7394880923 0
264 1.3997631073 84.753159 83.736184 -0.60820056 96.7929936831 126.213230726 -1.83840175661 44.1503920449 -70.4853365177 0
267 1.3954410553 85.938286 82.919631 -0.58097683 114.899916162 63.7860977189 2.66748905077 34.7112102561 -173.87661514 0
270 1.39551305771 87.249998 82.030848 -0.55954063 105.159575477 34.4886306549 -1.58202934689 50.8036947032 -58.5842880775 0
273 1.40347504616 88.578333 81.141585 -0.52544337 110.476697771 79.0192275175 1.43935464047 22.0009722728 112.574633596 0
276 1.39495205879 89.874585 80.458812 -0.49549775 21.2157844663 43.3125319303 1.72259629373 78.0632885148 127.087427269 0
279 1.38307404518 91.229191 79.664539 -0.46697991 30.970374023 84.7899029349 2.2550005086 60.476395221 155.957989903 0
282 1.38976311684 92.640842 79.007823 -0.44436504 109.748742906 143.226159428 0.0687050501177 66.4580695404 29.3967507581 0
285 1.38348793983 93.942666 78.269838 -0.40450827 51.4785632094 33.5713020043 -1.5066630835 61.6535412281 -63.1488191834 0
288 1.3969271183 95.385584 77.620959 -0.38607018 25.0053825759 119.326229089 2.98415923338 81.8089378106 -166.900078622 0
291 1.39039111137 96.747733 77.074345 -0.36376533 95.5684718274 77.6133708011 0.193705763573 1.2966131757 31.9407408623 0
294 1.39443206787 98.250871 76.540386 -0.33417824 95.1688021576 76.2336922466 0.0843007590275 3.097290656 23.9770804591 0
297 1.39581894875 99.752933 76.027378 -0.30758365 121.915936251 76.5527090943 2.57960176583 22.1692283552 165.423538999 0
300 1.39235687256 100.00981 75.897783 -0.33361957 106.802672912 28.3474985793 -1.41330867024 48.0330358714 -61.8616286298 0
303 1.386302948 98.714105 76.429985 -0.36219797 105.650548917 31.2592282962 -1.39548953314 45.7002353978 -59.2032455743 0
306 1.3926589489 97.284888 77.028291 -0.39087517 130.508967115 111.451826275 1.43729765711 47.8416054693 104.746587214 0
309 1.38819909096 95.817851 77.649213 -0.42317241 115.263365648 21.3777378889 -2.26310241734 59.5366017767 -105.42022402 0
312 1.39193105698 94.571565 78.35291 -0.46228827 108.635014814 104.851806104 2.71692232101 29.9995352531 -177.844650952 0
315 1.40335893631 93.13187 79.138887 -0.4938927 40.3924843799 108.054699962 0.823260572727 60.1462138031 75.4673234991 0
318 1.39870786667 91.836662 79.862922 -0.52529077 39.0482736763 103.915789725 0.591097976203 58.0099507637 63.9643634534 0
321 1.39100289345 90.529269 80.702102 -0.55721841 88.6981652588 77.5883751199 0.000413846749964 3.61223421095 31.9499748321 0
324 1.39398193359 89.308886 81.573217 -0.59808232 103.195141687 40.0216799788 -2.26172078221 43.8104819174 -95.3194625205 0
327 1.39203095436 88.100372 82.484783 -0.6409076 32.4129762642 104.47929224 0.589805394679 59.8735708018 70.514660387 0
330 1.38818001747 86.96204 83.432583 -0.67310863 27.1750580538 21.424656012 -0.203759902299 86.1363234622 26.8917012171 0
