183 0.927232027054 81.472606 41.653948 2.9566422 2.5 9.5 5.41052068118 85.26751357 140.59688041 1.7763568394e-15
186 0.937491893768 81.600227 41.551467 2.7956666 60.5 106.5 5.75958653158 68.2900543147 169.820102894 1.38749016364
189 0.926756858826 81.705618 41.391179 2.6371497 124.5 61.5 2.61799387799 47.2834412112 -1.09754775419 0.343516375144
192 0.954514026642 81.817002 41.340993 2.4823985 41.5 82.5 1.2217304764 57.6153148693 -72.2309571196 1.84955260425
195 0.934698820114 81.903012 41.262396 2.332631 22.5 101.5 4.71238898038 84.6007492303 136.350088539 0.538384905907
198 0.935237884521 81.909487 41.089487 2.1583794 19.5 91.5 5.06145483078 80.2257059086 166.333969792 2.4161858169
201 0.927062034607 81.924053 40.998223 1.9975831 24.5 97.5 3.66519142919 80.5603666023 95.5469191433 1.9064824998
204 0.926390886307 81.960862 40.844259 1.8446809 33.5 16.5 3.31612557879 54.2318918354 84.3075698816 1.61330802374
207 0.936325073242 81.927588 40.703608 1.6857979 63.5 112.5 1.91986217719 74.1235313764 13.410895218 1.11340690914
210 0.931094169617 81.924928 40.686406 1.5459903 63.5 112.5 1.91986217719 74.139532336 21.4212806418 1.22114646086
213 0.929605007172 81.81851 40.588718 1.3660151 82.5 31.5 0.872664625997 9.11423192066 -28.2668999811 3.19768178679
216 0.926795959473 81.824065 40.431016 1.2110526 47.5 47.5 1.91986217719 35.0444285574 40.6117972517 5.15997359072
219 0.925747871399 82.277545 41.390368 1.1504821 65.5 112.5 1.2217304764 73.0620679929 4.08223126465 6.17084655841
222 0.927190065384 82.927041 42.739254 1.1137092 117.5 117.5 5.06145483078 82.3678252505 -133.810836765 4.9575047935
225 0.936609983444 83.677797 44.09726 1.084748 119.5 115.5 5.06145483078 79.8848014786 -132.151482235 5.66770768986
228 0.935299873352 84.372874 45.412874 1.0478677 46.5 137.5 2.96705972839 99.5710467955 109.961603302 7.20924460989
231 0.939965009689 85.159381 46.677356 1.0274995 65.5 112.5 6.10865238198 68.6957911699 -68.8713848018 7.13124486741
234 0.941698074341 85.928298 47.908079 0.99952116 50.5 48.5 2.26892802759 35.4332424377 72.731655998 3.50033287782
237 0.924468040466 86.76373 49.194484 0.95689161 123.5 146.5 2.96705972839 104.00921583 115.174149296 3.23764339883
240 0.950342178345 87.649962 50.387631 0.93226665 121.5 146.5 2.96705972839 101.899031141 116.585055574 2.65273314281
243 0.96947312355 88.570925 51.559268 0.90792052 99.5 40.5 2.61799387799 15.5483789847 97.9799860707 2.43100741398
246 0.956337928772 89.47196 52.652014 0.8832857 98.5 41.5 2.61799387799 14.3482724569 99.3914572857 7.22993965005
249 0.941206932068 90.492516 53.754021 0.83763364 97.5 42.5 2.61799387799 13.2573685428 102.00712765 8.82685953941
252 0.940629005432 91.498687 54.898001 0.81217592 96.5 44.5 2.26892802759 11.5382648834 83.4657475618 8.56584832099
255 0.930397987366 92.568948 55.94073 0.78340538 95.5 45.5 2.26892802759 10.8443491626 85.1141780782 9.59571380214
258 0.930310964584 93.547241 56.960456 0.75288469 95.5 45.5 2.26892802759 11.6256320017 86.862884803 9.63618606169
261 0.930997848511 94.620679 57.928363 0.72990952 95.5 46.5 2.26892802759 11.4621414352 88.1792650776 8.8953077377
264 0.927516937256 95.770396 58.899507 0.6896339 53.5 90.5 4.71238898038 52.776676059 -129.513111879 6.67571718176
267 0.930230855942 96.962501 59.840194 0.66858365 8.5 35.5 4.01425727959 91.7499816192 -168.307021396 4.60498657351
270 0.932097911835 98.232224 60.772339 0.64204005 52.5 87.5 4.71238898038 52.9698421228 -126.786185143 5.80116762254
