183 11.0184850693 81.472606 41.653948 2.9566422 61.8766258314 136.890601994 0.198784155363 97.231798825 -158.013626454 0
186 11.0291831493 81.600227 41.551467 2.7956666 60.3025998114 116.036851448 2.21714722766 77.4703906031 -33.1467184018 0
189 11.0206179619 81.705618 41.391179 2.6371497 63.5205105682 129.24177913 -1.98473595492 89.7130206577 95.185458581 0
192 11.1449599266 81.817002 41.340993 2.4823985 125.725498793 122.564781325 0.805591562488 92.3323338845 -96.0739605777 0
195 11.119079113 81.903012 41.262396 2.332631 115.790314612 74.3865241466 1.98199320878 47.3873099449 -20.0900655748 0
198 11.1047840118 81.909487 41.089487 2.1583794 6.23644156349 73.9381675857 -0.661893710521 82.4951248369 -161.589746307 0
201 11.0876500607 81.924053 40.998223 1.9975831 110.340101464 32.5704224077 -1.63969913126 29.6394944814 151.599079251 0
204 11.1861460209 81.960862 40.844259 1.8446809 125.217232988 132.967161117 0.606196924522 101.772996052 -70.9599047895 0
207 11.2163140774 81.927588 40.703608 1.6857979 46.018472542 34.9713403271 -0.495435888101 36.3637658343 -124.97549019 0
210 11.181191206 81.924928 40.686406 1.5459903 142.492964265 21.4210603457 1.70547194838 63.5581667462 9.13762536213 0
213 11.13377285 81.81851 40.588718 1.3660151 129.701549132 114.040254233 0.883844961515 87.6807482378 -27.6263139424 0
216 11.1181650162 81.824065 40.431016 1.2110526 87.4411499098 3.58272981238 0.49613011836 37.2739565628 -40.962040877 0
219 11.0512530804 82.277545 41.390368 1.1504821 22.0498959829 118.62550614 1.75413458395 97.9420046237 34.5867396232 0
222 11.1246190071 82.927041 42.739254 1.1137092 13.4979500394 116.221109774 2.53212922518 101.093925632 81.2694810196 0
225 11.0716030598 83.677797 44.09726 1.084748 16.9057615706 68.676740002 0.372473809517 71.1523404573 -40.8103049708 0
228 11.1400361061 84.372874 45.412874 1.0478677 51.3853965075 106.789272474 1.09939606527 69.6795232546 2.95235785544 0
231 11.1293098927 85.159381 46.677356 1.0274995 63.6140087069 83.1642290441 -1.20828270085 42.3732813431 -128.100884019 0
234 11.0854408741 85.928298 47.908079 0.99952116 101.19547867 105.897191484 2.85437531785 59.9651896711 106.275314857 0
237 11.118614912 86.76373 49.194484 0.95689161 24.2683584684 54.8140903716 -0.662270921066 62.7475213745 -92.7711793758 0
240 11.0363028049 87.649962 50.387631 0.93226665 82.8634281502 57.3997272673 2.06563107063 8.49001768892 64.9369979524 0
243 11.057986021 88.570925 51.559268 0.90792052 13.0156126362 45.3191357985 -1.85892852639 75.8125614676 -158.528772908 0
246 11.1136610508 89.47196 52.652014 0.8832857 12.1820195866 43.5211096904 -1.89369772257 77.8274264166 -159.109429891 0
249 11.0926229954 90.492516 53.754021 0.83763364 11.7730837056 41.8880941261 -1.88923494667 79.608725912 -156.238061303 0
252 11.0258538723 91.498687 54.898001 0.81217592 11.8374860631 40.7219339883 -1.95324385568 80.9127172367 -158.446881729 0
255 11.0493729115 92.568948 55.94073 0.78340538 10.1966977106 39.8641958949 -1.98755710511 83.9264116151 -158.764455586 0
258 11.1514658928 93.547241 56.960456 0.75288469 10.1248420637 39.4183548346 -2.00163710397 85.2468296043 -157.822473371 0
261 10.9953219891 94.620679 57.928363 0.72990952 10.3232924113 38.3890960108 -2.0637206814 86.5322618459 -160.063220061 0
264 10.9654078484 95.770396 58.899507 0.6896339 8.75734856083 37.2823727966 -2.08452260627 89.6580778057 -158.947459518 0
267 10.9435219765 96.962501 59.840194 0.66858365 8.68184954255 36.036989616 -2.15087204981 91.4333963095 -161.542912123 0
270 11.0259931087 98.232224 60.772339 0.64204005 7.67586047766 35.2458310601 -2.18999926298 94.0853739005 -162.263900049 0
