123 2.81000995636 58.21235 101.09089 -1.0276822 54.1809019383 13.6370793269 -1.61166829492 87.5466822599 -33.4599385333 0
126 3.52218008041 58.152327 101.12822 -1.1869287 70.9841484402 142.583265299 -2.53075001599 43.3955806765 -76.9952898258 0
129 3.0441930294 58.049715 101.26081 -1.3398137 33.5731678129 128.913510727 0.0530890634777 36.9293002871 79.8074496194 0
132 3.0507478714 58.024835 101.49733 -1.4943786 93.31677624 110.672772089 0.0385742095283 36.4651868777 87.8317261787 0
135 2.99273610115 58.064001 101.65215 -1.6522241 52.2795088905 120.92502661 -2.13526342787 20.1222295434 -27.676114826 0
138 3.03108692169 58.104403 101.68885 -1.8037565 19.7446394729 79.5237536773 -0.975653828905 44.3030806249 47.4467880573 0
141 2.97696304321 58.177183 101.78616 -1.9584038 105.246598987 104.273798386 1.99742169873 47.1351065139 -133.347894433 0
144 2.98739480972 58.164815 101.89412 -2.1101089 19.7661516386 70.980029627 0.67493077785 49.2964332537 159.571019317 0
147 2.97022008896 58.333441 101.96561 -2.2758326 129.088201343 141.976902258 0.11977312053 81.2843134884 137.258097164 0
150 2.9651260376 58.547547 101.97367 -2.4518694 29.6347620842 75.9784846131 -2.88414349472 38.8805709177 -24.7674812204 0
153 2.92760300636 58.609003 102.09152 -2.5989269 134.204666094 92.322521737 2.3889491932 76.2242586428 -74.2157511253 0
156 2.96491312981 58.561869 102.14088 -2.6173282 49.3933845073 118.446724706 2.66694713796 18.706728187 -57.2333253497 0
159 3.13346886635 58.51155 102.01626 -2.5045701 8.83538107534 59.3401430626 -1.70856197552 65.4902490138 45.6079059909 0
162 3.00611805916 58.437648 101.90068 -2.3721379 50.7803441362 110.158992833 1.51099355628 11.2620616815 -137.51295626 0
165 3.20965194702 58.147744 101.95537 -2.2082701 22.2709147394 61.4706097258 2.86358907678 54.0940171576 -69.4038748859 0
168 3.13778018951 58.037351 101.82492 -2.0566813 43.9900179099 68.8528467596 -0.343409136048 35.8397151316 98.1632641517 0
171 3.47734212875 57.944091 101.71587 -1.9011295 85.9538853272 155.198466324 -1.31014098588 60.3733110554 33.8611476001 0
174 3.94011211395 57.908577 101.57431 -1.7585036 111.890942589 98.3784878738 -3.04275308418 54.0768811385 -73.5820752852 0
177 3.30843496323 57.841285 101.40683 -1.6171883 36.0697697515 9.40687898377 2.93908975017 94.5409427878 -98.944497437 0
180 3.17387199402 57.86028 101.30305 -1.4556073 34.4387359598 7.85543703525 2.4510374055 96.3380770726 -136.165746318 0
183 3.31031703949 57.788579 101.03213 -1.3093986 18.8100339153 75.9618113971 -0.424251887429 46.3448794558 50.7151708802 0
186 3.03861498833 57.852229 100.87925 -1.1701135 47.7663871962 84.9028045399 0.860726259235 18.8936765726 116.358547072 0
189 2.85086202621 57.956865 100.8248 -1.0236231 90.4620588623 83.6894486432 1.78826646485 36.7451751138 161.109404523 0
192 2.90323519707 57.906072 100.67156 -0.85835482 100.631409206 94.3475445415 -2.11859894432 43.1908278562 -72.2066694797 0
195 2.83974003792 57.990597 100.53155 -0.72265365 97.0813670389 107.833789396 2.23681400466 39.7669586772 169.565006218 0
198 2.93659901619 58.042848 100.37669 -0.56279892 39.0820825472 9.04166404913 -2.71090711974 93.2823541298 -123.077533782 0
201 2.89373493195 58.157277 100.32166 -0.41301063 38.9228070455 8.22343655658 -2.86555859176 94.085320831 -140.520647262 0
204 2.89233016968 58.686264 100.08548 -0.29965148 90.178883481 51.9598346477 0.744368585398 57.5140228323 59.8179434743 0
207 3.08168911934 59.980629 99.666017 -0.30408986 101.225666289 95.775919223 -1.29465453726 41.4280818008 -56.7551753418 0
210 3.95247888565 61.363687 99.173884 -0.32636207 23.5397405293 80.5218069604 0.0684894913768 42.1728692943 22.623328001 0
