3 2.47968792915 58.425211 99.52669 -0.076600623 2.5 4.5 0.916297857297 110.261965508 56.888892406 0.0
6 2.47915792465 58.436309 99.5178 -0.082073852 23.5 31.5 2.22529479629 76.4654615064 132.202485328 0.120693184694
9 2.46413803101 59.138497 99.506199 -0.079127672 79.5 139.5 4.49422282389 44.8786689068 -97.9663183517 4.51192404419
12 2.47449088097 60.588187 99.398001 -0.084356487 79.5 138.5 4.40695636129 43.4352736465 -102.66672932 4.79292348429
15 2.46851706505 62.026729 99.268445 -0.080345137 61.5 101.5 1.61442955809 2.29287617578 97.1034372545 6.06344444825
18 2.47056508064 63.612811 99.142137 -0.077882356 77.5 133.5 4.75602221168 37.0582887928 -83.0376697027 7.13092841608
21 2.46982502937 65.109709 99.045111 -0.075303117 77.5 132.5 4.58148928649 35.6756066391 -93.1854492117 6.465754923
24 2.46713113785 66.576646 98.887554 -0.079079542 118.5 58.5 6.23955207588 65.7813743298 2.03092400243 6.64781267556
27 2.47558879852 68.114632 98.811042 -0.080004433 73.5 27.5 4.66875574908 71.5141028023 -87.9160836468 7.07544556535
30 2.47560596466 69.601579 98.673025 -0.074381156 74.5 25.5 4.75602221168 73.3367991935 -83.2382736859 7.43097679397
33 2.47244906425 71.154315 98.514904 -0.080273853 36.5 72.5 4.66875574908 43.3323987133 -87.9006470178 6.74462858805
36 2.46674609184 72.642873 98.438251 -0.077397051 36.5 70.5 4.66875574908 45.682087711 -88.0654756309 4.50965126762
39 2.46187901497 74.179887 98.27586 -0.078945335 71.5 98.5 6.23955207588 2.68924395925 2.02323450775 7.59546274361
42 2.47411489487 75.689674 98.17429 -0.079512997 73.5 99.5 6.23955207588 2.55972249089 2.05575914454 6.82180805958
45 2.46835017204 77.259307 98.055637 -0.072379503 74.5 98.5 6.23955207588 2.79485842146 1.64704004515 5.92075664043
48 2.47533297539 78.667542 97.976243 -0.066300397 76.5 99.5 6.23955207588 2.64954217117 1.29873292814 5.54769370195
51 2.47318196297 80.25432 97.827625 -0.077582567 77.5 99.5 6.23955207588 3.22228440753 1.94515365289 5.54359117516
54 2.47495603561 81.813353 97.68277 -0.074716444 79.5 99.5 6.23955207588 2.94175576408 1.78093690143 4.5257969728
57 2.47366499901 82.622729 97.654646 -0.085105116 80.5 99.5 6.23955207588 2.81270506679 2.37616396177 5.29201614133
60 2.47466802597 81.436592 97.754867 -0.094486992 79.5 99.5 6.23955207588 2.60689043923 2.91370586049 5.03473529137
63 2.47048687935 79.890684 97.897701 -0.093381766 77.5 99.5 6.23955207588 2.87797360538 2.85038107528 8.05069816148
66 2.47269105911 78.411812 98.037468 -0.097953665 76.5 99.5 6.23955207588 2.40707809893 3.11233159234 5.94514997137
69 2.4691491127 76.931086 98.162597 -0.096433306 74.5 99.5 6.23955207588 2.77467582319 3.02522143829 4.77290641366
72 2.47353386879 75.443161 98.337547 -0.10164342 73.5 99.5 6.23955207588 2.26432587079 3.32373898128 5.55479927786
75 2.47006702423 73.912871 98.553041 -0.10292365 71.5 99.5 6.23955207588 2.59204124395 3.39709075708 5.94139493414
78 2.46988606453 72.413468 98.668417 -0.11145399 70.5 99.5 6.23955207588 2.08635808837 3.88584323689 8.12377917422
81 2.46204900742 70.926618 98.82512 -0.11572496 68.5 99.5 6.23955207588 2.51871751737 4.13055179232 3.67331719669
84 2.47243285179 69.460294 99.048845 -0.12091472 67.5 99.5 6.23955207588 2.01154005689 4.42790313701 7.50872119976
87 2.47124409676 67.984026 99.205817 -0.12024712 65.5 99.5 6.23955207588 2.50138537738 4.3896524746 3.20223463032
90 2.47058486938 66.409271 99.378533 -0.12589377 64.5 99.5 6.23955207588 1.91313093737 4.71318168799 6.94007505537
