243 5.45635890961 76.572595 90.665594 -0.69142624 104.692414592 121.229042955 -1.48883097435 41.5312974261 -45.6879258422 0
246 5.48834013939 77.783785 89.658033 -0.71509647 72.4953470695 16.304475763 0.763362390619 73.5439456045 84.7094528972 0
249 5.51637792587 78.874801 88.696028 -0.74032963 113.443877478 83.7406614859 2.62611446167 34.922438429 -167.116961581 0
252 5.47331213951 80.03236 87.613917 -0.7252394 43.3103665931 22.0953279535 0.820758068303 75.1078578474 88.5791300717 0
255 5.55014300346 81.079285 86.604124 -0.70281223 43.2068952073 43.7832626216 -0.458238132577 57.1659345921 14.0130635606 0
258 5.46559000015 82.380517 85.593177 -0.66953842 117.85322636 71.9371641015 -0.489912060323 38.010522196 10.2918322988 0
261 5.42671489716 83.553536 84.670161 -0.64546431 75.4374014717 130.590926241 1.34044000048 46.6324813841 113.783935507 0
264 5.47298407555 84.753159 83.736184 -0.60820056 91.6563456028 119.371280568 0.697810650377 36.2975769538 74.8289303514 0
267 5.49466085434 85.938286 82.919631 -0.58097683 18.1413978763 37.8270429151 -0.0301224647597 81.4233353496 31.5616302546 0
270 5.5142660141 87.249998 82.030848 -0.55954063 103.661681927 90.6844749287 1.54046943803 18.5533993745 120.321713833 0
273 5.49841499329 88.578333 81.141585 -0.52544337 109.241428177 78.4389781801 1.53157067103 20.8390879343 117.85822295 0
276 5.52407097816 89.874585 80.458812 -0.49549775 70.267955612 15.3295259549 -0.520645567357 68.0164966512 -1.44086379851 0
279 5.4775891304 91.229191 79.664539 -0.46697991 24.2887331315 38.6243574745 0.348038381363 78.5195606158 46.6971083211 0
282 5.58460998535 92.640842 79.007823 -0.44436504 102.372764875 57.7118386802 0.838329304194 23.4142962949 73.4929723276 0
285 5.48323488235 93.942666 78.269838 -0.40450827 103.805196572 58.6346408265 0.983166436245 21.9729487626 79.5079040049 0
288 5.54167199135 95.385584 77.620959 -0.38607018 94.1874982713 79.957441786 -0.271044456601 2.62574964967 6.59048848618 0
291 5.44168686867 96.747733 77.074345 -0.36376533 106.032873803 61.7372812323 -0.487173950685 17.9287301488 -7.0707931208 0
294 5.50759220123 98.250871 76.540386 -0.33417824 95.6459922972 79.4708565922 -0.20676007199 3.92084824344 7.30052326026 0
297 5.52686405182 99.752933 76.027378 -0.30758365 96.4768540208 79.1823694622 -0.158912220704 4.54825951376 8.51824543285 0
300 5.50406289101 100.00981 75.897783 -0.33361957 98.4698909656 78.9994740238 -0.166731004397 3.4629233084 9.56201045806 0
303 5.51822400093 98.714105 76.429985 -0.36219797 96.9491632442 78.4379543827 -0.150459945048 2.67337996611 12.1316951922 0
306 5.55165791512 97.284888 77.028291 -0.39087517 95.8678385452 79.9406864696 -0.27580865065 3.23883876241 6.59282592201 0
309 5.46797680855 95.817851 77.649213 -0.42317241 94.1129298611 78.7221744537 -0.20528020979 2.01444840363 12.4843034609 0
312 5.50682497025 94.571565 78.35291 -0.46228827 93.2006334693 80.1790175507 -0.362632199964 2.28344521472 5.70987221592 0
315 5.69483780861 93.13187 79.138887 -0.4938927 90.9951477617 79.9497491082 -0.293520377326 2.28540571503 11.4804884204 0
318 5.58199596405 91.836662 79.862922 -0.52529077 89.8513052762 80.4246215729 -0.368779299812 2.06328566393 8.96744668715 0
321 5.54646801949 90.529269 80.702102 -0.55721841 88.7882914757 80.7209705672 -0.373951313751 1.74107976925 10.5004311387 0
324 5.52106404305 89.308886 81.573217 -0.59808232 87.1312046864 80.4171478097 -0.33635399263 2.46552060961 14.9959285373 0
327 5.53110098839 88.100372 82.484783 -0.6409076 85.8505025297 81.6643204952 -0.395903020275 2.39480090091 14.0377283796 0
330 5.53828907013 86.96204 83.432583 -0.67310863 84.8324030179 82.7697457807 -0.430896991229 2.23040508756 13.8777046506 0
