63 3.77974104881 79.890684 97.897701 -0.093381766 7.5 4.5 2.57436064669 118.167430716 152.850381075 3.9884057971
66 3.77945899963 78.411812 98.037468 -0.097953665 7.5 115.5 1.78896248329 73.0303026488 108.112331592 3.11556706242
69 3.75418901443 76.931086 98.162597 -0.096433306 96.5 81.5 1.3526301703 25.7018391156 83.0252214383 3.90818714003
72 3.74509882927 75.443161 98.337547 -0.10164342 84.5 91.5 1.3526301703 11.3480562939 83.3237389813 4.80025771021
75 3.73807907104 73.912871 98.553041 -0.10292365 144.5 92.5 3.35975881009 70.8461861063 -161.602909243 5.81353936812
78 3.79578208923 72.413468 98.668417 -0.11145399 51.5 88.5 4.93055513688 23.2544586708 -71.1141567631 8.18998812608
81 3.76511502266 70.926618 98.82512 -0.11572496 51.5 90.5 4.93055513688 21.1353048223 -70.8694482077 3.76851757677
84 3.78997087479 69.460294 99.048845 -0.12091472 56.5 91.5 4.49422282389 14.9984759693 -95.572096863 7.5328324882
87 3.7813038826 67.984026 99.205817 -0.12024712 57.5 93.5 4.49422282389 11.9361278816 -95.6103475254 3.19132462577
90 3.796833992 66.409271 99.378533 -0.12589377 70.5 32.5 0.218166156499 67.0035240863 19.713181688 6.98051417719
93 3.75895881653 64.97003 99.579245 -0.12534264 50.5 20.5 0.218166156499 80.3922182675 19.681604265 3.18004125765
96 3.78284502029 63.450289 99.830398 -0.13542326 61.5 98.5 0.0436332312999 2.36084434513 10.2591812459 7.56160162032
99 3.76705598831 62.015499 100.01094 -0.13023941 59.5 98.5 0.0436332312999 2.93439515107 9.96216851927 11.098460882
102 3.74944996834 60.420275 100.24313 -0.1356293 58.5 98.5 0.0436332312999 2.5934452515 10.2709864683 6.73021726581
105 3.7526268959 58.989222 100.44438 -0.14088208 56.5 98.5 0.0436332312999 3.1586135803 10.571948593 2.9353455512
108 3.75499796867 58.528509 100.58832 -0.24160345 56.5 99.5 6.15228561328 2.30201850242 6.3428580008 2.72947370775
111 3.74417805672 58.390768 100.67023 -0.3827913 56.5 98.5 6.06501915068 2.87835054896 9.43232592433 2.35953673342
114 5.04384803772 58.26024 100.80046 -0.53685502 56.5 98.5 5.97775268808 2.89664652127 13.2595268564 1.9981389201
117 5.13052415848 58.2435 100.85046 -0.70040996 56.5 101.5 5.62868683768 1.86056294212 2.63053463693 1.84987456008
120 28.9920289516 58.129433 100.95873 -0.85888639 56.5 101.5 5.54142037508 1.71698139605 6.71056522823 1.07113719302
123 4.95203900337 58.21235 101.09089 -1.0276822 56.5 101.5 5.27962098728 1.76054352818 1.38185274072 1.03532217977
126 4.94974088669 58.152327 101.12822 -1.1869287 56.5 101.5 5.19235452468 1.69363658538 5.50600509295 1.18972244214
129 4.95868301392 58.049715 101.26081 -1.3398137 56.5 101.5 5.01782159948 1.56806518912 4.26567034381 1.0488975968
132 4.97008395195 58.024835 101.49733 -1.4943786 56.5 101.5 4.84328867428 1.5248373376 3.12158677467 0.929973650409
135 4.9549779892 58.064001 101.65215 -1.6522241 56.5 101.5 4.66875574908 1.57138434207 2.1654677398 0.718475637691
138 4.99414682388 58.104403 101.68885 -1.8037565 56.5 101.5 4.58148928649 1.61547928149 5.84763471929 0.670087393777
141 4.98411798477 58.177183 101.78616 -1.9584038 56.5 101.5 4.40695636129 1.70142010129 4.70827232238 0.666371378506
144 4.98484492302 58.164815 101.89412 -2.1101089 56.5 101.5 4.23242343609 1.71083007883 3.40033428299 0.661518313253
147 4.95246005058 58.333441 101.96561 -2.2758326 56.5 102.5 3.97062404829 1.9097325919 -2.10439714172 1.97596470148
150 4.95800185204 58.547547 101.97367 -2.4518694 55.5 101.5 3.97062404829 3.08413780271 7.98176853727 3.54983776611
