183 2.81703019142 57.788579 101.03213 -1.3093986 5.5 2.5 2.26892802759 111.546744176 -154.97698652 1.7763568394e-15
186 2.88780093193 57.852229 100.87925 -1.1701135 29.5 62.5 2.38528331106 47.7159901902 -156.290768232 0.109977982538
189 2.78292584419 57.956865 100.8248 -1.0236231 17.5 70.5 0.290888208666 50.5603740163 75.3159501088 0.227190349861
192 2.80324792862 57.906072 100.67156 -0.85835482 31.5 71.5 3.89790199612 39.3479421483 -87.486558156 2.36938723149
195 17.0576059818 57.990597 100.53155 -0.72265365 47.5 58.5 2.50163859453 43.32093975 -175.261662472 0.504842281923
198 2.78817892075 58.042848 100.37669 -0.56279892 47.5 58.5 2.73434916146 43.1834321159 -171.087330503 1.05012910002
201 2.78845286369 58.157277 100.32166 -0.41301063 57.5 103.5 5.52687596465 3.24559057959 -19.6695673403 0.505107884152
204 2.82881879807 58.686264 100.08548 -0.29965148 95.5 119.5 0.639954059065 41.6194034689 53.8354317955 0.468417104823
207 2.81677412987 59.980629 99.666017 -0.30408986 96.5 120.5 0.639954059065 42.0442541363 54.0897322374 4.64695934424
210 3.07026290894 61.363687 99.173884 -0.32636207 101.5 94.5 5.06145483078 40.4075341104 -51.3008307958 6.79748866911
213 2.79276013374 62.885593 98.69498 -0.37512441 101.5 93.5 4.94509954732 38.9622926066 -55.1736211813 7.04334054463
216 2.83564901352 64.287236 98.118834 -0.4012694 61.5 100.5 5.99229709851 3.66587452585 6.32437640108 7.46419968489
219 5.22877383232 66.572969 97.068508 -0.44319642 63.5 98.5 5.99229709851 3.39003065193 8.72661769464 6.44562578945
222 2.83100819588 67.896132 96.441291 -0.47211549 65.5 98.5 5.87594181505 3.15907127303 3.71689168642 7.05795216755
225 2.9169151783 69.150612 95.708615 -0.49267498 66.5 97.5 5.87594181505 3.19918805211 4.89486369236 8.97088779233
228 2.8097410202 70.465141 94.973778 -0.52461339 67.5 96.5 5.87594181505 3.33487852 6.72479978972 7.12891321956
231 2.84923100471 71.675984 94.192345 -0.54871183 68.5 95.5 5.75958653158 3.43465223382 1.4388720279 5.82539573066
234 2.80634617805 72.999296 93.402727 -0.58180979 70.5 95.5 5.75958653158 3.26267291222 3.33524544639 4.79906842284
237 2.93319582939 74.284244 92.44261 -0.63095882 71.5 94.5 5.75958653158 3.46191684817 6.15127743255 7.26536824689
240 2.94350004196 75.447368 91.599491 -0.66374929 72.5 93.5 5.75958653158 3.5069805512 8.0300329718 6.53492100399
243 2.79117512703 76.572595 90.665594 -0.69142624 73.5 92.5 5.75958653158 3.57853118009 9.6158053966 7.53025155066
246 2.84393310547 77.783785 89.658033 -0.71509647 75.5 91.5 5.64323124811 2.93402732695 4.30534300904 6.09802576113
249 2.85889196396 78.874801 88.696028 -0.74032963 76.5 90.5 5.64323124811 2.98228012876 5.75109658082 3.40951653692
252 2.91787409782 80.03236 87.613917 -0.7252394 77.5 89.5 5.64323124811 3.1575554235 4.88649008993 3.67133843551
255 2.83839797974 81.079285 86.604124 -0.70281223 79.5 88.5 5.64323124811 2.46748595104 3.60150790251 2.61983896784
258 2.85202622414 82.380517 85.593177 -0.66953842 80.5 88.5 5.75958653158 3.46207512059 8.36172568786 3.71125819368
261 2.80059099197 83.553536 84.670161 -0.64546431 81.5 87.5 5.75958653158 3.4964265857 6.98238078932 3.63557513072
264 2.79687094688 84.753159 83.736184 -0.60820056 82.5 85.5 5.64323124811 2.86142837778 -1.81934148117 5.0033199612
267 2.79659700394 85.938286 82.919631 -0.58097683 83.5 84.5 5.75958653158 2.90565049412 3.28752035389 3.60090207014
270 2.81391406059 87.249998 82.030848 -0.55954063 85.5 83.5 5.75958653158 2.28492901402 2.05931656509 7.13241825966
