63 1.39152383804 79.890684 97.897701 -0.093381766 83.333961271 16.8900258421 0.191224945176 81.0808213627 16.3067633715 0
66 1.39909601212 78.411812 98.037468 -0.097953665 36.4402251488 147.179245201 -0.779432686275 64.6260657107 -39.0458717458 0
69 1.40071702003 76.931086 98.162597 -0.096433306 71.5750825851 124.455450477 -2.84869407422 26.8328328085 -157.692926139 0
72 1.39951205254 75.443161 98.337547 -0.10164342 76.612107499 89.1556522655 -2.70994273648 9.25600490674 -149.444542541 0
75 1.40027284622 73.912871 98.553041 -0.10292365 20.017343561 111.328798353 -1.32537231959 55.3890589725 -70.041149439 0
78 1.38280510902 72.413468 98.668417 -0.11145399 139.865993308 114.064692566 -0.191110266244 69.1873432914 -4.56396844051 0
81 1.40000200272 70.926618 98.82512 -0.11572496 16.2533841435 148.158179363 -1.86124481681 73.6404321449 -100.010920852 0
84 1.3860771656 69.460294 99.048845 -0.12091472 99.4676509034 70.6405010218 -3.05123829701 41.3216102773 -167.895173571 0
87 1.38693594933 67.984026 99.205817 -0.12024712 130.330263985 110.989598962 0.733903250625 63.4500662582 48.9392113064 0
90 1.39267587662 66.409271 99.378533 -0.12589377 51.6407150843 21.1629314054 1.74616069193 79.5976794677 107.260819687 0
93 1.4029519558 64.97003 99.579245 -0.12534264 80.4067998825 86.6221358389 -1.18699981776 20.1539212616 -60.8284755753 0
96 1.3942220211 63.450289 99.830398 -0.13542326 48.1626790583 23.5691681675 -0.0438912952946 77.7784429858 5.24439526816 0
99 1.39471888542 62.015499 100.01094 -0.13023941 46.425718764 27.1769830456 -0.0311301887538 74.4837333479 5.67854008824 0
102 1.40619516373 60.420275 100.24313 -0.1356293 42.9896895007 23.9774124358 0.0483299212067 78.2322502963 10.5400869777 0
105 1.39683294296 58.989222 100.44438 -0.14088208 75.1138982802 36.519276522 -1.72135238408 65.9274149335 -90.5542780697 0
108 1.39743900299 58.528509 100.58832 -0.24160345 77.0876311889 35.7822858697 -1.73224452731 67.4111494942 -85.4074424984 0
111 1.40742993355 58.390768 100.67023 -0.3827913 41.4812556686 27.4361844506 -0.173734195198 75.1608743617 11.9780897824 0
114 1.39471578598 58.26024 100.80046 -0.53685502 73.8822532141 35.8625924605 -1.81009223322 66.7905228115 -72.9511186366 0
117 1.39553713799 58.2435 100.85046 -0.70040996 35.8866226491 83.7504728205 -2.08819408196 28.1467498377 -79.5141730635 0
120 1.40146803856 58.129433 100.95873 -0.85888639 74.0529462602 38.0663954069 -2.28540373501 64.8768373545 -81.7334232716 0
123 1.39771699905 58.21235 101.09089 -1.0276822 42.9900729961 28.4621438571 -0.585599923481 74.2068223513 25.3294486421 0
126 1.39034891129 58.152327 101.12822 -1.1869287 73.9086905589 34.2401411944 -2.70438440963 68.7188335095 -86.9438077599 0
129 1.40128707886 58.049715 101.26081 -1.3398137 75.0715458678 34.8879489683 -2.90944977803 68.5207954392 -89.9335226426 0
132 1.4063179493 58.024835 101.49733 -1.4943786 73.4044778348 33.020578311 -3.12197184149 70.1826113478 -93.2542235013 0
135 1.39959096909 58.064001 101.65215 -1.6522241 73.7548607827 35.7033849111 -3.00289217804 67.7896946259 -77.3875803945 0
138 1.40823316574 58.104403 101.68885 -1.8037565 72.1023900951 33.2770490722 2.98273985586 69.8292069904 -85.7539601546 0
141 1.39219808578 58.177183 101.78616 -1.9584038 71.2053472816 37.5459360665 3.00784013533 65.5479933757 -75.455182473 0
144 1.39905190468 58.164815 101.89412 -2.1101089 72.2136702362 35.0827658527 2.87484588713 68.2724496151 -74.383129634 0
147 1.39665699005 58.333441 101.96561 -2.2758326 70.4298469174 39.0375286986 2.69781903627 64.0801564636 -75.0307524736 0
150 1.39684104919 58.547547 101.97367 -2.4518694 74.9557513547 35.5207811604 2.63200543561 68.4486347948 -68.7154283468 0
