3 2.48902010918 31.520043 41.394881 -0.0070850614 2.5 4.5 0.1308996939 46.9403359567 7.90594411581 1.7763568394e-15
6 2.48250699043 31.529937 41.402987 -0.0081764059 11.5 136.5 0.218166156499 97.1835390267 12.9684735497 0.296310678583
9 2.48756599426 31.522543 41.401068 -0.0068718684 97.5 98.5 4.93055513688 87.2542999956 -77.1062709433 0.525764137145
12 2.49847698212 31.528168 41.375423 -0.0049451513 97.5 98.5 4.93055513688 87.2668316995 -77.2166637015 0.696174574745
15 2.48752689362 31.523843 41.397689 -0.0081913964 97.5 98.5 4.93055513688 87.255528272 -77.030667558 0.830866037838
18 2.47832298279 31.52518 41.394772 -0.0077822512 91.5 40.5 1.78896248329 59.9814942375 102.945890149 0.940114921175
21 2.47894191742 31.646202 41.400982 -0.0069641742 91.5 40.5 1.78896248329 59.8605788778 102.899017789 0.977000036375
24 2.48415589333 32.968315 41.348607 -0.0066445448 88.5 41.5 1.3526301703 55.5318913669 77.8807043738 4.08297325609
27 2.4839220047 34.520488 41.363888 -0.010157874 128.5 89.5 0.218166156499 105.589933016 13.082003309 2.99356214859
30 2.48312711716 35.981317 41.339656 -0.012968194 130.5 90.5 6.06501915068 106.538823244 -11.7569772159 1.16230505516
33 2.49910187721 37.47125 41.3168 -0.01805047 81.5 33.5 4.49422282389 44.7172582881 -101.465784251 1.4444824877
36 2.49093008041 39.051821 41.275587 -0.019803098 9.5 79.5 4.49422282389 48.315793211 -101.365366063 3.13212150714
39 2.48274302483 40.609584 41.247017 -0.013659721 65.5 50.5 1.3526301703 26.5546700799 78.2826443626 1.87402832607
42 2.49120497704 42.081473 41.279186 -0.014178183 81.5 28.5 4.49422282389 41.4382415852 -101.687649953 1.81947801838
45 2.48592591286 43.552295 41.213208 -0.0092852628 81.5 110.5 3.01069295969 78.9980244083 173.03200637 0.746097831643
48 2.48091197014 45.079977 41.189892 -0.010404952 79.5 111.5 3.09795942229 78.2831352865 178.096159836 2.37243689388
51 2.49117898941 46.640834 41.096545 -0.012029947 44.5 41.5 6.23955207588 2.17851925688 -1.81073480913 1.22234704215
54 2.4857749939 48.21014 41.103056 -0.013219293 46.5 41.5 6.23955207588 1.75560341727 -1.74259030295 2.66549281636
57 2.48784804344 49.69993 40.993437 -0.019411138 47.5 41.5 6.23955207588 2.25749819 -1.38782371705 2.25518319117
60 2.47985696793 51.221815 41.026894 -0.026800957 49.5 41.5 6.23955207588 1.7856304717 -0.964418276988 2.67644789229
63 2.4933359623 52.707826 40.957156 -0.02058299 50.5 41.5 6.23955207588 2.27358203164 -1.32068154324 3.3842235996
66 2.47960996628 54.31159 40.951842 -0.027308534 52.5 41.5 6.23955207588 1.89270587283 -0.93533625711 3.06898141769
69 2.48487305641 55.778879 40.909196 -0.015002614 53.5 41.5 6.23955207588 2.35421725061 -1.64041353614 1.70804284751
72 2.48098707199 57.331901 40.836464 -0.018380323 55.5 41.5 6.23955207588 1.94836888117 -1.44688506601 2.53593808887
75 2.48583197594 58.848313 40.76075 -0.022921269 56.5 41.5 6.23955207588 2.46192292903 -1.18670802522 1.41958850804
78 2.48653697968 60.388876 40.75568 -0.012358794 58.5 41.5 6.23955207588 2.03023762298 -1.79189326393 1.55188203446
81 2.48509383202 61.86858 40.735896 -0.015077049 60.5 41.5 6.23955207588 1.56743935743 -1.63614872479 2.84527042235
84 2.4749610424 63.333062 40.668539 -0.013920495 61.5 41.5 6.23955207588 2.01281983555 -1.70241438777 2.50545896914
87 2.48071503639 64.876385 40.58717 -0.032109511 63.5 41.5 6.23955207588 1.65157327331 -0.660260537471 1.25786302426
90 2.47744989395 66.44697 40.579857 -0.020157695 64.5 42.5 0.0436332312999 2.73452762307 3.65495084821 1.25943456998
