243 1.3659889698 88.570925 51.559268 0.90792052 62.2378921044 93.0260740489 0.369628666143 49.1215291433 -30.8418513723 0
246 1.37125396729 89.47196 52.652014 0.8832857 62.7604744102 83.6947462615 1.28863538026 40.953079111 23.2248259057 0
249 1.37616205215 90.492516 53.754021 0.83763364 115.046094729 21.5252792886 2.88359218345 40.5162932746 117.224789598 0
252 1.3808259964 91.498687 54.898001 0.81217592 40.5979417674 139.076087093 -1.60915188956 98.3709105558 -138.731864306 0
255 1.37599682808 92.568948 55.94073 0.78340538 90.7672073053 40.4442321642 1.43145585533 15.6008882666 37.1305571477 0
258 1.38258194923 93.547241 56.960456 0.75288469 53.8968296059 97.687720081 -1.70409021547 56.8406998835 -140.774292453 0
261 1.3803589344 94.620679 57.928363 0.72990952 20.5022734773 71.9750434742 -0.323625431047 75.4377045619 -60.3631062645 0
264 1.39228320122 95.770396 58.899507 0.6896339 99.6145978148 112.948333498 -3.0897678242 54.1853627232 143.456232119 0
267 1.38212203979 96.962501 59.840194 0.66858365 94.9086011236 40.9281043987 -2.56779002578 19.0232919809 174.56944745 0
270 1.37916684151 98.232224 60.772339 0.64204005 40.7121150737 133.106505647 -0.996773260689 92.4164195119 -93.8970861123 0
273 1.38096284866 99.416545 61.686454 0.60185601 49.5608200199 10.7544183303 -0.740290641208 71.2717726085 -76.8993386018 0
276 1.39519500732 100.66015 62.48684 0.57932353 39.7380507424 139.776370539 -2.64709182994 98.4132801451 175.14001692 0
279 1.38068699837 101.84252 63.245661 0.55317695 108.01583234 109.937718559 -0.385260818614 47.0983866429 -53.7685234773 0
282 1.38419890404 103.2489 64.041483 0.52149049 22.3789825554 67.1834671728 0.364288703366 80.9309311205 -9.00699890607 0
285 1.39759898186 104.5021 64.838724 0.48902664 108.458306333 111.726717461 -0.0168220099307 47.0546012555 -28.9829927134 0
288 1.57613301277 105.89753 65.50297 0.45749312 48.601015109 102.731816936 2.06975413744 68.3291860249 92.3757517727 0
291 1.62267112732 107.23441 66.106065 0.425495 92.3002850651 61.5505766093 -0.0562911056213 15.6134737342 -27.6043104801 0
294 1.7155251503 108.62185 66.694881 0.38650919 94.0101624701 62.8320786458 -0.107670712215 15.1136578795 -28.3144227171 0
297 1.71082091331 110.08086 67.251857 0.35533208 97.7211655499 120.116251768 2.82709926915 54.2900200872 141.621827877 0
300 1.68140602112 111.50781 67.766864 0.33459052 95.5108667259 56.481609608 -0.208637367691 19.5770059204 -31.1246652785 0
303 1.67966103554 112.87691 68.182524 0.30685182 117.89353031 103.104837209 -0.510214065995 35.2807941969 -46.8144268516 0
306 1.48817896843 114.36462 68.651393 0.28808498 106.939282549 28.9843459478 -0.942087302786 40.3560436379 -70.4836798776 0
309 1.37653899193 115.83449 69.001579 0.25083859 106.533586159 31.7084336723 -0.982950698995 38.4354719068 -70.6909190678 0
312 1.38827395439 117.19736 69.329841 0.23044123 31.4798413267 75.6800749942 -1.38074680172 85.9524198571 -92.3142742194 0
315 1.38016200066 117.78731 69.484411 0.20147117 107.338765576 25.6431890939 -0.907413395423 45.069111582 -63.5344055659 0
318 1.38080096245 116.42938 69.228806 0.13415298 108.027742906 23.6273909189 -1.10203381134 46.368918073 -70.8282858336 0
321 1.39391088486 114.80773 69.128985 0.0979988 54.8962114405 74.9765177769 -1.95772958227 60.1962099777 -117.784560129 0
324 1.37487888336 113.35769 69.056433 0.067460522 104.901081537 27.9307024262 -1.16685542947 41.9861875135 -70.7210946047 0
327 1.37497806549 111.81488 68.96352 0.032275621 98.5491487168 63.7145841311 -0.351189030627 14.2664275217 -21.9709061307 0
330 1.37709712982 110.29576 68.94659 -0.0039959963 110.683176771 119.487177926 1.04964838696 50.5420727675 60.3693762685 0
