123 1.39969301224 80.819811 40.085383 -0.20196514 98.1217674148 95.1778910413 1.00908729495 57.7454945261 69.3881932917 0
126 1.40347504616 80.673305 40.189426 -0.34415967 113.289028594 16.6933432673 1.11564116541 40.1976532813 83.6404267985 0
129 1.38726997375 80.559381 40.228255 -0.49611957 33.6519196524 24.4339385693 0.34028085236 49.4951549304 47.9222141842 0
132 1.3960351944 80.474435 40.358509 -0.64523249 36.3995987029 3.03592341986 1.84510426665 57.754364242 142.685785722 0
135 1.42579698563 80.446897 40.445937 -0.81868337 31.7006455946 92.5275710181 0.0157012386226 71.3350799262 47.8067165648 0
138 1.46139097214 80.377523 40.602704 -0.97166139 32.191742733 82.8018822882 -0.0786006722079 64.0518545254 51.1686099784 0
141 1.40131688118 80.303277 40.677658 -1.1291983 58.1396545099 106.595290623 -1.08575608874 69.5439461956 2.48905535781 0
144 1.48386287689 80.24067 40.836497 -1.2914427 33.1402283679 85.6752957081 -0.851604974409 65.0305272278 25.200845347 0
147 1.41559100151 80.334643 40.99259 -1.4510482 54.9025530618 102.172925108 -0.0475829732958 66.2557514673 80.4126341835 0
150 1.43240714073 80.305505 41.173119 -1.6076845 76.8652052362 78.621121561 -0.0911529920777 37.6056984813 86.8908549026 0
153 1.39143705368 80.260339 41.240273 -1.7630876 122.459528417 66.6896768308 -0.657556697563 49.2792425143 63.3422548309 0
156 1.39397382736 80.351916 41.337649 -1.9138236 50.789395589 75.1636751622 -0.593220791885 44.923742709 75.6649673181 0
159 1.45956683159 80.458888 41.424429 -2.0695544 36.5431524463 86.2510788687 -0.092972930742 62.753648242 113.249776052 0
162 1.41459488869 80.580246 41.530351 -2.2462491 82.398715076 142.827538119 2.48244320764 101.313508221 -89.0658881562 0
165 1.39568805695 80.700832 41.575869 -2.3973477 31.521596048 106.431167535 -2.70480916263 81.3929173635 -17.6162441714 0
168 1.40286684036 80.863789 41.557834 -2.56541 55.9642063042 96.52584048 -1.54873946316 60.3446017039 58.250930916 0
171 1.40938901901 80.910142 41.637692 -2.7112414 74.5060664294 92.5940513142 1.10737272903 51.357207269 -141.209526817 0
174 1.43222594261 81.000304 41.730578 -2.863125 55.6719497718 95.6053898816 -2.30880557073 59.5316796604 31.7601637992 0
177 1.51838493347 81.313486 41.614906 -3.0334876 126.911440221 51.5544412992 -0.761779402638 46.6687024794 130.159291994 0
180 1.54188489914 81.419836 41.643078 3.1037871 64.9567703059 33.3731935765 -0.158158842136 18.4234502856 173.104264516 0
183 1.52629089355 81.472606 41.653948 2.9566422 65.4562548848 133.394997606 -3.03268511074 93.1286405243 16.8368229721 0
186 1.51128602028 81.600227 41.551467 2.7956666 67.9876779211 107.340395653 0.585372363825 67.1824726077 -126.640531215 0
189 1.56622099876 81.705618 41.391179 2.6371497 81.1155536597 123.291662014 -1.07592407873 81.9026085905 147.256543458 0
192 1.50143718719 81.817002 41.340993 2.4823985 71.5136549906 104.167807096 0.259458381113 63.6660626157 -127.365086923 0
195 1.54971385002 81.903012 41.262396 2.332631 72.9093282868 86.844640063 1.91344860012 46.4610301279 -24.0173823592 0
198 1.49023199081 81.909487 41.089487 2.1583794 71.2324934321 104.877644653 -0.181694545985 64.6755537154 -134.076360853 0
201 1.39699912071 81.924053 40.998223 1.9975831 71.6010070191 103.618333383 -0.544378691509 63.4652936866 -145.643682337 0
204 1.39090418816 81.960862 40.844259 1.8446809 75.1367249749 128.828230029 -2.28722687996 88.2482181359 123.259122871 0
207 1.39567112923 81.927588 40.703608 1.6857979 35.7150337359 91.872413386 0.431060655032 68.9481458506 -71.8911485346 0
210 1.40565085411 81.924928 40.686406 1.5459903 118.764909454 43.9582291648 0.594173230015 36.9849842549 -54.5351009787 0
