63 3.86350703239 52.707826 40.957156 -0.02058299 7.5 4.5 2.57436064669 58.0764302902 148.679318457 1.99420289855
66 3.84888482094 54.31159 40.951842 -0.027308534 13.5 30.5 1.3526301703 42.1286942537 79.0646637429 2.09647668053
69 3.83419179916 55.778879 40.909196 -0.015002614 23.5 89.5 1.3526301703 58.335171748 78.3595864639 1.63113321061
72 3.84435510635 57.331901 40.836464 -0.018380323 23.5 91.5 1.3526301703 60.9211901172 78.553114934 2.53387011692
75 3.87307786942 58.848313 40.76075 -0.022921269 57.5 116.5 2.92342649709 75.7512504089 168.813291975 1.68116708928
78 3.82402801514 60.388876 40.75568 -0.012358794 55.5 117.5 2.92342649709 76.8998814096 168.208106736 1.78509678613
81 3.8185839653 61.86858 40.735896 -0.015077049 27.5 80.5 1.3526301703 52.5583795235 78.3638512752 3.18116533825
84 3.82395911217 63.333062 40.668539 -0.013920495 28.5 82.5 1.3526301703 54.4354051853 78.2975856122 2.84738557484
87 3.83163189888 64.876385 40.58717 -0.032109511 28.5 83.5 1.3526301703 56.2561317927 79.3397394625 1.60502281564
90 3.83032393456 66.44697 40.579857 -0.020157695 29.5 85.5 1.3526301703 58.1626842513 78.6549508482 1.62569345576
93 3.83048295975 67.930314 40.55804 -0.02084507 93.5 50.5 0.1308996939 27.4344930841 8.69433453465 1.0146082156
96 3.83282613754 69.414343 40.447992 -0.021831497 95.5 51.5 0.1308996939 28.3303438375 8.75085263855 1.46345240053
99 3.83078694344 70.999462 40.351868 -0.031419309 97.5 51.5 0.1308996939 28.7499454152 9.30019380092 0.418279314846
102 3.83164596558 72.481812 40.325422 -0.028226015 98.5 52.5 0.218166156499 28.7257107185 14.117231532 0.928368809587
105 3.82987904549 74.028193 40.279112 -0.026102315 73.5 41.5 6.23955207588 1.33024635079 -1.00444751498 1.07273957628
108 3.83699607849 75.500101 40.224463 -0.026983514 74.5 41.5 6.23955207588 1.62086293331 -0.953958531368 1.04021778412
111 3.85362911224 77.104162 40.159206 -0.035689283 76.5 41.5 6.23955207588 1.47062580988 -0.455154710252 3.06484547871
114 3.8399720192 78.584191 40.097894 -0.03659834 77.5 41.5 6.23955207588 1.77239142396 -0.403069580815 3.37204583965
117 3.82582998276 80.1084 40.071744 -0.024096447 79.5 41.5 6.23955207588 1.55243864985 -1.11937528564 3.62641750467
120 3.8317232132 80.881063 40.047709 -0.06972902 79.5 41.5 6.23955207588 2.00411680265 1.49517855558 2.05677948182
123 3.84379196167 80.819811 40.085383 -0.20196514 79.5 41.5 6.15228561328 1.934694377 4.07175013077 3.77755118737
126 5.08433413506 80.673305 40.189426 -0.34415967 79.5 41.5 5.97775268808 1.75904770615 2.21889656962 3.83954783543
129 5.07964897156 80.559381 40.228255 -0.49611957 79.5 41.5 5.80321976288 1.65518079018 0.925557494845 4.34766590001
132 5.10705494881 80.474435 40.358509 -0.64523249 79.5 41.5 5.62868683768 1.50084152138 -0.530901518283 4.40795980124
135 5.10390615463 80.446897 40.445937 -0.81868337 79.5 42.5 5.45415391248 2.26181094183 -0.592898141453 6.65361640799
138 5.0932970047 80.377523 40.602704 -0.97166139 79.5 42.5 5.27962098728 2.09040157079 -1.82790323718 6.01939042541
141 5.10490703583 80.303277 40.677658 -1.1291983 79.5 42.5 5.19235452468 1.99152813279 2.19829682335 5.54113086893
144 5.12005400658 80.24067 40.836497 -1.2914427 79.5 42.5 5.10508806208 1.82094323907 6.49421619298 3.40411038059
147 5.09619498253 80.334643 40.99259 -1.4510482 79.5 42.5 5.01782159948 1.72305363978 10.6389377301 2.92576068301
150 5.0721218586 80.305505 41.173119 -1.6076845 79.5 42.5 4.75602221168 1.55224079742 4.6135366386 1.50762374533
