243 2.84141993523 88.570925 51.559268 0.90792052 76.1278276069 54.6646136575 -1.63646271556 12.8247356459 -145.782420861 0
246 2.84102106094 89.47196 52.652014 0.8832857 14.1980742626 139.400102438 0.00522097547781 114.853771038 -50.3094028544 0
249 2.85043001175 90.492516 53.754021 0.83763364 100.772198112 142.847251874 2.19442502336 89.6843110691 77.7384199463 0
252 2.87279820442 91.498687 54.898001 0.81217592 88.1975665151 63.670534496 3.00340949169 9.37308595901 125.548435585 0
255 2.84659481049 92.568948 55.94073 0.78340538 40.0163018333 140.517424404 -1.98575431066 99.5740822473 -158.661163073 0
258 2.83880782127 93.547241 56.960456 0.75288469 52.1154322371 91.7386391444 1.46402877245 54.093592968 40.7455545498 0
261 2.85846304893 94.620679 57.928363 0.72990952 39.6958854349 137.324750493 -3.13255575186 96.5428365813 138.697041407 0
264 2.84916782379 95.770396 58.899507 0.6896339 36.5142149866 141.484680902 -2.7296231505 101.644507657 164.091001936 0
267 2.87193799019 96.962501 59.840194 0.66858365 82.4237638512 62.6687166543 0.880065667194 14.8113273641 12.1170270282 0
270 2.84623193741 98.232224 60.772339 0.64204005 48.1762823107 11.7707443138 -0.0609897284561 70.0482232479 -40.2806391776 0
273 2.84944105148 99.416545 61.686454 0.60185601 110.692110463 110.857002933 1.4510719725 50.4468161421 48.6564905464 0
276 2.87774586678 100.66015 62.48684 0.57932353 87.8586868138 101.320629823 -1.00546179231 40.8893713789 -90.8015104027 0
279 2.86309409142 101.84252 63.245661 0.55317695 112.169975991 112.073428279 1.55438420129 49.9079873836 57.3649499168 0
282 2.8521490097 103.2489 64.041483 0.52149049 15.7133834464 44.4452035565 1.03557735084 89.7021784927 29.4550074295 0
285 2.86898708344 104.5021 64.838724 0.48902664 100.265980815 39.7861733557 -0.325074506 25.4081679689 -46.6445597626 0
288 2.85271406174 105.89753 65.50297 0.45749312 114.674993556 117.024255468 0.750106691316 52.2636271491 16.7655226647 0
291 2.86614489555 107.23441 66.106065 0.425495 114.745816427 116.467273151 0.486732002517 50.9182925176 3.50862179424 0
294 2.86032295227 108.62185 66.694881 0.38650919 30.5073615613 13.439622886 3.02182443366 94.5409742959 150.992441148 0
297 2.86772680283 110.08086 67.251857 0.35533208 103.106257089 36.8415165605 -1.0166606799 31.1999021059 -78.6093946648 0
300 2.84698200226 111.50781 67.766864 0.33459052 117.134874281 123.915522886 1.26774939063 56.4299189008 53.4660649021 0
303 2.85085916519 112.87691 68.182524 0.30685182 85.4531059545 38.3470678479 3.0764307576 40.5243071764 158.685184153 0
306 2.82871389389 114.36462 68.651393 0.28808498 80.0619576418 112.648786578 1.94110221681 55.7892757302 94.7109111318 0
309 2.85066699982 115.83449 69.001579 0.25083859 88.6656709291 120.200836533 2.78685966649 57.9612689786 145.303304439 0
312 2.86756587029 117.19736 69.329841 0.23044123 112.540139506 33.3298146768 -0.585918036022 36.300022011 -46.7739405095 0
315 2.86776590347 117.78731 69.484411 0.20147117 85.125808111 119.754432672 2.62807178775 59.9487179559 139.033973961 0
318 2.85756897926 116.42938 69.228806 0.13415298 112.390561382 32.2504774955 -0.493738882918 37.1982369854 -35.9755537358 0
321 2.88357996941 114.80773 69.128985 0.0979988 105.887812241 27.4755859208 -1.20569822206 42.5977767927 -74.696337128 0
324 2.87545895576 113.35769 69.056433 0.067460522 77.0298007415 108.680410584 2.03017144181 53.7566287778 112.45505211 0
327 2.86414003372 111.81488 68.96352 0.032275621 108.445336099 33.9680807161 -0.623054713143 35.1572836945 -37.5476623333 0
330 2.88543915749 110.29576 68.94659 -0.0039959963 108.509996975 37.3472620017 -0.711548777346 31.6497469109 -40.5397881367 0
