243 11.1377770901 76.572595 90.665594 -0.69142624 7.00412325151 127.039345978 1.75238234514 78.5036438286 140.019917867 0
246 11.1309809685 77.783785 89.658033 -0.71509647 143.536758058 125.692697265 -1.42662967904 74.9796672078 -40.7678498615 0
249 11.1152050495 78.874801 88.696028 -0.74032963 113.406698547 16.6644257301 -1.71472202036 79.8811847294 -55.8285715575 0
252 11.2645320892 80.03236 87.613917 -0.7252394 31.2782862508 13.6378682991 -1.2000347926 88.596927083 -27.2037721282 0
255 11.0795772076 81.079285 86.604124 -0.70281223 34.9067456539 102.758977879 -0.998381857904 48.9171002157 -16.9348922312 0
258 11.2133960724 82.380517 85.593177 -0.66953842 37.749325906 103.045426042 -0.881050505536 47.9220639694 -12.1187498172 0
261 11.1974210739 83.553536 84.670161 -0.64546431 55.8133246655 102.715949943 0.738993676508 33.0933501397 79.3235995401 0
264 11.2332057953 84.753159 83.736184 -0.60820056 94.5818682469 119.492962109 2.62911534191 37.0830245014 -174.51546187 0
267 11.2495439053 85.938286 82.919631 -0.58097683 47.9963219322 42.2847357399 -0.695701685361 55.5948500324 -6.57325001742 0
270 11.2231678963 87.249998 82.030848 -0.55954063 109.563987743 73.5988587925 -2.49070772089 23.8539845779 -110.647723843 0
273 11.2548730373 88.578333 81.141585 -0.52544337 109.238898684 73.0773797557 -2.17618103594 22.1786018631 -94.5803013417 0
276 11.2221009731 89.874585 80.458812 -0.49549775 87.773464483 81.5483294995 -0.477166144919 2.36680286644 1.05032360285 0
279 11.1452820301 91.229191 79.664539 -0.46697991 88.6018012528 81.6830408856 -0.437564844413 3.3132350876 1.68535911224 0
282 11.2447991371 92.640842 79.007823 -0.44436504 90.3383641636 81.0795481814 -0.365602353956 3.09732940033 4.51276949345 0
285 11.2226381302 93.942666 78.269838 -0.40450827 91.7360869817 80.0986310438 -0.397948022778 2.86591607715 0.375874478365 0
288 11.2903289795 95.385584 77.620959 -0.38607018 92.8357013711 79.50670662 -0.251368184896 3.17142641525 7.71785581145 0
291 11.234044075 96.747733 77.074345 -0.36376533 94.439395073 79.5956464098 -0.292863013516 3.41838920904 4.06240349222 0
294 11.1826069355 98.250871 76.540386 -0.33417824 95.9620900844 79.2124374892 -0.27820460526 3.51829180719 3.2070530346 0
297 11.218752861 99.752933 76.027378 -0.30758365 97.0278946051 78.9392248949 -0.20742291279 3.98806802764 5.73878751503 0
300 11.2760119438 100.00981 75.897783 -0.33361957 97.837696342 79.1135978494 -0.207832102926 3.88066268684 7.20709097895 0
303 11.1625349522 98.714105 76.429985 -0.36219797 96.8865428743 78.9512217827 -0.199773167049 3.11393934396 9.30625569735 0
306 11.1870708466 97.284888 77.028291 -0.39087517 95.8122947554 79.7301730309 -0.267448970855 3.07712485497 7.07180029237 0
309 11.2730500698 95.817851 77.649213 -0.42317241 94.4619701056 79.6340218068 -0.338216221352 2.40372190558 4.86763105307 0
312 11.1911580563 94.571565 78.35291 -0.46228827 93.1357313706 79.9217905399 -0.295663039611 2.12673561115 9.54692246169 0
315 11.2806971073 93.13187 79.138887 -0.4938927 90.8321106977 79.9252818793 -0.311934059396 2.43049578376 10.4254621525 0
318 11.2713930607 91.836662 79.862922 -0.52529077 89.961827106 80.6019076346 -0.360204766556 2.01521851118 9.45873125402 0
321 11.2430019379 90.529269 80.702102 -0.55721841 88.2235412744 81.4166894099 -0.40133118146 2.41392118985 8.93168027532 0
324 11.2074739933 89.308886 81.573217 -0.59808232 87.6594815948 82.6180471551 -0.452961635041 1.95248686163 8.3148027682 0
327 11.1377229691 88.100372 82.484783 -0.6409076 86.1299594185 83.1348002089 -0.489661861428 2.07486098648 8.66574248952 0
330 11.2320580482 86.96204 83.432583 -0.67310863 84.6260375847 83.2352623994 -0.485113653692 2.34432137381 10.7713187121 0
