243 2.86589193344 76.572595 90.665594 -0.69142624 7.5 11.5 3.66519142919 105.062908076 -110.384194603 4.58550724638
246 2.94398593903 77.783785 89.658033 -0.71509647 26.5 76.5 3.66519142919 52.9448811157 -109.027990324 4.85292168306
249 2.81175899506 78.874801 88.696028 -0.74032963 35.5 137.5 0.523598775598 65.2931929436 72.4177632475 3.28150655136
252 2.87273693085 80.03236 87.613917 -0.7252394 104.5 39.5 4.24696784652 53.977906742 -75.1135099101 3.52738496408
255 2.81326603889 81.079285 86.604124 -0.70281223 103.5 38.5 4.24696784652 53.0725466406 -76.3984920975 2.54718745865
258 2.80470204353 82.380517 85.593177 -0.66953842 81.5 77.5 1.10537519293 8.14093509006 101.695059021 3.82705288875
261 2.94165992737 83.553536 84.670161 -0.64546431 81.5 78.5 1.10537519293 6.50291449038 100.315714123 3.73612446408
264 3.01049184799 84.753159 83.736184 -0.60820056 112.5 76.5 4.13061256305 28.674893973 -88.4860081478 5.180883431
267 2.92980694771 85.938286 82.919631 -0.58097683 110.5 75.5 4.24696784652 25.6579172731 -83.3791463128 3.66017771261
270 2.9741859436 87.249998 82.030848 -0.55954063 110.5 73.5 4.13061256305 24.7656609159 -91.2740167682 7.18692588154
273 3.10290193558 88.578333 81.141585 -0.52544337 109.5 72.5 4.24696784652 22.63610261 -86.5609791925 5.71855310532
276 2.92499613762 89.874585 80.458812 -0.49549775 87.5 82.5 5.75958653158 3.13131000918 -1.61007016677 2.75751241467
279 2.83879208565 91.229191 79.664539 -0.46697991 88.5 81.5 5.87594181505 3.28898169606 3.42264462707 4.51653257899
282 2.81765198708 92.640842 79.007823 -0.44436504 89.5 81.5 5.87594181505 4.00946812786 2.12690802183 1.80489371478
285 2.77814102173 93.942666 78.269838 -0.40450827 91.5 80.5 5.87594181505 3.30760332171 -0.156716684195 4.39051041119
288 2.78948903084 95.385584 77.620959 -0.38607018 92.5 79.5 5.99229709851 3.44345612731 5.45352524319 5.9947238316
291 2.78992700577 96.747733 77.074345 -0.36376533 94.5 79.5 5.99229709851 3.30697835165 4.17555147552 6.23644074579
294 2.771504879 98.250871 76.540386 -0.33417824 96.5 79.5 5.99229709851 3.43873003995 2.48033609044 10.3758780672
297 2.76373100281 99.752933 76.027378 -0.30758365 97.5 78.5 6.10865238198 3.34508096425 7.62324499223 8.86911917055
300 2.84850788116 100.00981 75.897783 -0.33361957 98.5 78.5 6.10865238198 3.00849788951 9.11499332397 9.34730433841
303 2.8126449585 98.714105 76.429985 -0.36219797 97.5 79.5 5.99229709851 3.30136987495 4.08574836254 9.19726444935
306 2.78134799004 97.284888 77.028291 -0.39087517 95.5 79.5 5.99229709851 3.04879821458 5.72883089079 8.39983627601
309 2.7967441082 95.817851 77.649213 -0.42317241 95.5 80.5 5.99229709851 2.86845180848 7.57932643271 4.12985286511
312 2.78316998482 94.571565 78.35291 -0.46228827 93.5 80.5 5.87594181505 2.39963476749 3.15383345607 2.97101282126
315 2.84870505333 93.13187 79.138887 -0.4938927 91.5 80.5 5.99229709851 2.12500077545 11.6313005757 4.83544625405
318 2.84702086449 91.836662 79.862922 -0.52529077 89.5 80.5 5.99229709851 2.4219532779 13.4302774715 6.63817678413
321 2.79583501816 90.529269 80.702102 -0.55721841 88.5 81.5 5.87594181505 2.18049854225 8.59292982666 2.81255497484
324 2.79906916618 89.308886 81.573217 -0.59808232 86.5 80.5 5.99229709851 3.00693120807 17.6009260707 3.23887699877
327 2.80055880547 88.100372 82.484783 -0.6409076 85.5 80.5 5.99229709851 3.27128386042 20.0546338712 5.72918073773
330 2.79978394508 86.96204 83.432583 -0.67310863 83.5 81.5 5.99229709851 3.96492093408 21.8996169862 1.71033393658
