123 2.84590888023 58.21235 101.09089 -1.0276822 2.5 11.5 0.407243492132 105.500680157 82.2151860741 0.0
126 2.87564992905 58.152327 101.12822 -1.1869287 30.5 63.5 2.96705972839 46.6961896613 -121.993994907 0.517415424959
129 2.94403386116 58.049715 101.26081 -1.3398137 109.5 36.5 2.85070444492 82.7109082192 -119.900996323 0.0256756587831
132 2.90519690514 58.024835 101.49733 -1.4943786 109.5 36.5 2.61799387799 82.9116729955 -124.378413225 0.105913374527
135 2.91626501083 58.064001 101.65215 -1.6522241 60.5 84.5 2.50163859453 17.3242702805 -122.001198927 0.137674882422
138 2.90295505524 58.104403 101.68885 -1.8037565 94.5 120.5 5.41052068118 40.9694867592 53.3476347193 0.133705559036
141 2.9022591114 58.177183 101.78616 -1.9584038 95.5 119.5 5.29416539772 41.313106835 55.5416056557 0.225253020729
144 2.90314102173 58.164815 101.89412 -2.1101089 95.5 119.5 5.17781011425 41.2781182899 57.5670009497 0.193256821889
147 2.92511606216 58.333441 101.96561 -2.2758326 76.5 65.5 5.52687596465 40.7402083766 87.062269525 1.5622531489
150 2.9093708992 58.547547 101.97367 -2.4518694 76.5 64.5 5.41052068118 41.5519736232 90.4817685373 3.01954833128
153 2.90765500069 58.609003 102.09152 -2.5989269 94.5 111.5 5.99229709851 37.1036812401 132.240875966 6.36644476049
156 2.92672896385 58.561869 102.14088 -2.6173282 107.5 77.5 5.99229709851 54.7915470939 133.295192794 6.95798308469
159 2.91553878784 58.51155 102.01626 -2.5045701 94.5 111.5 5.99229709851 37.2170640673 126.834629558 9.67142909642
162 2.91122603416 58.437648 101.90068 -2.3721379 94.5 111.5 6.10865238198 37.3180944883 125.913490093 8.47829480762
165 2.9237639904 58.147744 101.95537 -2.2082701 94.5 111.5 0.0581776417331 37.5843914162 129.857890088 9.32126102428
168 2.91970014572 58.037351 101.82492 -2.0566813 94.5 111.5 0.174532925199 37.7244210705 127.839158293 7.180737407
171 2.91375494003 57.944091 101.71587 -1.9011295 94.5 111.5 0.407243492132 37.842617281 132.260029991 3.09580008274
174 2.91878414154 57.908577 101.57431 -1.7585036 94.5 111.5 0.523598775598 37.9137383957 130.754834539 2.52102296848
177 2.92385387421 57.841285 101.40683 -1.6171883 94.5 111.5 0.639954059065 38.0228019233 129.324730935 2.66301151691
180 2.91827893257 57.86028 101.30305 -1.4556073 94.5 111.5 0.756309342531 38.0321820434 126.733488252 2.21783249253
183 2.92880320549 57.788579 101.03213 -1.3093986 95.5 111.5 0.989019909463 39.1372913751 131.689680147 1.98709417463
186 2.92755484581 57.852229 100.87925 -1.1701135 95.5 111.5 1.10537519293 39.1171956028 130.375898435 1.85424488181
189 2.91791319847 57.956865 100.8248 -1.0236231 95.5 111.5 1.2217304764 39.0313576585 128.649283442 2.11772161241
192 2.94229602814 57.906072 100.67156 -0.85835482 95.5 111.5 1.45444104333 39.1223533968 132.513441844 3.88280699724
195 17.9654450417 57.990597 100.53155 -0.72265365 95.5 111.5 1.57079632679 39.0802022617 131.405004195 1.87461951479
198 2.90896511078 58.042848 100.37669 -0.56279892 95.5 111.5 1.68715161026 39.0738564939 128.912669497 2.71958141978
201 2.91198897362 58.157277 100.32166 -0.41301063 95.5 111.5 1.91986217719 38.9799210647 133.663765993 2.15693144299
204 2.90991806984 58.686264 100.08548 -0.29965148 94.5 112.5 1.91986217719 37.9044059854 127.168765129 1.96591541954
207 2.90109395981 59.980629 99.666017 -0.30408986 94.5 113.5 1.91986217719 37.1882516378 127.423065571 6.00298757927
210 2.90531396866 61.363687 99.173884 -0.32636207 93.5 115.5 1.91986217719 36.0455916428 128.699169204 7.85634544432
