3 2.72212505341 31.520043 41.394881 -0.0070850614 46.4119422657 68.4530401596 -0.586349364749 30.8854762121 -33.1893998045 0
6 2.74257183075 31.529937 41.402987 -0.0081764059 27.0642385321 30.5158284861 2.13051754906 11.7674416639 122.538137289 0
9 2.74989485741 31.522543 41.401068 -0.0068718684 51.9624119157 16.3758786138 1.82434417865 32.3117369559 104.920950873 0
12 2.7627248764 31.528168 41.375423 -0.0049451513 72.2285095585 118.221876248 2.17724104646 86.9591581135 125.030059243 0
15 2.73607897758 31.523843 41.397689 -0.0081913964 19.6988153224 52.8459747672 -2.55581865274 16.4588737945 -145.968289561 0
18 2.77383208275 31.52518 41.394772 -0.0077822512 11.384144265 63.6292541328 -3.07616524787 30.000558598 -175.805395639 0
21 2.74436306953 31.646202 41.400982 -0.0069641742 65.1907315681 68.8854039642 -1.03357303094 43.3662185884 -58.8203547018 0
24 2.77611780167 32.968315 41.348607 -0.0066445448 35.0404285904 57.3400560994 -1.46506912173 16.1251387291 -83.561572996 0
27 2.75251293182 34.520488 41.363888 -0.010157874 84.5630763422 95.6385112643 -0.922572209991 73.8240840002 -52.2774906195 0
30 2.75517201424 35.981317 41.339656 -0.012968194 121.051299289 10.7713553888 2.09129034739 90.3953698423 120.565133426 0
33 2.7700138092 37.47125 41.3168 -0.01805047 90.4203525447 26.2789157797 -0.125966679164 55.0431232954 -6.18314332615 0
36 2.76781392097 39.051821 41.275587 -0.019803098 36.6680450182 40.928527415 0.401997626314 2.40890811091 24.1674012987 0
39 2.76136684418 40.609584 41.247017 -0.013659721 39.1541824191 42.8207093502 -0.0265743948079 2.14352545471 -0.739956302982 0
42 2.74057793617 42.081473 41.279186 -0.014178183 125.518897879 125.781995514 2.66616240905 118.754068083 153.572203582 0
45 2.71448397636 43.552295 41.213208 -0.0092852628 69.7118910477 99.2860966779 1.70868059229 63.6928949317 98.4321928441 0
48 2.74027991295 45.079977 41.189892 -0.010404952 66.6282281121 100.677718009 1.63724022513 63.2702818803 94.4031147846 0
51 2.74382090569 46.640834 41.096545 -0.012029947 127.745607491 45.2855331187 -0.862016439268 81.2128801638 -48.7006386501 0
54 2.75950407982 48.21014 41.103056 -0.013219293 45.9271222722 42.1797657897 0.121451012127 2.52417786944 7.71604010951 0
57 2.7564599514 49.69993 40.993437 -0.019411138 71.2964426679 104.807236023 1.26764889637 67.3692088807 73.7431079494 0
60 2.76165699959 51.221815 41.026894 -0.026800957 34.5007464279 96.1343852884 -2.54292293203 57.5884513622 -144.163169909 0
63 2.76062393188 52.707826 40.957156 -0.02058299 31.1390287654 96.3423553502 -2.52562387271 59.436801068 -143.528270087 0
66 2.76924300194 54.31159 40.951842 -0.027308534 52.8634780509 42.496001093 -0.109772375247 2.11694485556 -4.72483006591 0
69 2.71433401108 55.778879 40.909196 -0.015002614 54.5191331575 41.647334543 0.0728247885869 1.46007126412 5.03213949383 0
72 2.73131084442 57.331901 40.836464 -0.018380323 54.3972372904 42.148563004 -0.00157744562272 3.2146313762 0.962733957394 0
75 2.71163511276 58.848313 40.76075 -0.022921269 57.4600371127 41.108127689 0.0637330180895 1.43107693647 4.96492492694 0
78 2.73317909241 60.388876 40.75568 -0.012358794 59.5485710918 42.1233669807 -0.0416302524047 1.60520404186 -1.67713102678 0
81 2.76713204384 61.86858 40.735896 -0.015077049 59.3544017558 41.9066844458 0.0139850709393 2.77341627392 1.66513681622 0
84 2.7367181778 63.333062 40.668539 -0.013920495 61.923053748 42.3222330629 0.0272548000768 2.17320669157 2.35917062811 0
87 2.76421904564 64.876385 40.58717 -0.032109511 63.4296091932 42.5450741903 -0.00580734950133 2.43445046234 1.50700284595 0
90 2.76302814484 66.44697 40.579857 -0.020157695 65.0853008167 42.2789090205 -0.0249620603499 2.17736554879 -0.275269857786 0
