63 1.88791799545 52.707826 40.957156 -0.02058299 4.5 9.5 0.261799387799 57.5634185161 16.1793184568 3.90724637681
66 1.88918399811 54.31159 40.951842 -0.027308534 60.5 94.5 2.18166156499 53.9045605076 126.564663743 4.68722904708
69 1.8734691143 55.778879 40.909196 -0.015002614 108.5 81.5 5.49778714378 66.5366813785 -44.1404135361 4.17871824062
72 1.87345385551 57.331901 40.836464 -0.018380323 105.5 42.5 2.18166156499 48.1968164228 126.053114934 3.12795854896
75 1.86725592613 58.848313 40.76075 -0.022921269 37.5 102.5 0.610865238198 65.325993743 36.3132919748 2.03291428253
78 1.86488604546 60.388876 40.75568 -0.012358794 106.5 72.5 2.35619449019 55.9815827644 135.708106736 4.69409266139
81 1.85971999168 61.86858 40.735896 -0.015077049 125.5 35.5 6.02138591938 63.8464738113 -14.1361487248 6.47673770533
84 1.86022591591 63.333062 40.668539 -0.013920495 28.5 82.5 1.308996939 54.4354051853 75.7975856122 3.5789744104
87 1.87038493156 64.876385 40.58717 -0.032109511 49.5 45.5 0.610865238198 16.1421533346 36.8397394625 2.00469535658
90 1.87661218643 66.44697 40.579857 -0.020157695 91.5 50.5 0.0872664625997 26.9455664131 6.15495084821 3.77221982579
93 1.88437604904 67.930314 40.55804 -0.02084507 93.5 50.5 0.0872664625997 27.4344930841 6.19433453465 3.65367504944
96 1.89446806908 69.414343 40.447992 -0.021831497 95.5 51.5 0.0872664625997 28.3303438375 6.25085263855 2.212536579
99 1.93616604805 70.999462 40.351868 -0.031419309 97.5 51.5 0.261799387799 28.7499454152 16.8001938009 0.885918547243
102 1.93936109543 72.481812 40.325422 -0.028226015 98.5 52.5 0.261799387799 28.7257107185 16.617231532 1.55653543481
105 1.93581295013 74.028193 40.279112 -0.026102315 100.5 52.5 0.261799387799 29.1565887812 16.495552485 1.39457256214
108 1.9427959919 75.500101 40.224463 -0.026983514 74.5 42.5 6.19591884458 2.48561273101 -3.45395853137 1.36378513454
111 1.97133493423 77.104162 40.159206 -0.035689283 115.5 100.5 3.40339204139 71.5209885018 -162.95515471 3.12221064975
114 1.94883394241 78.584191 40.097894 -0.03659834 77.5 42.5 6.19591884458 2.63544746859 -2.90306958082 3.89660500359
117 1.96247291565 80.1084 40.071744 -0.024096447 79.5 42.5 6.19591884458 2.50331335664 -3.61937528564 6.33008723178
120 1.95283102989 80.881063 40.047709 -0.06972902 79.5 42.5 6.19591884458 2.81443887101 -1.00482144442 3.77033083991
123 1.96955704689 80.819811 40.085383 -0.20196514 79.5 42.5 6.02138591938 2.75177694089 -3.42824986923 4.01229737481
126 1.93866705894 80.673305 40.189426 -0.34415967 79.5 42.5 5.84685299418 2.59140827206 -5.28110343038 3.31966358677
129 1.96588683128 80.559381 40.228255 -0.49611957 79.5 42.5 5.67232006898 2.50661394079 -6.57444250515 3.94737408457
132 1.95638585091 80.474435 40.358509 -0.64523249 79.5 42.5 5.49778714378 2.35276587707 -8.03090151828 6.08830311121
135 1.94032216072 80.446897 40.445937 -0.81868337 79.5 42.5 5.49778714378 2.26181094183 1.90710185855 4.76342080395
138 1.93058800697 80.377523 40.602704 -0.97166139 79.5 42.5 5.32325421858 2.09040157079 0.672096762815 5.10383857519
141 1.93568396568 80.303277 40.677658 -1.1291983 79.5 42.5 5.14872129338 1.99152813279 -0.301703176653 4.84589963259
144 1.94116997719 80.24067 40.836497 -1.2914427 79.5 42.5 5.14872129338 1.82094323907 8.99421619298 3.0053211578
147 1.94306015968 80.334643 40.99259 -1.4510482 79.5 42.5 4.97418836818 1.72305363978 8.13893773005 2.64273502424
150 1.94312882423 80.305505 41.173119 -1.6076845 79.5 42.5 4.79965544298 1.55224079742 7.1135366386 0.827811766118
