243 1.87905597687 76.572595 90.665594 -0.69142624 7.5 11.5 3.75245789179 105.062908076 -105.384194603 4.58550724638
246 1.8739259243 77.783785 89.658033 -0.71509647 102.5 111.5 2.53072741539 32.9842812011 -174.027990324 4.90366009986
249 1.86556911469 78.874801 88.696028 -0.74032963 35.5 138.5 0.436332312999 66.0439928288 67.4177632475 3.45964031913
252 1.86280608177 80.03236 87.613917 -0.7252394 100.5 116.5 0.959931088597 35.4024021537 96.5531567566 3.62813486636
255 1.86537885666 81.079285 86.604124 -0.70281223 101.5 42.5 0.959931088597 48.6022566855 95.2681745692 2.65158536883
258 1.8672440052 82.380517 85.593177 -0.66953842 53.5 107.5 5.84685299418 36.2490435204 13.3617256879 3.87287414647
261 1.86961889267 83.553536 84.670161 -0.64546431 54.5 107.5 5.84685299418 36.9500947613 11.9823807893 5.73423150456
264 1.87667393684 84.753159 83.736184 -0.60820056 112.5 76.5 4.10152374219 28.674893973 -90.1526748145 5.46958568762
267 1.85892891884 85.938286 82.919631 -0.58097683 110.5 75.5 4.27605666739 25.6579172731 -81.7124796461 3.77127888731
270 1.8627448082 87.249998 82.030848 -0.55954063 110.5 73.5 4.10152374219 24.7656609159 -92.9406834349 4.94215395749
273 1.85969591141 88.578333 81.141585 -0.52544337 109.5 72.5 4.27605666739 22.63610261 -84.8943125259 6.49986701323
276 1.86596393585 89.874585 80.458812 -0.49549775 107.5 70.5 4.10152374219 20.2443372421 -96.6100701668 5.15920809376
279 1.86384797096 91.229191 79.664539 -0.46697991 37.5 101.5 2.87979326579 57.9966664783 -168.24402204 3.34741118987
282 1.86271905899 92.640842 79.007823 -0.44436504 26.5 39.5 6.19591884458 77.0420603221 20.4602413552 1.95901377449
285 1.86102294922 93.942666 78.269838 -0.40450827 28.5 39.5 6.19591884458 76.064728171 18.1766166491 4.2113815982
288 1.86463689804 95.385584 77.620959 -0.38607018 92.5 79.5 6.02138591938 3.44345612731 7.12019190986 5.90386683342
291 1.87244486809 96.747733 77.074345 -0.36376533 94.5 79.5 6.02138591938 3.30697835165 5.84221814218 6.22739421505
294 1.87035298347 98.250871 76.540386 -0.33417824 96.5 79.5 6.02138591938 3.43873003995 4.14700275711 10.5006174153
297 1.87214398384 99.752933 76.027378 -0.30758365 97.5 78.5 6.02138591938 3.34508096425 2.62324499223 8.89498315734
300 1.86725497246 100.00981 75.897783 -0.33361957 98.5 78.5 6.19591884458 3.00849788951 14.114993324 9.39594454393
303 1.89512085915 98.714105 76.429985 -0.36219797 97.5 79.5 6.02138591938 3.30136987495 5.75241502921 9.25374990131
306 1.86353397369 97.284888 77.028291 -0.39087517 95.5 79.5 6.02138591938 3.04879821458 7.39549755746 8.58182849589
309 1.85727095604 95.817851 77.649213 -0.42317241 95.5 80.5 6.02138591938 2.86845180848 9.24599309938 4.30296627225
312 1.96493387222 94.571565 78.35291 -0.46228827 93.5 79.5 6.02138591938 1.56973469648 11.4871667894 3.13060582443
315 1.94288015366 93.13187 79.138887 -0.4938927 91.5 80.5 6.02138591938 2.12500077545 13.2979672423 3.84291768806
318 1.8556330204 91.836662 79.862922 -0.52529077 89.5 80.5 6.02138591938 2.4219532779 15.0969441382 7.17934660577
321 1.8595058918 90.529269 80.702102 -0.55721841 88.5 80.5 6.02138591938 2.03930818975 16.92626316 3.16334440369
324 1.85661101341 89.308886 81.573217 -0.59808232 86.5 80.5 6.02138591938 3.00693120807 19.2675927374 4.82547420003
327 1.86654901505 88.100372 82.484783 -0.6409076 85.5 81.5 6.02138591938 2.78059923316 21.7213005379 6.1054623082
330 1.86941790581 86.96204 83.432583 -0.67310863 83.5 81.5 6.02138591938 3.96492093408 23.5662836528 3.778345753
