243 11.3192059994 88.570925 51.559268 0.90792052 34.3350361482 17.9157729326 2.62220608659 63.8233217554 98.2213278458 0
246 11.4446790218 89.47196 52.652014 0.8832857 99.402119517 39.2045500569 1.76042301053 16.7165293807 50.2562659465 0
249 11.435863018 90.492516 53.754021 0.83763364 46.5284053053 66.8295068655 1.33524308177 45.8673234427 28.5109208594 0
252 11.4201779366 91.498687 54.898001 0.81217592 21.460332315 68.5374491566 0.607992276301 71.3540865894 -11.6988610295 0
255 11.4043359756 92.568948 55.94073 0.78340538 96.0865767229 108.963409852 0.74571334967 53.1392349444 -2.15959425917 0
258 11.4126219749 93.547241 56.960456 0.75288469 48.1915992563 66.424684908 -1.67161995475 46.3325573092 -138.913883554 0
261 11.391354084 94.620679 57.928363 0.72990952 55.5104113777 93.6102318683 -2.0798557122 52.9415602285 -160.987689228 0
264 11.3604431152 95.770396 58.899507 0.6896339 108.297588785 133.787254997 0.871456232965 75.9282909009 10.4176523001 0
267 11.4447710514 96.962501 59.840194 0.66858365 25.6967076417 70.7924698798 1.6526696836 72.1024663236 56.383976403 0
270 11.4042539597 98.232224 60.772339 0.64204005 50.9420165323 93.5422279358 2.82458238854 57.5345925787 125.050464607 0
273 11.4078919888 99.416545 61.686454 0.60185601 50.1317221932 92.6589644213 -3.1330783244 58.2090213016 146.004025881 0
276 11.3853411674 100.66015 62.48684 0.57932353 106.502293724 112.975497446 -0.387670413504 50.8255366322 -55.4046717775 0
279 11.3835570812 101.84252 63.245661 0.55317695 106.180183623 112.724247528 0.065719106581 49.6683586452 -27.9292771185 0
282 11.4203109741 103.2489 64.041483 0.52149049 108.311511737 110.590690236 -0.494817711576 46.8236984005 -58.2301706348 0
285 11.391190052 104.5021 64.838724 0.48902664 109.412899299 108.937434137 -0.611364045797 44.3712991186 -63.0477421117 0
288 11.3878610134 105.89753 65.50297 0.45749312 84.6168531463 105.680446908 2.14021877061 45.4653368848 96.4130778585 0
291 11.3542189598 107.23441 66.106065 0.425495 82.595011542 107.751601516 2.17297254337 48.3885386027 100.123088029 0
294 11.3515250683 108.62185 66.694881 0.38650919 81.2476399245 107.061090452 2.17553883124 48.7727202721 102.503847867 0
297 11.4671220779 110.08086 67.251857 0.35533208 97.5085556691 62.3041912574 -0.0903114492104 13.5108190902 -25.5334933911 0
300 11.4640579224 111.50781 67.766864 0.33459052 119.504906568 117.122594351 -0.106236759341 49.9994167164 -25.2575426005 0
303 11.4113588333 112.87691 68.182524 0.30685182 91.8441645779 118.650754817 2.94196899589 54.6755768306 150.981092701 0
306 11.3279731274 114.36462 68.651393 0.28808498 102.016221977 63.5835789192 -0.116635792189 13.3478714894 -23.1887921277 0
309 11.4344499111 115.83449 69.001579 0.25083859 102.694818861 63.2492378056 -0.17646839366 14.3436531909 -24.4828867202 0
312 11.2716658115 117.19736 69.329841 0.23044123 87.2537012258 120.222819471 2.77180454767 59.0484373921 145.609392312 0
315 11.4101860523 117.78731 69.484411 0.20147117 86.6029149883 120.801318215 2.78229447103 60.0490754167 147.870282818 0
318 11.3943040371 116.42938 69.228806 0.13415298 120.66345744 103.35306758 -0.797662630718 34.3859366621 -53.3891017786 0
321 11.4772040844 114.80773 69.128985 0.0979988 23.8312151158 18.2624835949 2.52768737912 104.231124074 139.210901115 0
324 11.3890528679 113.35769 69.056433 0.067460522 89.7945259139 120.562903642 2.75522407341 56.6404380254 153.997507825 0
327 11.388422966 111.81488 68.96352 0.032275621 40.9991299099 40.0226740706 -1.4641733508 76.501261584 -85.7402103409 0
330 11.4297029972 110.29576 68.94659 -0.0039959963 108.938453775 71.6140474235 0.0496928936999 2.99292654349 3.07614680374 0
