183 2.79081892967 81.472606 41.653948 2.9566422 35.4227395363 37.3604479024 1.44150300461 46.2495875053 -86.8110812707 0
186 2.84939908981 81.600227 41.551467 2.7956666 129.431870639 3.34899909085 2.30876284778 61.2151508007 -27.8975300312 0
189 2.84638905525 81.705618 41.391179 2.6371497 128.597574171 138.887998367 2.1258070513 108.187269769 -29.2977756556 0
192 2.81121993065 81.817002 41.340993 2.4823985 148.987199918 100.830646082 2.06262795398 89.7265529938 -24.0510806506 0
195 2.82715296745 81.903012 41.262396 2.332631 40.5547004764 82.2681316645 -1.40904821803 58.2336090522 145.617572515 0
198 2.82470202446 81.909487 41.089487 2.1583794 112.9047985 116.055702054 -1.98418694212 81.121160831 122.648432243 0
201 2.82208609581 81.924053 40.998223 1.9975831 68.53999534 84.1133656831 -2.79398389185 45.1447508359 85.4634341129 0
204 2.82130503654 81.960862 40.844259 1.8446809 81.7845085786 76.0921682659 0.515355672417 35.2483504316 -76.1647251408 0
207 2.87217402458 81.927588 40.703608 1.6857979 122.694152613 132.426878704 1.54066241749 100.374654066 -8.31565060545 0
210 2.83129501343 81.924928 40.686406 1.5459903 126.103822234 107.313806705 -0.791130548954 79.9436377735 -133.907160857 0
213 2.83427214622 81.81851 40.588718 1.3660151 93.3660464033 16.4218576433 -2.03986945015 26.7840015025 164.857189768 0
216 2.82513689995 81.824065 40.431016 1.2110526 17.6653213074 117.27015956 0.651353070457 100.102938894 -32.0684208383 0
219 2.83662700653 82.277545 41.390368 1.1504821 96.0184147599 98.9578688691 -0.911753691924 59.1846995267 -118.157407238 0
222 2.83764696121 82.927041 42.739254 1.1137092 14.5158959299 13.0375331587 2.81767530964 74.5806743784 97.6300665157 0
225 2.84275507927 83.677797 44.09726 1.084748 136.778267421 80.875629045 2.29334873232 64.593408244 69.2477210784 0
228 2.84174203873 84.372874 45.412874 1.0478677 126.793577743 104.473934412 1.79906454491 72.7167447219 43.0404087971 0
231 2.82123780251 85.159381 46.677356 1.0274995 82.2158542181 65.4162776598 0.0391718492637 18.968698819 -56.6270031633 0
234 2.81840705872 85.928298 47.908079 0.99952116 63.553325187 38.8658719842 -2.66029443892 24.1329839867 150.308012386 0
237 2.80978488922 86.76373 49.194484 0.95689161 85.0594585043 50.658578586 0.978582173634 2.24680090075 1.24277775151 0
240 2.81932806969 87.649962 50.387631 0.93226665 82.7005941965 15.7079944061 2.68089716756 35.0310353249 100.189148584 0
243 2.81453585625 88.570925 51.559268 0.90792052 119.011038638 110.019609292 -2.46410312614 65.9106366401 166.797276658 0
246 2.84645104408 89.47196 52.652014 0.8832857 118.495896679 106.420516712 -2.6269976919 61.1018885491 158.875576749 0
249 2.83402109146 90.492516 53.754021 0.83763364 98.2302464843 41.8902403112 2.5915730821 14.1641012874 100.493327554 0
252 2.82139015198 91.498687 54.898001 0.81217592 97.5414196195 43.7229555113 2.46286969808 12.7041827437 94.5777867527 0
255 2.83751916885 92.568948 55.94073 0.78340538 88.5836750005 58.8135445371 0.826758697996 4.91278579267 2.48396214905 0
258 2.82553887367 93.547241 56.960456 0.75288469 54.1614851107 93.4478107315 -0.629165442026 53.6895224627 -79.1856396406 0
261 2.83043694496 94.620679 57.928363 0.72990952 54.1383354946 91.75799891 -1.21552234896 52.7566526752 -111.465035422 0
264 2.78753185272 95.770396 58.899507 0.6896339 53.5162083665 89.4723903718 -1.33118836143 52.1547463826 -115.784586726 0
267 2.80747413635 96.962501 59.840194 0.66858365 55.8500621962 88.7963027069 -1.16691145845 50.2860701968 -105.166123031 0
270 2.79784393311 98.232224 60.772339 0.64204005 94.5603847379 64.0832201163 0.727625337691 4.94412149256 4.90367577311 0
