63 2.71669793129 52.707826 40.957156 -0.02058299 67.4342293117 98.4620750871 2.98874598784 59.3606155099 172.421849597 0
66 2.76788210869 54.31159 40.951842 -0.027308534 116.31074644 37.298536204 -0.0216506356205 62.1066988537 0.32417369806 0
69 2.75753998756 55.778879 40.909196 -0.015002614 69.8025951857 96.4068267362 2.67971564802 57.2420442768 154.395983391 0
72 2.74913287163 57.331901 40.836464 -0.018380323 126.842559776 62.2356044512 -2.57012915672 72.7300137186 -146.20443855 0
75 2.74292707443 58.848313 40.76075 -0.022921269 33.7689946898 132.28764334 1.96771457876 94.9007081709 114.055032624 0
78 2.73920488358 60.388876 40.75568 -0.012358794 97.2022179733 70.1892380531 -0.380970378143 47.1333903608 -21.119888051 0
81 2.74939703941 61.86858 40.735896 -0.015077049 100.869475107 28.0122559637 -0.103227139918 41.0239056519 -5.05062817332 0
84 2.74337506294 63.333062 40.668539 -0.013920495 72.2930638337 82.3873321821 -2.30417675945 42.6701223039 -131.222017956 0
87 2.7418589592 64.876385 40.58717 -0.032109511 5.31809548773 54.5136192613 1.93062527412 61.1648251747 112.456419491 0
90 2.75351905823 66.44697 40.579857 -0.020157695 75.8103312756 127.484625195 1.56364500993 87.4077300319 90.7452105739 0
93 2.76597094536 67.930314 40.55804 -0.02084507 71.6147356573 48.8006815009 1.00141496674 9.02862679822 58.5711856703 0
96 2.7506518364 69.414343 40.447992 -0.021831497 49.8420155285 26.553983873 2.34647311578 24.0024887144 135.693858914 0
99 2.75222802162 70.999462 40.351868 -0.031419309 121.765225256 99.8955441568 3.08255149606 78.2471219232 178.417384657 0
102 2.75687479973 72.481812 40.325422 -0.028226015 80.1503240892 79.7993361727 -0.597538297393 40.211888513 -32.6191910061 0
105 2.7618701458 74.028193 40.279112 -0.026102315 99.9888030234 54.9571533776 0.0614800244653 29.8227794055 5.01809841125 0
108 2.75868391991 75.500101 40.224463 -0.026983514 39.1627348783 96.094621589 -1.30046847645 66.6474215362 -72.9653136219 0
111 2.76550889015 77.104162 40.159206 -0.035689283 42.0293499855 93.8057083445 -0.825922444751 64.0951609067 -45.2770249996 0
114 2.75621819496 78.584191 40.097894 -0.03659834 78.0175653443 104.41533376 -1.15048884439 64.3199356489 -63.8212247411 0
117 2.75098395348 80.1084 40.071744 -0.024096447 110.619457306 101.175687217 -2.87667203048 68.2979977345 -163.440541675 0
120 2.75282120705 80.881063 40.047709 -0.06972902 103.635529807 52.0464330849 -0.0125036459231 25.7242130945 3.27877241567 0
123 2.7572081089 80.819811 40.085383 -0.20196514 142.900844012 14.5656749463 -1.61722878638 67.121607244 -81.088633836 0
126 2.74533605576 80.673305 40.189426 -0.34415967 17.3440642649 81.4362569164 -1.75808172886 75.5770718719 -81.0117665329 0
129 2.72745299339 80.559381 40.228255 -0.49611957 42.5034112784 93.5876904957 -1.93620787604 65.5399587112 -82.510982062 0
132 2.7449669838 80.474435 40.358509 -0.64523249 67.0737362906 13.5028222299 2.5627705908 30.0134409523 -176.194962805 0
135 2.75214791298 80.446897 40.445937 -0.81868337 42.7435904487 92.2091573551 -2.45063999901 64.0388187464 -93.5042271907 0
138 2.74885392189 80.377523 40.602704 -0.97166139 44.0340906916 91.5520924142 -2.36811564296 62.5834263343 -80.0109349777 0
141 2.74983596802 80.303277 40.677658 -1.1291983 85.1258872295 91.2308434549 -1.77813752182 50.7826951733 -37.181478571 0
144 2.75474691391 80.24067 40.836497 -1.2914427 41.7893328552 94.8940659342 -2.5922621435 66.3379686702 -74.5314640208 0
147 2.71960282326 80.334643 40.99259 -1.4510482 51.9860317709 34.3335193049 -3.01194615105 29.1202160215 -89.4328648458 0
150 2.72616386414 80.305505 41.173119 -1.6076845 85.4899430058 120.498203804 -0.754796335874 79.4943235496 48.8668922011 0
