3 2.88310408592 58.425211 99.52669 -0.076600623 131.578225406 9.41189835357 1.34583633985 116.069113851 81.499634595 0
6 2.88896298409 58.436309 99.5178 -0.082073852 118.786225212 132.441744933 0.559194793275 68.7466256392 36.7419869084 0
9 2.86961197853 59.138497 99.506199 -0.079127672 58.6887101756 97.4941185303 1.25452127194 2.06174101287 76.4124558397 0
12 2.85979604721 60.588187 99.398001 -0.084356487 66.4337240398 108.175692403 -0.828775319538 10.5460025432 -42.6520572945 0
15 2.86403393745 62.026729 99.268445 -0.080345137 33.3129702095 92.4090579937 0.686972832216 29.5217061495 43.9640811806 0
18 2.84356594086 63.612811 99.142137 -0.077882356 62.4165169992 87.9644168903 1.27519125455 11.2415544382 77.5254072551 0
21 2.885876894 65.109709 99.045111 -0.075303117 75.1220585159 30.993852519 -2.21958780727 68.7838711013 -122.858462827 0
24 2.87347102165 66.576646 98.887554 -0.079079542 111.082071258 64.2063778855 1.59015937506 56.4226625926 95.6403449466 0
27 2.87727284431 68.114632 98.811042 -0.080004433 72.7975921743 103.311962555 -0.915529866907 6.49525995135 -47.8720810387 0
30 2.87313294411 69.601579 98.673025 -0.074381156 74.7928814138 25.8819127089 -1.31988399818 72.9759936509 -71.3620562286 0
33 2.85858201981 71.154315 98.514904 -0.080273853 27.0282428966 105.228835979 1.52351779329 44.6339234427 91.8904925507 0
36 2.88246583939 72.642873 98.438251 -0.077397051 33.9767717112 70.6880178744 -0.780144645806 47.593516653 -40.2644712453 0
39 2.88545584679 74.179887 98.27586 -0.078945335 36.9882596278 69.2682095908 -1.64689033848 47.1663113764 -89.8366312078 0
42 2.86209011078 75.689674 98.17429 -0.079512997 34.6573538986 67.87459656 -1.5865387309 51.0070849536 -86.3462141701 0
45 2.85398387909 77.259307 98.055637 -0.072379503 34.4348985523 67.2381707529 -1.50086120926 52.7602708938 -81.8459728806 0
48 2.87531900406 78.667542 97.976243 -0.066300397 110.976799133 25.8775785084 1.19805643618 79.0069966393 72.44231034 0
51 2.88198208809 80.25432 97.827625 -0.077582567 78.0361463451 97.8006928958 0.114041631751 2.21833714787 10.979257841 0
54 2.88399291039 81.813353 97.68277 -0.074716444 68.5960163283 24.3179860446 0.0358674634234 74.5458886426 6.33599117743 0
57 2.86734414101 82.622729 97.654646 -0.085105116 79.8887534571 100.339879283 0.0915627393355 3.83211430615 10.1223224864 0
60 2.89100193977 81.436592 97.754867 -0.094486992 78.7694082936 99.5183796178 -0.02540580241 3.19747489079 3.95806060725 0
63 2.89727210999 79.890684 97.897701 -0.093381766 77.1559551966 98.6387805134 0.00775432176707 2.83336204415 5.79467098552 0
66 2.90417194366 78.411812 98.037468 -0.097953665 77.9193312497 98.3616610539 -0.0876397583918 0.589608705549 0.590943318945 0
69 2.88902711868 76.931086 98.162597 -0.096433306 74.9052769067 98.295044302 0.0715545105757 2.03013417549 9.6249928994 0
72 2.8836119175 75.443161 98.337547 -0.10164342 73.2376741162 99.4617866786 -0.0124145381775 2.47549737415 5.1124383391 0
75 2.8910241127 73.912871 98.553041 -0.10292365 71.4714666223 98.9517871689 0.046275315818 2.47375298739 8.54847104909 0
78 2.88382196426 72.413468 98.668417 -0.11145399 69.7737230291 98.0856195376 0.0690659072502 2.70331396505 10.3430282306 0
81 2.88767719269 70.926618 98.82512 -0.11572496 68.9476233893 99.2310886117 0.0597695141401 2.02020548036 10.0550926961 0
84 2.86737394333 69.460294 99.048845 -0.12091472 66.897137896 99.7766558302 -0.0145572223776 2.66448453143 6.09383573334 0
87 2.88571405411 67.984026 99.205817 -0.12024712 66.2525725458 98.4005883587 0.000216712088681 1.90953508182 6.90206916265 0
90 2.89179587364 66.409271 99.378533 -0.12589377 63.9296760809 98.9449490115 -0.00550342355003 2.51721791631 6.8978587457 0
