123 2.80341005325 80.819811 40.085383 -0.20196514 2.5 12.5 1.2217304764 83.0358124566 81.5717501308 1.91884057971
126 2.85233092308 80.673305 40.189426 -0.34415967 30.5 86.5 0.290888208666 68.2790582744 36.3855632363 3.02303561827
129 2.79395604134 80.559381 40.228255 -0.49611957 80.5 140.5 4.01425727959 100.271762583 -101.574442505 5.80136883257
132 2.79391789436 80.474435 40.358509 -0.64523249 80.5 140.5 3.78154671265 100.141494263 -106.364234852 4.67814651343
135 2.79337000847 80.446897 40.445937 -0.81868337 80.5 140.5 3.66519142919 100.054077092 -103.092898141 6.99479870503
138 2.79708695412 80.377523 40.602704 -0.97166139 81.5 139.5 3.43248086226 98.9036658104 -107.661236571 5.96840983136
141 2.80809116364 80.303277 40.677658 -1.1291983 67.5 98.5 1.33808575986 59.2228599132 141.36496349 5.69690051088
144 2.78508591652 80.24067 40.836497 -1.2914427 67.5 98.5 1.2217304764 59.0542483678 143.994216193 3.68202912123
147 2.79024291039 80.334643 40.99259 -1.4510482 56.5 99.5 5.87594181505 63.1760020249 59.8056043967 3.54404832511
150 2.97814917564 80.305505 41.173119 -1.6076845 30.5 88.5 5.41052068118 68.705327257 42.1135366386 2.42020094366
153 2.94568300247 80.260339 41.240273 -1.7630876 33.5 93.5 1.33808575986 70.1256612768 177.684145059 1.82684852301
156 3.02339100838 80.351916 41.337649 -1.9138236 33.5 93.5 1.2217304764 70.1142845269 179.654015013 1.71754927877
159 2.93915987015 80.458888 41.424429 -2.0695544 77.5 142.5 3.08341501186 101.118870994 -64.7566007406 4.0274897936
162 2.91191387177 80.580246 41.530351 -2.2462491 77.5 142.5 2.85070444492 101.016622071 -67.9660735016 1.91290593792
165 2.79640603065 80.700832 41.575869 -2.3973477 77.5 142.5 2.73434916146 100.974875804 -65.9754280979 3.16345433295
168 17.3959441185 80.863789 41.557834 -2.56541 33.5 105.5 2.38528331106 79.5734195646 -76.3461676127 2.04552248821
171 2.8789229393 80.910142 41.637692 -2.7112414 33.5 105.5 2.15257274413 79.5368841956 -81.3239772055 2.17243865129
174 2.88227701187 81.000304 41.730578 -2.863125 33.5 104.5 1.91986217719 78.7164482069 -85.9550212816 2.8454193526
177 2.94077301025 81.313486 41.614906 -3.0334876 33.5 104.5 1.80350689373 78.9978764959 -82.8606299814 3.37490761821
180 2.98206591606 81.419836 41.643078 3.1037871 34.5 105.5 1.80350689373 79.2412613326 -74.5005680038 2.98556134326
183 2.87144708633 81.472606 41.653948 2.9566422 34.5 105.5 1.68715161026 79.2637626562 -72.7364529236 2.97961802138
186 2.87572002411 81.600227 41.551467 2.7956666 34.5 105.5 1.45444104333 79.4219507208 -76.8465637724 4.62641410945
189 2.87971115112 81.705618 41.391179 2.6371497 34.5 105.5 1.33808575986 79.613512049 -74.4308810875 3.03869835423
192 2.88729691505 81.817002 41.340993 2.4823985 34.5 105.5 1.10537519293 79.7199903255 -78.8976237863 3.15005341144
195 2.88661789894 81.903012 41.262396 2.332631 33.5 106.5 0.872664625997 81.2329769634 -83.6499114614 2.71225276627
198 2.88759589195 81.909487 41.089487 2.1583794 33.5 106.5 0.756309342531 81.3757558645 -80.3326968746 2.32922285454
201 2.88645410538 81.924053 40.998223 1.9975831 33.5 106.5 0.639954059065 81.4577909049 -77.78641419 2.5714110079
204 2.8920340538 81.960862 40.844259 1.8446809 34.5 105.5 0.639954059065 80.2053506073 -69.0257634517 2.33923727024
207 2.88781809807 81.927588 40.703608 1.6857979 33.5 106.5 0.290888208666 81.6969796242 -79.9224381154 2.33357065324
210 2.88573813438 81.924928 40.686406 1.5459903 33.5 106.5 0.174532925199 81.7092577803 -78.5787193582 2.41538615827
