123 3.79038500786 80.819811 40.085383 -0.20196514 2.5 7.5 0.0436332312999 84.8280612789 14.0717501308 1.91884057971
126 4.92807888985 80.673305 40.189426 -0.34415967 56.5 97.5 1.0035643199 62.2000849423 77.2188965696 2.99621602854
129 4.97827792168 80.559381 40.228255 -0.49611957 80.5 140.5 3.97062404829 100.271762583 -104.074442505 3.88246810721
132 5.08240199089 80.474435 40.358509 -0.64523249 80.5 140.5 3.88335758569 100.141494263 -100.530901518 4.37849531754
135 5.01172685623 80.446897 40.445937 -0.81868337 80.5 140.5 3.70882466049 100.054077092 -100.592898141 7.00990658434
138 4.90168499947 80.377523 40.602704 -0.97166139 55.5 98.5 0.1308996939 63.0157760781 63.1720967628 6.49185399687
141 4.9120850563 80.303277 40.677658 -1.1291983 63.5 110.5 3.53429173529 71.8158029984 -92.8017031767 6.20745876141
144 4.91308903694 80.24067 40.836497 -1.2914427 67.5 98.5 1.2653637077 59.0542483678 146.494216193 4.2096244015
147 4.93145895004 80.334643 40.99259 -1.4510482 65.5 98.5 0.567232006898 59.3899725362 115.63893773 4.06034465888
150 4.92694020271 80.305505 41.173119 -1.6076845 65.5 98.5 0.305432619099 59.2078902132 109.613536639 2.49394568654
153 4.9278550148 80.260339 41.240273 -1.7630876 68.5 111.5 3.35975881009 71.2371729612 -66.4825216082 2.18688213238
156 4.92922496796 80.351916 41.337649 -1.9138236 68.5 111.5 3.18522588489 71.1563307845 -67.8459849875 2.38859789976
159 4.92920899391 80.458888 41.424429 -2.0695544 35.5 84.5 2.57436064669 62.2640058716 -93.9232674073 4.03400912236
162 4.93542480469 80.580246 41.530351 -2.2462491 124.5 134.5 5.97775268808 102.821692393 111.200593165 2.51006156914
165 4.92619991302 80.700832 41.575869 -2.3973477 29.5 72.5 5.62868683768 59.8149402373 99.8579052354 3.17049754707
168 28.8297059536 80.863789 41.557834 -2.56541 29.5 72.5 5.45415391248 59.9637928854 99.4871657207 2.25609282104
171 4.89089894295 80.910142 41.637692 -2.7112414 33.5 104.5 2.13802833369 78.7362135967 -82.1573105389 2.68857111534
174 4.97160601616 81.000304 41.730578 -2.863125 33.5 104.5 1.96349540849 78.7164482069 -83.4550212816 2.97562080786
177 5.05188298225 81.313486 41.614906 -3.0334876 33.5 104.5 1.78896248329 78.9978764959 -83.6939633147 2.75972952113
180 4.97919797897 81.419836 41.643078 3.1037871 33.5 105.5 1.70169602069 79.8374421533 -80.3339013371 2.87443250372
183 4.94382214546 81.472606 41.653948 2.9566422 33.5 105.5 1.5271630955 79.8604362774 -81.9031195903 2.95021388304
186 4.92879104614 81.600227 41.551467 2.7956666 33.5 105.5 1.3526301703 80.0190396737 -82.6798971057 4.61251648163
189 4.94991397858 81.705618 41.391179 2.6371497 33.5 105.5 1.1780972451 80.2104889449 -83.5975477542 3.37018144374
192 4.90878510475 81.817002 41.340993 2.4823985 34.5 105.5 1.1780972451 79.7199903255 -74.7309571196 2.85464646915
195 197.256315947 81.903012 41.262396 2.332631 34.5 105.5 1.0908307825 79.8342991097 -71.1499114614 2.14437521029
198 4.89120817184 81.909487 41.089487 2.1583794 34.5 105.5 0.916297857297 79.9773320543 -71.166030208 1.84816500484
201 4.89799499512 81.924053 40.998223 1.9975831 114.5 30.5 3.53429173529 34.2257944992 88.0469191433 2.09740103237
204 4.94310498238 81.960862 40.844259 1.8446809 33.5 106.5 0.479965544298 81.6035015918 -78.1924301184 2.26899392489
207 4.93023991585 81.927588 40.703608 1.6857979 33.5 106.5 0.305432619099 81.6969796242 -79.089104782 2.12728866251
210 4.97198104858 81.924928 40.686406 1.5459903 33.5 106.5 0.1308996939 81.7092577803 -81.0787193582 2.1354046293
