3 5.92913007736 58.425211 99.52669 -0.076600623 55.12745292 41.1602979328 0.469272206208 58.459481107 31.2762092645 0
6 5.97106599808 58.436309 99.5178 -0.082073852 106.52492378 143.746454841 -1.47445395712 65.3352032259 -79.7775035013 0
9 5.97004008293 59.138497 99.506199 -0.079127672 100.897325521 42.6931459269 1.31062320356 70.5090260815 79.6268597442 0
12 5.9363090992 60.588187 99.398001 -0.084356487 43.9078407673 25.2358178521 0.910164229966 76.014889066 56.9818397205 0
15 5.92805290222 62.026729 99.268445 -0.080345137 77.1042590619 83.4782603549 0.013788856401 21.8325867431 5.39348053059 0
18 5.97880506516 63.612811 99.142137 -0.077882356 61.2025194765 115.308473146 0.730029935227 16.3450276723 46.2899645041 0
21 5.95926308632 65.109709 99.045111 -0.075303117 102.743196721 136.835955773 -0.712415919075 53.3331730424 -36.5038746327 0
24 5.94429802895 66.576646 98.887554 -0.079079542 110.592000358 63.3341624359 1.53934748585 56.5808719535 92.7290381456 0
27 5.93745493889 68.114632 98.811042 -0.080004433 28.9604605051 95.96666848 -0.0343750997695 39.2573509826 2.6143682161 0
30 6.00497603416 69.601579 98.673025 -0.074381156 17.4235183729 24.0322419019 1.21092006837 91.0702833657 73.6423355595 0
33 5.99553704262 71.154315 98.514904 -0.080273853 61.9295111929 8.32198882984 -1.3428097333 90.6634377915 -72.3379774248 0
36 6.01773500443 72.642873 98.438251 -0.077397051 68.9681692492 97.9987659445 0.220638623674 3.70089107788 17.0761863032 0
39 5.95227003098 74.179887 98.27586 -0.078945335 35.4509889325 68.9377229435 -1.70916719632 48.5865601938 -93.4048323236 0
42 6.00874400139 75.689674 98.17429 -0.079512997 34.9516597046 69.1163293217 -1.72088134358 50.0394932779 -94.0434788854 0
45 5.98076796532 77.259307 98.055637 -0.072379503 74.2299369656 97.9820918953 0.0857360177842 3.03026264338 9.05935201645 0
48 5.97426319122 78.667542 97.976243 -0.066300397 76.8996623379 99.4264885365 0.0229178059038 2.28661553739 5.11182648213 0
51 5.94686293602 80.25432 97.827625 -0.077582567 77.7034912428 99.2161725402 0.0313567210153 2.90427127179 6.24176142644 0
54 5.92648911476 81.813353 97.68277 -0.074716444 78.2302475692 98.8675173435 0.0416594747852 3.77389332074 6.66784898335 0
57 5.97654604912 82.622729 97.654646 -0.085105116 80.4643660246 98.7659540166 0.0528194997092 2.42766065199 7.9024983711 0
60 5.9677438736 81.436592 97.754867 -0.094486992 78.6730114339 98.8931850523 0.0234520276964 2.9888368195 6.75740806851 0
63 6.00555801392 79.890684 97.897701 -0.093381766 77.3346375858 99.1092614133 0.0108445953684 2.82864842397 5.97173062042 0
66 5.96310710907 78.411812 98.037468 -0.097953665 75.9032183866 99.3045007416 -0.00112164226034 2.81041169323 5.5480662247 0
69 5.96643209457 76.931086 98.162597 -0.096433306 75.2457863319 99.0267595726 -0.00318830404079 1.89394084467 5.34254507295 0
72 6.00898003578 75.443161 98.337547 -0.10164342 72.8834040209 98.9967489953 0.00811334859009 2.64327506377 6.28859961321 0
75 6.01257395744 73.912871 98.553041 -0.10292365 71.8464231915 99.0796656692 0.00726384691059 2.13249621042 6.31327852809 0
78 5.94514203072 72.413468 98.668417 -0.11145399 69.7400886104 98.961178185 0.0157592264408 2.68936172208 7.28878040034 0
81 5.89457583427 70.926618 98.82512 -0.11572496 68.8335172965 98.4179412938 0.0141719545513 2.13233793141 7.44254497556 0
84 5.95875787735 69.460294 99.048845 -0.12091472 66.8252112523 98.4587323311 0.0200746840679 2.70035072707 8.07809780916 0
87 5.93650197983 67.984026 99.205817 -0.12024712 65.7628208876 98.3814444641 0.00827336161288 2.3692492966 7.36368117741 0
90 5.95692801476 66.409271 99.378533 -0.12589377 63.8480936637 99.0043059164 0.0141671423946 2.58837309099 8.02489915496 0
