123 1.47262907028 58.21235 101.09089 -1.0276822 6.27541777711 95.3619558438 0.892529093293 52.2519436508 110.020002879 0
126 1.5332159996 58.152327 101.12822 -1.1869287 56.8304204933 79.8311990917 2.08015478349 21.3380068512 -172.809905079 0
129 1.48354411125 58.049715 101.26081 -1.3398137 109.700116003 115.919352733 -2.03333542054 53.6901927619 -39.7358675877 0
132 1.4751970768 58.024835 101.49733 -1.4943786 106.671033203 101.366253647 1.15741835223 48.646374794 151.936773489 0
135 1.43681907654 58.064001 101.65215 -1.6522241 35.8677120734 65.5924762687 -0.16857020415 42.3435391969 85.0071064904 0
138 1.6691660881 58.104403 101.68885 -1.8037565 119.159142212 84.7255499432 2.59792700826 63.3674579664 -107.802112224 0
141 1.47716093063 58.177183 101.78616 -1.9584038 47.0569893617 92.1164012582 -0.161179710572 14.7364493918 102.973355163 0
144 1.52229118347 58.164815 101.89412 -2.1101089 43.7683022181 141.333919524 -2.98792171479 41.9852041414 -50.2949694901 0
147 1.66615390778 58.333441 101.96561 -2.2758326 75.2501147147 66.5529658346 -1.85124559691 39.2457541188 24.327043313 0
150 1.46034789085 58.547547 101.97367 -2.4518694 89.5809821747 54.717273449 -2.27757712953 56.5353085578 9.9862114998 0
153 1.46839118004 58.609003 102.09152 -2.5989269 13.345922415 42.7258648274 -0.36149736057 74.6527124632 128.195269567 0
156 1.50790286064 58.561869 102.14088 -2.6173282 23.8633120719 85.1183407909 -2.38616040865 38.6491486843 13.2449388034 0
159 1.39816498756 58.51155 102.01626 -2.5045701 47.5864372374 98.972767946 -1.54470669724 11.3411169096 54.9961218872 0
162 1.42857789993 58.437648 101.90068 -2.3721379 102.972901217 134.52447096 0.638702402912 55.2059826079 172.508442145 0
165 1.37055897713 58.147744 101.95537 -2.2082701 98.6981061222 129.811844264 1.65512420333 49.1966973148 -138.643811824 0
168 1.38082790375 58.037351 101.82492 -2.0566813 90.3638434598 58.7920522792 2.79084546548 53.8222056314 -82.2571752615 0
171 1.38686299324 57.944091 101.71587 -1.9011295 108.561375185 117.573039609 -3.07276664483 53.0429946958 -67.1298635192 0
174 1.37417888641 57.908577 101.57431 -1.7585036 46.2128588173 101.726756902 -0.637455528083 11.6967116689 64.2313231521 0
177 1.38521504402 57.841285 101.40683 -1.6171883 108.644641837 116.012962247 -2.66932367247 52.8613295813 -60.2829163189 0
180 1.38812804222 57.86028 101.30305 -1.4556073 31.6190081715 68.1639839568 3.09555299807 42.2705813231 -99.2377230332 0
183 1.42457890511 57.788579 101.03213 -1.3093986 87.3419201585 44.5787941251 0.0305516132731 63.7211040789 76.7734919782 0
186 1.3785970211 57.852229 100.87925 -1.1701135 61.2464498959 93.96086656 -2.84986389048 7.70615110885 -96.2426080097 0
189 1.36296701431 57.956865 100.8248 -1.0236231 61.6424201108 92.8568932429 -2.82236220718 8.77900077253 -103.060159286 0
192 1.35757708549 57.906072 100.67156 -0.85835482 91.3234851285 47.496515596 0.437707341098 62.8037327519 74.2588918175 0
195 1.40019702911 57.990597 100.53155 -0.72265365 59.6919897461 97.7491440539 -1.30725817743 3.26136783042 -33.495372106 0
198 1.37454414368 58.042848 100.37669 -0.56279892 107.40359489 117.149799435 -1.32558786139 52.1327203749 -43.7045870012 0
201 1.36309695244 58.157277 100.32166 -0.41301063 27.9353820084 65.6983404944 -2.05833438839 45.9579937603 -94.2701072884 0
204 1.36876797676 58.686264 100.08548 -0.29965148 22.3191367216 78.5416896543 0.16967400664 42.2694079559 26.8903696024 0
207 1.38602995872 59.980629 99.666017 -0.30408986 24.0298668047 78.8830779533 -0.166740541713 41.5257493351 7.86953625683 0
210 1.3818500042 61.363687 99.173884 -0.32636207 94.1161838736 48.0661159073 0.639654155318 60.7019769932 55.3486526519 0
