63 0.931303024292 79.890684 97.897701 -0.093381766 3.5 2.5 1.91986217719 122.213984298 115.350381075 3.9884057971
66 0.942351818085 78.411812 98.037468 -0.097953665 27.5 110.5 1.2217304764 52.4149530666 75.6123315923 3.05558643257
69 0.928471803665 76.931086 98.162597 -0.096433306 48.5 76.5 3.31612557879 35.7434575821 -164.474778562 3.64080317088
72 0.935304880142 75.443161 98.337547 -0.10164342 142.5 88.5 2.96705972839 67.7746042973 175.823738981 4.54989732518
75 0.928575992584 73.912871 98.553041 -0.10292365 77.5 37.5 6.10865238198 61.1583298481 -4.10290924292 5.21997162384
78 0.93036699295 72.413468 98.668417 -0.11145399 76.5 37.5 6.10865238198 61.3047712831 -3.61415676311 7.38208510413
81 0.93156504631 70.926618 98.82512 -0.11572496 15.5 89.5 1.57079632679 56.2055855403 96.6305517923 3.03249473996
84 0.924981832504 69.460294 99.048845 -0.12091472 73.5 37.5 6.10865238198 61.6812738633 -3.07209686299 7.12792141639
87 0.925321817398 67.984026 99.205817 -0.12024712 54.5 93.5 4.71238898038 14.6415608733 -83.1103475254 3.119236236
90 0.933884143829 66.409271 99.378533 -0.12589377 52.5 26.5 6.10865238198 74.1939916165 -2.78681831201 6.81778834737
93 0.929898023605 64.97003 99.579245 -0.12534264 50.5 21.5 0.174532925199 79.4087543535 17.181604265 3.05069307295
96 0.928360939026 63.450289 99.830398 -0.13542326 49.5 26.5 6.10865238198 74.6455479853 -2.2408187541 7.39682381797
99 0.929337978363 62.015499 100.01094 -0.13023941 59.5 100.5 6.10865238198 2.56259924737 -2.53783148073 10.5616409226
102 0.926949977875 60.420275 100.24313 -0.1356293 58.5 100.5 6.10865238198 1.93737922786 -2.22901353169 6.467600646
105 0.927816867828 58.989222 100.44438 -0.14088208 56.5 96.5 0.174532925199 4.66415691735 18.071948593 2.66727590046
108 0.936300039291 58.528509 100.58832 -0.24160345 56.5 100.5 6.10865238198 2.03043078815 3.8428580008 2.46196487889
111 0.931720018387 58.390768 100.67023 -0.3827913 56.5 97.5 6.10865238198 3.69125478431 11.9323259243 2.06622894576
114 0.92629981041 58.26024 100.80046 -0.53685502 56.5 97.5 6.10865238198 3.74051882353 20.7595268564 1.69427281251
117 0.928777933121 58.2435 100.85046 -0.70040996 56.5 97.5 6.10865238198 3.77695306585 30.1305346369 3.94518559194
120 2.42092204094 58.129433 100.95873 -0.85888639 56.5 98.5 5.75958653158 2.94964491327 19.2105652282 1.24410775447
123 0.929787158966 58.21235 101.09089 -1.0276822 56.5 98.5 5.75958653158 3.10561644679 28.8818527407 1.12227378659
126 0.930675029755 58.152327 101.12822 -1.1869287 56.5 99.5 5.41052068118 2.31975966068 18.0060050929 0.821610262587
129 0.928442955017 58.049715 101.26081 -1.3398137 56.5 101.5 5.06145483078 1.56806518912 6.76567034381 0.777408166815
132 0.927461862564 58.024835 101.49733 -1.4943786 56.5 100.5 5.06145483078 1.8220287885 15.6215867747 0.672565383161
135 0.929527044296 58.064001 101.65215 -1.6522241 56.5 101.5 4.71238898038 1.57138434207 4.6654677398 0.715113085909
138 0.928675174713 58.104403 101.68885 -1.8037565 56.5 101.5 4.36332312999 1.61547928149 -6.65236528071 0.578749344287
141 0.927944898605 58.177183 101.78616 -1.9584038 56.5 101.5 4.36332312999 1.70142010129 2.20827232238 0.641971328935
144 0.927635192871 58.164815 101.89412 -2.1101089 56.5 101.5 4.36332312999 1.71083007883 10.900334283 0.513553671196
147 0.930039167404 58.333441 101.96561 -2.2758326 55.5 101.5 4.01425727959 2.87144224608 0.395602858285 1.41503395974
150 0.932596921921 58.547547 101.97367 -2.4518694 55.5 101.5 4.01425727959 3.08413780271 10.4817685373 2.76439035172
