123 1.92963695526 80.819811 40.085383 -0.20196514 2.5 4.5 0.610865238198 86.0250677322 46.5717501308 1.91884057971
126 1.93248915672 80.673305 40.189426 -0.34415967 58.5 97.5 1.1344640138 61.4504462704 84.7188965696 2.92539796628
129 1.92691588402 80.559381 40.228255 -0.49611957 61.5 111.5 4.45058959259 73.776159018 -76.5744425052 3.81004583532
132 1.92834019661 80.474435 40.358509 -0.64523249 61.5 111.5 4.27605666739 73.6283975465 -78.0309015183 6.24469846281
135 1.96757316589 80.446897 40.445937 -0.81868337 61.5 111.5 4.27605666739 73.5368259768 -68.0928981415 5.01567423964
138 1.92129588127 80.377523 40.602704 -0.97166139 61.5 111.5 4.10152374219 73.3674822706 -69.3279032372 5.44503295527
141 1.92764687538 80.303277 40.677658 -1.1291983 67.5 98.5 1.308996939 59.2228599132 139.698296823 5.30196133239
144 1.96931099892 80.24067 40.836497 -1.2914427 67.5 98.5 1.1344640138 59.0542483678 138.994216193 3.66578184621
147 1.92403483391 80.334643 40.99259 -1.4510482 58.5 108.5 4.62512251778 70.9507014754 -11.8610622699 3.4874623655
150 1.92648506165 80.305505 41.173119 -1.6076845 63.5 110.5 2.87979326579 71.3347140423 -102.886463361 1.89169401627
153 1.97017192841 80.260339 41.240273 -1.7630876 71.5 129.5 5.84685299418 88.6934211174 76.0174783918 1.89133915053
156 1.93660998344 80.351916 41.337649 -1.9138236 81.5 140.5 2.53072741539 99.1689969331 -105.345984987 2.31030405966
159 1.93362784386 80.458888 41.424429 -2.0695544 82.5 140.5 2.35619449019 99.0965938223 -106.423267407 3.95049030091
162 1.93374991417 80.580246 41.530351 -2.2462491 81.5 140.5 2.18166156499 98.9739226797 -106.299406835 2.3825089892
165 1.91702079773 80.700832 41.575869 -2.3973477 82.5 140.5 2.00712863979 98.9404906982 -107.642094765 2.92978931138
168 8.48070383072 80.863789 41.557834 -2.56541 81.5 141.5 2.00712863979 99.9441909728 -98.0128342793 1.97323385027
171 1.96806907654 80.910142 41.637692 -2.7112414 81.5 141.5 1.65806278939 99.8640500458 -109.657310539 2.19948914952
174 1.95530509949 81.000304 41.730578 -2.863125 82.5 141.5 1.65806278939 99.7806927933 -100.955021282 2.67121907791
177 1.94750404358 81.313486 41.614906 -3.0334876 43.5 92.5 5.67232006898 63.3967863134 138.806036685 2.59372852949
180 1.93417716026 81.419836 41.643078 3.1037871 43.5 92.5 5.49778714378 63.4376897245 137.166098663 2.38719538286
183 1.93629598618 81.472606 41.653948 2.9566422 33.5 105.5 1.4835298642 79.8604362774 -84.4031195903 2.33126138211
186 1.93277001381 81.600227 41.551467 2.7956666 34.5 105.5 1.4835298642 79.4219507208 -75.1798971057 4.02557661247
189 1.93218994141 81.705618 41.391179 2.6371497 34.5 105.5 1.308996939 79.613512049 -76.0975477542 2.92934927211
192 1.93753695488 81.817002 41.340993 2.4823985 34.5 105.5 1.1344640138 79.7199903255 -77.2309571196 3.94433808705
195 1.93891000748 81.903012 41.262396 2.332631 35.5 70.5 3.92699081699 54.8459388682 91.3500885386 2.55252696032
198 1.941188097 81.909487 41.089487 2.1583794 73.5 85.5 1.83259571459 45.1997028367 -18.666030208 2.14678929255
201 1.93845796585 81.924053 40.998223 1.9975831 73.5 85.5 1.65806278939 45.2920834706 -19.4530808567 2.30027589026
204 1.93861794472 81.960862 40.844259 1.8446809 34.5 105.5 0.610865238198 80.2053506073 -70.6924301184 2.07034866968
207 1.93919014931 81.927588 40.703608 1.6857979 34.5 105.5 0.436332312999 80.2991190469 -71.589104782 1.99162147283
210 1.93679881096 81.924928 40.686406 1.5459903 34.5 106.5 0.261799387799 81.1206074373 -73.5787193582 1.96820373308
