63 3.01406598091 79.890684 97.897701 -0.093381766 1.5 4.5 0.174532925199 121.935351273 15.3503810753 3.9884057971
66 2.95162010193 78.411812 98.037468 -0.097953665 10.5 126.5 3.19977029532 73.6351134784 -171.054335074 0.644984582133
69 2.9094080925 76.931086 98.162597 -0.096433306 93.5 35.5 0.0581776417331 64.8161243359 8.85855477163 0.616439093752
72 2.92443585396 75.443161 98.337547 -0.10164342 55.5 89.5 0.0581776417331 21.813571639 9.15707231461 5.45045307677
75 2.91766214371 73.912871 98.553041 -0.10292365 144.5 90.5 3.19977029532 71.0450156578 -170.76957591 2.95451441921
78 2.9143269062 72.413468 98.668417 -0.11145399 76.5 36.5 6.22500766545 62.30258274 3.05250990356 4.89531054435
81 2.91729092598 70.926618 98.82512 -0.11572496 74.5 36.5 6.22500766545 62.4274750565 3.29721845899 2.60995235897
84 2.91782808304 69.460294 99.048845 -0.12091472 73.5 35.5 0.0581776417331 63.6771146127 10.2612364703 7.81486977959
87 2.90184998512 67.984026 99.205817 -0.12024712 71.5 35.5 0.0581776417331 63.8027679087 10.2229858079 3.46001659806
90 2.90515995026 66.409271 99.378533 -0.12589377 52.5 24.5 6.22500766545 76.1594545935 3.87984835466 7.17962767887
93 2.90353488922 64.97003 99.579245 -0.12534264 50.5 23.5 0.0581776417331 77.443097097 10.5149375984 3.41574616453
96 2.90399098396 63.450289 99.830398 -0.13542326 61.5 99.5 6.22500766545 1.97807735489 4.42584791257 7.68041318332
99 2.91797709465 62.015499 100.01094 -0.13023941 59.5 98.5 0.0581776417331 2.93439515107 10.7955018526 11.1905677463
102 2.91922712326 60.420275 100.24313 -0.1356293 58.5 98.5 0.0581776417331 2.5934452515 11.1043198016 6.78949980212
105 2.90878796577 58.989222 100.44438 -0.14088208 56.5 98.5 0.0581776417331 3.1586135803 11.4052819264 2.9677873875
108 2.95602989197 58.528509 100.58832 -0.24160345 56.5 98.5 6.22500766545 2.91134491009 10.5095246675 2.8332383461
111 2.88566088676 58.390768 100.67023 -0.3827913 56.5 98.5 6.10865238198 2.87835054896 11.9323259243 2.29980221661
114 2.81772613525 58.26024 100.80046 -0.53685502 56.5 98.5 5.99229709851 2.89664652127 14.0928601897 1.87070649459
117 2.81114912033 58.2435 100.85046 -0.70040996 56.5 96.5 5.87594181505 4.68682136011 16.7972013036 3.51311065502
120 17.1465580463 58.129433 100.95873 -0.85888639 57.5 98.5 5.64323124811 2.53801873799 12.5438985616 1.19266593555
123 2.80042815208 58.21235 101.09089 -1.0276822 56.5 101.5 5.29416539772 1.76054352818 2.21518607405 1.04389159283
126 2.80194497108 58.152327 101.12822 -1.1869287 56.5 101.5 5.17781011425 1.69363658538 4.67267175962 1.47303437596
129 2.80487895012 58.049715 101.26081 -1.3398137 56.5 101.5 4.94509954732 1.56806518912 0.0990036771403 0.792324975087
132 2.80628299713 58.024835 101.49733 -1.4943786 56.5 101.5 4.82874426385 1.5248373376 2.28825344134 0.75039427573
135 2.80356192589 58.064001 101.65215 -1.6522241 56.5 101.5 4.71238898038 1.57138434207 4.6654677398 0.775723628227
138 2.81543016434 58.104403 101.68885 -1.8037565 56.5 101.5 4.59603369692 1.61547928149 6.68096805262 0.663214023454
141 2.81258296967 58.177183 101.78616 -1.9584038 56.5 101.5 4.36332312999 1.70142010129 2.20827232238 0.627349619222
144 2.80121803284 58.164815 101.89412 -2.1101089 56.5 101.5 4.24696784652 1.71083007883 4.23366761633 0.646978439183
147 2.85397410393 58.333441 101.96561 -2.2758326 55.5 101.5 4.13061256305 2.87144224608 7.06226952495 1.87034461666
150 2.89541101456 58.547547 101.97367 -2.4518694 55.5 101.5 4.01425727959 3.08413780271 10.4817685373 3.3421736489
