243 1.8874630928 88.570925 51.559268 0.90792052 2.5 8.5 1.65806278939 96.2408680917 42.9799860707 1.7763568394e-15
246 1.87708210945 89.47196 52.652014 0.8832857 17.5 42.5 1.65806278939 72.6844303445 44.3914572857 2.79660556632
249 1.87945389748 90.492516 53.754021 0.83763364 20.5 70.5 6.19591884458 71.9679102703 -52.9928723502 5.81937304788
252 1.87190818787 91.498687 54.898001 0.81217592 22.5 69.5 0.261799387799 70.5268543359 -31.5342524382 6.76809612002
255 1.8768029213 92.568948 55.94073 0.78340538 26.5 68.5 1.83259571459 67.2520717358 60.1141780782 9.75960983341
258 1.90173912048 93.547241 56.960456 0.75288469 26.5 69.5 2.00712863979 68.2097697507 71.862884803 10.3064529711
261 1.87569999695 94.620679 57.928363 0.72990952 25.5 70.5 1.83259571459 70.2546391513 63.1792650776 9.7337521246
264 1.87530016899 95.770396 58.899507 0.6896339 24.5 69.5 4.45058959259 72.0544224725 -144.513111879 9.5499207505
267 1.90496492386 96.962501 59.840194 0.66858365 35.5 141.5 2.53072741539 102.205493713 106.692978604 8.01985968814
270 1.88022899628 98.232224 60.772339 0.64204005 34.5 141.5 2.35619449019 102.853058421 98.2138148566 8.67145472211
273 1.87120699883 99.416545 61.686454 0.60185601 91.5 37.5 4.45058959259 25.4490911789 -139.483809248 6.3274999706
276 2.03921198845 100.66015 62.48684 0.57932353 51.5 84.5 4.45058959259 53.8637128428 -138.192793242 5.24669794109
279 1.88517618179 101.84252 63.245661 0.55317695 87.5 100.5 2.35619449019 39.9198403589 103.305295441 3.9666391933
282 1.85463809967 103.2489 64.041483 0.52149049 86.5 102.5 2.35619449019 41.9473858667 105.120795867 3.80405458309
285 1.85566902161 104.5021 64.838724 0.48902664 85.5 104.5 2.18166156499 43.9783653443 96.9808374585 5.50481696726
288 1.88130187988 105.89753 65.50297 0.45749312 84.5 106.5 2.18166156499 46.2451160548 98.7875750677 6.9113401041
291 1.88380289078 107.23441 66.106065 0.425495 83.5 107.5 2.18166156499 47.7156166557 100.620932296 6.09288948773
294 1.98398399353 108.62185 66.694881 0.38650919 81.5 108.5 2.18166156499 49.8323461421 102.85465467 5.86662629601
297 1.90812802315 110.08086 67.251857 0.35533208 97.5 62.5 6.19591884458 13.4483524377 -25.3590285096 6.62540818326
300 1.85812902451 111.50781 67.766864 0.33459052 98.5 63.5 6.19591884458 13.6897497928 -24.1706246611 5.33041867904
303 1.85382318497 112.87691 68.182524 0.30685182 100.5 63.5 6.19591884458 13.2330620855 -22.5813142219 4.8002950161
306 1.8584189415 114.36462 68.651393 0.28808498 101.5 63.5 6.19591884458 13.8576800939 -21.5060534951 5.066641399
309 1.87938499451 115.83449 69.001579 0.25083859 104.5 61.5 6.19591884458 13.5920694176 -19.371992546 7.11720965697
312 1.86274504662 117.19736 69.329841 0.23044123 21.5 18.5 2.70526034059 108.358928783 141.796690095 8.04089583506
315 1.9013698101 117.78731 69.484411 0.20147117 106.5 61.5 6.02138591938 13.8258520914 -26.5434477346 10.2295116013
318 1.86314702034 116.42938 69.228806 0.13415298 22.5 18.5 2.53072741539 106.752705752 137.313600437 12.1141661203
321 1.8622379303 114.80773 69.128985 0.0979988 104.5 61.5 5.84685299418 12.8238336656 -30.6149176373 6.00180274253
324 1.85755300522 113.35769 69.056433 0.067460522 89.5 120.5 2.70526034059 56.7065248258 151.134796806 5.66086952332
327 1.94510793686 111.81488 68.96352 0.032275621 100.5 63.5 5.67232006898 12.5648939592 -36.8492568645 4.77243086328
330 1.85632300377 110.29576 68.94659 -0.0039959963 28.5 14.5 2.35619449019 98.2597451483 135.228953723 6.54174271439
