243 5.4366569519 88.570925 51.559268 0.90792052 81.1534934929 40.8905323659 -1.11554510268 12.9938527848 -115.936040169 0
246 5.4967019558 89.47196 52.652014 0.8832857 103.634593514 121.469134058 -0.873575854809 70.2593495639 -100.660752279 0
249 5.50609207153 90.492516 53.754021 0.83763364 29.3366615571 15.5856383668 -0.263180677538 72.0892777428 -63.0720144225 0
252 5.54352092743 91.498687 54.898001 0.81217592 53.9617938992 65.1961310566 2.95605025952 38.9238978819 122.834951461 0
255 5.4885661602 92.568948 55.94073 0.78340538 37.5810740627 133.685093227 0.283895737713 95.2252712979 -28.6197943292 0
258 5.52780604362 93.547241 56.960456 0.75288469 85.5126885092 65.2235218513 -2.78496830821 11.5252891933 157.295954665 0
261 5.4704709053 94.620679 57.928363 0.72990952 56.206028165 98.2684905705 -2.78784424759 55.7046792575 158.447555751 0
264 5.46975302696 95.770396 58.899507 0.6896339 35.1725430218 138.988940627 1.19819264704 100.431156342 29.1382698397 0
267 5.43917989731 96.962501 59.840194 0.66858365 92.6147611312 89.6832999547 -0.937042575007 30.1581467433 -91.9956061684 0
270 5.47654795647 98.232224 60.772339 0.64204005 101.799046015 113.557134265 -0.264285819536 52.9051682773 -51.9286471879 0
273 5.49307179451 99.416545 61.686454 0.60185601 90.4388327968 38.5656217179 -1.71257949746 24.8026652161 -132.607386533 0
276 5.51061582565 100.66015 62.48684 0.57932353 112.609959011 111.100983692 1.77082249288 50.0612914564 68.2678618675 0
279 5.51792097092 101.84252 63.245661 0.55317695 107.502276389 111.882989098 -0.454980676483 48.9655238598 -57.7631770814 0
282 5.53539299965 103.2489 64.041483 0.52149049 107.546225379 116.533058882 2.92331681253 52.6671865968 137.614511405 0
285 5.52461886406 104.5021 64.838724 0.48902664 109.831459263 107.51536562 -0.655027862842 43.0081133059 -65.5494945458 0
288 5.54643702507 105.89753 65.50297 0.45749312 83.7017516901 106.210869294 2.23386203276 46.3657809131 101.77844156 0
291 5.50772213936 107.23441 66.106065 0.425495 83.2456730502 107.06086499 2.09271647725 47.4631977712 95.52475416 0
294 5.47599315643 108.62185 66.694881 0.38650919 99.886813389 118.654229463 2.99777487762 52.6884689211 149.614503088 0
297 5.45014595985 110.08086 67.251857 0.35533208 97.343554999 120.716584014 2.87159492004 54.9610405049 144.17124088 0
300 5.51033210754 111.50781 67.766864 0.33459052 95.766422738 54.3194878831 -0.540269224676 20.7032170776 -50.1257710358 0
303 5.46758079529 112.87691 68.182524 0.30685182 100.33410961 63.5766258603 -0.0716298699774 13.3617416266 -21.6854034587 0
306 5.51138305664 114.36462 68.651393 0.28808498 98.4799098797 53.7251772458 -0.575972196923 21.7971542259 -49.5068294957 0
309 5.45384001732 115.83449 69.001579 0.25083859 104.259497555 62.8708308094 -0.205460103753 13.0983404853 -26.1439893494 0
312 5.46055603027 117.19736 69.329841 0.23044123 89.0020852866 121.45371296 2.80081375566 59.2610457572 147.271497497 0
315 5.50122404099 117.78731 69.484411 0.20147117 86.3229768918 120.618594969 2.73186305331 60.0392290768 144.980775428 0
318 5.51835393906 116.42938 69.228806 0.13415298 87.2164518953 121.962893385 2.7431984204 60.2849827136 149.487292293 0
321 5.46647787094 114.80773 69.128985 0.0979988 125.211236934 117.066394567 -0.140444998366 49.0533198926 -13.6618232974 0
324 5.41502714157 113.35769 69.056433 0.067460522 91.4742759197 121.718187521 2.72420462111 57.0275740418 152.220224125 0
327 5.44206404686 111.81488 68.96352 0.032275621 99.3502418764 63.8177693325 -0.451294296602 13.4850270109 -27.7065153781 0
330 5.51222491264 110.29576 68.94659 -0.0039959963 95.919314301 121.298849498 2.33355552045 54.2903422852 133.931836304 0
