183 1.86142086983 57.788579 101.03213 -1.3093986 2.5 8.5 1.4835298642 107.791567621 160.02301348 0.0
186 1.85662412643 57.852229 100.87925 -1.1701135 16.5 70.5 0.436332312999 51.3118473048 92.0425651013 0.11039727803
189 1.85015583038 57.956865 100.8248 -1.0236231 17.5 69.5 0.436332312999 51.1664051959 83.6492834421 0.2745782341
192 1.88345599174 57.906072 100.67156 -0.85835482 28.5 76.5 4.79965544298 38.065488087 -35.8198914893 0.55304543299
195 8.41313314438 57.990597 100.53155 -0.72265365 48.5 59.5 2.70526034059 42.1148373714 -163.594995805 0.490543179872
198 1.87507200241 58.042848 100.37669 -0.56279892 47.5 58.5 2.70526034059 43.1834321159 -172.753997169 0.511389009433
201 1.86680603027 58.157277 100.32166 -0.41301063 45.5 73.5 6.02138591938 29.6581878443 8.66376599304 0.492359436608
204 1.84722614288 58.686264 100.08548 -0.29965148 57.5 102.5 5.84685299418 2.69019127723 -7.83123487115 0.469502456089
207 1.92129683495 59.980629 99.666017 -0.30408986 41.5 60.5 2.87979326579 43.3071649485 -177.576934429 4.65455573029
210 1.84488391876 61.363687 99.173884 -0.32636207 26.5 79.5 6.02138591938 40.0317172112 3.69916920415 6.74724096079
213 1.86209893227 62.885593 98.69498 -0.37512441 59.5 101.5 6.02138591938 4.39663247976 6.49304548534 6.95138504817
216 1.85244989395 64.287236 98.118834 -0.4012694 61.5 100.5 6.02138591938 3.66587452585 7.99104306775 7.41544085139
219 3.45231509209 66.572969 97.068508 -0.44319642 63.5 98.5 6.02138591938 3.39003065193 10.3932843613 6.35592862948
222 1.85231399536 67.896132 96.441291 -0.47211549 65.5 97.5 6.02138591938 2.61960174609 12.0502250198 6.8135906759
225 1.88820910454 69.150612 95.708615 -0.49267498 66.5 97.5 5.84685299418 3.19918805211 3.22819702569 7.53459841945
228 1.87734913826 70.465141 94.973778 -0.52461339 67.5 96.5 5.84685299418 3.33487852 5.05813312305 7.36923125579
231 1.85879588127 71.675984 94.192345 -0.54871183 68.5 95.5 5.84685299418 3.43465223382 6.4388720279 6.10384034763
234 1.86072897911 72.999296 93.402727 -0.58180979 70.5 94.5 5.84685299418 2.72955830349 8.33524544639 4.99167057954
237 1.86936783791 74.284244 92.44261 -0.63095882 71.5 94.5 5.84685299418 3.46191684817 11.1512774326 8.70673125643
240 1.97613310814 75.447368 91.599491 -0.66374929 73.5 93.5 5.67232006898 2.72106166533 3.0300329718 6.70945679233
243 1.91045498848 76.572595 90.665594 -0.69142624 73.5 92.5 5.84685299418 3.57853118009 14.6158053966 8.36892946931
246 1.84849786758 77.783785 89.658033 -0.71509647 74.5 91.5 5.84685299418 3.76511438808 15.9720096757 6.26008442974
249 1.8610098362 78.874801 88.696028 -0.74032963 76.5 90.5 5.67232006898 2.98228012876 7.41776324748 3.80599064578
252 1.87457799911 80.03236 87.613917 -0.7252394 77.5 89.5 5.67232006898 3.1575554235 6.5531567566 4.16305663114
255 1.86492800713 81.079285 86.604124 -0.70281223 79.5 88.5 5.67232006898 2.46748595104 5.26817456918 3.00973041945
258 1.88911509514 82.380517 85.593177 -0.66953842 80.5 88.5 5.84685299418 3.46207512059 13.3617256879 3.91700077209
261 1.89117002487 83.553536 84.670161 -0.64546431 81.5 87.5 5.84685299418 3.4964265857 11.9823807893 5.73791705753
264 1.91366386414 84.753159 83.736184 -0.60820056 82.5 85.5 5.67232006898 2.86142837778 -0.152674814507 5.41214160594
267 1.86549282074 85.938286 82.919631 -0.58097683 83.5 84.5 5.67232006898 2.90565049412 -1.71247964611 3.51966042855
270 1.89803481102 87.249998 82.030848 -0.55954063 85.5 83.5 5.67232006898 2.28492901402 -2.94068343491 4.76476840234
