183 11.9225409031 57.788579 101.03213 -1.3093986 123.350823341 87.6488032425 0.578966501826 66.9142833646 108.195350514 0
186 11.9060020447 57.852229 100.87925 -1.1701135 60.6663987598 38.0805320602 -1.04608630037 62.8617413561 7.10623508375 0
189 11.6120460033 57.956865 100.8248 -1.0236231 122.661181031 119.698973896 -2.77187068115 67.4009121108 -100.167207944 0
192 11.5493180752 57.906072 100.67156 -0.85835482 55.4375991808 122.773505196 -2.8310004187 22.2393646376 -113.02426728 0
195 11.5275559425 57.990597 100.53155 -0.72265365 10.5491188899 120.50623052 -3.08983809595 51.4750590788 -135.629678082 0
198 11.5397238731 58.042848 100.37669 -0.56279892 40.2149409369 49.3574040316 -2.68904484468 54.0444429241 -121.824917691 0
201 11.6884191036 58.157277 100.32166 -0.41301063 11.6242567581 140.02964083 0.486027305681 61.1722626228 51.5110793367 0
204 11.8473749161 58.686264 100.08548 -0.29965148 35.8158201177 9.81383492872 -1.98289086646 93.123719359 -96.4425127542 0
207 11.9188480377 59.980629 99.666017 -0.30408986 40.9218132862 108.596582223 -1.25993487509 21.0474096178 -54.7658852331 0
210 13.5217950344 61.363687 99.173884 -0.32636207 81.5858213126 134.259046923 -3.03995658316 40.495720434 -155.477512914 0
213 12.3722670078 62.885593 98.69498 -0.37512441 124.205336801 119.302314379 -2.11107173506 64.6898230797 -99.4624551831 0
216 12.4499738216 64.287236 98.118834 -0.4012694 120.981516185 101.111493043 3.10423133315 56.7732103534 -159.149602911 0
219 13.5306880474 66.572969 97.068508 -0.44319642 58.7571844678 135.958790165 1.98680566512 39.6678778701 139.228863686 0
222 11.7490751743 67.896132 96.441291 -0.47211549 20.7683676725 60.2120240653 -3.07064052636 59.443973228 -148.884517542 0
225 11.6039040089 69.150612 95.708615 -0.49267498 20.2429454762 60.1455916498 3.09609947333 60.4705587423 -154.3783702 0
228 11.6349711418 70.465141 94.973778 -0.52461339 67.7433556751 96.3868762932 -0.486693592403 3.06675107261 2.1726443623 0
231 11.6060540676 71.675984 94.192345 -0.54871183 66.9867774267 95.5383933018 0.247310314561 4.87857605431 45.6087092823 0
234 11.5845339298 72.999296 93.402727 -0.58180979 70.4310665608 94.8406887655 -0.368287157795 2.94338860692 12.2339456559 0
237 11.56584692 74.284244 92.44261 -0.63095882 71.373149678 92.8613100265 -0.556722004927 2.94105080942 4.25345618819 0
240 11.5943760872 75.447368 91.599491 -0.66374929 73.3070895207 92.786722783 -0.557153081762 2.44751124114 6.10751284411 0
243 11.6383612156 76.572595 90.665594 -0.69142624 74.0081480669 92.4163640404 -0.619641870747 3.10508998373 4.11294139322 0
246 11.6789939404 77.783785 89.658033 -0.71509647 75.3022661877 92.0531331449 -0.674595965003 3.44883173262 2.3205080045 0
249 11.6064870358 78.874801 88.696028 -0.74032963 76.7962927762 90.5590183282 -0.705792869525 2.79122363842 1.97881061329 0
252 11.624325037 80.03236 87.613917 -0.7252394 77.7808043667 89.1067676342 -0.690297468577 2.70150065443 2.00202519859 0
255 11.5561060905 81.079285 86.604124 -0.70281223 79.2414026032 87.9580658627 -0.696790805861 2.28275497412 0.345002189836 0
258 11.5912828445 82.380517 85.593177 -0.66953842 80.5618507236 87.6383025307 -0.619370504688 2.73680205012 2.87440981435 0
261 11.5306949615 83.553536 84.670161 -0.64546431 81.4104399935 86.6807568514 -0.598929203981 2.93859765372 2.6662651741 0
264 11.4795689583 84.753159 83.736184 -0.60820056 82.4296840915 85.4313156467 -0.558784150057 2.87610969018 2.83135172845 0
267 11.5136110783 85.938286 82.919631 -0.58097683 83.8682870203 84.2128952776 -0.543458012116 2.44078435507 2.14966991704 0
270 11.4905951023 87.249998 82.030848 -0.55954063 85.057389483 83.5357088908 -0.522835112368 2.65934924548 2.10307124513 0
