63 12.5028338432 52.707826 40.957156 -0.02058299 70.0549344337 116.626207408 -1.93575734046 77.6320005665 -109.731407313 0
66 11.3308188915 54.31159 40.951842 -0.027308534 93.1109781242 134.370397455 1.79812126242 101.155420132 104.589423132 0
69 11.2041931152 55.778879 40.909196 -0.015002614 130.168782275 46.8892347182 0.645093604923 74.6298772092 37.8207274168 0
72 11.2376101017 57.331901 40.836464 -0.018380323 112.721604833 75.2102222384 -1.40308875584 65.1887608882 -79.3379490579 0
75 11.2855930328 58.848313 40.76075 -0.022921269 70.2297663798 40.5233634322 1.9499322892 11.3839287339 113.036182482 0
78 11.201187849 60.388876 40.75568 -0.012358794 50.414338933 137.531885747 2.31836370025 97.2888759753 133.540562137 0
81 11.2496960163 61.86858 40.735896 -0.015077049 106.868429939 82.4240011815 0.571607215495 61.3423557434 33.6145322623 0
84 11.3101081848 63.333062 40.668539 -0.013920495 58.1529584438 119.596643734 -0.74400575012 79.0979088839 -41.8308038031 0
87 11.3202371597 64.876385 40.58717 -0.032109511 49.5838940444 74.8757222352 1.80363239841 37.5441752342 105.180263685 0
90 11.3359770775 66.44697 40.579857 -0.020157695 98.4491798385 42.3210328653 1.073417911 32.0495417743 62.6572668023 0
93 11.368060112 67.930314 40.55804 -0.02084507 133.974434714 113.847731025 0.387648167863 98.6570052831 23.4049384892 0
96 11.3158738613 69.414343 40.447992 -0.021831497 135.249963365 114.999936174 0.481199061462 99.4601492509 28.821527966 0
99 11.341105938 70.999462 40.351868 -0.031419309 69.5560047358 41.8679460699 -0.0746823100073 2.093337428 -2.47878736679 0
102 11.3245379925 72.481812 40.325422 -0.028226015 72.3169099958 41.3164451414 0.695647029764 1.00464896242 41.4748703683 0
105 11.2757339478 74.028193 40.279112 -0.026102315 72.5177051182 42.0510881597 1.27195756886e-05 2.3284057103 1.49628126303 0
108 11.3750720024 75.500101 40.224463 -0.026983514 73.8838961638 42.0193828399 0.00686574495702 2.41533751354 1.93941967788 0
111 11.623374939 77.104162 40.159206 -0.035689283 76.1094962949 41.8510605957 0.0036118352505 1.96258295059 2.2517882059 0
114 11.8152940273 78.584191 40.097894 -0.03659834 77.2078304098 41.4146624141 -0.00769915578521 1.9047959289 1.65580128688 0
117 11.5896930695 80.1084 40.071744 -0.024096447 78.9943598545 42.4261320545 -0.0221420551928 2.60465517045 0.111978402065 0
120 11.4976561069 80.881063 40.047709 -0.06972902 79.0824260106 41.8213610099 -0.0252545609482 2.52605155765 2.54819879979 0
123 11.8791120052 80.819811 40.085383 -0.20196514 79.5043239864 41.7259045829 -0.174248501352 2.10281172408 1.5880464168 0
126 12.443821907 80.673305 40.189426 -0.34415967 79.0643462944 41.9903966649 -0.333468867916 2.41500382035 0.612537839027 0
129 13.3891870975 80.559381 40.228255 -0.49611957 78.755258888 42.0111463984 -0.487524501374 2.53644600442 0.492461156884 0
132 12.3031291962 80.474435 40.358509 -0.64523249 79.3534223808 42.0007957825 -0.61714364475 1.98841021125 1.60937228421 0
135 11.6420698166 80.446897 40.445937 -0.81868337 78.7932172899 42.5598498796 -0.823890223435 2.68389348639 -0.29833072636 0
138 11.5136480331 80.377523 40.602704 -0.97166139 79.148264864 42.6572105593 -0.942430512473 2.39417475695 1.67480591376 0
141 11.4183578491 80.303277 40.677658 -1.1291983 79.7870907144 42.756865199 -1.08053192289 2.14232370521 2.78837801252 0
144 14.2501289845 80.24067 40.836497 -1.2914427 80.1302694908 42.8770493032 -1.23020758713 2.04353663403 3.50851352561 0
147 12.4062299728 80.334643 40.99259 -1.4510482 79.6817918038 42.7403476772 -1.35791105282 1.8657094047 5.33636544924 0
150 12.4715640545 80.305505 41.173119 -1.6076845 79.3960906618 42.8375929326 -1.50018512175 1.89670975926 6.15926067389 0
