183 4.92899703979 81.472606 41.653948 2.9566422 2.5 10.5 4.75602221168 84.8954708711 103.09688041 1.7763568394e-15
186 4.95791888237 81.600227 41.551467 2.7956666 23.5 92.5 0.567232006898 77.2747655597 -127.679897106 1.77534706664
189 4.89953494072 81.705618 41.391179 2.6371497 23.5 92.5 0.392699081699 77.4597027542 -128.597547754 0.623205041723
192 4.94714808464 81.817002 41.340993 2.4823985 87.5 135.5 2.57436064669 94.3303507122 5.26904288039 0.361473915079
195 4.95366096497 81.903012 41.262396 2.332631 21.5 100.5 4.66875574908 84.6027043677 133.850088539 0.293033698054
198 4.92887282372 81.909487 41.089487 2.1583794 95.5 48.5 5.27962098728 15.4795912907 178.833969792 0.316021993097
201 4.91575789452 81.924053 40.998223 1.9975831 117.5 61.5 3.53429173529 41.0605755574 88.0469191433 0.263983109089
204 4.93129301071 81.960862 40.844259 1.8446809 54.5 42.5 1.78896248329 27.5107328154 -3.19243011839 0.470972995763
207 4.90997099876 81.927588 40.703608 1.6857979 54.5 42.5 1.61442955809 27.4863531178 -4.08910478202 0.381134466741
210 4.92960381508 81.924928 40.686406 1.5459903 54.5 42.5 1.5271630955 27.4848285242 -1.07871935816 0.455064292869
213 4.90317392349 81.81851 40.588718 1.3660151 54.5 42.5 1.3526301703 27.385287793 -0.766899981141 3.15192814091
216 4.96122217178 81.824065 40.431016 1.2110526 54.5 42.5 1.1780972451 27.4022849944 -1.88820274835 5.53886680317
219 3.71982192993 82.277545 41.390368 1.1504821 55.5 43.5 1.1780972451 26.8605186734 1.58223126465 9.03540817131
222 3.71249914169 82.927041 42.739254 1.1137092 56.5 45.5 1.0908307825 26.5708527242 -1.31083676489 7.54078491471
225 3.70802283287 83.677797 44.09726 1.084748 74.5 77.5 4.23242343609 34.6406552663 -179.651482235 6.00795167699
228 3.7149438858 84.372874 45.412874 1.0478677 74.5 75.5 4.23242343609 31.6655773982 -177.538396698 7.16876859223
231 3.72607493401 85.159381 46.677356 1.0274995 73.5 74.5 4.23242343609 30.1668805887 -176.371384802 7.18929332204
234 3.69176912308 85.928298 47.908079 0.99952116 83.5 49.5 1.0035643199 2.9035915083 0.23165599798 5.60427893365
237 3.70029807091 86.76373 49.194484 0.95689161 71.5 72.5 4.14515697349 27.8590834296 -177.325850704 4.24795063311
240 3.70430707932 87.649962 50.387631 0.93226665 85.5 52.5 0.916297857297 3.0140403769 -0.9149444258 2.97558314315
243 3.7318341732 88.570925 51.559268 0.90792052 86.5 53.5 0.916297857297 2.8381633236 0.479986070677 2.42617077567
246 3.70230412483 89.47196 52.652014 0.8832857 87.5 54.5 0.916297857297 2.70253186804 1.89145728574 6.76003728981
249 3.71015286446 90.492516 53.754021 0.83763364 87.5 55.5 0.829031394697 3.46462042347 -0.492872350181 8.41423258938
252 3.87109780312 91.498687 54.898001 0.81217592 89.5 57.5 0.829031394697 3.28102857652 0.965747561845 8.59372557925
255 3.72254800797 92.568948 55.94073 0.78340538 90.5 58.5 0.829031394697 3.29095863839 2.61417807816 10.6935643528
258 3.80479598045 93.547241 56.960456 0.75288469 91.5 59.5 0.829031394697 3.26197477612 4.36288480298 10.410609894
261 3.73398017883 94.620679 57.928363 0.72990952 91.5 60.5 0.829031394697 4.04375497289 5.67926507758 11.1755449215
264 3.77756810188 95.770396 58.899507 0.6896339 92.5 61.5 0.829031394697 4.17828359974 7.98688812085 7.34687466882
267 3.85343909264 96.962501 59.840194 0.66858365 94.5 61.5 0.741764932098 2.96965774672 4.19297860355 5.18929889108
270 3.80075502396 98.232224 60.772339 0.64204005 95.5 62.5 0.654498469498 3.23262440087 0.713814856632 8.86866910576
