3 1.86077213287 58.425211 99.52669 -0.076600623 2.5 4.5 0.872664625997 110.261965508 54.388892406 0.0
6 1.85884404182 58.436309 99.5178 -0.082073852 30.5 86.5 0.407243492132 30.8204555025 28.0358186613 0.12050991137
9 1.8520860672 59.138497 99.506199 -0.079127672 80.5 139.5 4.24696784652 45.341128447 -112.132985018 4.51231422529
12 1.85556697845 60.588187 99.398001 -0.084356487 79.5 138.5 4.36332312999 43.4352736465 -105.16672932 4.79465017076
15 1.85359406471 62.026729 99.268445 -0.080345137 61.5 101.5 1.57079632679 2.29287617578 94.6034372545 5.97495764673
18 1.85414409637 63.612811 99.142137 -0.077882356 77.5 133.5 4.71238898038 37.0582887928 -85.5376697027 7.12764060071
21 1.85356998444 65.109709 99.045111 -0.075303117 77.5 132.5 4.59603369692 35.6756066391 -92.3521158784 6.49930526473
24 1.84942698479 66.576646 98.887554 -0.079079542 118.5 58.5 6.22500766545 65.7813743298 1.19759066909 6.67620965072
27 1.85120582581 68.114632 98.811042 -0.080004433 73.5 27.5 4.71238898038 71.5141028023 -85.4160836468 7.13867193755
30 1.85492897034 69.601579 98.673025 -0.074381156 74.5 25.5 4.71238898038 73.3367991935 -85.7382736859 7.56567771569
33 1.85343194008 71.154315 98.514904 -0.080273853 36.5 72.5 4.59603369692 43.3323987133 -92.0673136845 6.97707486299
36 1.84838199615 72.642873 98.438251 -0.077397051 36.5 70.5 4.71238898038 45.682087711 -85.5654756309 4.63707286414
39 1.84709596634 74.179887 98.27586 -0.078945335 71.5 98.5 6.22500766545 2.68924395925 1.18990117441 7.56042465042
42 1.85684490204 75.689674 98.17429 -0.079512997 73.5 98.5 0.0581776417331 2.21376584814 7.88909247787 6.88179805405
45 1.85598301888 77.259307 98.055637 -0.072379503 74.5 98.5 0.0581776417331 2.79485842146 7.48037337849 6.08294103247
48 1.85840797424 78.667542 97.976243 -0.066300397 76.5 98.5 0.0581776417331 2.22992370202 7.13206626148 7.44111847936
51 1.8529689312 80.25432 97.827625 -0.077582567 77.5 98.5 0.0581776417331 2.83520136904 7.77848698622 3.67942486987
54 1.85504508018 81.813353 97.68277 -0.074716444 79.5 99.5 6.22500766545 2.94175576408 0.947603568092 2.56281758344
57 1.85863685608 82.622729 97.654646 -0.085105116 80.5 98.5 0.0581776417331 2.28486362673 8.2094972951 5.56515208276
60 1.85479092598 81.436592 97.754867 -0.094486992 79.5 99.5 6.22500766545 2.60689043923 2.08037252715 4.01644960315
63 1.85579299927 79.890684 97.897701 -0.093381766 77.5 99.5 6.22500766545 2.87797360538 2.01704774194 6.81393939325
66 1.85602903366 78.411812 98.037468 -0.097953665 76.5 99.5 6.22500766545 2.40707809893 2.27899825901 2.68958213398
69 1.84890222549 76.931086 98.162597 -0.096433306 74.5 99.5 6.22500766545 2.77467582319 2.19188810496 1.39957078209
72 1.85567498207 75.443161 98.337547 -0.10164342 73.5 99.5 6.22500766545 2.26432587079 2.49040564794 6.24860856374
75 1.85378408432 73.912871 98.553041 -0.10292365 71.5 99.5 6.22500766545 2.59204124395 2.56375742375 3.0125133466
78 1.85105109215 72.413468 98.668417 -0.11145399 70.5 99.5 6.22500766545 2.08635808837 3.05250990356 4.90803673464
81 1.84876489639 70.926618 98.82512 -0.11572496 68.5 99.5 6.22500766545 2.51871751737 3.29721845899 2.57798764869
84 1.85529088974 69.460294 99.048845 -0.12091472 67.5 98.5 0.0581776417331 2.03567762685 10.2612364703 7.86608414615
87 1.85248398781 67.984026 99.205817 -0.12024712 65.5 98.5 0.0581776417331 2.5823560572 10.2229858079 3.45126266936
90 1.85440778732 66.409271 99.378533 -0.12589377 64.5 98.5 0.0581776417331 2.10169835693 10.5465150213 7.1354474845
