183 0.930053949356 57.788579 101.03213 -1.3093986 2.5 2.5 0.523598775598 112.984103352 105.02301348 0.0
186 0.929155111313 57.852229 100.87925 -1.1701135 42.5 142.5 3.31612557879 44.3618954265 -102.957434899 0.102920558608
189 0.934176921844 57.956865 100.8248 -1.0236231 42.5 142.5 4.01425727959 44.449262881 -71.3507165579 0.346218287063
192 0.935835123062 57.906072 100.67156 -0.85835482 48.5 97.5 0.523598775598 9.92637815635 79.1801085107 1.98265692336
195 2.41899394989 57.990597 100.53155 -0.72265365 48.5 97.5 0.523598775598 9.96301795737 71.4050041947 2.7898904229
198 0.92667388916 58.042848 100.37669 -0.56279892 120.5 103.5 1.91986217719 62.5351972997 142.246002831 0.64696472481
201 0.926544189453 58.157277 100.32166 -0.41301063 59.5 103.5 5.41052068118 3.45032610203 -26.336234007 0.660018596811
204 0.928512096405 58.686264 100.08548 -0.29965148 16.5 69.5 1.91986217719 52.107124821 127.168765129 0.656720200382
207 0.926126003265 59.980629 99.666017 -0.30408986 46.5 98.5 2.26892802759 13.5309627847 147.423065571 4.7413023635
210 0.930178165436 61.363687 99.173884 -0.32636207 100.5 93.5 5.41052068118 39.5454669321 -31.3008307958 6.75366182911
213 0.929595947266 62.885593 98.69498 -0.37512441 59.5 101.5 6.10865238198 4.39663247976 11.4930454853 4.01210439442
216 0.926074028015 64.287236 98.118834 -0.4012694 61.5 100.5 6.10865238198 3.66587452585 12.9910430677 4.07140200622
219 1.72804307938 66.572969 97.068508 -0.44319642 63.5 97.5 6.10865238198 3.10311518011 15.3932843613 7.54173743222
222 0.929693937302 67.896132 96.441291 -0.47211549 65.5 96.5 6.10865238198 2.39685112348 17.0502250198 6.11767413307
225 0.927434921265 69.150612 95.708615 -0.49267498 66.5 98.5 5.75958653158 3.84936023162 -1.77180297431 7.04469227248
228 0.992141962051 70.465141 94.973778 -0.52461339 67.5 97.5 5.75958653158 3.89536374979 0.0581331230507 6.28807724827
231 0.924842834473 71.675984 94.192345 -0.54871183 68.5 96.5 5.75958653158 3.92583060858 1.4388720279 5.59188800033
234 0.923089981079 72.999296 93.402727 -0.58180979 70.5 95.5 5.75958653158 3.26267291222 3.33524544639 6.61467281524
237 0.924421072006 74.284244 92.44261 -0.63095882 71.5 94.5 5.75958653158 3.46191684817 6.15127743255 8.95506201361
240 0.921458959579 75.447368 91.599491 -0.66374929 72.5 93.5 5.75958653158 3.5069805512 8.0300329718 8.65496615155
243 0.926328897476 76.572595 90.665594 -0.69142624 73.5 92.5 5.75958653158 3.57853118009 9.6158053966 9.00970475845
246 0.924443006516 77.783785 89.658033 -0.71509647 74.5 91.5 5.75958653158 3.76511438808 10.9720096757 5.75081376871
249 0.923209905624 78.874801 88.696028 -0.74032963 75.5 91.5 5.75958653158 4.38765777681 12.4177632475 3.4982713401
252 0.927218914032 80.03236 87.613917 -0.7252394 77.5 90.5 5.75958653158 3.83957318624 11.5531567566 4.15764038627
255 0.944310903549 81.079285 86.604124 -0.70281223 78.5 89.5 5.75958653158 3.87799031956 10.2681745692 3.27151205958
258 0.92138004303 82.380517 85.593177 -0.66953842 80.5 88.5 5.75958653158 3.46207512059 8.36172568786 4.46198238575
261 0.923866987228 83.553536 84.670161 -0.64546431 81.5 87.5 5.75958653158 3.4964265857 6.98238078932 6.85369211178
264 0.925333023071 84.753159 83.736184 -0.60820056 82.5 85.5 5.75958653158 2.86142837778 4.84732518549 6.05624468424
267 0.933103084564 85.938286 82.919631 -0.58097683 83.5 84.5 5.75958653158 2.90565049412 3.28752035389 4.52220188369
270 0.928550958633 87.249998 82.030848 -0.55954063 85.5 83.5 5.75958653158 2.28492901402 2.05931656509 7.80418536646
