123 5.11078906059 58.21235 101.09089 -1.0276822 5.5 9.5 2.22529479629 105.676312263 -173.618147259 0.0
126 5.09693598747 58.152327 101.12822 -1.1869287 30.5 61.5 2.74889357189 48.3223241254 -134.493994907 0.275356453053
129 5.09212803841 58.049715 101.26081 -1.3398137 97.5 98.5 4.58148928649 39.5467705184 -20.7343296562 0.209234805079
132 5.09510707855 58.024835 101.49733 -1.4943786 88.5 40.5 0.829031394697 68.1865818831 133.121586775 0.141085789863
135 5.10061717033 58.064001 101.65215 -1.6522241 101.5 94.5 3.62155819789 44.0208957059 -57.8345322602 0.127750258653
138 5.09553790092 58.104403 101.68885 -1.8037565 101.5 94.5 3.44702527269 43.9870140304 -59.1523652807 0.126013215825
141 5.09407806396 58.177183 101.78616 -1.9584038 99.5 98.5 3.62155819789 41.4532755324 -40.2917276776 0.152733885246
144 5.11044812202 58.164815 101.89412 -2.1101089 99.5 98.5 3.44702527269 41.4743001093 -41.599665717 0.169966158401
147 5.11584615707 58.333441 101.96561 -2.2758326 54.5 72.5 3.70882466049 29.7139267444 -17.1043971417 1.61579817876
150 5.09315299988 58.547547 101.97367 -2.4518694 54.5 72.5 3.53429173529 29.750291763 -17.0182314627 3.21089837653
153 5.09834885597 58.609003 102.09152 -2.5989269 95.5 110.5 6.15228561328 37.8371272108 141.407542633 6.5518173402
156 3.87117791176 58.561869 102.14088 -2.6173282 32.5 65.5 1.61442955809 44.9641535331 -117.538140539 7.12016493671
159 3.8621199131 58.51155 102.01626 -2.5045701 94.5 111.5 5.97775268808 37.2170640673 126.001296225 9.72323779407
162 5.09376883507 58.437648 101.90068 -2.3721379 91.5 98.5 4.40695636129 33.2367830007 28.413490093 8.48554184002
165 5.09926390648 58.147744 101.95537 -2.2082701 91.5 98.5 4.58148928649 33.5307703778 29.0245567549 9.23385617107
168 5.10086297989 58.037351 101.82492 -2.0566813 92.5 98.5 4.58148928649 34.6226698726 20.3391582935 7.4153126152
171 5.09749412537 57.944091 101.71587 -1.9011295 92.5 98.5 4.75602221168 34.7052253511 21.4266966578 3.57286652379
174 5.09079003334 57.908577 101.57431 -1.7585036 92.5 98.5 4.93055513688 34.7277688189 23.2548345386 2.64450687095
177 5.09262919426 57.841285 101.40683 -1.6171883 103.5 13.5 0.479965544298 99.0572007282 120.158064268 2.43006946675
180 5.11713695526 57.86028 101.30305 -1.4556073 103.5 13.5 0.654498469498 98.9563521507 120.900154918 2.27180694715
183 5.09330797195 57.788579 101.03213 -1.3093986 103.5 13.5 0.741764932098 98.7492166661 117.52301348 1.96866650077
186 5.11979603767 57.852229 100.87925 -1.1701135 103.5 13.5 0.916297857297 98.5842397538 119.542565101 2.18520262485
189 5.11725997925 57.956865 100.8248 -1.0236231 28.5 79.5 4.66875574908 36.3655605026 -33.8507165579 2.18707390815
192 5.09647393227 57.906072 100.67156 -0.85835482 28.5 79.5 4.84328867428 36.2346798427 -33.3198914893 2.26588396671
195 29.6240510941 57.990597 100.53155 -0.72265365 95.5 111.5 1.5271630955 39.0802022617 128.905004195 1.9851490664
198 4.963326931 58.042848 100.37669 -0.56279892 28.5 79.5 5.10508806208 36.1747985939 -35.2539971695 3.28974815612
201 4.92816901207 58.157277 100.32166 -0.41301063 95.5 111.5 1.87622894589 38.9799210647 131.163765993 2.96988710218
204 3.73527812958 58.686264 100.08548 -0.29965148 94.5 112.5 1.87622894589 37.9044059854 124.668765129 2.26251016392
207 3.73028707504 59.980629 99.666017 -0.30408986 94.5 113.5 1.96349540849 37.1882516378 129.923065571 6.16898908498
210 3.73696899414 61.363687 99.173884 -0.32636207 93.5 115.5 1.78896248329 36.0455916428 121.199169204 7.92389523395
