123 1.90906190872 58.21235 101.09089 -1.0276822 5.5 11.5 4.10152374219 103.947676326 -66.1181472593 0.0
126 1.90189194679 58.152327 101.12822 -1.1869287 51.5 106.5 5.32325421858 8.55040787819 13.0060050929 0.000261389772072
129 1.87825584412 58.049715 101.26081 -1.3398137 54.5 103.5 5.14872129338 4.19695704497 11.7656703438 0.0122476406268
132 1.951816082 58.024835 101.49733 -1.4943786 54.5 103.5 4.97418836818 4.05402872537 10.6215867747 0.0338054654015
135 1.92361998558 58.064001 101.65215 -1.6522241 24.5 79.5 4.79965544298 40.2151701818 9.6654677398 0.0609989193811
138 1.96552014351 58.104403 101.68885 -1.8037565 24.5 79.5 4.62512251778 40.2691068353 8.34763471929 0.0903550756187
141 1.92718291283 58.177183 101.78616 -1.9584038 44.5 58.5 1.308996939 45.3955612628 -172.791727678 0.116758445571
144 1.93100690842 58.164815 101.89412 -2.1101089 44.5 58.5 1.1344640138 45.4947999178 -174.099665717 0.136848443874
147 1.92968297005 58.333441 101.96561 -2.2758326 101.5 91.5 2.53072741539 44.4171229209 -84.6043971417 1.41420775165
150 1.92757105827 58.547547 101.97367 -2.4518694 101.5 91.5 2.35619449019 44.2109825947 -84.5182314627 2.92457176739
153 1.93184685707 58.609003 102.09152 -2.5989269 101.5 91.5 2.18166156499 44.1793834222 -86.092457367 6.37542105621
156 1.93153095245 58.561869 102.14088 -2.6173282 9.5 42.5 3.75245789179 77.2275958252 4.96185946057 6.76889184446
159 1.9269759655 58.51155 102.01626 -2.5045701 9.5 42.5 3.92699081699 77.0993984269 8.50129622466 9.40693702384
162 1.94446778297 58.437648 101.90068 -2.3721379 9.5 42.5 4.10152374219 76.9632001429 10.913490093 8.06021039582
165 1.9658370018 58.147744 101.95537 -2.2082701 9.5 42.5 4.27605666739 76.8215075231 11.5245567549 8.23586123054
168 1.9389359951 58.037351 101.82492 -2.0566813 9.5 43.5 4.45058959259 75.8793169125 12.8391582935 6.68304025312
171 1.87011599541 57.944091 101.71587 -1.9011295 9.5 43.5 4.62512251778 75.7358400803 13.9266966578 3.13744221239
174 1.87827515602 57.908577 101.57431 -1.7585036 9.5 43.5 4.79965544298 75.6043372376 15.7548345386 1.9188187532
177 1.9292781353 57.841285 101.40683 -1.6171883 103.5 14.5 0.436332312999 98.1708477915 117.658064268 1.75353573574
180 1.89837694168 57.86028 101.30305 -1.4556073 103.5 14.5 0.610865238198 98.0701459721 118.400154918 1.65974660374
183 1.8785071373 57.788579 101.03213 -1.3093986 9.5 42.5 5.14872129338 75.8801496057 10.0230134803 1.61860062829
186 1.87159895897 57.852229 100.87925 -1.1701135 9.5 42.5 5.32325421858 75.8028685462 12.0425651013 1.55322472633
189 1.87152886391 57.956865 100.8248 -1.0236231 47.5 86.5 0.959931088597 17.7354424999 113.649283442 1.60093887644
192 1.86865496635 57.906072 100.67156 -0.85835482 94.5 82.5 2.35619449019 40.8573268742 -175.819891489 1.65891027893
195 8.50633502007 57.990597 100.53155 -0.72265365 94.5 82.5 2.53072741539 40.7194462489 -173.594995805 1.43623986148
198 1.87310695648 58.042848 100.37669 -0.56279892 94.5 82.5 2.70526034059 40.6041866968 -172.753997169 1.75406594501
201 1.87682700157 58.157277 100.32166 -0.41301063 94.5 82.5 2.87979326579 40.4772168042 -171.336234007 1.78725508765
204 1.90593981743 58.686264 100.08548 -0.29965148 93.5 82.5 3.05432619099 39.0031450156 -167.831234871 1.61231719556
207 1.86427402496 59.980629 99.666017 -0.30408986 25.5 80.5 5.84685299418 39.4493343908 -7.57693442928 5.64485846916
210 1.86226201057 61.363687 99.173884 -0.32636207 27.5 79.5 5.84685299418 39.1638993064 -6.30083079585 7.5648055984
