243 1.01536297798 76.572595 90.665594 -0.69142624 7.5 3.5 2.61799387799 111.215395325 -170.384194603 4.58550724638
246 0.935024023056 77.783785 89.658033 -0.71509647 36.5 133.5 0.523598775598 60.2201708264 70.9720096757 4.16117894739
249 0.929208993912 78.874801 88.696028 -0.74032963 39.5 138.5 3.66519142919 63.4886649786 -107.582236753 2.77853887392
252 0.923417806625 80.03236 87.613917 -0.7252394 55.5 87.5 4.36332312999 24.5326244877 -68.4468432434 2.88625140382
255 0.929127931595 81.079285 86.604124 -0.70281223 103.5 38.5 4.36332312999 53.0725466406 -69.7318254308 2.13035222954
258 0.92240691185 82.380517 85.593177 -0.66953842 81.5 77.5 1.2217304764 8.14093509006 108.361725688 4.09660829924
261 0.92568898201 83.553536 84.670161 -0.64546431 77.5 129.5 1.2217304764 45.2367081348 106.982380789 6.56848689738
264 0.92987203598 84.753159 83.736184 -0.60820056 112.5 76.5 4.01425727959 28.674893973 -95.1526748145 5.99570859665
267 0.924127101898 85.938286 82.919631 -0.58097683 76.5 134.5 1.2217304764 52.4367782076 103.287520354 4.27566323729
270 0.924361944199 87.249998 82.030848 -0.55954063 110.5 73.5 4.01425727959 24.7656609159 -97.9406834349 7.77303513845
273 0.925139904022 88.578333 81.141585 -0.52544337 110.5 77.5 1.2217304764 22.2220751815 100.105687474 6.37912230579
276 0.945105075836 89.874585 80.458812 -0.49549775 108.5 70.5 4.01425727959 21.1207012283 -101.610070167 3.38761116951
279 0.943230867386 91.229191 79.664539 -0.46697991 107.5 69.5 4.01425727959 19.1848137493 -103.24402204 4.99205909422
282 0.988587141037 92.640842 79.007823 -0.44436504 102.5 57.5 0.872664625997 23.659869963 75.4602413552 3.63368821202
285 0.924553155899 93.942666 78.269838 -0.40450827 28.5 39.5 6.10865238198 76.064728171 13.1766166491 4.51916157281
288 0.930078983307 95.385584 77.620959 -0.38607018 92.5 79.5 6.10865238198 3.44345612731 12.1201919099 3.56122516207
291 0.93036198616 96.747733 77.074345 -0.36376533 94.5 78.5 6.10865238198 2.66172797602 10.8422181422 6.10509620583
294 0.937051057816 98.250871 76.540386 -0.33417824 96.5 78.5 6.10865238198 2.62785773733 9.14700275711 8.61229839901
297 0.926161050797 99.752933 76.027378 -0.30758365 97.5 78.5 6.10865238198 3.34508096425 7.62324499223 7.06878195469
300 0.931529045105 100.00981 75.897783 -0.33361957 98.5 78.5 6.10865238198 3.00849788951 9.11499332397 7.61112969871
303 0.935076951981 98.714105 76.429985 -0.36219797 97.5 78.5 6.10865238198 2.39979437687 10.7524150292 6.13534233258
306 0.935976982117 97.284888 77.028291 -0.39087517 95.5 78.5 6.10865238198 2.31338551764 12.3954975575 9.25780446307
309 0.92408490181 95.817851 77.649213 -0.42317241 93.5 80.5 5.75958653158 3.67415565505 -5.75400690062 3.67767032014
312 0.923613071442 94.571565 78.35291 -0.46228827 93.5 78.5 6.10865238198 1.08161315512 16.4871667894 2.56673233998
315 0.924170970917 93.13187 79.138887 -0.4938927 91.5 79.5 6.10865238198 1.67134744912 18.2979672423 3.68580076174
318 0.924699068069 91.836662 79.862922 -0.52529077 89.5 79.5 6.10865238198 2.36467792317 20.0969441382 6.62456457845
321 0.924644947052 90.529269 80.702102 -0.55721841 88.5 79.5 6.10865238198 2.35859744186 21.92626316 3.23374903736
324 0.921364784241 89.308886 81.573217 -0.59808232 86.5 79.5 6.10865238198 3.49114154541 24.2675927374 4.9004850734
327 0.964473962784 88.100372 82.484783 -0.6409076 85.5 80.5 6.10865238198 3.27128386042 26.7213005379 6.19165658411
330 0.940997123718 86.96204 83.432583 -0.67310863 83.5 80.5 6.10865238198 4.53715373483 28.5662836528 4.96407371756
