123 5.5789680481 58.21235 101.09089 -1.0276822 105.866959803 131.794517728 -1.4906933098 56.6892810952 -26.5285824594 0
126 5.61250591278 58.152327 101.12822 -1.1869287 95.3596333324 107.212224875 2.13344337944 37.7014424105 -169.756693435 0
129 5.52217102051 58.049715 101.26081 -1.3398137 125.533949293 29.7779633647 0.118987027343 98.3052350654 83.5831248274 0
132 5.45954799652 58.024835 101.49733 -1.4943786 60.7969844128 69.0470425926 -2.82851247928 32.5684811619 -76.440240588 0
135 5.50680017471 58.064001 101.65215 -1.6522241 99.7178587041 134.498501387 -0.260053763079 53.0464575733 79.7654846689 0
138 5.55622076988 58.104403 101.68885 -1.8037565 71.3395754401 126.000571133 -2.46234991774 27.6808521179 -37.7346232517 0
141 5.51304602623 58.177183 101.78616 -1.9584038 96.4721624205 112.870470042 0.677843123561 39.8668706814 151.045822474 0
144 5.54515790939 58.164815 101.89412 -2.1101089 29.5181265617 74.1304296828 -2.87114937919 39.8930477466 -43.6044074962 0
147 5.55747103691 58.333441 101.96561 -2.2758326 95.6211119477 34.2965451572 0.401181664285 77.2623630327 153.38161904 0
150 5.57465600967 58.547547 101.97367 -2.4518694 112.694219016 124.360107971 -2.09261495692 58.5919337067 20.5837633596 0
153 5.53936982155 58.609003 102.09152 -2.5989269 90.874112352 67.1000107768 3.1265408226 47.5966700433 -31.9548637564 0
156 5.57347202301 58.561869 102.14088 -2.6173282 108.977449653 110.513834364 0.562432399281 51.1061360046 -177.813137799 0
159 5.57984900475 58.51155 102.01626 -2.5045701 16.0459620061 31.0229321871 1.46937076949 82.7247167273 -132.309960143 0
162 5.57174897194 58.437648 101.90068 -2.3721379 93.0714164343 100.26088059 -1.91879241261 34.6725663611 25.9747830885 0
165 5.58099794388 58.147744 101.95537 -2.2082701 109.133996436 89.7029701032 -1.69322150913 52.4377654049 29.5101105012 0
168 5.54367995262 58.037351 101.82492 -2.0566813 108.005854188 113.664904986 2.37401091753 51.3520842355 -106.140035614 0
171 5.55587291718 57.944091 101.71587 -1.9011295 94.6920803302 78.6246161743 -1.30267570499 43.4006995687 34.2888766879 0
174 5.5869948864 57.908577 101.57431 -1.7585036 138.358224233 135.870988433 1.85782123194 87.45517647 -152.799849781 0
177 5.54631996155 57.841285 101.40683 -1.6171883 105.564822759 105.403191839 0.224814730232 47.890572811 105.538999483 0
180 5.58007693291 57.86028 101.30305 -1.4556073 40.2388046896 9.50814264479 0.963176955854 93.4709655907 138.586129413 0
183 5.58127999306 57.788579 101.03213 -1.3093986 97.9895280893 107.516123985 1.66057815503 40.7204922082 170.167133315 0
186 5.566229105 57.852229 100.87925 -1.1701135 10.9003388122 42.1328612849 -0.467130922678 75.2038441788 40.2779347518 0
189 5.52539896965 57.956865 100.8248 -1.0236231 99.8052015378 87.0382454929 3.0242388927 44.0607802491 -128.074591767 0
192 5.55406498909 57.906072 100.67156 -0.85835482 102.862101715 90.320819618 -2.52994868435 46.1322277174 -95.7752734872 0
195 5.53854012489 57.990597 100.53155 -0.72265365 39.3926618075 61.5752876579 2.06502315807 43.1679692491 159.722115749 0
198 5.52477097511 58.042848 100.37669 -0.56279892 102.506524481 91.8170335144 -2.05188921516 45.2800866313 -85.3185892265 0
201 5.55219602585 58.157277 100.32166 -0.41301063 100.957652357 97.1139216865 -1.2134039625 42.9204114119 -45.8591599024 0
204 5.52486681938 58.686264 100.08548 -0.29965148 93.0244868391 50.3145521359 0.430898306415 60.467005947 41.8574194858 0
207 5.54281497002 59.980629 99.666017 -0.30408986 58.1038836373 105.366062932 -0.25531112238 6.00105797165 2.7948157956 0
210 5.59778690338 61.363687 99.173884 -0.32636207 25.7804071336 77.8104522418 -0.175372642754 41.5038073259 8.65105693228 0
