243 2.80655097961 88.570925 51.559268 0.90792052 4.5 3.5 0.174532925199 96.8380796539 -42.0200139293 0.0
246 2.80262804031 89.47196 52.652014 0.8832857 19.5 69.5 0.872664625997 71.9717293005 -0.608542714259 4.86350170722
249 2.78519105911 90.492516 53.754021 0.83763364 20.5 70.5 6.10865238198 71.9679102703 -57.9928723502 6.28766552378
252 2.77978801727 91.498687 54.898001 0.81217592 22.5 69.5 0.174532925199 70.5268543359 -36.5342524382 7.03507542823
255 2.77312707901 92.568948 55.94073 0.78340538 26.5 68.5 1.80350689373 67.2520717358 58.4475114115 9.97369249833
258 2.77102184296 93.547241 56.960456 0.75288469 25.5 69.5 1.80350689373 69.1929705349 60.1962181363 10.5413072981
261 2.80200600624 94.620679 57.928363 0.72990952 25.5 70.5 1.80350689373 70.2546391513 61.5125984109 10.0342065
264 2.78301596642 95.770396 58.899507 0.6896339 24.5 71.5 1.80350689373 72.375698752 63.8202214542 9.03548240449
267 2.79193902016 96.962501 59.840194 0.66858365 34.5 140.5 2.38528331106 102.017490339 98.3596452702 7.35998394424
270 2.77729392052 98.232224 60.772339 0.64204005 51.5 93.5 2.26892802759 57.0526121621 93.2138148566 10.7615752018
273 2.79655504227 99.416545 61.686454 0.60185601 52.5 85.5 4.59603369692 52.6141346772 -131.150475914 6.82203744805
276 2.7763710022 100.66015 62.48684 0.57932353 51.5 84.5 4.47967841345 53.8637128428 -136.526126575 5.26747484756
279 2.81628203392 101.84252 63.245661 0.55317695 106.5 111.5 5.64323124811 48.4785865334 -68.3613712256 3.79320235461
282 2.77109599113 103.2489 64.041483 0.52149049 107.5 110.5 5.64323124811 46.6526060692 -66.5458707999 5.73801681344
285 2.81949305534 104.5021 64.838724 0.48902664 85.5 104.5 2.15257274413 43.9783653443 95.3141707919 7.8244522491
288 2.83609390259 105.89753 65.50297 0.45749312 84.5 106.5 2.15257274413 46.2451160548 97.1209084011 6.98387897107
291 2.87216997147 107.23441 66.106065 0.425495 83.5 107.5 2.15257274413 47.7156166557 98.9542656294 6.18872023497
294 2.81953406334 108.62185 66.694881 0.38650919 82.5 108.5 2.15257274413 49.2952231157 101.187988003 5.74335483738
297 2.80004310608 110.08086 67.251857 0.35533208 97.5 62.5 6.22500766545 13.4483524377 -23.6923618429 6.37222487606
300 2.82850003242 111.50781 67.766864 0.33459052 98.5 62.5 6.22500766545 14.0336373542 -22.5039579944 5.12470325804
303 2.805727005 112.87691 68.182524 0.30685182 100.5 62.5 6.22500766545 13.6190667874 -20.9146475552 4.80263906548
306 2.80848503113 114.36462 68.651393 0.28808498 101.5 62.5 6.22500766545 14.259666321 -19.8393868284 5.30996898836
309 2.90283989906 115.83449 69.001579 0.25083859 104.5 61.5 6.22500766545 13.5920694176 -17.7053258793 7.35721410789
312 2.88993906975 117.19736 69.329841 0.23044123 105.5 61.5 6.10865238198 14.076030728 -23.2033099048 7.68528781505
315 2.79736113548 117.78731 69.484411 0.20147117 106.5 61.5 6.10865238198 13.8258520914 -21.5434477346 9.83909076375
318 2.7847700119 116.42938 69.228806 0.13415298 104.5 60.5 5.99229709851 14.7818186083 -24.3530662298 11.5045965355
321 2.77193403244 114.80773 69.128985 0.0979988 104.5 61.5 5.87594181505 12.8238336656 -28.9482509707 8.06724839859
324 2.76693511009 113.35769 69.056433 0.067460522 101.5 61.5 5.87594181505 14.0607429327 -27.1985365277 7.03205229943
327 2.79922509193 111.81488 68.96352 0.032275621 100.5 62.5 5.87594181505 13.0308710455 -25.1825901978 6.34426189456
330 2.80739402771 110.29576 68.94659 -0.0039959963 109.5 70.5 0.174532925199 1.74537004836 10.2289537229 7.26446967271
