3 11.2948679924 58.425211 99.52669 -0.076600623 111.737348793 30.5162709571 -0.358726296216 87.204483672 -16.1646103676 0
6 11.3501880169 58.436309 99.5178 -0.082073852 37.9444315159 40.252307649 -1.54034277496 62.7081783058 -83.5526546808 0
9 11.4215650558 59.138497 99.506199 -0.079127672 108.493024758 25.800476528 -3.12048720327 88.7040187104 -174.257065124 0
12 11.3062999249 60.588187 99.398001 -0.084356487 93.0147214584 63.6400744042 1.26693246656 48.2712072712 77.4231539416 0
15 11.2276539803 62.026729 99.268445 -0.080345137 80.9511821253 86.123007012 -1.81223048088 23.0420803312 -99.2297208046 0
18 11.2949099541 63.612811 99.142137 -0.077882356 17.8866926668 74.738525344 -2.32701635888 51.8306295512 -128.865885925 0
21 11.3474948406 65.109709 99.045111 -0.075303117 101.65962753 123.73283386 -1.23008543583 44.1064644305 -66.1641531253 0
24 11.3480579853 66.576646 98.887554 -0.079079542 88.1720382255 10.0907055434 0.086235096318 91.3851260392 9.47183106735 0
27 11.3216512203 68.114632 98.811042 -0.080004433 12.609848701 113.372582675 0.188344719271 57.3830936418 15.375273861 0
30 11.3336229324 69.601579 98.673025 -0.074381156 101.227266693 127.128491264 0.815078199763 42.5428922664 50.9622671337 0
33 11.3194711208 71.154315 98.514904 -0.080273853 92.6681953181 11.5157161138 0.100376313756 89.6197843068 10.3504921235 0
36 11.3764560223 72.642873 98.438251 -0.077397051 64.6539867011 21.3476894497 3.05569005811 77.503399825 179.512668199 0
39 11.3228199482 74.179887 98.27586 -0.078945335 95.6715005617 11.4394740882 0.194921549991 89.4563992776 15.6914166584 0
42 11.329362154 75.689674 98.17429 -0.079512997 61.9673897372 23.605372527 3.05866860715 75.8210032807 179.804561264 0
45 11.3019058704 77.259307 98.055637 -0.072379503 98.1989129855 12.3702826686 0.111677578511 88.2068423974 10.5456939601 0
48 11.3631839752 78.667542 97.976243 -0.066300397 77.1762922519 98.8225243679 0.0661698548414 1.71464805857 7.58998634155 0
51 11.3643670082 80.25432 97.827625 -0.077582567 78.2094664482 98.2304669811 0.0980786588099 2.08415635447 10.064646863 0
54 11.4386370182 81.813353 97.68277 -0.074716444 78.6219479092 99.1681590339 -0.00934096078716 3.52014872348 3.74573927172 0
57 11.3961360455 82.622729 97.654646 -0.085105116 80.2727595382 98.6925641601 0.0429361867886 2.56897461613 7.33622625314 0
60 11.3667969704 81.436592 97.754867 -0.094486992 78.8761222194 98.8251669359 0.00950762699395 2.77516620224 5.95845276042 0
63 11.4371199608 79.890684 97.897701 -0.093381766 77.2681347681 98.6450626423 0.045349079056 2.72696056044 7.94869190999 0
66 11.3938939571 78.411812 98.037468 -0.097953665 75.2893787892 98.797833791 0.0237698727829 3.21368095677 6.97424498236 0
69 11.3651239872 76.931086 98.162597 -0.096433306 74.8313076801 98.3170759986 0.0506772108255 2.10545309935 8.42881173609 0
72 11.372977972 75.443161 98.337547 -0.10164342 72.819156139 98.4840601423 0.0447528761702 2.62809200973 8.3878899069 0
75 11.3136620522 73.912871 98.553041 -0.10292365 71.788019191 98.5479017208 0.0486122400805 2.12485802407 8.68236694637 0
78 11.2545571327 72.413468 98.668417 -0.11145399 69.9504308572 98.6898044789 0.0325636852369 2.46312999877 8.25160496636 0
81 11.2850601673 70.926618 98.82512 -0.11572496 69.0393862141 98.7808342505 0.0131891729121 1.88775131869 7.38623573545 0
84 11.3131279945 69.460294 99.048845 -0.12091472 66.9189436999 98.6402012307 0.0330406448494 2.57399515884 8.82099263927 0
87 11.3062889576 67.984026 99.205817 -0.12024712 65.5959270336 98.809522644 0.0166648557642 2.42075729682 7.84447837609 0
90 11.3177278042 66.409271 99.378533 -0.12589377 63.9136601001 98.4688391044 0.0339574955586 2.65624109358 9.15880286633 0
