3 11.4923961163 31.520043 41.394881 -0.0070850614 61.7013726849 135.531435004 -0.903481100176 98.8564791063 -51.3597097941 0
6 11.5320379734 31.529937 41.402987 -0.0081764059 148.088711333 38.2476222433 -2.17267118007 116.60147598 -124.016415338 0
9 11.489508152 31.522543 41.401068 -0.0068718684 69.3310305598 18.1248210635 1.88772295858 44.3989347058 108.552287473 0
12 11.4806439877 31.528168 41.375423 -0.0049451513 53.7014190786 123.570860548 -1.86374856791 85.1336773385 -106.501590717 0
15 11.4714081287 31.523843 41.397689 -0.0081913964 23.5881785104 80.568657607 -1.90168873583 39.9667305706 -108.489406068 0
18 11.4907047749 31.52518 41.394772 -0.0077822512 80.8711374896 21.4391505684 2.32008516305 53.2282852183 133.376978103 0
21 11.4227409363 31.646202 41.400982 -0.0069641742 25.4311548899 52.0246609681 -1.84517467671 12.3081016164 -105.32170365 0
24 11.588778019 32.968315 41.348607 -0.0066445448 8.65380332724 15.9544698293 -0.234422160231 35.1576119856 -13.0506960317 0
27 11.4287910461 34.520488 41.363888 -0.010157874 79.8032295208 50.8095141782 -2.9832007275 46.2573943661 -170.342807817 0
30 11.5690557957 35.981317 41.339656 -0.012968194 133.587380728 27.2810764262 3.0553592444 98.613322305 175.802212384 0
33 11.516201973 37.47125 41.3168 -0.01805047 9.76492200185 126.013215364 -3.08066977203 89.1129810225 -175.475160262 0
36 11.4698522091 39.051821 41.275587 -0.019803098 36.943033555 40.1123827803 0.234883307053 2.40832484211 14.5924561089 0
39 11.5521719456 40.609584 41.247017 -0.013659721 39.1115636573 40.9844610378 3.03200962696 1.5208552135 174.50399943 0
42 11.5879859924 42.081473 41.279186 -0.014178183 80.5421667967 28.9747035928 -1.36009070214 40.3810011594 -77.1151069408 0
45 11.5288820267 43.552295 41.213208 -0.0092852628 124.539776491 88.8065845 2.45808184098 93.936689557 141.369721556 0
48 11.6075689793 45.079977 41.189892 -0.010404952 41.0480184246 93.396721859 -2.90026587862 52.3622934361 -165.576834475 0
51 11.6158359051 46.640834 41.096545 -0.012029947 38.5942364197 96.3644709798 -3.05199862433 55.8506166011 -174.177375063 0
54 11.5402030945 48.21014 41.103056 -0.013219293 46.6046586855 41.7439564103 0.251511703842 1.72867683131 15.1679688253 0
57 11.4938428402 49.69993 40.993437 -0.019411138 36.0158310801 95.9372255378 -3.02589486852 56.6222082061 -172.258828933 0
60 11.5279619694 51.221815 41.026894 -0.026800957 34.5274481376 96.3667129719 -3.07952314071 57.8030920348 -174.908097152 0
63 11.6266958714 52.707826 40.957156 -0.02058299 50.7343217502 41.2909185633 0.091220114706 2.00152853409 6.40584603611 0
66 11.4967339039 54.31159 40.951842 -0.027308534 52.2857593846 40.6692454391 0.115205008767 2.04544628343 8.16542452398 0
69 11.3879621029 55.778879 40.909196 -0.015002614 54.2575280366 41.7625028191 0.0880271913152 1.74431685236 5.90317300862 0
72 11.3699569702 57.331901 40.836464 -0.018380323 55.879178452 41.9503931926 0.106286267768 1.83063951874 7.14286949727 0
75 11.4108350277 58.848313 40.76075 -0.022921269 57.0800817822 41.4644868018 0.0929580308401 1.90312562013 6.63939481377 0
78 11.4746589661 60.388876 40.75568 -0.012358794 58.2819478766 41.8948780014 0.084027574619 2.39518646533 5.52253212446 0
81 11.5904800892 61.86858 40.735896 -0.015077049 59.9114635653 41.502724125 0.0828447111551 2.10198242434 5.61050357938 0
84 11.6221909523 63.333062 40.668539 -0.013920495 61.2255799487 41.4311744705 0.0719216933972 2.24122588278 4.91839509933 0
87 11.6975209713 64.876385 40.58717 -0.032109511 63.0516162928 41.7942787664 0.0644910772683 2.18789680022 5.53480600625 0
90 11.651966095 66.44697 40.579857 -0.020157695 64.7849491485 41.5147080112 0.0685351156509 1.90689793229 5.08172372345 0
