243 0.947585105896 88.570925 51.559268 0.90792052 7.5 8.5 3.31612557879 91.7964892632 137.979986071 1.7763568394e-15
246 0.933768033981 89.47196 52.652014 0.8832857 41.5 141.5 3.31612557879 100.97164732 139.391457286 4.8942784608
249 0.945419073105 90.492516 53.754021 0.83763364 20.5 70.5 0.174532925199 71.9679102703 -37.9928723502 6.20413956821
252 0.972989082336 91.498687 54.898001 0.81217592 22.5 69.5 0.174532925199 70.5268543359 -36.5342524382 6.29359950285
255 0.92681312561 92.568948 55.94073 0.78340538 22.5 71.5 6.10865238198 71.7756808171 -54.8858219218 7.82121238448
258 0.925209999084 93.547241 56.960456 0.75288469 24.5 71.5 4.71238898038 70.5614613613 -133.137115197 7.92527692531
261 0.926862001419 94.620679 57.928363 0.72990952 25.5 70.5 1.91986217719 70.2546391513 68.1792650776 7.85776016008
264 0.93546295166 95.770396 58.899507 0.6896339 23.5 69.5 4.71238898038 73.0436895963 -129.513111879 7.41338913708
267 0.95192193985 96.962501 59.840194 0.66858365 52.5 94.5 3.66519142919 56.3756698154 171.692978604 5.67982579366
270 1.01664400101 98.232224 60.772339 0.64204005 51.5 92.5 3.66519142919 56.4849115474 173.213814857 7.07739939131
273 0.937529087067 99.416545 61.686454 0.60185601 51.5 84.5 4.36332312999 53.0702663064 -144.483809248 4.60927684005
276 0.925364017487 100.66015 62.48684 0.57932353 51.5 83.5 4.36332312999 53.4628211116 -143.192793242 3.73633179461
279 0.925402879715 101.84252 63.245661 0.55317695 106.5 111.5 5.75958653158 48.4785865334 -61.6947045589 2.97567513582
282 0.924568891525 103.2489 64.041483 0.52149049 107.5 110.5 5.75958653158 46.6526060692 -59.8792041332 5.15661083005
285 0.935043096542 104.5021 64.838724 0.48902664 110.5 116.5 0.174532925199 52.0082901311 -18.0191625415 7.15508882511
288 0.976778030396 105.89753 65.50297 0.45749312 104.5 115.5 2.26892802759 50.0165582475 103.787575068 6.17090672381
291 0.949691057205 107.23441 66.106065 0.425495 83.5 107.5 2.26892802759 47.7156166557 105.620932296 4.5000796424
294 0.94275188446 108.62185 66.694881 0.38650919 82.5 108.5 2.26892802759 49.2952231157 107.85465467 4.26806053329
297 0.941776990891 110.08086 67.251857 0.35533208 102.5 119.5 1.91986217719 52.7952449117 89.6409714904 8.22808226137
300 0.9388859272 111.50781 67.766864 0.33459052 101.5 120.5 1.91986217719 53.6743876853 90.8293753389 4.63552426861
303 0.937790155411 112.87691 68.182524 0.30685182 100.5 62.5 0.174532925199 13.6190667874 -7.58131422191 4.22577833223
306 0.943383932114 114.36462 68.651393 0.28808498 101.5 62.5 0.174532925199 14.259666321 -6.50605349511 4.32874643624
309 1.06458878517 115.83449 69.001579 0.25083859 104.5 61.5 6.10865238198 13.5920694176 -24.371992546 4.23588028299
312 1.06346821785 117.19736 69.329841 0.23044123 134.5 105.5 5.75958653158 40.0956575336 -43.2033099048 6.95718012657
315 1.05348920822 117.78731 69.484411 0.20147117 134.5 104.5 5.75958653158 38.7995551528 -41.5434477346 8.04768334091
318 0.969907999039 116.42938 69.228806 0.13415298 104.5 61.5 5.75958653158 14.2142375585 -37.6863995631 8.96741601781
321 0.931779146194 114.80773 69.128985 0.0979988 104.5 62.5 5.75958653158 12.2553147607 -35.6149176373 4.91896648477
324 0.934617996216 113.35769 69.056433 0.067460522 103.5 63.5 5.41052068118 11.3158296125 -53.8652031943 6.48344705004
327 0.983819961548 111.81488 68.96352 0.032275621 101.5 62.5 5.75958653158 12.1726677522 -31.8492568645 5.12820818326
330 0.941676855087 110.29576 68.94659 -0.0039959963 104.5 121.5 1.57079632679 52.8720317049 90.2289537229 7.03297227693
