183 5.50217294693 57.788579 101.03213 -1.3093986 126.41660511 30.0361650543 -1.18699046258 98.743268157 7.01346965205 0
186 5.59704709053 57.852229 100.87925 -1.1701135 48.2703976441 70.2874644602 1.42320669984 32.057274286 148.586302377 0
189 5.59219479561 57.956865 100.8248 -1.0236231 7.87191931882 99.3427810285 -2.79837052394 50.1068674347 -101.685537094 0
192 5.67970895767 57.906072 100.67156 -0.85835482 106.58527306 116.544351758 0.631724548409 51.2016614381 85.3752589494 0
195 5.910187006 57.990597 100.53155 -0.72265365 100.831981757 34.5766231927 1.31475729539 78.6475468026 116.735048305 0
198 5.90761709213 58.042848 100.37669 -0.56279892 21.9226507522 66.4075460257 -1.77121673291 49.583983216 -69.2372405683 0
201 6.06314587593 58.157277 100.32166 -0.41301063 13.6130552199 79.5174888948 2.29669753208 49.1630067161 155.2548414 0
204 6.22783303261 58.686264 100.08548 -0.29965148 52.4093676408 16.5189024508 -0.159269421148 83.8019827402 8.04329949157 0
207 5.7315568924 59.980629 99.666017 -0.30408986 9.37257209953 128.213073403 2.77188649589 58.1043014975 176.240463075 0
210 6.03104186058 61.363687 99.173884 -0.32636207 68.4611361558 33.6781915858 -0.760325481363 65.879128025 -24.8642719342 0
213 5.65621399879 62.885593 98.69498 -0.37512441 89.8092974397 119.121673155 0.141039386539 33.7954975407 29.5740070791 0
216 6.05117702484 64.287236 98.118834 -0.4012694 121.119257241 117.392397696 0.831463042416 60.0112397458 70.6303662193 0
219 5.5577070713 66.572969 97.068508 -0.44319642 27.7577895466 90.8916172001 -1.69462101274 39.3035893521 -71.7013475426 0
222 5.58562397957 67.896132 96.441291 -0.47211549 122.686338436 112.88127644 -1.12155005488 57.2034950207 -37.2098596378 0
225 5.56826591492 69.150612 95.708615 -0.49267498 135.359734792 115.900206862 2.87225320395 69.21956604 -167.203816695 0
228 5.67534303665 70.465141 94.973778 -0.52461339 66.3857079128 94.3500987667 -0.0615037690055 4.12683293805 26.5342267349 0
231 5.84216380119 71.675984 94.192345 -0.54871183 70.22474468 96.0973008774 -0.448528628145 2.39477607694 5.7400746444 0
234 6.06171298027 72.999296 93.402727 -0.58180979 70.5375374744 94.9960955609 -0.335351191842 2.93241852564 14.1210374991 0
237 6.35991287231 74.284244 92.44261 -0.63095882 72.4318922949 94.190251727 -0.453899504244 2.54665632654 10.1447515163 0
240 5.52086091042 75.447368 91.599491 -0.66374929 73.8042069126 92.9843925257 -0.550360683658 2.14893708495 6.49668858824 0
243 5.6444208622 76.572595 90.665594 -0.69142624 73.6834279244 93.3255203133 -0.626062068054 3.92714837797 3.74509118389 0
246 5.74262213707 77.783785 89.658033 -0.71509647 74.9515708737 91.1351883869 -0.660986751263 3.19428002755 3.10025851429 0
249 5.53396201134 78.874801 88.696028 -0.74032963 75.9655965428 90.3027736273 -0.683097112575 3.32341723002 3.27918169937 0
252 5.55795288086 80.03236 87.613917 -0.7252394 78.4157024533 89.0025892718 -0.663680745711 2.13119504078 3.52705108328 0
255 5.67912197113 81.079285 86.604124 -0.70281223 78.9418956947 87.9541145484 -0.659433748483 2.52802443086 2.48540391261 0
258 5.65229296684 82.380517 85.593177 -0.66953842 79.6899461256 87.2755059506 -0.662020286914 3.17323215794 0.430757295645 0
261 5.6889359951 83.553536 84.670161 -0.64546431 80.4395743799 86.2071994935 -0.597695493556 3.47264226524 2.73695157458 0
264 5.99822187424 84.753159 83.736184 -0.60820056 83.0967371499 85.4793916099 -0.564445134065 2.40468420314 2.50700123687 0
267 5.78591179848 85.938286 82.919631 -0.58097683 84.4751460068 84.4008700735 -0.532169077881 2.08202973868 2.79647820395 0
270 5.57696485519 87.249998 82.030848 -0.55954063 85.0504327624 83.3690057722 -0.529173825042 2.57463656804 1.73988976142 0
