63 1.84659290314 79.890684 97.897701 -0.093381766 2.5 3.5 1.1344640138 122.066555305 70.3503810753 3.9884057971
66 1.85203504562 78.411812 98.037468 -0.097953665 103.5 85.5 5.67232006898 28.046484289 -29.3876684077 3.06015799949
69 1.84115576744 76.931086 98.162597 -0.096433306 66.5 93.5 2.53072741539 11.4257326209 150.525221438 3.72957417151
72 1.84457802773 75.443161 98.337547 -0.10164342 85.5 91.5 1.4835298642 12.1610879303 90.8237389813 4.46200181213
75 1.84071207047 73.912871 98.553041 -0.10292365 53.5 88.5 0.0872664625997 22.7540971214 10.8970907571 5.3425124812
78 1.84943294525 72.413468 98.668417 -0.11145399 52.5 88.5 4.79965544298 22.3594032137 -78.6141567631 7.77233618934
81 1.87448120117 70.926618 98.82512 -0.11572496 52.5 90.5 4.79965544298 20.2199869914 -78.3694482077 3.30140941241
84 1.85863804817 69.460294 99.048845 -0.12091472 55.5 91.5 4.62512251778 15.8705661336 -88.072096863 7.33252194231
87 1.84778094292 67.984026 99.205817 -0.12024712 55.5 93.5 4.62512251778 13.7261521486 -88.1103475254 3.10888664507
90 1.8597509861 66.409271 99.378533 -0.12589377 52.5 26.5 6.19591884458 74.1939916165 2.21318168799 6.85519875037
93 1.85792016983 64.97003 99.579245 -0.12534264 50.5 21.5 0.0872664625997 79.4087543535 12.181604265 3.07658008109
96 1.8582367897 63.450289 99.830398 -0.13542326 61.5 100.5 6.19591884458 2.06203637745 2.7591812459 7.35062777713
99 1.85926890373 62.015499 100.01094 -0.13023941 59.5 97.5 0.0872664625997 3.55423056407 12.4621685193 10.8551507496
102 1.85815906525 60.420275 100.24313 -0.1356293 58.5 97.5 0.0872664625997 3.34846506216 12.7709864683 6.6375098831
105 1.85313391685 58.989222 100.44438 -0.14088208 56.5 97.5 0.0872664625997 3.85559330709 13.071948593 2.8242393877
108 1.86249113083 58.528509 100.58832 -0.24160345 56.5 96.5 0.0872664625997 4.56390284575 18.8428580008 2.62318741851
111 1.86645483971 58.390768 100.67023 -0.3827913 56.5 96.5 6.19591884458 4.57884503808 16.9323259243 2.21471427182
114 1.85505104065 58.26024 100.80046 -0.53685502 56.5 96.5 6.02138591938 4.64676242875 15.7595268564 1.86571615729
117 1.86292695999 58.2435 100.85046 -0.70040996 56.5 101.5 5.67232006898 1.86056294212 5.13053463693 3.84167229604
120 8.43145108223 58.129433 100.95873 -0.85888639 56.5 96.5 5.32325421858 4.74713862389 -5.78943477177 1.36624519756
123 1.86141180992 58.21235 101.09089 -1.0276822 56.5 102.5 5.14872129338 2.21759633716 -6.11814725928 1.19912648446
126 1.85968208313 58.152327 101.12822 -1.1869287 56.5 101.5 5.14872129338 1.69363658538 3.00600509295 0.985514413022
129 1.86101198196 58.049715 101.26081 -1.3398137 56.5 101.5 4.97418836818 1.56806518912 1.76567034381 0.888770847506
132 1.85906386375 58.024835 101.49733 -1.4943786 56.5 101.5 4.79965544298 1.5248373376 0.621586774669 0.819314955201
135 1.86962890625 58.064001 101.65215 -1.6522241 56.5 101.5 4.62512251778 1.57138434207 -0.334532260199 0.759914727549
138 1.87674188614 58.104403 101.68885 -1.8037565 56.5 102.5 4.45058959259 1.797796793 -1.65236528071 0.72256488294
141 1.88337302208 58.177183 101.78616 -1.9584038 56.5 102.5 4.27605666739 1.82277545548 -2.79172767762 0.704887054725
144 1.8827381134 58.164815 101.89412 -2.1101089 56.5 101.5 4.27605666739 1.71083007883 5.90033428299 0.663053934663
147 1.86533904076 58.333441 101.96561 -2.2758326 56.5 102.5 3.92699081699 1.9097325919 -4.60439714172 1.87970362813
150 1.89325881004 58.547547 101.97367 -2.4518694 56.5 101.5 3.75245789179 2.10162127561 -4.51823146273 3.30570616352
